6_Funeral_Funeral_6_618
40
549 2049 180 201 0.16284448 
548 1963 326 363 0.09194896 
729 535 132 160 0.0636219 
816 569 144 182 0.0544686 
729 459 117 142 0.040403616 
884 4403 135 202 0.039498374 
493 1211 182 226 0.038008828 
683 3337 133 172 0.03554001 
618 3283 330 402 0.035257585 
819 3463 134 176 0.034901906 
561 2145 176 207 0.033547197 
706 3396 148 191 0.03282136 
24 1210 148 211 0.032570336 
448 1223 128 160 0.031928267 
648 1949 196 232 0.030858386 
433 3442 136 155 0.030223515 
117 4136 136 153 0.029919172 
892 4281 121 170 0.028816331 
674 1183 211 249 0.028603569 
754 2091 252 317 0.027769981 
688 560 230 261 0.026325839 
103 3773 580 656 0.02496365 
750 3430 237 297 0.024862556 
828 454 112 134 0.024788406 
31 4417 141 196 0.024554672 
377 2971 643 748 0.02448218 
522 3428 127 166 0.024221255 
41 4122 133 167 0.023036266 
50 4386 247 331 0.022274822 
124 3301 803 847 0.022259524 
792 1230 141 172 0.022071084 
279 3235 545 519 0.022011293 
445 2376 465 484 0.022007711 
-6 3202 108 146 0.02184951 
121 4176 554 606 0.020994648 
486 3367 210 254 0.020971585 
463 4139 110 133 0.020229474 
549 1952 187 217 0.02018925 
136 4272 132 157 0.020125112 
514 2262 283 322 0.020019954 
