6_Funeral_Funeral_6_364
307
557 83 40 52 0.98177713 
468 125 40 51 0.726458 
771 693 22 25 0.20732746 
687 666 19 24 0.18877578 
634 128 28 36 0.1824599 
381 653 25 29 0.17417757 
431 594 19 22 0.14592175 
493 691 25 27 0.1421148 
168 131 41 53 0.12569888 
562 641 19 22 0.11492159 
610 589 19 22 0.11184477 
603 588 17 22 0.10996522 
330 542 18 21 0.091746196 
544 671 19 23 0.08943464 
360 585 17 21 0.08729929 
545 712 22 27 0.08242076 
467 569 17 20 0.080606714 
316 585 17 21 0.07967698 
620 640 18 21 0.07964241 
361 639 20 24 0.07878011 
598 693 20 21 0.07819178 
619 619 17 20 0.076083526 
440 637 18 22 0.07605222 
494 670 20 23 0.074872665 
716 691 17 20 0.07472991 
564 589 16 21 0.074292704 
2 88 22 36 0.07411012 
504 687 23 27 0.07359592 
510 586 16 21 0.07183088 
334 588 17 21 0.071577154 
617 115 39 50 0.071113996 
311 645 19 24 0.07003382 
409 647 21 26 0.069276825 
691 687 19 21 0.06879946 
33 563 22 27 0.06785817 
509 570 18 22 0.0672308 
540 688 19 23 0.06679533 
308 698 19 22 0.066567354 
318 570 15 18 0.064910665 
418 595 18 22 0.06466603 
617 669 18 21 0.064585954 
434 612 18 22 0.064191245 
358 570 16 19 0.063445404 
284 560 16 20 0.062552206 
44 570 20 26 0.061381612 
467 583 17 21 0.06096366 
265 666 19 22 0.060538787 
592 670 18 22 0.059835102 
363 621 18 22 0.0597886 
691 646 18 22 0.059666157 
599 568 18 22 0.059328124 
497 587 17 23 0.05823491 
608 692 20 23 0.057994056 
333 564 16 18 0.05773628 
846 669 19 22 0.057065286 
444 691 20 21 0.05611261 
316 660 20 25 0.055129375 
827 669 18 21 0.055040047 
749 668 16 20 0.05447728 
316 538 16 20 0.05381821 
388 692 21 24 0.051879525 
358 696 20 25 0.051609136 
458 694 19 22 0.05076238 
390 588 17 21 0.05065398 
943 648 20 23 0.050327357 
718 672 17 20 0.05018933 
411 657 21 25 0.050118025 
547 643 17 21 0.049473356 
467 619 16 19 0.049357794 
679 668 18 22 0.049277198 
508 671 20 23 0.049148303 
641 639 18 22 0.048889767 
441 568 18 21 0.048158284 
744 561 17 21 0.04790455 
290 691 18 22 0.047752894 
227 685 20 23 0.04761495 
443 519 18 23 0.047289822 
596 515 18 21 0.04704598 
384 618 19 22 0.046947006 
225 672 20 24 0.046920273 
789 692 18 21 0.04671546 
487 702 28 32 0.046602834 
494 570 17 21 0.046120822 
433 150 31 44 0.04607806 
462 669 17 21 0.045920383 
566 666 19 22 0.04526187 
442 538 18 21 0.044871747 
642 619 17 21 0.044781342 
875 661 21 27 0.04472646 
673 638 17 22 0.04405899 
305 706 23 28 0.043812755 
721 515 20 25 0.043375287 
279 668 17 21 0.042888816 
285 540 18 22 0.04270381 
491 642 18 23 0.04254113 
641 665 18 21 0.04213036 
541 619 15 19 0.04201322 
617 102 26 35 0.04190895 
466 546 17 21 0.041486423 
151 639 18 22 0.041445196 
439 667 18 22 0.040852576 
746 592 18 21 0.040733002 
330 665 18 22 0.040293578 
563 567 18 22 0.039927643 
591 538 17 21 0.03980408 
647 589 17 20 0.039798103 
489 610 17 22 0.03973263 
722 636 17 22 0.039389618 
359 544 17 20 0.03935885 
570 694 18 21 0.03922753 
774 671 18 20 0.03920512 
338 643 18 22 0.039007924 
131 593 19 24 0.03855295 
335 697 19 22 0.0383189 
407 692 18 21 0.038281925 
340 616 16 21 0.038047113 
668 621 17 21 0.03798305 
430 135 54 70 0.03788476 
719 621 18 22 0.03730698 
752 692 19 22 0.03722683 
520 615 16 19 0.037032377 
333 710 22 27 0.036699343 
845 688 18 22 0.03652112 
161 623 18 22 0.036377586 
636 105 24 31 0.036374368 
462 637 17 21 0.036263175 
619 540 17 21 0.036243167 
149 564 18 22 0.036183722 
696 617 17 20 0.03601701 
878 644 18 21 0.03589731 
609 569 19 21 0.035758305 
673 424 94 94 0.03571944 
568 619 16 20 0.035544217 
798 667 17 21 0.03553626 
286 516 19 23 0.035338994 
517 639 16 21 0.035274625 
212 589 18 21 0.0352107 
305 513 18 22 0.034988504 
796 616 17 21 0.03486742 
771 613 17 20 0.034661133 
558 711 22 26 0.03437312 
338 515 18 23 0.03419836 
213 617 19 22 0.033938404 
259 567 16 20 0.033743206 
766 702 25 31 0.033707853 
696 710 21 26 0.03358029 
933 645 19 23 0.03347839 
745 477 23 29 0.033170685 
604 581 30 37 0.033169284 
287 589 16 20 0.032964204 
780 644 16 20 0.032693937 
24 588 20 25 0.03263063 
769 595 17 20 0.032606117 
873 616 15 19 0.032569125 
417 611 18 23 0.032535277 
827 710 21 26 0.032475837 
647 567 17 19 0.032414995 
236 536 17 21 0.032129552 
744 643 17 22 0.032086343 
361 514 18 23 0.031805452 
260 646 18 21 0.031752955 
724 590 17 21 0.031553548 
128 614 18 21 0.03138775 
570 541 18 21 0.031365696 
564 488 20 24 0.031243725 
691 593 17 20 0.031124456 
489 670 33 40 0.031019844 
207 540 18 22 0.030927906 
825 690 17 21 0.030715292 
678 687 18 22 0.030643286 
160 145 28 34 0.030629747 
839 710 21 26 0.030624395 
512 545 17 20 0.030418083 
139 563 18 23 0.03032373 
716 712 20 24 0.030260218 
538 487 23 27 0.030183729 
598 615 16 20 0.030165402 
724 535 18 22 0.03005952 
651 488 18 22 0.029853329 
183 662 19 22 0.029686673 
393 570 16 19 0.029679628 
235 586 20 24 0.029584033 
410 567 17 20 0.029468877 
202 128 24 30 0.029412905 
488 545 16 19 0.029247934 
311 618 17 20 0.029246472 
591 642 17 22 0.028885614 
640 711 21 25 0.028791206 
228 189 42 59 0.028764166 
232 510 19 24 0.02874228 
512 97 26 33 0.028718075 
135 641 19 23 0.028705515 
763 458 24 30 0.028653374 
592 707 24 28 0.028640615 
542 663 29 37 0.028620942 
549 591 16 19 0.028616512 
215 637 20 24 0.028473338 
850 642 17 19 0.028426297 
793 642 18 22 0.028250614 
254 587 18 21 0.028193172 
752 611 16 20 0.02809961 
642 693 18 21 0.028039979 
354 706 24 30 0.027955784 
208 565 17 21 0.027928656 
236 483 24 30 0.02789924 
543 511 19 23 0.027831672 
689 538 17 21 0.027632402 
371 636 47 55 0.027586527 
253 711 21 26 0.027494935 
288 711 22 27 0.027081052 
112 619 17 21 0.026982557 
932 659 21 26 0.026974302 
240 569 17 20 0.02695882 
518 488 22 27 0.026894832 
747 447 42 51 0.026730053 
460 707 23 28 0.026663892 
211 687 19 22 0.026564585 
610 705 24 29 0.026534827 
183 536 19 24 0.0264607 
892 5 31 32 0.026400896 
154 692 18 21 0.026196554 
77 567 20 25 0.026173865 
769 563 17 20 0.02609928 
225 643 19 23 0.026062293 
232 708 23 27 0.025947925 
741 544 19 23 0.025763705 
288 615 17 20 0.025712125 
5 587 20 29 0.025636127 
260 690 18 20 0.025629334 
105 563 21 26 0.025375662 
438 707 24 29 0.025002608 
746 460 24 29 0.024942845 
692 518 19 23 0.02490254 
177 620 17 20 0.024796396 
668 348 160 199 0.024782011 
29 541 20 25 0.024749372 
612 517 16 20 0.024701525 
669 590 16 20 0.024638256 
364 663 20 25 0.024630481 
895 645 16 20 0.024540842 
564 513 17 21 0.02452412 
637 541 18 21 0.02406649 
154 665 18 20 0.02406112 
353 578 29 35 0.024057526 
547 566 16 20 0.023895156 
112 588 18 24 0.023873853 
475 97 39 51 0.023794325 
161 128 25 32 0.02373484 
667 565 16 20 0.023726976 
928 647 36 43 0.023676528 
212 429 59 75 0.023625823 
303 689 32 38 0.023618387 
732 458 44 52 0.023613703 
259 506 19 24 0.023578186 
79 696 19 23 0.023562685 
818 616 17 20 0.023336219 
205 712 23 27 0.02318665 
381 682 34 39 0.023057425 
413 510 17 21 0.023037305 
47 689 22 26 0.022919549 
412 491 20 24 0.022798834 
3 568 19 27 0.022733377 
499 575 31 38 0.022694912 
352 603 75 92 0.02266674 
452 107 62 84 0.022629632 
433 628 31 37 0.022626797 
845 593 17 19 0.022522274 
565 455 23 29 0.022449648 
694 563 17 20 0.022436772 
49 439 24 29 0.022372024 
158 538 18 23 0.022364514 
146 138 58 73 0.022280032 
4 710 24 29 0.022201959 
383 512 18 23 0.022111336 
724 563 18 21 0.022016503 
326 560 29 36 0.022000693 
2 611 22 32 0.021963203 
154 587 18 22 0.021919163 
179 511 20 25 0.021919131 
924 620 18 22 0.02188285 
593 454 25 31 0.021732122 
675 540 18 22 0.021681663 
545 536 17 21 0.02164077 
609 460 23 30 0.02153334 
260 540 18 22 0.021477735 
131 709 23 27 0.021458719 
58 149 20 25 0.021410959 
609 606 33 39 0.02137165 
210 670 20 23 0.021340586 
321 530 119 138 0.021337269 
231 469 39 49 0.021185346 
79 585 18 24 0.021074882 
135 695 20 23 0.02107333 
334 487 21 27 0.020803051 
414 541 16 20 0.020793442 
387 707 22 29 0.02070617 
823 644 17 21 0.02070352 
516 18 23 27 0.020679964 
199 439 42 55 0.020589493 
75 709 23 28 0.020436056 
462 575 30 36 0.0203754 
251 487 23 29 0.0203275 
327 579 30 36 0.020241998 
312 562 30 38 0.020110456 
234 453 25 33 0.020095248 
426 604 31 38 0.02006663 
649 513 18 22 0.02000907 
