6_Funeral_Funeral_6_109
220
591 300 28 36 0.9252256 
658 292 28 37 0.87886983 
453 303 27 36 0.7980054 
198 216 29 38 0.7636768 
122 214 33 42 0.6981038 
458 228 19 24 0.69390696 
384 311 32 41 0.6412857 
255 221 27 36 0.5429656 
301 231 23 31 0.5339473 
719 296 22 29 0.45727795 
694 245 24 31 0.43362644 
736 252 22 28 0.43019497 
353 225 21 28 0.3875688 
367 206 21 26 0.38722253 
494 226 19 24 0.3388819 
800 252 19 23 0.32633132 
409 210 19 24 0.28983906 
341 225 23 29 0.2819278 
643 221 20 24 0.23090506 
420 233 19 24 0.22584018 
723 250 23 30 0.21710923 
564 321 25 33 0.21438046 
562 209 19 23 0.21361555 
513 234 18 23 0.2036361 
586 227 19 23 0.1682435 
302 198 22 29 0.16404137 
423 249 21 26 0.15714267 
623 251 22 26 0.15303676 
619 226 20 24 0.14564133 
284 226 24 32 0.14132501 
378 205 18 24 0.13788934 
739 424 28 35 0.12331107 
493 212 18 24 0.11510636 
435 236 18 23 0.11454942 
543 322 22 31 0.1118927 
882 237 18 24 0.11080509 
541 275 24 31 0.10844094 
589 288 26 33 0.10088371 
823 255 18 23 0.09558895 
461 283 24 30 0.092517 
568 224 20 24 0.092220984 
830 234 18 23 0.08698351 
841 235 18 22 0.086329974 
843 256 17 23 0.08584068 
633 255 21 27 0.0847151 
776 228 17 22 0.083801635 
541 229 18 23 0.082895294 
582 311 33 43 0.07788127 
846 402 22 29 0.075431146 
546 211 18 22 0.07261827 
591 210 18 22 0.0721432 
794 240 18 22 0.07111919 
482 276 21 28 0.07053152 
571 306 31 41 0.06942715 
513 359 25 32 0.0676137 
918 222 19 25 0.06752844 
604 305 23 29 0.06560669 
238 216 32 44 0.063949645 
664 229 19 25 0.06338615 
336 210 20 27 0.063102946 
618 213 18 23 0.06180049 
402 322 27 34 0.059504833 
488 257 19 24 0.058191422 
461 216 18 23 0.057366982 
237 203 24 34 0.05730331 
306 187 22 28 0.056771524 
514 250 20 26 0.056547284 
181 200 39 51 0.056167874 
286 204 23 32 0.05530303 
665 207 18 24 0.054783598 
563 253 21 27 0.053599667 
771 254 17 22 0.052037124 
741 239 20 24 0.051069256 
187 221 26 34 0.0484332 
716 239 21 27 0.04672052 
879 251 19 23 0.046519917 
544 255 20 26 0.045705236 
592 252 21 25 0.044378098 
517 178 18 22 0.04363488 
234 183 22 27 0.043331433 
515 275 23 30 0.043019485 
851 390 21 26 0.042967785 
308 242 24 31 0.04281944 
330 329 28 33 0.04250195 
899 228 19 24 0.04223101 
744 278 23 29 0.0421373 
274 477 23 31 0.04170299 
705 238 48 58 0.041651834 
646 284 26 34 0.040674563 
380 82 21 26 0.04008297 
894 394 20 25 0.03921012 
137 216 37 46 0.03860332 
388 253 20 25 0.037280247 
720 326 21 28 0.037237648 
844 205 19 24 0.037085876 
468 149 20 24 0.03660107 
742 353 24 29 0.03602718 
281 246 23 30 0.03556606 
142 132 74 85 0.034875803 
643 393 527 563 0.034462202 
594 434 27 33 0.03411004 
712 375 23 30 0.03402697 
770 214 19 24 0.03401271 
318 343 38 46 0.033583365 
870 363 17 22 0.033546686 
713 360 24 31 0.032535173 
949 236 18 22 0.03247309 
737 301 21 27 0.032373477 
226 178 38 48 0.03235199 
111 221 27 36 0.03233565 
257 0 27 29 0.032035094 
308 322 39 46 0.0319772 
636 407 23 28 0.031081071 
634 385 22 26 0.030545678 
293 219 42 53 0.030454561 
510 326 33 43 0.030419586 
173 161 44 51 0.03039923 
824 275 20 25 0.030375568 
824 302 22 28 0.030373825 
441 183 19 24 0.03035886 
201 176 26 32 0.03011015 
515 207 17 22 0.029984444 
703 268 48 59 0.029683147 
438 205 18 23 0.0296698 
876 228 29 38 0.029475193 
850 275 19 24 0.029454999 
594 186 18 22 0.029385056 
439 281 23 29 0.029334843 
562 277 24 30 0.029249901 
276 214 39 53 0.0291545 
225 362 26 32 0.028857203 
621 383 22 27 0.028761718 
687 227 49 61 0.028625006 
949 489 25 33 0.028603874 
604 323 32 42 0.02842386 
430 353 26 35 0.028288031 
435 150 20 24 0.027791746 
414 184 18 23 0.027619261 
493 185 18 23 0.027580857 
437 328 27 36 0.027436493 
154 145 45 52 0.027355965 
691 181 20 24 0.02676831 
697 282 21 29 0.02669749 
607 351 34 41 0.026346935 
789 432 23 30 0.026336307 
260 242 26 34 0.0262548 
287 181 22 27 0.026059352 
-146 423 531 553 0.025809348 
0 547 148 174 0.025800059 
857 -3 65 72 0.025785128 
385 231 18 22 0.025761414 
149 204 25 32 0.025695955 
994 531 20 32 0.025670694 
383 184 19 23 0.02561541 
465 427 27 34 0.025473747 
336 245 23 29 0.025468864 
768 280 20 26 0.025402123 
617 183 18 22 0.02520088 
537 180 18 23 0.025090486 
952 251 19 24 0.025083868 
429 454 30 38 0.025079034 
698 373 32 40 0.025050558 
724 72 49 53 0.02502171 
667 255 22 28 0.024974816 
47 225 25 31 0.024855036 
130 184 60 73 0.024734993 
434 434 26 32 0.024705268 
789 304 21 27 0.024561636 
465 253 20 25 0.024408143 
824 228 29 36 0.024291644 
42 247 37 46 0.02426336 
608 437 21 27 0.023498984 
235 129 22 26 0.023407891 
370 79 20 25 0.023313086 
483 304 23 30 0.023090318 
409 350 36 42 0.02303895 
828 205 19 23 0.02297783 
897 256 19 23 0.022879848 
615 281 22 28 0.022833273 
258 15 29 32 0.02272159 
334 213 41 54 0.022615323 
107 125 71 85 0.022413725 
577 418 52 60 0.022338206 
180 153 26 31 0.02232833 
256 179 22 28 0.022286966 
730 405 47 58 0.022106763 
689 363 55 64 0.02207573 
797 274 20 26 0.021921432 
517 159 18 22 0.021904532 
691 301 21 29 0.021878859 
484 328 24 32 0.021877348 
526 349 32 40 0.021703163 
25 222 38 50 0.021552453 
912 197 34 49 0.02150977 
406 217 46 59 0.02146734 
462 412 26 32 0.021462174 
616 400 34 42 0.021311665 
766 387 21 27 0.02126359 
846 304 20 26 0.021164408 
797 206 17 21 0.021027407 
923 -7 69 74 0.021009887 
490 354 24 31 0.020902213 
157 176 25 30 0.020812925 
825 408 21 27 0.020784557 
704 347 48 58 0.020751595 
356 653 23 29 0.020732844 
545 514 376 356 0.02072049 
364 187 20 25 0.020708257 
26 199 37 46 0.020688087 
218 323 40 51 0.020676801 
332 155 20 25 0.020441907 
413 153 20 26 0.020430176 
719 208 18 22 0.020365983 
358 107 21 28 0.020323716 
462 183 17 22 0.020317711 
458 356 26 33 0.020275092 
818 127 26 34 0.020272866 
564 352 24 30 0.020077715 
539 160 19 24 0.020043492 
288 154 22 27 0.020020025 
