6_Funeral_Funeral_6_444
50
386 213 221 268 0.99644226 
-3 879 66 89 0.16554666 
649 651 191 200 0.12643495 
852 552 68 91 0.06356841 
164 999 25 30 0.048639 
40 943 51 59 0.04739373 
416 333 115 122 0.04719074 
109 1035 23 26 0.044966813 
204 896 46 60 0.04269103 
238 443 151 190 0.039707586 
444 295 110 128 0.038940284 
51 973 34 39 0.03745724 
451 310 55 65 0.036535118 
-1 907 30 46 0.034828838 
498 268 96 106 0.034053385 
475 295 69 73 0.03297468 
166 978 27 33 0.032848302 
15 913 68 90 0.031204814 
68 942 44 54 0.030866167 
139 1035 23 28 0.030426987 
547 264 79 110 0.03028566 
178 896 59 75 0.029563693 
277 894 72 84 0.028379822 
137 1015 22 27 0.028206002 
147 949 61 73 0.027855616 
115 900 23 30 0.02750021 
810 340 93 118 0.026404854 
165 956 26 32 0.026304228 
55 999 27 33 0.025713079 
7 1036 25 33 0.025476012 
141 928 24 31 0.02497791 
129 919 69 86 0.024971917 
214 875 70 92 0.02466516 
167 924 22 27 0.024500895 
133 898 23 29 0.02378936 
44 985 48 56 0.023728631 
111 925 22 30 0.023156226 
101 1025 39 42 0.023107948 
108 1017 23 27 0.022751722 
173 961 42 50 0.022725083 
193 901 26 34 0.022495 
229 848 51 58 0.022183307 
172 904 21 27 0.021842264 
434 318 49 61 0.021631736 
440 326 27 33 0.02125585 
207 855 60 73 0.020870233 
110 1049 28 34 0.020804618 
157 1037 24 29 0.020454234 
59 1037 24 29 0.020236982 
302 906 25 32 0.020056495 
