6_Funeral_Funeral_6_690
58
395 167 216 282 0.99826753 
120 297 27 32 0.16893323 
100 283 23 29 0.1407351 
789 196 47 56 0.10303377 
27 266 23 34 0.072490804 
833 208 75 97 0.060571156 
791 199 76 98 0.046512336 
119 81 26 38 0.046154562 
811 205 29 39 0.04469632 
87 333 25 34 0.041768324 
116 283 25 31 0.040527884 
616 270 31 45 0.038133007 
789 184 32 43 0.031877097 
72 332 25 31 0.031677555 
871 876 404 430 0.031336788 
814 249 79 108 0.030863501 
885 635 400 459 0.030422809 
892 142 399 454 0.030077765 
885 -101 411 454 0.029918307 
99 291 36 46 0.02978783 
93 250 20 24 0.029637223 
819 186 29 39 0.029383514 
150 157 25 35 0.029260622 
919 360 85 114 0.028864564 
790 225 33 44 0.027753003 
669 -274 812 869 0.027461343 
854 224 91 106 0.02728966 
826 154 78 108 0.027161697 
839 202 48 66 0.026861016 
853 232 33 44 0.026740588 
888 378 399 452 0.026676916 
119 324 29 38 0.025301196 
807 182 47 64 0.02529695 
880 2 34 36 0.025154628 
714 180 125 167 0.024943177 
753 184 68 87 0.024941621 
779 264 82 111 0.024615195 
873 249 108 111 0.024580201 
904 401 102 124 0.02457358 
900 289 92 114 0.024380492 
669 420 750 864 0.023979098 
147 303 23 30 0.023348277 
837 270 85 110 0.02325506 
66 304 21 28 0.023161447 
696 160 77 93 0.022984596 
64 277 22 29 0.022955438 
127 250 21 26 0.022823278 
153 276 22 27 0.022766242 
731 317 87 124 0.022693431 
912 18 105 118 0.022276655 
851 213 29 39 0.02145222 
901 905 101 142 0.021420762 
66 242 20 27 0.020956105 
873 10 52 52 0.020835713 
841 114 82 104 0.020809395 
738 25 72 83 0.020581529 
770 35 71 82 0.020434821 
848 182 26 35 0.020360544 
