6_Funeral_Funeral_6_241
26
465 197 104 143 0.9975921 
845 405 67 87 0.8275256 
752 1536 45 52 0.11261949 
803 393 87 109 0.06790605 
994 677 37 54 0.04937941 
850 366 39 47 0.046020668 
771 431 44 61 0.04345774 
276 83 36 40 0.03548772 
972 1562 35 42 0.0317244 
853 1160 549 580 0.031599186 
846 -130 539 607 0.030134004 
849 508 528 624 0.029053444 
841 363 62 77 0.028502822 
732 1548 45 55 0.027578019 
843 181 534 612 0.026676187 
854 810 523 613 0.026217699 
554 -351 1080 1149 0.025951618 
352 247 67 88 0.025758214 
577 831 1081 1173 0.024919493 
923 425 50 70 0.024217963 
919 474 38 51 0.021647269 
597 218 971 1146 0.020859819 
682 831 66 80 0.020854453 
938 407 32 43 0.020709177 
429 5 48 54 0.0204709 
768 381 63 84 0.020146245 
