6_Funeral_Funeral_6_77
226
694 375 21 27 0.33262226 
591 360 25 30 0.21350257 
183 333 19 22 0.20169841 
948 410 23 27 0.19305536 
586 375 23 29 0.1913879 
381 414 23 30 0.16115935 
635 373 20 26 0.11874671 
611 356 22 27 0.11803369 
336 341 19 24 0.10690441 
981 513 20 28 0.105862826 
487 359 19 23 0.097278975 
355 356 22 27 0.091556184 
946 486 20 25 0.08807093 
434 356 17 20 0.08748267 
387 423 23 29 0.0865745 
469 363 17 21 0.081373565 
468 387 17 22 0.080075 
744 382 22 29 0.078069896 
84 355 18 20 0.076108515 
544 361 18 23 0.07347944 
926 503 21 26 0.06627137 
945 504 20 27 0.0658845 
286 383 19 24 0.063694894 
491 385 19 23 0.06303868 
570 361 20 26 0.060657825 
216 363 16 20 0.059350193 
540 382 18 22 0.058915995 
788 413 25 32 0.05881704 
341 350 21 27 0.057186745 
415 363 18 23 0.056847204 
738 405 23 29 0.05548447 
354 436 22 27 0.05483831 
45 380 20 25 0.05426836 
970 427 21 28 0.054217212 
234 391 17 22 0.05408416 
462 407 18 21 0.053674962 
724 405 22 27 0.053599138 
466 304 19 24 0.053196624 
259 386 17 20 0.05265217 
136 361 17 21 0.05027543 
982 380 18 22 0.049065214 
355 379 21 27 0.04875074 
440 339 17 22 0.048314206 
104 363 17 21 0.047878355 
493 406 19 24 0.047424108 
510 384 18 22 0.046955414 
240 402 20 26 0.04637168 
104 380 17 22 0.04576695 
226 364 16 20 0.04553222 
182 356 17 21 0.045382835 
981 489 18 24 0.045346737 
309 363 18 24 0.04483379 
797 384 19 23 0.044262882 
188 385 17 21 0.044158015 
588 345 47 57 0.043881003 
251 409 19 22 0.043559607 
490 434 21 24 0.043215677 
780 413 42 53 0.04199043 
718 383 21 26 0.041904863 
204 331 16 20 0.04174913 
926 491 20 25 0.041693587 
574 381 20 25 0.041655917 
343 383 20 26 0.041577484 
29 381 24 29 0.040784746 
893 480 21 25 0.040705405 
971 416 21 26 0.040550586 
415 312 19 23 0.040494498 
619 378 21 25 0.04044098 
609 457 19 24 0.03911642 
922 463 19 25 0.038657114 
493 339 19 24 0.03852913 
443 407 19 23 0.03852481 
648 454 19 23 0.038381804 
263 366 16 20 0.038373217 
718 451 23 28 0.038347058 
938 481 33 41 0.037760794 
819 514 21 29 0.037609246 
563 95 86 83 0.037513524 
416 379 19 24 0.03611771 
959 408 34 45 0.035887275 
773 413 23 29 0.035724662 
516 362 18 22 0.03521995 
253 436 21 26 0.034996778 
238 306 16 19 0.03490135 
-120 371 518 562 0.034550473 
80 342 17 22 0.03450476 
981 462 20 26 0.03348294 
208 385 17 20 0.032708917 
950 389 19 22 0.032661382 
899 510 20 23 0.03241459 
50 365 18 22 0.032332737 
587 137 102 92 0.03227191 
288 367 17 21 0.031931877 
306 377 20 27 0.031748585 
592 406 20 25 0.031709913 
765 384 19 25 0.031626273 
955 555 20 25 0.031160532 
899 468 21 25 0.031038651 
239 440 19 25 0.030472454 
773 426 26 33 0.030390333 
896 390 17 22 0.030375948 
946 470 21 27 0.03027744 
203 315 16 19 0.03018988 
621 410 19 25 0.029984606 
716 360 19 25 0.029962588 
613 431 20 26 0.029929342 
333 310 18 22 0.029873682 
551 128 98 89 0.029825823 
898 529 21 25 0.029462406 
186 411 19 23 0.029242342 
644 382 514 578 0.029083699 
952 542 20 26 0.02895737 
288 329 17 20 0.028909609 
110 338 17 21 0.028887983 
410 332 18 22 0.02870552 
821 382 17 21 0.0286843 
645 434 19 24 0.02861214 
383 389 20 26 0.028376756 
328 514 376 370 0.028025597 
595 337 22 27 0.027975475 
993 382 16 23 0.027956277 
501 173 93 96 0.027887003 
20 403 24 29 0.027850464 
438 384 17 20 0.027692879 
614 338 22 26 0.027512379 
464 434 18 21 0.027508402 
544 407 18 22 0.02750065 
32 366 19 23 0.027198512 
3 384 23 30 0.026855227 
641 413 19 25 0.026800144 
574 358 48 57 0.02669191 
933 412 17 21 0.02664207 
139 381 18 22 0.026572883 
663 228 25 32 0.026551764 
506 433 19 23 0.026451692 
366 411 21 25 0.026428096 
185 316 18 21 0.026224148 
992 464 19 25 0.026113389 
716 339 20 25 0.026103526 
125 437 21 27 0.025859287 
819 429 23 29 0.025641432 
340 435 21 25 0.025498834 
896 407 16 20 0.025492176 
314 307 18 21 0.0254691 
993 513 18 26 0.025381086 
487 14 78 83 0.025181042 
125 340 17 21 0.024937991 
446 464 17 20 0.024933726 
975 590 23 29 0.024870167 
975 533 21 28 0.024845332 
501 207 40 52 0.02478262 
84 383 17 21 0.024733726 
463 334 17 22 0.02471511 
165 336 17 20 0.024665974 
507 409 19 22 0.024662051 
312 335 17 21 0.024520913 
690 259 22 30 0.024500508 
284 315 17 22 0.024459481 
156 417 18 22 0.0243735 
358 342 18 23 0.024346296 
458 461 17 22 0.024336493 
710 377 35 41 0.024322554 
237 257 20 24 0.024290187 
335 406 20 25 0.024287041 
153 361 15 19 0.024285253 
156 435 19 22 0.024180686 
465 382 28 35 0.024134694 
561 137 176 182 0.024105882 
894 437 17 20 0.024084121 
203 435 20 24 0.02402338 
925 438 17 22 0.023852997 
288 229 19 22 0.023513557 
941 495 69 90 0.023471346 
567 406 19 24 0.023447476 
967 615 45 55 0.023429653 
804 418 39 49 0.022976546 
52 336 17 21 0.02289082 
614 305 21 26 0.02284312 
822 416 19 24 0.022806142 
742 431 22 27 0.022794513 
951 358 18 23 0.022786278 
981 366 17 21 0.022785569 
712 391 64 78 0.022775007 
617 349 47 59 0.022646096 
405 432 21 27 0.022578705 
797 367 19 23 0.022305617 
83 430 23 28 0.022292143 
207 250 22 26 0.02219687 
459 402 29 35 0.022147784 
975 651 31 37 0.022146553 
256 309 17 21 0.022138432 
922 481 33 43 0.022133868 
882 434 18 23 0.022122614 
401 71 83 98 0.022009358 
952 252 19 24 0.022000307 
515 84 175 159 0.021895511 
849 416 17 21 0.021847516 
540 166 103 99 0.021621857 
869 340 20 23 0.02155144 
674 380 19 24 0.021527713 
973 378 32 43 0.021453112 
483 199 132 153 0.021418683 
654 216 44 52 0.021364097 
600 458 20 24 0.021350985 
974 449 32 44 0.021315942 
843 311 20 24 0.021139445 
202 408 18 23 0.021024093 
925 536 21 25 0.021015856 
386 359 18 23 0.02089439 
544 435 17 22 0.020762915 
280 284 17 20 0.020731334 
390 208 19 23 0.0207167 
951 305 18 23 0.020628825 
311 410 19 24 0.020615052 
803 488 75 83 0.020562658 
874 278 17 22 0.020547876 
535 375 30 37 0.020451937 
669 201 24 30 0.020436523 
578 150 48 57 0.020430662 
3 0 21 23 0.020422958 
947 341 17 21 0.02041393 
360 227 20 24 0.020385068 
97 430 25 31 0.020362437 
540 300 24 31 0.020264562 
546 461 19 25 0.020247009 
522 270 64 79 0.020044586 
