6_Funeral_Funeral_6_128
105
631 99 33 44 0.98605496 
862 71 48 58 0.97920036 
170 68 39 52 0.9561366 
793 70 38 48 0.9211077 
464 87 39 46 0.9109797 
283 104 32 39 0.8314182 
105 97 40 54 0.6782469 
533 82 26 35 0.6452051 
746 115 32 42 0.5426432 
221 63 27 36 0.41019413 
333 68 27 33 0.37631637 
202 59 37 48 0.22101331 
357 97 30 36 0.17786293 
477 75 34 42 0.11101922 
303 51 25 31 0.107253514 
276 6 23 27 0.082938515 
853 87 58 76 0.07838189 
389 70 23 28 0.070543155 
385 102 24 31 0.065516144 
387 53 22 27 0.06514537 
795 53 30 38 0.06457726 
304 61 37 43 0.062414706 
861 127 41 56 0.061519053 
407 47 22 26 0.058148753 
584 70 25 33 0.057376187 
837 139 38 50 0.05595249 
29 42 61 80 0.053712897 
537 32 24 27 0.050594125 
408 78 20 26 0.048951685 
538 47 23 30 0.048042547 
262 44 22 29 0.047270462 
406 96 22 30 0.045749195 
512 77 25 32 0.04568457 
329 88 34 43 0.04327218 
606 143 34 44 0.042978924 
973 28 22 28 0.04268298 
639 82 27 35 0.03887621 
516 551 28 38 0.03857353 
540 538 92 89 0.03621894 
458 256 31 35 0.034906507 
59 60 40 52 0.03411422 
284 45 23 29 0.03397491 
595 511 23 27 0.03237388 
567 73 22 29 0.032076668 
920 47 35 45 0.03180234 
325 127 28 37 0.030811254 
866 54 31 38 0.030645508 
330 59 24 29 0.029430348 
278 25 22 28 0.02895019 
693 27 24 28 0.028330103 
264 31 21 27 0.028317409 
837 164 28 38 0.028100368 
815 6 23 27 0.02806502 
939 67 34 44 0.027070234 
294 112 34 43 0.027044622 
282 75 26 32 0.027028294 
628 424 541 553 0.026921753 
661 513 20 26 0.026547024 
692 43 23 29 0.026448848 
-226 326 700 739 0.02631773 
924 1 23 26 0.026259715 
878 51 43 57 0.02618037 
523 69 42 56 0.026145885 
-68 535 355 355 0.02574595 
877 132 42 56 0.025659937 
355 77 25 31 0.025569849 
645 517 22 27 0.025303472 
73 52 27 34 0.025111286 
816 17 23 29 0.025086394 
877 106 45 59 0.025076985 
540 573 104 98 0.024751749 
692 569 21 26 0.024727391 
971 69 30 41 0.024650283 
474 100 42 51 0.0241322 
279 187 70 84 0.023945333 
740 -76 333 385 0.023252558 
974 45 22 31 0.023183148 
976 0 21 24 0.023135815 
585 508 43 47 0.02245825 
610 0 25 27 0.02241338 
264 2 22 27 0.022356657 
794 21 23 28 0.022302503 
642 530 20 26 0.022253918 
649 93 33 45 0.022087988 
795 2 23 26 0.022085506 
665 146 26 36 0.021885896 
809 81 36 45 0.02181791 
317 138 34 45 0.021719957 
177 55 30 39 0.021688312 
267 176 51 53 0.021625403 
508 88 33 42 0.021329086 
30 178 23 31 0.02119054 
612 512 23 28 0.021188188 
129 21 26 30 0.021133376 
946 0 23 26 0.021125054 
770 2 22 25 0.021109736 
130 540 361 346 0.021039544 
673 198 43 61 0.020733023 
667 489 19 25 0.020710314 
696 0 22 25 0.020507013 
920 68 27 36 0.020496279 
225 86 36 47 0.02038294 
804 52 61 79 0.020304494 
159 69 31 43 0.02019387 
665 535 19 25 0.020132583 
