6_Funeral_Funeral_6_140
105
81 94 62 78 0.93560255 
634 186 86 100 0.1739691 
878 51 22 28 0.16695848 
862 192 42 47 0.15976551 
765 40 22 30 0.15419944 
492 454 54 56 0.089344636 
825 48 19 25 0.079422474 
980 71 21 27 0.07201441 
750 82 22 29 0.058511473 
4 353 49 68 0.05619235 
826 593 20 23 0.055903923 
876 67 24 32 0.052466817 
979 3 23 27 0.05195694 
850 1 23 24 0.049643833 
898 288 74 83 0.03847653 
720 109 273 323 0.03743976 
841 189 78 83 0.036766782 
251 124 27 32 0.036480404 
768 5 20 24 0.036435727 
740 592 23 27 0.036293697 
712 487 25 33 0.035551067 
536 43 64 93 0.03502584 
744 534 356 359 0.033730533 
700 539 18 24 0.032385398 
866 181 34 38 0.03147486 
919 104 21 27 0.031008715 
823 34 19 22 0.0309498 
919 22 24 27 0.030799543 
931 73 21 26 0.030296363 
772 621 18 22 0.03000031 
336 504 19 22 0.029671922 
710 199 114 140 0.029632574 
764 91 24 31 0.029480197 
861 287 74 84 0.029450832 
758 118 38 46 0.029428085 
845 49 20 27 0.028884517 
733 235 73 84 0.028267788 
791 83 20 25 0.028018204 
926 49 21 27 0.027799025 
795 2 18 22 0.027671356 
753 49 21 27 0.02746624 
819 0 19 20 0.027419614 
974 367 37 62 0.027187567 
847 242 73 92 0.026502533 
546 302 713 740 0.02596705 
873 27 22 25 0.025675585 
695 562 18 23 0.025380539 
875 205 44 53 0.025157303 
392 515 19 22 0.024831219 
738 73 52 63 0.024424056 
791 165 133 147 0.024327772 
141 120 66 78 0.023589684 
877 581 22 29 0.023547396 
841 230 46 61 0.023494968 
179 0 31 34 0.023379669 
225 108 58 71 0.023326917 
288 541 20 25 0.023273058 
324 558 21 27 0.023244435 
563 153 163 203 0.023181986 
797 284 73 87 0.023170684 
952 473 51 58 0.022999702 
71 515 94 99 0.022953277 
941 74 21 26 0.02294238 
991 79 19 27 0.022910185 
98 253 66 78 0.022873932 
819 42 32 40 0.022823524 
767 248 66 78 0.022769313 
-7 363 69 101 0.022604503 
762 556 23 27 0.022596754 
890 71 21 29 0.02239834 
864 35 49 63 0.022186566 
311 509 21 25 0.021980388 
928 278 53 60 0.021968 
837 541 64 73 0.02164235 
255 108 24 29 0.021625439 
848 22 21 25 0.021612117 
910 393 41 59 0.021573594 
867 1 21 23 0.021569965 
736 372 47 60 0.021558546 
854 231 124 134 0.021507349 
818 586 33 39 0.021482557 
782 122 36 45 0.02141017 
991 1 21 27 0.021377102 
851 199 29 37 0.021192428 
777 139 37 44 0.021148507 
358 510 18 22 0.020985132 
711 541 20 25 0.020956283 
793 51 19 25 0.020897133 
663 614 19 23 0.020815603 
258 78 172 219 0.020813681 
977 58 20 26 0.02080312 
121 246 75 81 0.020785559 
51 498 149 160 0.020759882 
974 202 25 35 0.02072629 
393 618 21 25 0.020624068 
106 251 22 25 0.020576049 
66 70 132 162 0.02055054 
706 143 84 99 0.020482305 
524 536 377 343 0.020388516 
795 563 22 26 0.020302583 
524 473 48 52 0.020239655 
671 0 21 23 0.02020496 
971 214 36 54 0.020075897 
302 2 24 24 0.020074695 
510 437 30 33 0.020064436 
