32_Worker_Laborer_Worker_Laborer_32_516
85
50 23 69 85 0.99971 
960 49 54 94 0.97462034 
755 99 43 55 0.96782994 
299 123 38 46 0.9676417 
258 112 31 40 0.91424555 
671 311 54 64 0.7886943 
526 99 32 40 0.6267448 
422 126 29 37 0.6183984 
845 119 31 36 0.3841543 
765 321 61 66 0.3622145 
365 146 24 31 0.23971246 
274 301 52 63 0.23962624 
647 125 26 34 0.17938705 
575 351 52 57 0.16490965 
717 80 28 35 0.14993809 
347 306 43 50 0.14745918 
223 120 36 45 0.14225644 
874 142 35 44 0.13681103 
273 112 45 57 0.11656044 
692 102 25 32 0.0894278 
901 287 76 97 0.061037485 
833 140 39 49 0.060460363 
874 85 43 54 0.059034023 
721 130 27 35 0.05555861 
216 136 39 47 0.055426825 
765 53 23 30 0.053109728 
816 140 38 48 0.04758234 
870 129 26 33 0.046552997 
376 151 23 30 0.041706078 
593 120 23 30 0.04138243 
338 81 22 28 0.040573675 
836 111 50 60 0.040361527 
592 106 22 30 0.03947751 
878 116 38 52 0.039059028 
689 76 24 31 0.037499953 
801 50 23 29 0.03605178 
814 129 28 35 0.035492446 
831 33 41 49 0.03482207 
481 337 30 33 0.03467814 
360 134 23 31 0.034089174 
568 353 31 38 0.032376472 
461 107 24 31 0.031431444 
485 350 29 31 0.030575847 
814 35 35 46 0.030554442 
408 213 48 53 0.030338218 
302 108 29 35 0.030251684 
751 52 21 28 0.029836921 
321 127 28 36 0.029797098 
211 128 29 36 0.029795665 
26 -2 30 33 0.028516887 
815 60 37 50 0.028492749 
611 123 25 33 0.027132643 
238 76 22 27 0.027014948 
383 130 21 28 0.026923114 
200 40 25 31 0.026535498 
677 263 45 55 0.02624402 
890 75 28 36 0.026020752 
519 115 29 36 0.025779 
643 100 23 30 0.02525047 
812 97 25 34 0.023796706 
686 323 61 72 0.023606228 
563 121 22 27 0.023491506 
507 195 68 76 0.02346955 
497 351 39 42 0.02319445 
594 384 52 56 0.023163106 
805 356 51 61 0.023140494 
872 75 28 35 0.022905555 
192 22 38 45 0.0226916 
431 106 25 32 0.022620315 
671 74 25 32 0.022477856 
787 32 56 67 0.022377143 
709 80 49 61 0.021961091 
573 380 52 56 0.021786883 
303 50 21 26 0.021730278 
560 106 22 28 0.021608617 
909 272 49 71 0.021487081 
669 101 23 30 0.021401415 
695 120 23 31 0.021150716 
492 124 22 30 0.020981707 
0 0 29 32 0.020660533 
866 38 46 54 0.020645255 
761 71 41 51 0.020439684 
262 27 19 23 0.020381626 
356 162 35 44 0.02036709 
504 371 44 47 0.020101316 
