32_Worker_Laborer_Worker_Laborer_32_624
20
264 335 106 171 0.47686774 
236 339 29 40 0.23998861 
630 681 29 41 0.07140755 
573 772 56 60 0.050155725 
298 366 61 108 0.043712683 
532 791 28 37 0.041927133 
305 338 48 66 0.03778118 
544 785 30 39 0.03701379 
623 786 72 93 0.030682035 
304 318 117 179 0.030023325 
515 796 37 52 0.0288008 
543 775 54 69 0.028640967 
576 805 34 43 0.026498226 
318 339 27 35 0.025788683 
551 789 76 93 0.023735492 
598 669 61 80 0.022251451 
509 814 25 33 0.021952508 
595 763 37 45 0.021819305 
545 666 76 91 0.02023325 
526 884 87 103 0.020165913 
