32_Worker_Laborer_Worker_Laborer_32_812
39
379 87 103 119 0.9919463 
943 406 24 32 0.2108621 
116 513 121 157 0.10722482 
944 337 23 29 0.10343033 
809 89 91 105 0.0706111 
313 64 137 152 0.06771521 
991 636 23 33 0.057829484 
438 328 158 187 0.04833576 
0 357 22 36 0.045880463 
743 390 24 31 0.04152914 
912 403 23 32 0.04024601 
271 116 104 126 0.036886733 
380 654 28 32 0.034433663 
389 56 84 96 0.033084292 
952 301 21 26 0.029405765 
262 582 21 28 0.028564284 
470 340 99 100 0.028397933 
209 66 170 201 0.0268288 
1 438 18 25 0.026493615 
9 482 50 79 0.025546659 
261 32 146 153 0.025029799 
949 390 22 29 0.024812773 
254 325 290 303 0.024677148 
276 634 22 26 0.024602233 
335 -1 92 88 0.023294158 
350 268 87 95 0.023153419 
51 83 274 350 0.02272339 
906 388 48 62 0.022716068 
313 172 49 51 0.022249468 
2 372 21 32 0.0216935 
364 120 76 97 0.02161823 
541 338 72 83 0.021345228 
41 503 112 175 0.020969633 
483 0 49 44 0.020726442 
895 636 26 29 0.020538453 
26 388 19 27 0.02044658 
34 498 65 83 0.020293543 
24 403 18 25 0.020112341 
769 351 27 34 0.020007176 
