32_Worker_Laborer_Worker_Laborer_32_400
28
701 180 42 49 0.75335526 
7 152 21 29 0.05477785 
730 187 38 48 0.04432892 
678 111 47 52 0.036880564 
134 714 22 25 0.035561275 
846 169 28 36 0.030013196 
530 167 42 55 0.027614703 
458 341 45 55 0.026990699 
697 105 64 68 0.024627816 
639 205 28 35 0.02444076 
407 450 77 93 0.022897141 
3 147 34 51 0.022759415 
438 685 20 24 0.022557408 
847 206 28 36 0.022456603 
495 29 65 79 0.02236905 
437 364 126 141 0.022260126 
31 645 17 22 0.022199614 
893 605 22 28 0.022126367 
853 630 21 28 0.022027703 
395 443 49 60 0.021994662 
553 143 38 52 0.021943957 
481 38 43 48 0.021380821 
519 9 70 75 0.020971395 
975 333 20 26 0.02089116 
994 153 19 28 0.020594323 
608 -8 73 77 0.020433038 
454 81 48 59 0.020288393 
562 148 23 31 0.02018614 
