32_Worker_Laborer_Worker_Laborer_32_26
95
175 255 24 30 0.2466535 
231 254 25 31 0.109862216 
382 311 52 76 0.094734594 
181 274 23 27 0.05009215 
209 256 22 28 0.050056443 
10 257 20 26 0.04632673 
178 234 22 26 0.043132994 
206 280 22 28 0.042821757 
82 257 24 29 0.041965708 
385 328 31 46 0.041193005 
166 253 22 28 0.039170265 
382 232 114 139 0.037265595 
614 0 66 86 0.03619872 
281 277 28 33 0.035751402 
389 314 78 100 0.035470422 
808 17 99 109 0.034952905 
339 187 18 22 0.034217656 
483 26 69 95 0.033263676 
281 181 18 22 0.033167172 
20 256 19 24 0.032220848 
174 251 169 200 0.031759527 
793 0 31 31 0.03138382 
468 19 131 168 0.03129854 
925 148 24 29 0.031044189 
668 -3 145 156 0.03029526 
267 290 81 99 0.030113647 
101 259 26 30 0.029932281 
265 262 139 173 0.02935755 
281 256 23 28 0.029344263 
261 128 18 20 0.029236661 
768 11 153 178 0.028845094 
254 155 16 19 0.02739951 
852 67 71 90 0.02739804 
230 272 24 29 0.026398372 
212 302 23 28 0.02629842 
21 283 19 24 0.025786344 
241 155 16 19 0.025685469 
122 255 22 26 0.025670763 
275 291 53 60 0.025499102 
594 -11 133 153 0.025350295 
52 229 19 22 0.025104897 
-60 512 356 366 0.02490404 
286 158 16 18 0.024777446 
398 228 65 81 0.024674166 
369 261 67 82 0.024334555 
313 210 21 27 0.024300598 
336 201 22 28 0.02429473 
507 85 149 167 0.024146853 
890 120 22 28 0.024058133 
891 73 20 28 0.023961663 
564 93 259 286 0.023856526 
260 184 18 22 0.023623863 
241 185 17 21 0.023479877 
470 45 50 63 0.023341155 
257 281 23 29 0.023155719 
484 66 64 93 0.023147248 
652 -4 89 99 0.023040978 
305 155 16 19 0.02301843 
417 164 134 155 0.022906994 
134 284 20 24 0.022761658 
9 279 20 29 0.022718446 
331 250 24 30 0.02246635 
210 209 226 281 0.022335658 
284 128 16 19 0.022326488 
735 -20 131 131 0.022191683 
-212 280 702 753 0.022141177 
691 28 84 101 0.022072677 
181 305 20 25 0.021869441 
86 198 21 27 0.0217148 
805 2 83 74 0.021675415 
440 232 24 32 0.0216357 
431 221 41 53 0.021492146 
187 239 73 82 0.021445375 
209 206 18 22 0.02127566 
4 306 21 31 0.021160193 
87 186 20 26 0.021111084 
430 86 133 171 0.021103391 
876 117 65 78 0.02106874 
309 224 22 28 0.020999724 
880 105 23 30 0.020995433 
135 303 18 22 0.020871505 
337 125 19 22 0.020796236 
305 184 17 23 0.02076561 
776 -3 72 70 0.020702051 
78 270 23 28 0.020594442 
863 59 45 56 0.020568676 
208 237 19 23 0.020539168 
408 178 20 24 0.020526838 
875 74 26 32 0.02040641 
830 32 56 60 0.020394826 
54 258 19 24 0.020180576 
173 98 20 26 0.020149611 
101 312 20 23 0.020140303 
599 48 192 194 0.020133397 
532 32 86 100 0.020005615 
