32_Worker_Laborer_Worker_Laborer_32_738
31
289 373 107 112 0.8261471 
5 470 81 119 0.14166364 
546 452 97 149 0.098849565 
378 408 277 289 0.09521526 
221 230 511 566 0.06903691 
552 25 833 887 0.040727902 
385 326 40 58 0.038315944 
298 403 69 67 0.033446636 
270 380 74 85 0.03269826 
332 339 75 99 0.028477255 
344 521 211 202 0.027943946 
261 332 68 89 0.027875818 
106 406 58 70 0.026800442 
444 445 178 174 0.025776036 
-3 679 111 182 0.025597485 
325 378 61 74 0.025058014 
789 1096 507 537 0.024771998 
746 490 546 588 0.024522848 
488 497 296 319 0.024190867 
481 638 432 418 0.023782542 
571 481 58 82 0.02364705 
695 381 33 43 0.023262532 
771 -113 545 599 0.022708211 
368 297 73 104 0.022624383 
393 1448 87 77 0.022585107 
767 793 505 564 0.02209179 
344 383 80 95 0.022020832 
608 825 77 88 0.02172927 
618 1480 45 51 0.02098876 
74 132 922 952 0.02017411 
519 805 1006 1064 0.02007753 
