32_Worker_Laborer_Worker_Laborer_32_566
365
668 366 50 65 0.9451017 
823 255 20 24 0.112054415 
825 309 21 25 0.108546615 
183 279 20 24 0.09246724 
866 565 26 31 0.09152665 
793 360 21 27 0.088833645 
822 72 21 26 0.07717298 
841 309 19 24 0.07550274 
825 276 18 22 0.072280735 
57 482 21 25 0.071871474 
800 206 17 21 0.068290755 
929 97 19 25 0.06653512 
76 483 20 25 0.0659264 
790 380 21 27 0.06542868 
799 234 19 23 0.06357793 
977 304 24 33 0.062331457 
926 209 19 24 0.061730783 
867 637 26 28 0.05959912 
873 207 18 24 0.058358572 
798 150 18 22 0.057868514 
544 378 21 25 0.055473376 
825 405 20 24 0.054512028 
76 234 19 24 0.054430746 
131 178 20 25 0.05358336 
493 379 20 23 0.05276872 
866 617 23 27 0.051873628 
878 333 21 26 0.05178203 
929 82 18 23 0.051510923 
635 199 19 24 0.05081326 
824 240 19 23 0.05073046 
904 608 23 29 0.05043712 
817 333 20 25 0.04946106 
929 306 19 25 0.04925353 
238 289 18 23 0.048736468 
826 389 20 26 0.047393866 
671 224 19 23 0.04719725 
948 147 18 22 0.046958808 
890 101 20 25 0.046931792 
818 354 20 25 0.046158213 
774 326 21 25 0.045980312 
754 178 18 23 0.045623425 
261 459 19 23 0.045387737 
798 253 19 23 0.04447168 
876 360 23 29 0.04376817 
891 274 21 27 0.04351107 
882 106 19 23 0.04314632 
749 411 23 27 0.04305104 
545 367 20 24 0.042747345 
767 180 16 21 0.04272719 
511 401 20 25 0.041272797 
775 360 23 29 0.041063596 
897 637 23 27 0.041055016 
972 323 23 31 0.04101926 
841 130 20 24 0.040826485 
696 372 38 50 0.04056777 
703 399 44 52 0.040114213 
388 380 17 21 0.03985094 
874 274 21 26 0.039708667 
133 155 19 24 0.039683867 
945 284 18 22 0.039624665 
171 187 719 763 0.039543208 
185 264 18 22 0.03944484 
894 308 21 25 0.039362166 
30 276 20 25 0.039286837 
846 434 18 23 0.038579646 
457 379 21 25 0.038493186 
777 378 20 26 0.038328815 
977 286 19 24 0.038248535 
876 262 21 26 0.037989583 
127 454 25 33 0.037738238 
103 263 18 24 0.037623174 
314 438 19 22 0.037612528 
976 173 22 28 0.03725069 
872 43 19 24 0.03720275 
777 315 19 24 0.037097517 
573 406 45 54 0.037054308 
847 282 17 21 0.03691981 
531 433 21 28 0.036824163 
927 54 19 22 0.03642277 
878 307 19 24 0.03615969 
821 60 19 23 0.03612253 
769 74 19 24 0.03609386 
693 259 18 22 0.035637062 
932 284 19 23 0.035277512 
694 305 20 25 0.035239544 
872 184 17 21 0.035106145 
101 276 19 22 0.0348687 
811 62 36 42 0.034107726 
925 185 18 22 0.034017775 
901 182 17 21 0.03377374 
897 380 19 25 0.03363763 
129 440 21 28 0.033608567 
720 283 20 26 0.033604253 
794 308 18 24 0.033583347 
772 233 18 21 0.03356091 
22 254 23 27 0.033536326 
842 79 18 22 0.03350013 
643 186 19 22 0.033409085 
897 656 25 31 0.03333352 
667 175 19 23 0.033271413 
991 306 21 29 0.033175774 
775 208 17 20 0.03304157 
950 132 19 24 0.03291252 
870 374 23 29 0.032508932 
917 657 23 31 0.032457825 
848 233 17 22 0.032379247 
896 208 17 23 0.03237429 
921 483 93 169 0.03225151 
794 280 17 22 0.03219986 
200 283 18 22 0.0321594 
821 204 16 21 0.031862687 
825 179 18 22 0.031697664 
845 106 19 23 0.031675514 
137 132 19 23 0.03165791 
953 360 21 28 0.031584337 
740 408 39 48 0.031561658 
954 438 21 29 0.03140537 
205 257 18 21 0.031332802 
741 252 19 22 0.031311497 
56 253 20 27 0.03129757 
862 652 31 35 0.031258997 
890 329 20 26 0.031251077 
828 133 20 25 0.03119277 
624 152 19 23 0.031045351 
970 380 23 33 0.030991739 
915 609 23 29 0.030888941 
842 514 20 24 0.030854046 
951 181 19 24 0.030815138 
771 58 18 22 0.030757846 
844 257 19 23 0.030736651 
238 304 18 22 0.03057281 
367 412 17 20 0.03056639 
895 80 18 22 0.030519292 
949 259 18 22 0.030363832 
945 102 21 26 0.030340035 
151 236 17 22 0.030254139 
800 29 18 22 0.030238852 
769 620 24 29 0.030183276 
132 201 18 24 0.030148994 
182 313 19 25 0.030141428 
740 285 19 23 0.030034032 
112 305 20 23 0.0300148 
841 536 20 25 0.030012272 
874 228 19 24 0.029964015 
900 409 20 24 0.029947134 
842 409 20 24 0.0299412 
796 561 24 31 0.029927088 
824 434 20 25 0.02986643 
719 185 16 20 0.029762873 
336 384 16 21 0.029515238 
951 330 22 27 0.029494528 
995 360 17 22 0.029365722 
724 210 18 22 0.029261969 
284 490 19 24 0.029253878 
506 391 21 25 0.029234018 
823 467 20 24 0.029048067 
124 382 19 25 0.029029168 
51 333 18 22 0.029014355 
924 226 19 25 0.02896594 
115 384 18 22 0.028946217 
797 334 19 24 0.028922938 
952 450 23 33 0.028728196 
951 378 25 34 0.028680537 
489 369 18 23 0.028665323 
648 372 37 51 0.028627267 
823 18 18 22 0.028555723 
744 234 19 24 0.02854572 
892 262 21 26 0.028478615 
36 336 16 21 0.028458187 
974 360 19 25 0.028400892 
698 284 19 24 0.028359056 
388 368 18 22 0.028352596 
873 326 36 44 0.028336419 
163 152 19 24 0.02806699 
792 92 22 29 0.027983306 
495 407 19 24 0.027957613 
538 411 20 26 0.027947092 
278 380 19 24 0.027822476 
962 527 40 67 0.027821032 
670 213 19 24 0.027795466 
833 301 32 40 0.02767795 
624 203 20 24 0.02754809 
258 363 18 21 0.02751356 
848 329 20 25 0.027465366 
725 257 19 23 0.027429001 
537 306 17 22 0.027396353 
455 430 21 26 0.02728273 
977 127 20 25 0.027162693 
795 134 19 25 0.027160939 
-68 521 368 365 0.027090007 
158 256 17 19 0.027055053 
774 157 16 21 0.02699567 
980 157 19 23 0.026796967 
445 414 21 26 0.026780315 
993 178 19 25 0.026729608 
773 256 17 21 0.026724396 
517 341 18 22 0.026546119 
899 156 18 22 0.026377324 
741 306 18 22 0.02629871 
290 201 20 24 0.026238434 
187 233 17 21 0.0262008 
927 152 18 21 0.026184198 
454 413 23 26 0.026177816 
161 285 18 21 0.026120884 
793 78 21 27 0.026115919 
850 358 21 27 0.025988262 
824 148 19 24 0.025933987 
743 387 20 26 0.025917266 
368 233 17 21 0.025916964 
847 383 20 26 0.025909346 
899 228 19 23 0.025842577 
855 613 22 26 0.025770012 
369 284 18 20 0.025696227 
780 53 58 73 0.025556019 
559 382 24 31 0.025519103 
61 307 18 21 0.025449626 
800 182 17 21 0.025377784 
627 377 526 571 0.025342673 
9 235 20 24 0.025256896 
693 183 19 22 0.0252428 
949 343 63 96 0.025209341 
857 295 66 83 0.02519502 
794 541 23 28 0.025181351 
84 469 18 22 0.025139041 
691 227 17 21 0.025123138 
924 384 20 25 0.02503214 
928 381 66 93 0.02502466 
952 401 22 31 0.024989432 
1 537 18 25 0.024887737 
76 333 20 24 0.024849342 
239 435 17 21 0.024825824 
8 307 18 24 0.024760446 
798 409 20 24 0.024721144 
721 227 18 22 0.024469616 
5 461 18 25 0.024457637 
741 127 19 24 0.024420569 
514 357 18 22 0.024371697 
776 282 18 22 0.024293328 
947 306 21 26 0.024220679 
290 254 17 22 0.024143815 
922 408 18 24 0.024076274 
288 608 18 22 0.02404967 
825 538 20 25 0.024019796 
927 293 66 86 0.02393066 
240 464 18 23 0.023894783 
722 300 19 25 0.023838917 
228 385 19 23 0.023811541 
444 429 22 27 0.023798289 
888 627 38 42 0.023717059 
995 230 17 24 0.023710342 
858 572 39 44 0.023678673 
841 8 19 23 0.023658996 
444 385 19 21 0.023645386 
763 414 20 26 0.023533976 
207 485 17 21 0.023498084 
27 303 17 21 0.02342668 
-207 297 731 747 0.02338871 
821 547 71 80 0.023383569 
186 563 19 25 0.023380943 
51 278 18 24 0.023234598 
845 21 19 23 0.02319752 
906 433 99 153 0.023130007 
925 300 31 40 0.023116577 
296 420 431 435 0.02310555 
265 381 18 23 0.023063384 
779 346 47 61 0.022998273 
381 282 16 19 0.022998212 
128 166 32 43 0.022986347 
73 305 19 23 0.022980152 
687 331 27 32 0.022976775 
121 638 21 26 0.022958612 
906 597 36 47 0.02291868 
55 469 19 24 0.02290804 
918 247 74 91 0.022895103 
822 293 63 78 0.02288564 
751 80 18 20 0.022759568 
33 512 18 24 0.022715272 
996 200 18 25 0.022654092 
304 256 17 20 0.02261679 
558 362 20 25 0.02260607 
826 7 21 26 0.022604998 
157 203 18 23 0.022546906 
316 305 18 21 0.022521216 
226 638 22 26 0.022519195 
281 364 18 21 0.022453481 
848 467 18 22 0.022451393 
234 540 18 23 0.022375826 
961 441 35 54 0.022348536 
80 509 19 23 0.02234112 
951 503 21 32 0.02232565 
742 334 20 25 0.022256223 
929 258 19 24 0.022234406 
365 437 17 22 0.022212803 
812 241 68 84 0.022185002 
874 156 18 22 0.022148198 
819 273 31 39 0.022147391 
956 380 40 59 0.022064025 
895 52 18 22 0.022056514 
866 543 61 76 0.022043794 
59 594 20 24 0.02204295 
744 209 17 22 0.022007737 
262 492 19 24 0.021998243 
256 507 17 22 0.021890637 
387 408 17 21 0.021875951 
124 308 17 21 0.021837577 
110 638 23 28 0.021803087 
948 76 21 26 0.021795299 
902 592 21 26 0.021772252 
617 353 22 28 0.021734364 
639 154 18 21 0.02170999 
846 635 40 42 0.021708393 
137 234 17 21 0.021649452 
847 178 18 22 0.021596268 
866 335 66 83 0.02153066 
77 249 19 25 0.02151217 
25 121 18 23 0.021505341 
204 640 23 28 0.02150036 
883 302 36 45 0.021495556 
870 542 21 25 0.02137159 
177 206 18 22 0.021369843 
920 356 21 26 0.021355623 
760 365 51 64 0.021353327 
822 484 20 25 0.0213409 
332 438 17 21 0.021275852 
996 259 16 22 0.021218983 
664 163 18 21 0.021195978 
765 67 35 43 0.021194464 
129 359 19 23 0.021172574 
361 489 20 25 0.021171222 
464 367 19 23 0.021150567 
871 436 19 23 0.021143684 
159 177 21 26 0.021126632 
691 208 18 22 0.021087434 
285 542 18 22 0.021064281 
181 324 19 24 0.02106182 
926 329 21 26 0.020866487 
851 561 22 28 0.020773849 
975 260 17 23 0.0207688 
994 155 17 23 0.020754153 
798 52 18 22 0.020725898 
255 300 17 22 0.020720674 
826 510 19 24 0.020698592 
102 507 19 24 0.020668833 
107 233 17 21 0.020614052 
314 562 18 22 0.020583082 
942 493 54 84 0.020530108 
86 538 20 24 0.020493023 
263 560 18 22 0.020459332 
155 146 35 45 0.02043299 
974 227 20 25 0.020350961 
926 88 32 40 0.020334331 
846 654 30 34 0.020271681 
133 136 79 97 0.020259986 
9 662 23 28 0.020259839 
712 379 23 34 0.020229423 
617 384 24 31 0.020200748 
134 257 16 20 0.020177973 
994 283 16 23 0.020142095 
892 360 20 25 0.020138647 
130 475 23 31 0.020105364 
382 331 17 20 0.020047527 
926 127 18 22 0.020046681 
283 303 18 22 0.0200445 
407 413 17 21 0.020030703 
6 151 19 28 0.020017983 
