32_Worker_Laborer_Worker_Laborer_32_692
23
198 84 113 142 0.9887372 
685 141 57 71 0.9847357 
860 168 70 79 0.94429386 
443 146 74 100 0.8069192 
666 143 47 61 0.040898245 
813 161 38 51 0.033902064 
496 431 75 74 0.030235251 
749 485 27 34 0.02879532 
991 259 20 27 0.025115255 
807 295 84 106 0.024973573 
882 188 70 87 0.023899162 
742 128 26 34 0.02344812 
293 263 80 94 0.02275388 
704 127 60 73 0.022368278 
537 614 44 61 0.021617766 
367 374 77 103 0.02136807 
492 595 101 87 0.021229161 
918 514 101 170 0.021208541 
484 531 104 113 0.02094358 
850 264 77 93 0.020765908 
403 509 160 145 0.02066129 
485 472 86 97 0.020565663 
525 446 70 80 0.020473799 
