32_Worker_Laborer_Worker_Laborer_32_932
69
360 822 57 72 0.6026295 
67 840 69 83 0.43761963 
278 865 66 85 0.38601214 
964 784 41 55 0.3674081 
689 776 46 61 0.35000303 
109 787 48 62 0.34832135 
807 784 66 81 0.34560743 
527 820 45 60 0.3200708 
250 792 43 53 0.30468732 
278 108 72 81 0.19375706 
371 787 45 54 0.087285094 
872 785 46 59 0.082578816 
59 871 97 124 0.08199146 
751 863 54 73 0.06238868 
253 809 48 62 0.053244703 
308 855 62 83 0.045814905 
843 770 78 98 0.04449358 
747 838 37 52 0.040055122 
92 856 63 78 0.037350584 
886 526 565 618 0.0359186 
4 905 39 54 0.034100354 
696 807 57 76 0.033451416 
118 1000 63 90 0.032709353 
524 843 55 75 0.03264125 
217 789 37 47 0.03243275 
316 819 102 118 0.032387212 
438 896 62 78 0.031526674 
80 797 76 97 0.030998588 
511 796 40 52 0.030725306 
281 833 46 59 0.03022771 
887 870 552 629 0.030043274 
385 821 59 75 0.029554997 
881 192 564 620 0.029403593 
95 915 73 101 0.028282907 
880 -140 564 625 0.028029673 
61 923 111 155 0.027695065 
865 813 43 56 0.027182607 
613 218 1058 1183 0.027033458 
91 751 42 52 0.026703902 
708 854 60 78 0.026634855 
985 789 35 48 0.026555315 
52 833 43 55 0.026062513 
774 850 61 81 0.02600374 
800 815 49 63 0.02576609 
861 1206 553 587 0.02571653 
-1 879 36 50 0.02546807 
357 878 69 88 0.025313921 
658 945 39 49 0.025096465 
458 827 40 55 0.02472925 
290 869 110 138 0.02396723 
627 299 32 35 0.023138326 
695 758 41 49 0.023024604 
796 912 41 53 0.02283648 
940 854 52 79 0.022094237 
944 768 69 92 0.021944636 
659 845 61 78 0.021826737 
531 798 40 52 0.021566736 
924 862 42 58 0.021554567 
575 -366 1113 1176 0.021420581 
221 876 124 152 0.021272603 
659 808 59 80 0.021209955 
409 884 66 84 0.02117706 
111 906 46 63 0.02112525 
315 893 48 63 0.021068927 
83 890 57 73 0.020947471 
167 822 40 55 0.020873161 
52 859 47 59 0.020238454 
174 869 107 130 0.020228645 
207 827 40 52 0.020224554 
