32_Worker_Laborer_Worker_Laborer_32_1039
34
576 320 222 294 0.99890876 
435 1008 120 152 0.12633094 
265 272 28 35 0.08106501 
270 700 42 51 0.06916831 
540 395 63 91 0.068268046 
402 971 193 266 0.058734357 
809 1107 533 566 0.041741412 
249 272 28 35 0.039720643 
727 298 121 172 0.034561183 
556 369 112 153 0.033513226 
439 491 68 79 0.032798287 
799 -108 517 579 0.031522565 
240 695 33 41 0.031500377 
804 181 497 573 0.030330576 
472 1013 219 291 0.030176584 
802 784 504 576 0.028511146 
550 385 37 50 0.027575811 
433 416 39 48 0.027517207 
508 788 1064 1116 0.026522933 
203 730 34 39 0.025738046 
5 740 31 45 0.02537322 
239 687 56 65 0.024783347 
819 481 503 583 0.024523076 
361 379 31 42 0.023934063 
246 492 32 43 0.023272026 
14 346 115 116 0.022966506 
236 669 31 37 0.022359 
10 602 257 319 0.022358159 
277 246 25 31 0.022139106 
421 445 72 82 0.022115458 
921 5 32 39 0.021887926 
394 1200 120 154 0.021509722 
377 381 30 40 0.021483583 
457 458 97 119 0.020893414 
