32_Worker_Laborer_Worker_Laborer_32_723
141
298 88 54 65 0.9878479 
434 154 56 77 0.95718735 
6 196 44 90 0.65629566 
172 2 44 43 0.51915854 
783 60 52 67 0.4718782 
801 73 50 62 0.2760722 
941 160 50 77 0.26777443 
776 131 49 60 0.21144679 
654 159 51 62 0.20020391 
459 164 58 82 0.17634058 
506 194 39 56 0.14444274 
173 184 43 49 0.143961 
77 94 30 37 0.13032967 
97 92 27 34 0.11396454 
757 99 67 80 0.113949515 
263 10 57 57 0.10453209 
334 262 63 57 0.10260591 
275 66 47 59 0.0930884 
799 44 55 67 0.09232345 
766 64 44 60 0.09033745 
815 278 30 37 0.070269205 
638 147 42 51 0.06545064 
171 263 35 41 0.060714304 
517 188 63 82 0.059423637 
907 161 60 74 0.057282742 
917 178 27 36 0.054047115 
145 189 42 47 0.053807154 
547 189 79 105 0.050877757 
744 96 27 35 0.050338954 
782 161 47 53 0.050294362 
38 148 42 50 0.04872798 
657 185 36 46 0.04763545 
220 237 65 76 0.04732836 
574 230 52 70 0.046391424 
879 173 64 81 0.04552382 
846 174 58 80 0.04545011 
825 62 43 57 0.04456806 
733 76 59 75 0.042366587 
195 191 30 41 0.041636284 
608 146 39 47 0.04159634 
151 179 28 34 0.041396204 
600 124 107 147 0.040888928 
-2 130 21 34 0.04048775 
78 82 46 60 0.039978456 
281 186 41 51 0.03889442 
532 204 24 31 0.038888548 
941 151 30 41 0.038832758 
593 45 71 83 0.036894843 
872 49 28 37 0.03618079 
673 176 50 58 0.036158863 
961 178 37 54 0.034303248 
137 158 71 81 0.033759944 
725 127 58 73 0.0335769 
141 264 46 45 0.033436887 
789 50 36 47 0.033413894 
644 172 29 38 0.033402186 
564 164 118 139 0.0329679 
644 195 27 37 0.032870527 
784 124 35 42 0.032509435 
897 180 26 33 0.032468073 
320 82 55 72 0.03210749 
662 -3 41 40 0.031979237 
692 150 60 73 0.03195373 
833 50 33 42 0.031120904 
55 -1 50 40 0.030914001 
508 149 39 52 0.030537045 
684 170 33 41 0.030052694 
922 191 25 34 0.029579092 
956 148 42 65 0.029324891 
800 136 65 87 0.029313669 
687 -1 28 28 0.029301634 
514 179 27 36 0.02912682 
929 126 80 127 0.029118434 
169 203 46 56 0.028947733 
741 76 26 35 0.02862514 
576 142 44 51 0.027546788 
80 80 27 35 0.026582139 
526 226 55 61 0.026522817 
668 142 55 63 0.02597409 
23 223 57 75 0.025960714 
406 84 39 48 0.0258372 
947 184 33 46 0.025801793 
328 276 39 42 0.025711222 
794 190 31 38 0.02567014 
587 193 62 83 0.025590884 
866 63 37 49 0.025492048 
24 3 77 58 0.025476513 
131 169 38 49 0.025386866 
592 205 22 27 0.025113827 
887 147 42 55 0.025034567 
568 175 20 24 0.024924811 
288 38 53 64 0.024826923 
0 150 64 99 0.024638012 
708 138 43 56 0.024492308 
558 171 44 54 0.024273703 
712 1 25 28 0.024193669 
847 139 66 82 0.02405061 
611 70 30 37 0.024011726 
49 85 70 84 0.023953836 
736 147 26 35 0.023838235 
768 122 32 38 0.023831816 
756 29 240 298 0.023770962 
896 194 26 34 0.023713062 
152 152 28 33 0.023586152 
137 234 71 78 0.02352968 
818 85 62 79 0.02344288 
576 199 44 58 0.023298977 
149 217 29 35 0.023136694 
549 197 48 58 0.022970797 
32 154 26 34 0.022968663 
604 69 70 95 0.022815103 
919 148 39 54 0.022724122 
120 146 40 50 0.022695757 
300 71 42 51 0.02266818 
560 207 23 27 0.022644198 
166 149 48 59 0.022635054 
407 75 28 35 0.022269798 
131 257 24 28 0.022172213 
254 292 29 38 0.021980645 
931 114 46 58 0.021902377 
705 189 44 54 0.021703878 
195 239 49 63 0.021626709 
279 99 50 59 0.021503352 
75 118 29 37 0.021419104 
358 250 57 60 0.021402484 
649 125 51 59 0.021393515 
128 279 30 33 0.021197373 
769 141 35 41 0.021057762 
603 250 44 56 0.021042591 
143 150 44 53 0.02104016 
5 180 24 36 0.0210223 
869 180 27 33 0.020951696 
918 113 39 47 0.02088033 
428 93 27 34 0.020629749 
535 219 29 37 0.02061278 
798 76 150 187 0.020584043 
659 257 33 36 0.020473296 
776 65 85 106 0.02037472 
593 156 60 78 0.020372646 
318 49 47 61 0.020281937 
133 177 23 29 0.020237973 
