42_Car_Racing_Car_Racing_42_600
18
79 101 20 24 0.2780509 
344 354 130 137 0.05241058 
155 713 23 28 0.041914932 
240 107 17 19 0.037980646 
751 246 47 51 0.029010743 
210 132 57 74 0.02714546 
205 136 17 22 0.026833184 
239 130 19 23 0.026665622 
228 154 23 30 0.025755389 
207 153 21 27 0.025736628 
185 136 19 22 0.024777101 
-2 130 62 97 0.024099981 
24 230 21 28 0.022636577 
351 714 25 27 0.022277981 
80 87 20 24 0.02191982 
187 152 20 27 0.021282274 
537 718 19 23 0.02084523 
312 97 18 22 0.020218953 
