42_Car_Racing_Nascar_42_468
30
604 4 174 226 0.9990711 
607 714 30 39 0.06265676 
579 330 63 76 0.061907716 
887 415 82 89 0.05985662 
689 669 83 95 0.051567797 
56 711 21 25 0.04795556 
662 636 89 101 0.036870264 
499 489 72 78 0.03307986 
410 581 165 140 0.032281145 
582 716 51 51 0.031260993 
628 639 77 98 0.029854957 
665 468 65 78 0.029123997 
399 643 65 75 0.028085433 
529 507 44 50 0.027919222 
739 664 79 91 0.02787764 
529 336 81 93 0.02695114 
709 505 60 76 0.026056461 
708 646 74 83 0.023662027 
678 608 102 90 0.023649955 
158 688 21 25 0.02326702 
660 597 178 161 0.023037909 
7 745 23 31 0.02225389 
-1 -11 138 225 0.022174165 
449 576 47 51 0.02189991 
481 544 97 96 0.021669915 
437 554 102 92 0.021201588 
500 355 94 112 0.02073004 
647 666 83 101 0.020543437 
642 613 86 96 0.020279221 
685 442 69 69 0.020024851 
