57_Angler_peoplefishing_57_515
82
473 74 19 23 0.082093865 
484 349 20 26 0.073427625 
772 78 24 27 0.04904109 
489 636 27 31 0.046881378 
137 121 750 805 0.040542834 
541 378 21 25 0.039656043 
568 413 23 29 0.03962746 
561 373 22 28 0.037614323 
380 338 23 28 0.036390625 
460 410 19 25 0.034620862 
390 4 24 27 0.034210127 
748 525 349 369 0.033926643 
388 415 21 26 0.03135955 
533 326 22 28 0.031338073 
496 45 19 23 0.030944474 
600 282 19 23 0.030659351 
651 638 20 22 0.03004794 
388 428 23 28 0.029933594 
518 281 24 29 0.029787587 
443 47 18 22 0.029591646 
543 228 19 23 0.029310144 
585 124 21 26 0.029028047 
518 386 20 25 0.028726768 
291 642 20 22 0.028722117 
485 2 22 22 0.028689504 
548 388 58 70 0.027747802 
676 544 18 24 0.02732313 
469 4 20 23 0.027092896 
302 642 21 24 0.026917726 
516 357 20 26 0.02681196 
557 507 20 25 0.02649757 
488 404 18 24 0.026367677 
568 259 18 22 0.026201995 
521 333 21 26 0.025921825 
597 518 19 25 0.025684237 
441 359 20 24 0.025164379 
314 612 21 25 0.025064163 
361 638 24 26 0.025021613 
591 212 20 25 0.024862854 
517 404 19 24 0.024862574 
610 530 18 24 0.024830673 
407 353 21 25 0.024542054 
432 61 98 112 0.024063556 
307 657 26 30 0.02363809 
670 556 19 26 0.02348956 
536 368 38 44 0.023427885 
738 617 20 26 0.02320574 
546 511 21 25 0.023006752 
491 32 22 25 0.02290534 
330 1 20 22 0.022847837 
464 384 19 24 0.022805165 
524 355 63 71 0.022687066 
636 304 30 32 0.022589695 
540 363 23 27 0.022561822 
490 388 19 25 0.022421418 
516 382 70 84 0.022156317 
728 615 20 24 0.022040166 
593 273 86 95 0.022033818 
286 326 25 32 0.022032598 
659 642 20 23 0.02203041 
483 208 20 24 0.021954926 
517 326 34 41 0.02190132 
542 503 36 44 0.021834182 
512 275 737 767 0.02177061 
574 125 20 25 0.021706358 
493 543 18 24 0.021629788 
539 409 19 25 0.021564186 
591 225 19 23 0.021373821 
401 28 163 184 0.02114797 
281 378 24 29 0.02104134 
387 389 19 23 0.020850303 
598 531 20 26 0.020803532 
564 425 23 30 0.020794686 
533 284 20 24 0.02070423 
580 409 23 29 0.0206361 
541 539 20 26 0.020629313 
440 381 20 25 0.020533755 
33 40 77 130 0.020518951 
433 571 22 27 0.02046949 
354 405 20 24 0.020446042 
566 311 21 26 0.020246452 
260 1 23 24 0.020017402 
