57_Angler_peoplefishing_57_868
93
629 693 173 215 0.99903643 
883 1418 76 94 0.72668105 
124 522 53 66 0.10421223 
194 690 64 74 0.08404562 
146 548 65 81 0.06317296 
382 229 139 254 0.06283833 
413 21 42 51 0.058900896 
579 985 45 59 0.05625088 
398 968 248 214 0.046676364 
73 738 84 94 0.04581401 
218 404 36 52 0.044338617 
39 860 63 82 0.042952385 
841 1184 551 577 0.040691443 
451 164 45 67 0.036023017 
302 754 79 80 0.035947707 
105 628 148 164 0.035941277 
582 345 130 174 0.035846766 
259 845 63 84 0.033830594 
57 671 167 172 0.033367377 
870 -133 557 621 0.03276463 
400 1026 47 55 0.03256941 
151 531 51 64 0.03185572 
344 1009 197 188 0.0314323 
556 857 1098 1168 0.031057037 
108 560 131 157 0.030543733 
127 506 84 101 0.030158468 
142 590 71 88 0.030110668 
0 171 112 214 0.029976062 
875 197 541 615 0.0294001 
95 772 74 90 0.029032033 
329 77 45 55 0.028821561 
913 1379 77 99 0.028598068 
170 394 117 161 0.028477862 
120 484 67 83 0.02846702 
366 499 73 89 0.028427564 
567 972 181 247 0.028274642 
630 293 134 192 0.027214974 
523 336 108 161 0.02721371 
559 -363 1114 1187 0.02689132 
58 435 105 140 0.026649715 
286 77 46 54 0.026587328 
118 908 36 43 0.02619044 
4 211 58 120 0.02599603 
157 677 197 212 0.025441123 
165 227 44 63 0.0251946 
44 517 211 259 0.02519022 
80 735 53 62 0.025133243 
148 199 72 104 0.025096657 
126 38 43 49 0.025017807 
417 122 39 50 0.025015611 
155 484 41 53 0.02484242 
379 484 43 53 0.024737807 
449 26 41 50 0.024640715 
162 198 46 64 0.024553673 
870 864 539 603 0.024419328 
46 720 76 89 0.024343625 
70 867 39 50 0.024200143 
131 449 38 51 0.024157964 
270 807 70 88 0.023810294 
85 509 64 83 0.023651376 
146 456 116 143 0.02349082 
281 198 47 60 0.023472449 
455 320 119 174 0.023385398 
515 949 178 197 0.023297165 
242 428 103 132 0.023190562 
199 1009 47 60 0.023084123 
871 1430 55 70 0.023050478 
19 318 182 279 0.02284364 
558 949 99 123 0.022818847 
619 113 31 46 0.022514567 
270 36 105 114 0.022503452 
203 110 48 60 0.022407876 
209 360 55 85 0.022400748 
70 590 67 87 0.022367356 
954 298 28 43 0.022319308 
381 180 118 174 0.022303658 
158 458 33 44 0.022264875 
405 0 89 99 0.022131324 
140 66 67 77 0.021938164 
411 126 92 121 0.021676872 
668 365 72 110 0.021452857 
935 1368 103 153 0.021224052 
263 250 69 96 0.021057727 
123 725 106 129 0.02082816 
75 892 38 48 0.020691058 
154 156 75 98 0.020657938 
211 42 38 44 0.020634975 
39 508 65 90 0.020573104 
53 619 112 135 0.020561429 
166 162 47 57 0.020443898 
124 554 49 60 0.020419873 
217 423 58 86 0.020342775 
152 47 44 51 0.020152299 
