57_Angler_peoplefishing_57_924
20
495 322 25 34 0.05592135 
932 279 74 112 0.044411786 
105 384 22 25 0.029283669 
158 379 21 26 0.028554164 
-65 512 352 366 0.028101178 
890 306 90 104 0.027461246 
746 534 351 362 0.026255324 
898 255 89 108 0.0251172 
596 389 22 26 0.025030954 
590 376 68 84 0.024585582 
232 356 21 28 0.023348888 
444 21 23 27 0.02245231 
45 363 23 28 0.02199299 
593 396 39 47 0.021764424 
-219 295 686 750 0.021269448 
32 368 34 46 0.021152666 
501 432 29 33 0.021030698 
389 204 265 315 0.020450557 
142 27 72 91 0.0203094 
129 537 361 348 0.020294704 
