57_Angler_peoplefishing_57_402
42
339 117 58 67 0.59871674 
657 125 103 145 0.1358505 
671 193 28 37 0.10217546 
311 127 78 95 0.06749266 
687 183 69 89 0.066609316 
663 76 81 134 0.0601752 
365 111 46 61 0.04978096 
375 89 46 66 0.04160779 
675 180 54 68 0.041430518 
682 56 52 58 0.039909948 
316 91 68 83 0.03773893 
753 532 341 369 0.03751953 
670 174 119 136 0.03227493 
296 164 45 57 0.0320062 
306 171 27 35 0.031761326 
506 234 70 74 0.030622805 
291 159 84 106 0.030115347 
663 172 44 62 0.02952468 
440 429 25 28 0.029200964 
694 114 90 112 0.029101538 
430 418 44 46 0.028940126 
644 55 75 115 0.028548721 
289 129 61 77 0.027637897 
456 361 173 164 0.025641454 
658 51 46 62 0.023743449 
626 125 83 121 0.023224019 
273 108 39 53 0.022850018 
232 179 140 183 0.022561656 
652 185 64 86 0.022422453 
814 177 155 217 0.022307787 
285 79 60 76 0.022236196 
683 196 30 39 0.022230756 
728 168 87 97 0.022097822 
572 281 673 754 0.021999482 
492 269 75 83 0.021652471 
620 36 74 108 0.021571998 
449 343 78 80 0.021482943 
395 102 36 57 0.021354398 
585 193 125 149 0.020588346 
455 435 25 30 0.020233005 
525 512 369 358 0.020225052 
680 44 88 113 0.02019927 
