57_Angler_peoplefishing_57_401
20
631 203 39 49 0.10320249 
774 307 54 76 0.05373846 
92 323 59 79 0.04616734 
132 304 78 85 0.030402083 
175 361 25 36 0.030115912 
-68 533 352 350 0.027887264 
628 286 44 59 0.02766244 
617 205 28 36 0.027427804 
756 532 345 365 0.02736443 
590 286 64 89 0.025957558 
207 0 27 28 0.024626832 
146 314 43 58 0.024200762 
103 332 28 36 0.024190294 
428 0 26 28 0.024013646 
-221 275 731 753 0.023241308 
106 306 23 28 0.023078522 
748 332 24 27 0.02267726 
118 324 118 126 0.022214012 
570 299 692 741 0.021512423 
83 348 47 65 0.02049369 
