57_Angler_peoplefishing_57_15
32
664 172 34 48 0.062162515 
685 170 37 51 0.059119135 
689 157 23 30 0.048218176 
583 289 19 23 0.046811707 
573 287 20 24 0.035738237 
731 471 356 404 0.035415016 
4 479 22 34 0.033882882 
672 178 59 80 0.032953214 
678 201 71 100 0.032140054 
716 229 23 31 0.03074501 
413 151 20 24 0.02854761 
647 254 22 26 0.026318032 
537 198 21 26 0.0262497 
-67 526 357 358 0.0262354 
691 194 25 34 0.026177896 
568 304 17 22 0.025858318 
672 155 23 30 0.025580326 
715 274 23 32 0.024905998 
389 256 24 29 0.02461998 
588 301 18 23 0.024433965 
237 150 21 25 0.023904717 
565 484 21 27 0.022778107 
659 574 74 92 0.021549985 
715 253 24 33 0.021411996 
434 161 19 25 0.021255149 
702 222 43 60 0.021059819 
-214 298 699 743 0.020982528 
443 462 22 26 0.020723782 
473 381 21 25 0.020575771 
436 177 20 27 0.02054568 
651 318 79 117 0.020310642 
704 199 37 53 0.020270703 
