57_Angler_peoplefishing_57_120
53
484 324 55 65 0.85874265 
377 974 40 49 0.1606771 
204 1105 39 49 0.12639904 
564 424 52 71 0.124154955 
465 168 32 39 0.110015064 
787 482 44 50 0.104946926 
346 966 52 60 0.099426165 
553 369 38 51 0.07751225 
141 489 33 41 0.0719199 
837 477 38 45 0.059088215 
559 353 35 45 0.05603531 
738 212 33 42 0.054335136 
463 308 52 66 0.037262145 
345 947 33 39 0.036822144 
-2 -5 81 93 0.03584901 
636 379 31 41 0.035826765 
245 162 32 42 0.03366679 
139 1141 39 45 0.033653375 
487 286 38 46 0.0322379 
137 1123 34 40 0.03133278 
334 937 56 65 0.030814087 
725 471 50 62 0.029651009 
386 1042 38 45 0.02955561 
302 916 82 103 0.028540881 
3 968 34 49 0.027398264 
314 933 50 66 0.027111314 
584 423 35 47 0.026781954 
331 959 95 102 0.026646033 
174 1075 62 66 0.026373848 
174 9 54 63 0.02610659 
388 954 32 37 0.025688281 
632 532 31 41 0.02492242 
946 1318 42 47 0.02421072 
394 856 87 118 0.023751222 
592 201 34 40 0.023429325 
445 565 37 46 0.02305021 
308 859 107 131 0.022828788 
215 975 34 43 0.022305071 
371 783 61 66 0.021818118 
502 379 82 100 0.021716278 
813 456 81 89 0.021591937 
184 1110 35 42 0.021425644 
375 747 64 65 0.021321874 
142 833 392 430 0.021194195 
278 587 33 37 0.021140747 
462 338 37 47 0.021105196 
877 477 34 44 0.020988612 
8 895 229 268 0.02097212 
530 335 71 87 0.020809041 
172 1044 108 121 0.020453596 
141 1077 31 37 0.020326318 
768 490 58 64 0.020042187 
698 486 35 48 0.020034017 
