57_Angler_peoplefishing_57_796
26
385 294 189 234 0.99910337 
618 794 197 191 0.37964496 
778 765 122 137 0.13955483 
690 770 193 176 0.09296935 
884 211 568 626 0.042400636 
883 854 554 621 0.0417192 
877 1202 580 600 0.03745892 
2 1539 34 45 0.036188614 
887 -141 572 635 0.034636434 
663 655 248 260 0.031925194 
587 867 1130 1211 0.03133354 
588 -376 1131 1200 0.030243114 
856 552 560 606 0.027728362 
896 1103 114 145 0.02754548 
712 718 137 155 0.027502097 
894 573 118 150 0.027279021 
664 859 111 120 0.02577036 
946 604 78 112 0.024361506 
5 1517 31 44 0.023197412 
781 823 94 107 0.022259416 
839 547 131 156 0.021306902 
770 617 200 223 0.020816442 
636 327 133 135 0.020483887 
226 1501 79 79 0.0203279 
896 845 134 196 0.020238858 
792 477 97 107 0.02021126 
