57_Angler_peoplefishing_57_17
20
775 304 27 37 0.06469419 
684 164 38 48 0.044555027 
742 520 357 376 0.034105908 
544 273 710 752 0.03302387 
558 307 28 34 0.024647336 
782 308 33 49 0.023336647 
659 166 36 49 0.023297973 
735 261 37 52 0.022789486 
-65 512 346 360 0.022712909 
288 208 69 76 0.022608412 
342 264 61 69 0.022432687 
540 527 363 355 0.02219979 
746 281 79 89 0.022064775 
689 248 303 345 0.021929367 
704 235 73 90 0.021707304 
209 -1 23 24 0.021294784 
623 2 22 25 0.020711217 
700 293 76 92 0.020608287 
691 154 30 36 0.020432904 
766 282 23 31 0.020241031 
