57_Angler_peoplefishing_57_1012
33
394 158 97 116 0.99925023 
636 215 107 123 0.99920624 
223 309 62 74 0.73148227 
533 520 48 56 0.06938917 
215 267 66 87 0.060571514 
542 514 29 34 0.041670166 
697 646 25 29 0.034611903 
549 538 43 50 0.03166128 
822 -4 154 151 0.03112137 
383 529 87 92 0.030295646 
228 280 28 35 0.029718034 
541 595 84 85 0.028846482 
597 245 114 127 0.02876563 
890 398 78 103 0.028609768 
394 488 61 79 0.026992641 
747 364 160 188 0.026926743 
838 217 42 46 0.026583407 
604 206 64 91 0.026036978 
531 603 49 57 0.025193129 
537 627 31 37 0.025176354 
701 214 76 97 0.024927072 
576 293 81 95 0.024693005 
689 651 42 43 0.024399377 
208 277 40 52 0.023992427 
400 568 84 89 0.023706416 
580 618 47 53 0.023258671 
515 587 138 146 0.022816265 
257 257 60 81 0.022381434 
534 550 68 82 0.021526318 
259 330 51 61 0.021129323 
456 3 24 27 0.02099819 
335 521 67 83 0.020424131 
314 709 22 30 0.020416716 
