57_Angler_peoplefishing_57_661
39
107 358 19 23 0.08285818 
201 412 18 21 0.07258694 
339 126 22 29 0.062874496 
287 283 20 25 0.047643986 
149 289 17 23 0.04725785 
139 289 18 23 0.035587464 
158 260 18 22 0.035081856 
339 589 26 33 0.03263447 
71 316 20 24 0.032532986 
3 275 19 30 0.0317801 
77 65 316 459 0.030119624 
208 256 20 24 0.02972418 
63 326 20 26 0.029048203 
82 253 18 23 0.028510831 
306 253 19 24 0.02756687 
158 3 23 25 0.02706261 
208 390 17 20 0.026726432 
1 386 19 28 0.024250861 
813 593 27 32 0.023660833 
99 431 18 24 0.023530632 
61 313 20 25 0.0230981 
188 153 18 24 0.022963928 
302 280 20 25 0.022730548 
148 299 19 25 0.022460194 
161 127 19 23 0.022458283 
134 258 17 21 0.021726675 
129 555 25 30 0.021637581 
286 254 18 23 0.021496002 
82 387 17 22 0.021220723 
132 233 18 22 0.021096729 
235 443 19 22 0.020936435 
125 130 18 23 0.020823231 
177 259 18 22 0.020700868 
239 389 16 20 0.020588012 
203 159 18 22 0.0204774 
191 414 18 20 0.02042581 
5 402 18 30 0.020280806 
41 25 46 57 0.020269059 
280 302 22 28 0.020214561 
