55_Sports_Coach_Trainer_sportcoaching_55_789
35
144 216 51 68 0.99920624 
453 242 48 62 0.9985567 
65 237 48 62 0.9966292 
271 227 46 59 0.9962786 
731 331 44 60 0.9958354 
761 168 42 56 0.9954236 
588 214 42 54 0.9951814 
631 278 46 59 0.9941089 
225 188 46 58 0.9936162 
820 319 44 56 0.99156266 
87 174 41 51 0.9914458 
927 327 47 62 0.98600453 
921 160 42 56 0.9815996 
464 155 44 56 0.9745385 
324 131 40 53 0.97008866 
361 286 44 57 0.96937805 
196 146 37 48 0.9689032 
385 219 47 62 0.9674064 
614 120 38 49 0.9600775 
540 256 44 57 0.93310165 
670 199 42 54 0.87367636 
50 127 36 46 0.7268732 
424 121 35 46 0.6219036 
15 245 37 51 0.23616587 
248 209 50 66 0.14111303 
204 132 30 38 0.061795868 
430 111 25 32 0.045149904 
616 106 30 36 0.036013555 
7 248 30 38 0.033188105 
-1 541 25 35 0.030114872 
363 251 62 76 0.02586632 
922 215 42 52 0.025541175 
21 232 29 37 0.024538673 
3 258 41 56 0.021694323 
271 199 45 58 0.020602703 
