55_Sports_Coach_Trainer_sportcoaching_55_588
71
609 258 22 26 0.53512365 
690 249 20 26 0.46978724 
666 248 21 27 0.2198394 
600 255 21 26 0.15279 
649 261 20 25 0.12840635 
621 390 21 28 0.11632559 
739 284 22 29 0.08724106 
741 299 24 34 0.08231026 
727 281 20 28 0.073611185 
643 230 18 22 0.06860647 
592 359 22 29 0.06186707 
627 454 38 43 0.061572976 
619 277 21 26 0.0608906 
674 239 20 26 0.060843848 
716 256 17 23 0.05864748 
645 413 24 30 0.05738191 
641 276 20 26 0.05680999 
615 239 19 22 0.04989291 
644 336 23 29 0.04218904 
769 279 18 23 0.041392554 
650 397 520 569 0.041057203 
641 352 22 29 0.03923819 
431 265 39 51 0.03690004 
451 248 28 34 0.035906125 
720 233 16 20 0.03443129 
640 417 37 42 0.0343402 
448 264 42 50 0.03394448 
723 455 25 32 0.033476084 
719 100 19 22 0.033286225 
226 221 25 32 0.03266685 
724 291 38 50 0.032097373 
745 261 17 22 0.03175956 
664 276 22 28 0.031441256 
751 419 39 47 0.031401787 
725 451 43 50 0.03126863 
619 301 22 28 0.030596258 
696 273 21 27 0.029901732 
665 305 24 30 0.029615523 
565 254 19 26 0.029503409 
676 236 47 60 0.028576637 
762 409 25 32 0.028358383 
702 462 61 85 0.028291939 
639 304 22 27 0.026550915 
400 266 40 55 0.026241818 
596 238 18 23 0.02589078 
542 514 372 371 0.025814027 
738 431 44 49 0.025675403 
455 235 21 26 0.024839751 
635 385 21 26 0.024823673 
767 305 20 25 0.024425032 
627 378 34 43 0.024349133 
509 280 23 30 0.023945412 
613 361 20 27 0.023746368 
491 276 26 33 0.023678899 
704 244 72 93 0.023614649 
772 263 16 20 0.023379674 
793 282 17 21 0.022681564 
571 342 52 63 0.022536509 
232 212 20 26 0.022444537 
656 414 24 31 0.022086682 
589 242 47 56 0.022064155 
339 538 356 352 0.021959262 
719 438 24 29 0.02191244 
437 324 60 78 0.021857053 
436 237 48 63 0.021348663 
492 174 20 26 0.020576851 
639 225 30 39 0.020481693 
823 335 22 26 0.020256903 
-137 418 516 552 0.020215921 
745 232 15 18 0.02007732 
515 435 22 29 0.020060854 
