55_Sports_Coach_Trainer_sportcoaching_55_1013
244
372 109 118 164 0.99972314 
2 106 22 29 0.18052173 
192 331 126 176 0.10930934 
-1 4 22 28 0.10053018 
694 699 84 106 0.085451685 
577 833 81 86 0.08459877 
73 4 23 26 0.080187395 
191 375 68 100 0.062506564 
3 17 22 28 0.055476148 
138 6 20 24 0.053947907 
723 893 21 25 0.051705167 
336 16 26 32 0.051016647 
771 237 17 20 0.05039118 
946 538 18 22 0.04560903 
995 827 18 24 0.044183783 
58 44 19 24 0.043849964 
794 235 16 20 0.043060035 
773 201 16 21 0.04235519 
59 126 22 26 0.042115267 
110 53 18 21 0.041915353 
27 74 18 22 0.041593328 
748 226 19 23 0.041423183 
901 254 18 21 0.04115621 
157 84 18 22 0.039920196 
774 286 21 25 0.039867707 
320 149 64 87 0.039770916 
126 183 17 20 0.039718207 
7 158 19 27 0.039032333 
383 70 83 101 0.038864993 
128 237 19 26 0.03847898 
795 9 20 23 0.037791543 
186 125 21 24 0.037702482 
28 2 19 22 0.037691303 
147 7 21 24 0.03762649 
844 185 16 21 0.036672108 
159 199 19 23 0.03616851 
54 563 20 24 0.03600948 
186 156 21 27 0.035951607 
854 256 17 21 0.035815615 
461 185 85 100 0.03578875 
254 474 85 92 0.035762317 
11 173 17 25 0.03557184 
461 99 62 93 0.035476968 
893 238 18 21 0.035321552 
974 566 21 31 0.035285637 
533 59 20 24 0.03505183 
794 209 16 19 0.034105625 
57 33 20 24 0.033648543 
240 83 20 24 0.03362339 
841 203 16 20 0.033618886 
24 26 18 23 0.033529796 
970 358 20 25 0.03324362 
23 153 17 23 0.033012323 
181 178 20 27 0.032926135 
53 109 21 24 0.03291631 
927 823 22 27 0.03278766 
52 187 19 23 0.032599833 
881 230 15 18 0.032574166 
80 542 20 24 0.03244564 
638 111 19 23 0.03210268 
515 172 72 87 0.03195548 
181 105 19 23 0.03188164 
771 188 16 21 0.03180205 
829 184 18 21 0.031631913 
202 155 22 26 0.031581413 
537 76 22 27 0.031457942 
689 232 20 24 0.031287037 
159 186 20 25 0.031108642 
742 81 17 20 0.031052323 
59 1 21 23 0.031043388 
820 107 16 20 0.030986058 
736 896 22 27 0.030962579 
798 21 20 24 0.030899592 
847 156 16 21 0.030844178 
347 141 80 104 0.030601704 
850 560 19 24 0.030559834 
157 97 19 23 0.030298378 
921 262 17 20 0.030258698 
950 567 18 23 0.030185204 
124 204 17 22 0.030095574 
929 380 19 24 0.0298603 
870 151 17 21 0.029691674 
509 17 25 26 0.02943716 
429 83 69 95 0.029335206 
694 203 17 22 0.029159522 
819 837 21 26 0.028833162 
828 156 17 20 0.028799277 
298 501 57 63 0.028762072 
778 104 16 19 0.0287181 
111 178 16 19 0.028476484 
150 231 19 24 0.028301476 
831 202 17 21 0.02820714 
825 237 16 19 0.028101863 
110 235 19 24 0.028067522 
224 870 21 27 0.028001964 
638 183 17 22 0.027801616 
210 364 180 193 0.027789218 
944 819 19 23 0.02778068 
131 159 17 22 0.027692512 
138 20 18 22 0.027691592 
129 73 18 22 0.027634684 
744 211 19 24 0.027428217 
287 126 56 75 0.027048675 
507 4 29 29 0.026940769 
923 230 18 22 0.026872404 
918 277 21 26 0.026798852 
101 105 19 23 0.026652444 
30 54 18 22 0.026593916 
800 254 18 20 0.026581852 
982 203 19 26 0.026545955 
748 283 18 23 0.026404845 
286 158 21 27 0.026372766 
487 47 23 28 0.026227256 
664 6 20 21 0.026197346 
229 438 92 104 0.026058111 
674 185 18 21 0.026051173 
120 227 32 43 0.026015652 
970 894 22 29 0.026013196 
919 583 18 23 0.025987634 
181 3 20 23 0.02585883 
385 51 65 72 0.025858715 
873 213 16 20 0.025795538 
674 156 16 20 0.025737202 
101 1 20 23 0.025574634 
901 3 22 23 0.025566418 
616 74 18 23 0.02553621 
109 847 21 26 0.025511364 
57 77 19 22 0.025350003 
335 154 25 35 0.02534046 
327 143 42 57 0.02533287 
292 152 59 81 0.025321094 
770 253 16 20 0.025318146 
741 99 16 21 0.025290608 
799 152 16 20 0.025200233 
823 825 21 27 0.02515986 
519 49 20 25 0.02499487 
643 77 16 22 0.024946945 
253 106 19 23 0.024799174 
952 511 18 23 0.024677798 
207 2 20 23 0.02467086 
844 796 20 26 0.024655856 
180 82 18 22 0.024648346 
29 129 18 24 0.024599675 
846 547 19 23 0.024554897 
5 80 19 25 0.024469113 
848 29 22 26 0.024433771 
619 178 19 22 0.02425818 
485 156 73 95 0.024222735 
194 149 36 44 0.023998607 
774 79 16 19 0.023944577 
819 28 22 25 0.02392311 
493 64 60 79 0.023893788 
993 177 17 25 0.023873344 
995 80 19 25 0.023843493 
773 53 17 20 0.023833023 
947 234 19 22 0.02376947 
922 533 18 22 0.023767192 
303 117 39 51 0.023764294 
817 254 16 20 0.023751203 
969 334 22 27 0.023600008 
903 532 19 24 0.02359935 
113 209 17 21 0.023591964 
24 184 16 22 0.023431748 
928 570 17 20 0.023383884 
651 894 20 24 0.023379065 
255 121 19 24 0.02323645 
973 379 19 23 0.02318973 
126 205 58 78 0.023170942 
497 210 54 66 0.02316601 
30 202 17 22 0.023134662 
306 24 21 25 0.023130741 
870 178 17 21 0.023130314 
133 128 18 22 0.023084547 
751 192 252 316 0.023060786 
154 129 19 23 0.022993227 
72 50 18 21 0.022967257 
917 517 17 21 0.022895088 
982 179 19 25 0.022818763 
128 56 17 22 0.022744784 
690 186 17 21 0.022731131 
716 877 20 24 0.022679865 
902 518 20 24 0.022511637 
643 154 17 20 0.022511175 
992 764 18 25 0.022505166 
77 208 17 21 0.022489853 
712 287 19 25 0.022420518 
75 79 17 21 0.022393392 
920 685 20 23 0.022329137 
792 102 16 20 0.022328937 
970 102 20 27 0.02226352 
901 640 20 24 0.022193383 
791 80 17 20 0.022166442 
796 410 16 22 0.022127362 
309 124 24 29 0.022103464 
721 53 21 26 0.02192706 
902 822 19 24 0.021899618 
671 203 18 23 0.021895265 
659 900 21 24 0.02189504 
868 75 17 22 0.021871615 
107 76 18 21 0.021842109 
6 485 19 25 0.021736914 
944 383 19 24 0.02167441 
821 131 16 20 0.021665461 
847 233 16 18 0.021642435 
955 799 19 23 0.021620143 
54 516 19 24 0.021603558 
949 255 17 21 0.021524308 
32 611 19 22 0.021359095 
673 230 20 25 0.021351617 
842 922 24 31 0.021344976 
930 81 77 106 0.021215593 
866 569 18 23 0.021214196 
901 788 19 24 0.021205043 
892 389 18 23 0.021189243 
106 29 18 23 0.02111723 
796 134 16 19 0.021115452 
723 235 18 24 0.021071127 
643 2 20 21 0.021062428 
243 310 168 178 0.021025864 
309 103 21 26 0.021016655 
894 462 20 26 0.021004496 
736 6 24 27 0.021001002 
974 77 21 27 0.020990133 
109 740 20 24 0.020913292 
251 82 18 23 0.020879794 
483 121 65 93 0.020875467 
926 360 22 27 0.020827103 
774 1 18 20 0.020751351 
750 255 19 23 0.020653958 
149 20 18 22 0.020592395 
874 138 18 21 0.020552814 
926 303 22 26 0.020547258 
155 154 18 23 0.020500856 
107 159 17 21 0.02045397 
980 223 19 26 0.02041127 
557 2 26 27 0.020370848 
210 50 19 23 0.0203698 
903 278 21 25 0.020367045 
206 410 86 106 0.020236371 
281 147 34 45 0.020230671 
821 381 17 23 0.020207588 
56 259 21 27 0.02012386 
57 148 20 24 0.020082574 
279 454 89 98 0.020043418 
