55_Sports_Coach_Trainer_sportcoaching_55_380
75
472 170 42 47 0.5325394 
699 95 88 101 0.5076379 
840 0 53 52 0.2509089 
463 172 32 37 0.2015377 
628 63 67 78 0.15011165 
647 64 98 117 0.11632171 
307 177 36 46 0.081531525 
669 137 42 53 0.074293785 
457 183 45 48 0.06636471 
27 185 21 32 0.06232556 
452 153 68 74 0.053528767 
572 284 22 28 0.052122653 
409 167 37 46 0.05119612 
406 192 37 46 0.049549054 
122 39 164 174 0.04901738 
427 169 34 45 0.04791759 
389 174 25 33 0.04440999 
780 -4 45 46 0.04331304 
964 -2 40 47 0.043301377 
2 228 21 32 0.041106626 
448 46 68 88 0.037961517 
427 188 36 46 0.03720826 
751 128 46 55 0.036392078 
640 90 61 81 0.033880804 
638 77 35 42 0.031383432 
501 175 27 36 0.03103861 
398 212 39 49 0.030793471 
693 67 74 94 0.03037376 
274 -12 154 170 0.029206462 
153 6 153 125 0.02872483 
483 162 27 34 0.02862692 
389 191 36 46 0.028503409 
568 291 36 46 0.028169084 
130 331 366 350 0.028033586 
-221 115 713 732 0.027970234 
410 160 24 31 0.02749762 
548 297 71 87 0.027338654 
5 124 19 29 0.027200188 
516 478 24 30 0.0267305 
597 332 23 31 0.02661584 
672 112 87 101 0.026448483 
771 145 23 30 0.026113383 
336 304 375 355 0.026021015 
756 0 64 65 0.025928374 
621 454 19 23 0.025903603 
-61 326 351 353 0.025857344 
936 1 58 68 0.02524415 
814 0 61 64 0.024561763 
718 119 31 38 0.024369363 
736 148 29 38 0.024195774 
28 229 20 31 0.024066146 
157 132 132 165 0.023977585 
825 60 64 81 0.023740256 
900 3 66 71 0.023522766 
644 48 47 55 0.022714345 
858 3 65 64 0.022627277 
434 161 22 29 0.0226066 
494 182 44 53 0.022600388 
728 145 47 63 0.022431688 
654 141 66 79 0.02239149 
693 156 83 106 0.022377739 
203 20 133 185 0.02233047 
914 79 72 91 0.02165733 
531 161 39 56 0.02164159 
643 481 23 26 0.02162084 
414 145 77 78 0.021488827 
850 80 73 88 0.021450613 
886 0 29 32 0.02125841 
584 302 21 27 0.021115324 
533 137 39 54 0.021038152 
167 107 715 688 0.020905063 
771 97 66 78 0.020697603 
659 51 27 32 0.020572303 
384 161 51 63 0.02022964 
404 352 43 49 0.020140227 
