55_Sports_Coach_Trainer_sportcoaching_55_809
149
372 549 72 92 0.9351759 
818 374 78 93 0.8048203 
692 636 54 91 0.7195079 
139 883 48 56 0.4274402 
219 559 61 78 0.19088717 
198 804 45 57 0.16914313 
4 581 34 52 0.13687618 
200 599 37 48 0.11999269 
378 526 58 74 0.08924931 
187 673 40 51 0.08394735 
75 578 33 41 0.07961808 
220 594 39 52 0.0789065 
66 755 40 50 0.0740684 
47 710 69 85 0.0718866 
665 458 36 48 0.06841508 
310 633 56 75 0.06803715 
189 826 40 51 0.066912115 
678 453 41 52 0.06322736 
196 660 39 49 0.063134454 
129 615 32 41 0.05879902 
233 547 36 46 0.05471965 
50 755 37 45 0.05387154 
710 121 515 623 0.052975435 
187 567 81 106 0.052792393 
43 730 43 52 0.05133941 
124 721 37 50 0.049029578 
150 843 44 52 0.048883922 
3 918 39 53 0.04540807 
69 682 45 56 0.044391163 
449 584 58 77 0.04387202 
799 1087 536 569 0.04326818 
6 414 26 41 0.041512538 
908 1048 61 80 0.041373298 
41 802 33 41 0.040561218 
543 603 51 70 0.04054251 
537 453 35 45 0.039179254 
150 680 37 49 0.038603406 
77 602 32 40 0.038126506 
463 535 35 47 0.037782297 
144 608 31 40 0.03588824 
258 570 35 44 0.03551773 
119 693 35 45 0.035370134 
215 795 37 49 0.03530191 
648 601 57 78 0.035287816 
80 697 82 107 0.03514032 
512 760 1058 1123 0.03442985 
4 944 37 50 0.03437586 
622 266 746 900 0.033989687 
796 337 68 84 0.033738635 
663 299 37 45 0.033375714 
8 537 31 44 0.03324935 
226 564 91 120 0.033170447 
60 777 58 76 0.032969024 
78 545 31 37 0.032911316 
460 566 38 51 0.032481015 
0 856 61 78 0.03202815 
423 427 32 41 0.031711183 
691 617 44 61 0.03144547 
659 495 36 46 0.031106673 
516 -258 952 1070 0.030860005 
684 424 41 52 0.030798078 
142 722 37 49 0.030738562 
29 848 40 50 0.030589573 
781 759 520 599 0.030406253 
421 537 91 113 0.030361764 
262 543 34 42 0.03006828 
151 659 34 44 0.029932972 
171 623 83 107 0.02986476 
780 297 33 43 0.029770806 
494 694 38 51 0.029770393 
155 805 80 95 0.029745005 
268 800 39 50 0.029732106 
107 684 56 75 0.029379144 
206 764 53 68 0.028716672 
74 796 36 46 0.028708328 
146 583 29 38 0.028672224 
484 516 59 78 0.028558142 
29 787 61 81 0.028388802 
461 449 32 43 0.02834348 
696 532 96 123 0.02822104 
546 428 32 41 0.0279293 
327 652 84 104 0.027440807 
200 581 34 45 0.027026612 
292 588 86 114 0.026829932 
460 430 34 43 0.026781954 
34 611 28 39 0.026463218 
133 829 78 93 0.026309226 
689 492 37 46 0.026260238 
242 535 60 77 0.025834294 
0 337 31 50 0.02573455 
4 851 38 49 0.025668655 
654 522 34 47 0.025222704 
678 482 61 76 0.02503796 
535 560 38 51 0.024998069 
315 564 33 44 0.02477031 
38 647 33 45 0.024255289 
-1 691 30 44 0.02419178 
302 823 57 74 0.02408362 
309 544 35 44 0.02397463 
534 151 233 262 0.023652885 
770 325 58 73 0.023535881 
662 278 34 41 0.023498671 
662 632 61 85 0.023468614 
194 538 33 41 0.023415118 
811 401 52 61 0.023370156 
29 868 43 55 0.023296589 
813 666 108 107 0.023163345 
120 696 78 102 0.023103653 
335 702 62 76 0.023031278 
740 539 33 41 0.022750767 
149 857 83 99 0.022592518 
596 796 87 84 0.022548571 
654 418 59 74 0.022397203 
466 503 31 41 0.0221323 
157 913 91 109 0.022061637 
457 485 55 73 0.022009736 
449 435 55 70 0.021998417 
501 494 35 49 0.02197038 
113 805 35 47 0.021920275 
765 354 86 106 0.021867657 
102 746 57 74 0.021856735 
739 418 38 50 0.021823853 
734 173 202 252 0.021705665 
315 611 39 51 0.021678975 
147 760 38 48 0.021662477 
728 522 56 71 0.021618757 
668 651 98 133 0.02153562 
267 770 36 46 0.021397624 
655 313 63 76 0.021376505 
387 506 40 50 0.021160481 
10 644 30 43 0.02111844 
-13 570 66 101 0.021096714 
227 725 37 47 0.021074707 
642 273 92 103 0.021061517 
186 702 57 75 0.020992815 
112 836 41 52 0.020986395 
17 665 139 179 0.020955434 
3 624 49 73 0.020909725 
136 572 48 63 0.020702321 
9 804 31 39 0.020635212 
191 916 40 52 0.020574126 
474 577 78 105 0.02036353 
120 737 88 107 0.020359246 
268 651 39 52 0.020319022 
662 433 74 92 0.02029594 
508 462 33 43 0.02024096 
487 548 60 80 0.020222146 
248 743 80 99 0.020130008 
417 416 53 66 0.02002785 
