55_Sports_Coach_Trainer_sportcoaching_55_643
152
288 257 23 27 0.30108055 
638 309 21 26 0.2552083 
562 257 18 22 0.20780204 
468 231 19 23 0.20147684 
619 261 17 23 0.20004974 
419 277 20 23 0.18541178 
957 332 46 69 0.16439453 
433 237 18 24 0.15326875 
6 301 24 36 0.14846456 
432 253 17 21 0.10593274 
508 224 17 22 0.10501598 
7 285 24 34 0.0979814 
488 228 18 23 0.0959635 
276 275 25 31 0.09471997 
419 262 18 23 0.09050997 
643 253 17 21 0.08649983 
460 285 18 22 0.086412616 
592 288 19 22 0.078827 
773 253 19 23 0.078545555 
466 257 17 21 0.07786973 
615 273 19 23 0.07552544 
592 253 17 22 0.07280481 
548 259 18 22 0.069221735 
459 305 20 23 0.06716053 
790 209 21 27 0.062315296 
430 281 17 22 0.0611186 
780 209 19 23 0.059055313 
264 281 23 30 0.05866731 
299 260 19 24 0.053603355 
542 280 18 23 0.050671503 
5 308 32 52 0.050212134 
459 360 22 26 0.04991777 
667 260 16 19 0.04970606 
624 310 22 25 0.04912063 
643 289 19 22 0.049026005 
589 305 19 23 0.048950266 
250 109 27 33 0.04862748 
641 237 18 22 0.048022736 
660 313 19 24 0.046204317 
487 259 17 22 0.046092253 
896 225 19 22 0.04600875 
384 264 18 23 0.04551158 
847 258 20 24 0.04493997 
383 276 18 22 0.043258335 
792 329 21 29 0.04243538 
518 282 17 21 0.040982597 
693 262 15 18 0.040425032 
542 331 22 27 0.039817058 
962 298 34 63 0.03941989 
791 308 21 27 0.039377857 
520 258 16 20 0.03935315 
588 330 20 23 0.037686307 
566 278 18 21 0.03748343 
776 307 19 24 0.03745762 
331 283 18 23 0.03635044 
418 233 18 24 0.03617055 
563 237 19 24 0.03564005 
792 284 19 23 0.035187095 
413 103 27 32 0.03506357 
777 284 19 23 0.035024777 
543 380 21 24 0.034663767 
695 279 17 21 0.03462332 
543 232 18 22 0.03450749 
969 304 21 34 0.033884004 
642 325 20 23 0.03341619 
591 238 18 23 0.033114024 
288 327 26 34 0.033041317 
358 338 22 27 0.03235349 
623 237 17 23 0.032305636 
745 526 351 368 0.03224373 
795 357 22 28 0.031399872 
540 311 20 24 0.031399436 
665 328 19 24 0.030802958 
388 206 19 25 0.030680755 
787 305 35 45 0.030424735 
60 255 22 31 0.030054867 
671 279 17 21 0.029562688 
340 335 21 26 0.029497579 
872 253 17 22 0.028882101 
879 285 19 25 0.028780868 
565 312 19 21 0.028698146 
416 157 19 24 0.028431788 
791 295 91 109 0.02826729 
777 328 20 26 0.028003884 
4 452 19 29 0.02773006 
611 271 30 39 0.027668685 
494 279 17 22 0.027561782 
799 223 21 25 0.027064897 
666 232 16 20 0.026594492 
573 307 675 726 0.026434414 
587 279 29 37 0.02614606 
612 291 53 63 0.026100162 
18 303 22 31 0.02594646 
926 230 18 21 0.025728649 
825 275 20 26 0.02542566 
433 333 20 25 0.025336124 
460 381 18 21 0.025152685 
237 120 25 29 0.025011223 
-228 302 712 751 0.024881037 
520 309 18 22 0.024569362 
773 233 18 25 0.024314268 
694 328 19 27 0.024212558 
819 327 22 27 0.024184912 
360 353 22 29 0.024118522 
620 327 21 25 0.02382129 
497 212 19 24 0.02374805 
-66 528 354 357 0.023744144 
894 212 25 28 0.023685668 
335 260 18 22 0.02332739 
436 306 19 23 0.023241319 
363 256 20 24 0.023179265 
625 208 18 24 0.02310901 
334 230 20 25 0.023092587 
611 360 21 25 0.023024796 
339 357 23 30 0.022907197 
179 106 27 32 0.022883153 
361 230 20 25 0.022770612 
794 375 21 27 0.022740576 
430 102 22 28 0.022734124 
543 356 21 25 0.022654725 
334 308 20 25 0.022447655 
281 238 19 24 0.022437321 
454 282 30 37 0.022375582 
363 283 19 23 0.022370491 
638 247 29 38 0.021794537 
522 362 16 21 0.021653201 
22 117 23 28 0.021632545 
541 175 24 32 0.021631857 
451 297 33 38 0.021591099 
386 180 22 27 0.021571252 
417 303 19 24 0.021442652 
458 334 21 25 0.021439306 
716 288 18 22 0.021408027 
308 230 20 24 0.021380447 
794 257 19 24 0.021288782 
360 309 21 25 0.021231964 
51 242 37 50 0.021208279 
926 280 82 152 0.021057859 
644 357 17 20 0.021025999 
587 249 29 36 0.0209954 
895 252 18 22 0.020854129 
0 101 20 28 0.02074783 
584 412 20 25 0.020664798 
950 212 20 25 0.020660833 
209 174 28 38 0.02058694 
817 311 23 28 0.020411877 
228 100 55 65 0.020361086 
545 532 360 349 0.020339962 
387 226 18 23 0.020314228 
282 301 24 29 0.02024468 
350 330 36 45 0.020233028 
411 175 22 29 0.0202012 
