55_Sports_Coach_Trainer_sportcoaching_55_263
24
316 32 77 98 0.99787855 
102 95 21 26 0.16857551 
132 101 22 25 0.059688088 
219 -1 64 69 0.04896521 
170 0 31 30 0.045543544 
266 105 24 29 0.035522386 
228 81 22 28 0.032282874 
-6 77 114 198 0.02894871 
92 76 40 45 0.027063211 
158 2 28 27 0.02525076 
130 125 21 26 0.024878051 
370 -6 58 58 0.024558714 
72 22 75 80 0.024442023 
206 0 42 40 0.024428613 
106 125 22 26 0.02381308 
102 47 24 27 0.02290206 
228 10 34 42 0.022879431 
132 82 21 26 0.022255978 
155 -6 53 48 0.022035912 
127 3 22 26 0.020821255 
135 305 23 27 0.020730168 
17 170 63 90 0.020671835 
132 47 23 27 0.020613663 
252 -3 64 76 0.020609938 
