55_Sports_Coach_Trainer_sportcoaching_55_708
33
723 270 62 78 0.997556 
212 230 59 74 0.9963074 
382 274 51 66 0.994605 
545 252 53 70 0.8461965 
54 226 81 82 0.262415 
-5 47 65 89 0.13696168 
41 263 95 106 0.0651534 
255 125 23 32 0.050720926 
82 246 76 85 0.04616252 
87 215 55 70 0.045733117 
613 162 20 24 0.04258875 
29 297 123 174 0.040398438 
98 201 33 43 0.03341226 
44 213 63 69 0.032886226 
9 213 116 135 0.028740274 
888 298 28 37 0.02842386 
323 237 44 56 0.027767017 
118 223 33 44 0.025618054 
35 376 117 170 0.025289373 
174 237 54 71 0.024778957 
882 339 38 51 0.024521355 
362 93 22 32 0.02427813 
4 271 90 107 0.023927625 
306 236 40 54 0.022489894 
97 246 42 52 0.022197658 
310 230 27 37 0.021962294 
3 196 78 95 0.021857321 
540 246 36 49 0.020780148 
139 185 60 80 0.020661758 
608 153 33 42 0.020617826 
362 169 26 35 0.020482156 
126 235 58 77 0.020147784 
173 193 40 53 0.02010674 
