55_Sports_Coach_Trainer_sportcoaching_55_721
51
281 268 490 670 0.99992764 
8 916 30 42 0.05446136 
794 174 507 612 0.04747156 
962 69 30 40 0.046973724 
915 157 35 44 0.046285287 
803 458 499 606 0.046061646 
795 761 515 609 0.045770172 
987 1 30 34 0.04425073 
76 305 28 33 0.041039187 
801 -118 521 601 0.039159197 
968 3 32 34 0.03884362 
968 113 35 48 0.037662096 
86 199 26 30 0.036017004 
764 74 36 45 0.033528864 
85 232 25 31 0.03347882 
72 152 27 31 0.032297533 
988 119 29 44 0.0317875 
963 49 30 36 0.031778283 
896 83 26 32 0.031705793 
894 109 29 34 0.031433318 
129 154 26 30 0.03088234 
229 11 27 30 0.030403866 
934 938 57 78 0.028175369 
46 232 24 31 0.027606158 
751 57 60 75 0.027241884 
926 44 31 33 0.027209504 
924 75 29 35 0.027182052 
6 771 32 44 0.02645816 
852 38 28 32 0.024448996 
953 66 48 68 0.024275506 
769 5 30 33 0.023900017 
117 119 26 31 0.023698952 
112 193 24 30 0.023220541 
880 45 28 32 0.02291606 
961 918 34 47 0.022441838 
6 466 28 39 0.0223406 
52 201 24 29 0.02233952 
125 8 27 28 0.022155045 
807 66 31 40 0.02212036 
192 74 25 29 0.021950424 
10 156 27 37 0.021787964 
232 157 27 31 0.021462753 
989 333 26 38 0.021281376 
57 4 27 28 0.02113167 
188 116 26 32 0.021098772 
203 186 30 35 0.020611161 
156 190 26 32 0.020478442 
540 -321 977 1116 0.02027942 
43 106 27 34 0.020263888 
83 275 28 34 0.02008358 
235 125 27 31 0.020049352 
