55_Sports_Coach_Trainer_sportcoaching_55_531
146
457 346 24 34 0.85650015 
535 374 18 25 0.22807668 
542 367 21 26 0.16913672 
676 358 18 23 0.15303771 
618 393 18 23 0.116380006 
685 355 19 24 0.11010325 
391 350 22 29 0.08392081 
636 286 21 27 0.07504504 
598 435 19 24 0.07040264 
457 408 24 30 0.06902824 
559 367 19 23 0.066035755 
562 434 19 25 0.064855866 
725 353 20 25 0.06440156 
588 412 17 21 0.06369627 
724 337 19 23 0.062019717 
564 414 18 22 0.05909651 
388 340 22 28 0.05564514 
650 415 18 23 0.05384588 
622 300 24 32 0.052808717 
649 382 18 22 0.052478693 
563 377 17 23 0.05229066 
434 305 20 25 0.0522029 
624 284 22 27 0.052089915 
461 475 30 38 0.050485197 
635 301 23 30 0.04865726 
405 352 21 28 0.048479833 
649 430 19 24 0.04842835 
280 319 285 317 0.04801031 
523 380 19 26 0.04784144 
665 381 16 21 0.045023106 
663 414 17 21 0.04450796 
694 409 17 22 0.041022684 
511 304 21 27 0.040678285 
568 482 19 24 0.040532432 
610 437 19 25 0.040311486 
490 307 20 25 0.040213328 
412 336 20 26 0.039778005 
669 339 19 25 0.03924974 
620 327 22 29 0.039090764 
594 256 20 24 0.038736444 
669 466 18 22 0.038240995 
739 354 19 25 0.03722562 
690 339 19 23 0.037149545 
721 411 20 26 0.036955923 
618 254 18 24 0.036753222 
592 387 17 22 0.035764523 
504 534 27 33 0.035383865 
543 332 20 26 0.034932457 
513 285 18 22 0.034741372 
665 432 16 21 0.034720033 
644 363 18 22 0.03465094 
547 406 19 25 0.034249865 
977 503 21 27 0.033836327 
694 440 17 21 0.033812523 
443 351 24 31 0.03345794 
694 386 16 21 0.033272803 
900 405 22 27 0.03316551 
541 305 19 24 0.03295414 
689 463 18 22 0.032503095 
417 308 20 24 0.032362483 
723 285 17 21 0.03158558 
441 334 21 27 0.03152601 
618 357 18 21 0.031524368 
723 431 19 24 0.031217324 
751 310 18 22 0.031186331 
798 339 16 20 0.030474482 
478 458 34 46 0.029688444 
411 384 22 27 0.029201169 
594 460 19 24 0.029107705 
740 336 17 22 0.029102476 
624 485 22 26 0.028795293 
407 329 32 41 0.028789753 
635 485 22 27 0.028692324 
461 311 20 24 0.028668068 
487 285 17 22 0.028426165 
772 254 17 21 0.02828324 
468 284 17 21 0.028250674 
361 331 20 25 0.028138889 
414 327 288 309 0.028015515 
445 337 43 56 0.028004207 
966 493 36 45 0.027821094 
719 313 18 21 0.027272211 
462 424 24 30 0.02723424 
512 252 21 25 0.027054405 
796 358 16 19 0.027049255 
480 478 24 33 0.027023992 
482 323 120 136 0.02693108 
411 412 24 29 0.02691766 
568 609 28 33 0.026892768 
590 360 19 24 0.026659643 
647 459 20 24 0.026523462 
766 308 17 20 0.026283361 
513 328 21 28 0.02606316 
335 333 20 24 0.025956325 
717 386 18 23 0.025901029 
671 287 18 24 0.025721274 
555 421 32 43 0.02567939 
466 231 19 24 0.025649993 
302 338 21 25 0.025189323 
801 256 17 20 0.025179403 
818 257 18 22 0.025118541 
794 390 16 20 0.024517328 
796 306 17 21 0.024472356 
668 304 19 26 0.023982486 
774 387 17 20 0.02393358 
825 355 18 22 0.023915395 
540 351 79 89 0.023891117 
163 338 301 352 0.023682337 
435 231 18 23 0.023665441 
438 288 18 22 0.023661783 
434 482 25 32 0.023502896 
771 357 17 20 0.023461204 
799 288 17 22 0.023372557 
667 481 20 25 0.023140553 
488 256 17 22 0.022989763 
487 231 19 24 0.022982609 
469 256 17 21 0.02292075 
864 402 24 30 0.02284731 
637 259 19 23 0.02277631 
566 307 20 25 0.022714118 
636 130 17 21 0.022672141 
486 331 21 29 0.022655748 
383 206 21 26 0.022452546 
509 393 74 88 0.022410056 
595 304 23 28 0.022268342 
795 404 21 27 0.021850908 
772 338 16 20 0.02177487 
567 565 20 23 0.021762535 
534 315 291 327 0.021434821 
543 431 22 30 0.021417707 
580 405 30 40 0.0212563 
354 272 193 227 0.021204019 
517 363 21 26 0.02119288 
565 333 21 25 0.021083133 
631 324 119 153 0.020989358 
336 177 18 22 0.020871673 
439 331 34 44 0.020763028 
545 516 19 25 0.020718332 
566 280 17 22 0.020647248 
401 374 39 44 0.02050673 
568 460 18 22 0.020463105 
123 506 24 29 0.020366084 
639 326 20 25 0.020320201 
746 283 17 21 0.020314604 
744 121 20 26 0.020235527 
666 160 19 23 0.020089306 
