55_Sports_Coach_Trainer_sportcoaching_55_774
155
794 277 59 76 0.99911433 
843 59 56 83 0.9963521 
754 121 60 73 0.9911622 
124 262 40 52 0.8700057 
446 174 22 27 0.7774977 
659 100 29 37 0.59739566 
363 179 23 26 0.4698664 
479 206 22 29 0.382136 
882 3 43 47 0.28826928 
511 296 30 41 0.28317067 
452 323 24 33 0.19532557 
488 119 21 26 0.14907455 
538 161 20 25 0.13378133 
358 156 23 27 0.11474729 
608 150 22 28 0.098203495 
528 298 27 36 0.097512946 
338 96 21 25 0.08431168 
407 71 20 27 0.07951698 
770 52 26 34 0.076662414 
597 152 22 27 0.07650431 
359 132 20 25 0.074551105 
330 81 20 24 0.073293276 
534 286 24 30 0.07060728 
512 125 18 23 0.06991522 
366 47 18 21 0.06906766 
975 89 37 55 0.06270235 
485 159 20 24 0.05953778 
484 177 21 25 0.05629375 
611 173 22 28 0.053276803 
615 326 24 33 0.051798053 
391 75 18 23 0.050851613 
369 76 17 21 0.050559126 
354 105 19 22 0.049046494 
443 164 21 26 0.048891935 
991 2 23 29 0.04835645 
366 34 19 22 0.048332844 
339 48 18 21 0.047839813 
361 193 24 29 0.047263175 
715 21 23 27 0.04710259 
764 58 37 47 0.04700652 
762 21 28 33 0.045035288 
979 3 24 30 0.044226315 
459 159 20 25 0.04398978 
333 31 19 24 0.042012203 
411 56 18 23 0.041302633 
143 268 32 41 0.04076229 
617 207 22 29 0.04039734 
881 36 42 57 0.039319463 
467 196 31 35 0.038166016 
564 127 21 24 0.037658963 
521 157 18 22 0.03692809 
591 173 23 31 0.03649469 
565 175 23 30 0.03622207 
761 4 26 29 0.0356101 
907 164 43 53 0.035347704 
502 281 49 65 0.034684286 
442 311 26 35 0.034558747 
-67 318 357 365 0.03452354 
665 83 24 30 0.034227297 
648 199 39 47 0.034158356 
6 257 21 28 0.033987887 
440 313 43 55 0.03349808 
379 179 18 24 0.03332754 
747 316 349 373 0.033264834 
571 344 44 53 0.032866936 
539 127 18 21 0.03248247 
947 4 24 28 0.03183701 
564 152 20 26 0.031215794 
469 124 19 24 0.030880878 
518 178 19 24 0.03068004 
338 182 19 25 0.030646862 
876 1 29 32 0.030599544 
494 297 33 43 0.030265164 
671 50 21 27 0.030257009 
409 177 20 27 0.029940117 
540 54 21 23 0.02990564 
616 132 23 28 0.029764773 
518 74 17 19 0.029757828 
362 378 21 26 0.029663332 
434 131 18 23 0.029646693 
-221 117 701 735 0.028685328 
645 167 35 44 0.027926384 
492 76 19 22 0.027865024 
260 80 22 27 0.027842112 
516 51 21 22 0.027786992 
537 72 17 20 0.027735949 
581 114 667 733 0.026944896 
438 166 43 54 0.026740434 
467 108 19 23 0.026465308 
783 122 43 52 0.02636229 
363 67 31 39 0.026323337 
390 204 21 26 0.026089104 
940 1 40 45 0.025839793 
588 131 50 62 0.02566394 
643 84 48 65 0.025551984 
175 290 43 52 0.025352152 
406 204 21 28 0.025349883 
590 133 22 28 0.025078606 
380 26 16 19 0.025019065 
780 40 38 51 0.024986152 
464 382 28 32 0.0248553 
467 116 32 39 0.024793847 
387 57 15 19 0.02466047 
265 279 45 51 0.02452229 
509 315 28 39 0.024016269 
534 262 22 27 0.023860741 
893 -2 58 63 0.023790004 
332 324 367 356 0.02378563 
419 130 19 23 0.023716582 
490 351 22 28 0.023518842 
464 76 20 25 0.023380028 
934 33 40 54 0.023284232 
698 234 55 75 0.02324133 
359 26 32 39 0.023139736 
515 110 18 21 0.023080908 
603 341 37 50 0.023074467 
5 277 22 30 0.02306401 
478 149 31 40 0.02302411 
792 103 58 72 0.02296189 
336 1 19 23 0.022859689 
873 20 32 37 0.022483364 
643 206 28 33 0.022438115 
554 322 45 53 0.022330811 
982 7 31 44 0.02229965 
130 323 368 357 0.02221589 
411 158 18 24 0.022202464 
544 107 17 20 0.022161463 
455 337 36 44 0.02213933 
390 67 29 37 0.022057347 
340 129 21 25 0.022014681 
233 76 20 24 0.021907082 
544 208 20 25 0.021875432 
342 150 19 24 0.021550523 
491 251 24 29 0.021488335 
335 204 21 26 0.021441333 
552 358 50 54 0.021425815 
742 4 27 28 0.021320734 
432 0 20 23 0.021220457 
936 297 44 61 0.02095628 
233 351 25 33 0.020932198 
231 119 25 33 0.02082382 
322 78 51 60 0.020735182 
718 6 25 27 0.02066682 
542 28 22 22 0.020633759 
650 102 24 31 0.020516122 
630 348 37 49 0.02048004 
557 142 37 45 0.020444281 
348 95 31 39 0.020430904 
541 322 358 352 0.020271419 
668 5 20 24 0.020181067 
561 108 18 21 0.020170512 
762 214 42 55 0.020140275 
394 101 19 25 0.020094102 
512 28 24 25 0.020088265 
175 120 682 708 0.020058027 
