55_Sports_Coach_Trainer_sportcoaching_55_424
96
416 261 39 45 0.27700487 
408 226 39 47 0.09346006 
721 330 17 20 0.08963444 
714 362 19 23 0.084088996 
313 332 23 31 0.08227158 
127 413 20 27 0.078765534 
842 384 16 19 0.07657349 
878 390 16 19 0.06381568 
833 384 16 19 0.06312566 
586 306 20 27 0.06299709 
931 385 17 22 0.060961448 
640 376 18 23 0.05655243 
723 317 19 24 0.054592654 
383 251 28 36 0.047878873 
921 462 21 29 0.04760903 
845 367 17 20 0.046229534 
751 363 18 21 0.045730412 
621 387 18 23 0.044969007 
718 376 18 24 0.044921238 
893 385 17 21 0.042381898 
406 248 39 45 0.042343248 
741 331 16 19 0.038241167 
154 412 21 27 0.035953466 
846 404 18 22 0.035669494 
223 404 27 37 0.034802236 
591 333 19 24 0.033989795 
976 356 17 23 0.03394983 
98 426 36 47 0.03280233 
592 354 19 24 0.032257013 
78 508 30 36 0.031744804 
588 403 21 25 0.031515054 
386 267 40 51 0.030741615 
8 503 41 55 0.029910704 
701 361 18 22 0.029177371 
119 418 38 51 0.028936887 
290 462 20 26 0.028687373 
126 391 19 25 0.027424991 
591 148 23 31 0.027272541 
896 407 18 23 0.026777122 
573 305 21 28 0.026446171 
179 535 24 29 0.026187321 
-226 328 703 734 0.025969971 
621 362 18 22 0.025949003 
775 179 17 22 0.025929436 
379 380 26 34 0.02567741 
42 504 63 74 0.02546665 
370 341 57 76 0.025400829 
763 361 16 22 0.024970664 
747 378 18 24 0.02483016 
323 274 39 51 0.024695547 
53 485 22 28 0.024616478 
586 392 21 25 0.024601705 
-68 532 357 358 0.024275102 
460 277 26 31 0.024122985 
927 404 19 25 0.024085475 
367 385 24 30 0.023942843 
717 330 29 38 0.023738092 
979 383 17 23 0.023444409 
673 358 17 21 0.023438428 
774 202 19 24 0.023285469 
357 406 23 31 0.023194807 
720 412 19 23 0.023189362 
895 367 18 22 0.022510078 
183 515 20 24 0.022475664 
876 366 17 20 0.022298189 
827 466 17 20 0.022201963 
924 378 32 41 0.02201422 
618 403 19 23 0.02185317 
310 399 24 32 0.021829687 
992 430 19 26 0.021723108 
943 430 23 32 0.021651689 
76 490 25 30 0.021588365 
567 358 21 27 0.021490872 
868 382 30 37 0.021418123 
771 158 17 21 0.021342777 
274 379 61 80 0.02107484 
983 409 17 23 0.021046417 
836 378 31 37 0.02101328 
329 363 22 27 0.020948831 
875 404 17 21 0.020931836 
949 365 18 23 0.020782638 
355 435 23 30 0.02067845 
150 431 25 34 0.02067592 
111 406 20 26 0.020665035 
827 366 16 20 0.020631848 
954 485 21 26 0.020631284 
906 465 20 24 0.020601695 
136 427 55 72 0.020595055 
108 405 34 47 0.020575203 
309 313 54 72 0.020547519 
631 369 31 38 0.02053682 
353 222 24 30 0.020462532 
698 438 18 23 0.020426217 
294 376 78 93 0.020240251 
382 237 50 65 0.02004427 
183 456 24 33 0.020034462 
