55_Sports_Coach_Trainer_sportcoaching_55_183
44
383 134 236 334 0.9997069 
27 366 75 96 0.045166694 
144 531 68 97 0.041913897 
784 408 141 172 0.03863329 
106 332 27 34 0.03825076 
98 339 43 54 0.034749154 
145 271 69 94 0.034659155 
51 358 114 130 0.034241065 
187 380 70 88 0.031520713 
203 240 69 88 0.029421743 
824 436 86 84 0.02899049 
113 320 39 52 0.02856306 
170 461 70 83 0.028080983 
44 439 41 61 0.026407422 
18 187 141 177 0.026292935 
18 265 136 169 0.025932217 
825 187 88 99 0.025366759 
106 382 56 71 0.025020864 
192 277 70 88 0.024813537 
75 439 91 101 0.024434626 
140 338 75 98 0.02442368 
144 224 40 45 0.024115589 
98 279 83 104 0.02365255 
198 368 52 63 0.02337207 
834 382 84 102 0.023105806 
152 376 79 96 0.023052724 
946 458 25 33 0.022975057 
215 212 105 126 0.022751663 
745 294 87 101 0.022729823 
808 364 57 64 0.022724502 
637 373 83 104 0.022540329 
175 250 40 56 0.022368398 
50 341 76 94 0.022139722 
58 551 55 67 0.021717176 
798 409 80 91 0.021607686 
739 313 138 146 0.02148385 
716 290 78 100 0.021279236 
93 369 50 61 0.021074677 
37 411 86 110 0.021049902 
941 455 39 52 0.020486908 
0 574 36 62 0.020267133 
61 386 55 62 0.020239368 
131 576 68 111 0.020179778 
80 216 118 151 0.020098485 
