55_Sports_Coach_Trainer_sportcoaching_55_726
77
477 114 144 201 0.99973744 
847 331 17 21 0.051525977 
944 330 19 24 0.05144736 
929 309 18 23 0.049613032 
271 10 102 116 0.049275566 
876 339 16 20 0.046371426 
925 334 20 24 0.044876754 
897 639 25 26 0.04486945 
510 2 32 41 0.043761317 
871 204 17 21 0.040219553 
5 298 22 35 0.038422707 
950 314 19 24 0.036347758 
905 239 19 22 0.035954244 
955 212 17 21 0.034856625 
866 239 20 23 0.034277495 
907 336 16 20 0.034235694 
877 356 17 20 0.03369316 
875 179 18 21 0.03240592 
903 155 17 19 0.03217547 
726 183 18 21 0.03165812 
923 208 17 20 0.03064441 
847 80 17 19 0.029690119 
2 293 34 61 0.029450791 
906 249 19 23 0.02887306 
901 358 17 21 0.028781094 
929 290 18 23 0.028669342 
923 249 18 23 0.02825967 
922 239 18 22 0.028163752 
876 157 16 19 0.027852776 
872 313 16 20 0.027791305 
923 350 19 23 0.027758073 
873 130 17 19 0.027753323 
891 628 42 43 0.027667249 
949 234 17 21 0.027345391 
842 181 17 21 0.027177958 
850 316 18 22 0.026550777 
6 324 23 37 0.026464758 
948 252 19 22 0.026303777 
906 205 18 21 0.026273752 
877 104 16 19 0.025866002 
853 155 16 19 0.025733849 
905 313 16 20 0.025441088 
853 129 17 20 0.02536241 
933 322 33 44 0.025245652 
901 616 20 21 0.025226614 
330 631 30 31 0.024872925 
816 127 17 20 0.024838205 
904 180 17 20 0.0248114 
849 103 17 21 0.02478922 
925 183 16 19 0.02474661 
902 297 74 84 0.024733959 
943 134 17 19 0.023628449 
900 416 21 24 0.023410589 
103 -3 149 154 0.02339287 
975 179 16 21 0.02293154 
895 380 19 22 0.02290419 
881 79 16 18 0.022733113 
980 642 19 23 0.022683334 
824 110 17 19 0.021945264 
747 100 19 22 0.021779526 
828 180 20 23 0.021648766 
-130 431 515 534 0.021624668 
969 210 16 20 0.021387875 
977 103 16 21 0.021254364 
902 130 17 19 0.021252934 
930 106 17 20 0.021191325 
949 182 16 19 0.021136815 
827 77 16 19 0.021014526 
925 153 16 19 0.020726526 
970 304 18 24 0.02062368 
804 127 18 21 0.020577347 
847 359 18 23 0.02054415 
800 105 18 21 0.020445164 
771 103 17 21 0.02021053 
2 374 24 37 0.020121379 
980 125 15 20 0.020094164 
772 180 19 22 0.02009095 
