55_Sports_Coach_Trainer_sportcoaching_55_773
78
385 84 49 66 0.9847186 
327 96 52 64 0.98408383 
473 121 43 57 0.9701047 
636 158 50 65 0.96056384 
631 85 47 60 0.9494629 
-1 139 41 73 0.91224784 
979 98 35 66 0.66483825 
321 205 44 66 0.5815037 
805 110 46 69 0.51647556 
846 246 39 47 0.4868146 
359 87 56 73 0.45698705 
837 134 43 59 0.24921921 
611 189 44 52 0.23769684 
736 85 45 56 0.18373068 
732 65 42 51 0.14870685 
461 77 30 38 0.14598474 
988 227 28 40 0.13596109 
168 163 39 55 0.1305976 
718 72 31 40 0.1252414 
410 80 55 74 0.10743483 
455 85 44 62 0.10596875 
825 116 44 61 0.10560447 
793 87 42 57 0.09483751 
204 491 40 56 0.094349705 
860 149 30 40 0.08979402 
811 88 36 48 0.08820871 
0 542 23 33 0.08567498 
529 293 47 67 0.07790845 
739 50 32 38 0.07441453 
152 209 44 64 0.068811335 
809 144 46 67 0.06629531 
666 155 48 60 0.063094296 
175 149 31 43 0.0628162 
751 65 44 56 0.059020013 
640 107 50 64 0.057914477 
759 93 36 48 0.056181505 
191 169 45 57 0.052265447 
349 320 46 69 0.0506898 
163 185 53 77 0.049124237 
520 106 50 63 0.044747494 
159 172 28 39 0.04284382 
617 96 34 44 0.042150654 
280 184 41 56 0.0406012 
491 112 45 61 0.040079996 
683 90 37 49 0.039724495 
740 170 36 52 0.038888987 
796 72 29 38 0.037156355 
222 149 44 54 0.03646178 
594 321 50 62 0.03501604 
249 215 43 58 0.03282459 
683 279 50 65 0.03166748 
566 396 30 38 0.03020477 
251 150 42 52 0.02923735 
678 114 43 55 0.028713048 
838 100 30 38 0.028282022 
2 280 22 29 0.028212607 
563 227 40 56 0.028091017 
538 297 71 90 0.0272341 
584 422 56 79 0.026896264 
865 191 41 52 0.026863694 
653 74 32 42 0.026834255 
172 199 31 44 0.026801612 
844 161 33 45 0.026788827 
560 343 69 86 0.025604978 
271 150 40 51 0.025116656 
-147 425 516 551 0.024703987 
311 216 35 47 0.023831865 
731 137 42 59 0.023539502 
587 86 38 50 0.023527177 
849 247 64 78 0.023477662 
659 267 56 71 0.022327023 
758 53 30 37 0.022270937 
720 53 28 35 0.021633547 
884 193 39 51 0.02112509 
842 -1 25 27 0.020731943 
186 178 61 87 0.02055316 
947 28 22 31 0.02053287 
906 273 39 53 0.020468857 
