55_Sports_Coach_Trainer_sportcoaching_55_686
31
859 80 44 57 0.97920024 
579 68 38 50 0.93233246 
105 99 53 63 0.81150544 
750 59 34 44 0.6074841 
454 83 31 40 0.48949894 
391 94 19 26 0.11619405 
309 103 17 21 0.05607788 
582 53 33 42 0.055458467 
90 267 38 51 0.05417688 
787 10 46 49 0.045053 
863 53 42 53 0.037034787 
793 4 30 31 0.036808524 
306 82 20 25 0.035785194 
290 124 20 28 0.03272844 
444 79 25 33 0.032422207 
879 84 40 52 0.029610896 
784 29 42 54 0.028895918 
-2 278 23 44 0.028859692 
302 100 30 40 0.028166948 
750 128 48 67 0.027487593 
754 475 64 74 0.02510537 
2 -3 29 38 0.024317194 
454 108 42 51 0.02403504 
407 99 20 26 0.02301375 
291 104 17 22 0.023012249 
304 123 18 24 0.021957662 
297 117 31 47 0.021827301 
508 36 48 52 0.021788973 
770 26 28 32 0.021661216 
738 86 39 52 0.020511284 
739 119 41 58 0.020344151 
