1_Handshaking_Handshaking_1_134
31
290 71 101 133 0.9988097 
696 56 99 162 0.99841034 
448 570 80 92 0.06917621 
642 9 73 87 0.0599437 
332 588 44 47 0.05860531 
468 68 48 58 0.057742044 
780 84 68 95 0.056401324 
618 68 58 77 0.036708966 
802 25 67 92 0.03624288 
972 -4 39 46 0.033744387 
654 106 78 100 0.031431068 
416 583 82 90 0.027332935 
650 0 54 48 0.0265143 
635 76 25 35 0.026085593 
810 50 69 115 0.024492007 
936 39 44 57 0.02430431 
940 68 42 55 0.024050403 
666 5 61 61 0.023093544 
299 32 82 88 0.022961954 
989 -3 29 35 0.022404388 
902 131 64 87 0.022404239 
443 -2 68 70 0.022078658 
388 574 73 86 0.02194021 
911 50 70 85 0.021751685 
383 550 176 148 0.021612419 
458 74 72 84 0.02121909 
913 2 45 43 0.021183852 
357 52 63 84 0.020991288 
963 40 37 54 0.020541817 
333 561 93 91 0.020327814 
27 696 26 30 0.020250581 
