1_Handshaking_Handshaking_1_380
117
686 0 123 105 0.52460635 
214 69 535 560 0.18144818 
687 -1 73 71 0.155983 
467 275 64 74 0.13615057 
412 121 22 28 0.058502268 
518 21 22 28 0.05631609 
291 55 19 23 0.053023778 
489 46 26 31 0.052513108 
334 55 18 24 0.05175975 
226 151 311 372 0.0509169 
306 50 18 23 0.050747223 
530 20 25 32 0.04803702 
228 122 20 25 0.047650047 
341 74 20 23 0.04579173 
256 158 20 24 0.04014648 
354 74 21 26 0.03848198 
545 642 17 23 0.03607124 
758 3 149 132 0.035627216 
466 300 31 38 0.035552002 
-65 524 356 364 0.03489303 
405 112 37 46 0.033624448 
412 54 19 25 0.03325974 
193 78 81 93 0.03251945 
750 514 342 371 0.032500423 
532 3 27 31 0.032460783 
218 110 36 44 0.03242828 
411 108 22 28 0.03204092 
434 76 21 27 0.03191767 
246 147 35 45 0.031781726 
513 6 23 29 0.031327166 
75 125 18 22 0.030575776 
285 236 22 27 0.030370455 
382 511 23 28 0.03005788 
385 52 21 26 0.029822294 
151 191 759 709 0.029498452 
597 668 19 23 0.029497135 
262 101 19 23 0.029464588 
262 79 18 21 0.028846063 
496 61 43 55 0.028777227 
284 104 18 22 0.028523875 
469 616 20 23 0.028497407 
99 433 28 37 0.028030215 
639 635 18 21 0.028026424 
-219 248 742 791 0.027956003 
258 127 19 24 0.027935158 
231 129 63 78 0.027644541 
692 23 151 153 0.027558688 
566 635 17 21 0.027530374 
57 128 19 24 0.027410256 
131 4 21 24 0.02732324 
478 298 36 43 0.026892288 
333 101 21 26 0.026400393 
235 56 20 23 0.02630319 
287 249 24 28 0.026114643 
690 15 37 38 0.025925042 
387 75 22 28 0.02591736 
414 74 20 26 0.025792506 
466 52 23 29 0.025288288 
435 55 21 25 0.02503028 
312 100 19 23 0.02467155 
480 281 32 36 0.02461394 
634 4 29 31 0.024438139 
56 158 22 29 0.024338704 
362 245 25 29 0.024323165 
316 139 42 52 0.024321146 
459 671 24 27 0.024262479 
569 668 17 21 0.024187624 
503 84 40 51 0.024122905 
62 -19 154 166 0.024082849 
285 73 17 22 0.024052175 
257 125 69 81 0.023767158 
32 99 19 25 0.02373662 
282 305 27 31 0.02370964 
228 109 20 24 0.02370696 
253 187 66 81 0.023434296 
807 33 131 148 0.02329661 
143 35 296 334 0.023266077 
540 659 18 24 0.023183562 
213 124 21 25 0.022918481 
208 75 20 25 0.02283658 
130 482 388 377 0.022496402 
281 208 21 27 0.022347214 
232 152 19 23 0.022300335 
442 666 22 28 0.022265622 
487 32 23 25 0.022199081 
276 258 69 82 0.022192463 
310 78 17 21 0.022167472 
158 155 17 22 0.02205851 
387 95 21 27 0.02201276 
361 509 21 26 0.021947334 
436 637 20 25 0.021894468 
422 288 60 75 0.021892214 
358 57 21 26 0.021754265 
434 308 23 29 0.021679446 
198 56 138 149 0.021615302 
282 126 19 23 0.02155277 
211 153 18 22 0.0214249 
292 143 65 78 0.021296166 
410 536 29 33 0.021274831 
439 324 87 95 0.02125358 
843 -5 87 126 0.021146018 
274 229 40 49 0.021075768 
246 117 36 43 0.021044802 
485 318 32 39 0.02102512 
254 206 21 27 0.020875225 
70 35 80 97 0.020836337 
500 38 38 50 0.020827597 
933 517 70 76 0.02056362 
255 173 21 27 0.020531124 
563 0 25 29 0.020524606 
276 232 61 71 0.02045044 
326 122 25 30 0.020380877 
360 95 21 26 0.020325571 
232 77 69 81 0.0203193 
186 177 18 22 0.020281306 
253 57 17 22 0.020202484 
195 118 62 76 0.020181213 
