1_Handshaking_Handshaking_1_579
596
584 325 28 35 0.94693947 
750 300 28 36 0.90006757 
594 420 33 41 0.8743983 
385 283 21 26 0.86643034 
654 281 29 36 0.84206593 
862 344 34 41 0.83521044 
530 313 24 30 0.82526743 
149 201 20 26 0.7896693 
940 427 37 45 0.7751026 
774 353 34 42 0.73512703 
400 386 25 32 0.72125125 
500 409 31 41 0.68557346 
496 283 20 26 0.6530756 
531 235 20 26 0.61676824 
80 364 24 29 0.5752564 
498 201 18 22 0.57099646 
586 253 23 28 0.5701363 
276 221 22 27 0.5654258 
132 146 18 24 0.5640736 
277 307 20 26 0.5596135 
476 356 22 29 0.5353061 
874 278 25 31 0.5203265 
592 210 18 24 0.51379997 
675 366 33 42 0.51115483 
509 200 17 23 0.500487 
467 229 19 25 0.4971467 
368 185 18 22 0.49336806 
417 331 22 28 0.48165792 
634 200 19 25 0.45985577 
22 202 20 24 0.43199027 
628 236 22 27 0.43000284 
309 265 18 24 0.4296701 
84 209 22 28 0.42327073 
151 323 22 28 0.40581533 
190 199 19 23 0.40226915 
444 313 21 27 0.38625565 
365 135 17 21 0.38246593 
326 337 24 30 0.37586638 
188 147 18 24 0.37057135 
558 156 18 22 0.3576781 
228 186 17 22 0.34890422 
546 160 17 21 0.3400206 
174 282 19 24 0.3399864 
264 208 21 27 0.32803485 
6 252 23 32 0.32602555 
893 465 41 51 0.30566704 
183 240 18 23 0.30509263 
737 195 21 27 0.3036623 
437 277 20 25 0.30212063 
313 152 18 22 0.30090615 
865 258 22 28 0.3007235 
438 324 22 28 0.29433438 
184 323 20 26 0.29253167 
823 234 20 25 0.2896654 
238 200 18 23 0.2878757 
647 184 19 23 0.28235218 
198 202 18 23 0.2765871 
397 228 18 23 0.26773757 
444 127 16 20 0.2558198 
487 159 16 20 0.24809514 
542 181 17 21 0.24776947 
410 148 16 20 0.2463707 
255 145 18 22 0.24008982 
365 201 18 22 0.23797014 
121 259 20 24 0.23778327 
885 277 26 33 0.23703705 
803 209 18 24 0.23428537 
761 253 24 31 0.22674005 
783 417 40 49 0.22462648 
774 124 18 23 0.22396643 
329 305 20 24 0.2224371 
185 133 18 23 0.22212264 
570 201 18 22 0.22197692 
378 180 17 21 0.21982205 
591 228 21 27 0.219338 
896 177 23 27 0.21781643 
800 224 21 26 0.2167274 
853 259 20 26 0.21388407 
137 309 21 27 0.20634757 
583 312 26 33 0.2062105 
316 205 19 24 0.20580181 
949 155 18 22 0.20464036 
75 184 20 24 0.2026386 
778 467 50 60 0.19543414 
358 234 18 23 0.1909163 
850 352 29 37 0.19069308 
533 200 17 22 0.19066562 
266 307 20 26 0.18803959 
357 255 19 25 0.18769209 
624 199 19 24 0.18757442 
22 251 23 30 0.18596466 
140 207 18 23 0.185732 
492 306 21 26 0.18547495 
261 138 18 22 0.1840131 
233 251 18 25 0.18335302 
239 147 17 22 0.1808874 
97 212 19 25 0.17898718 
823 171 19 24 0.17777902 
543 96 18 22 0.17531985 
968 199 22 28 0.16972724 
563 182 17 21 0.16502643 
764 226 22 27 0.15928544 
75 327 22 25 0.15800054 
235 237 18 24 0.15731469 
617 184 18 22 0.15659665 
644 409 29 35 0.15385817 
875 233 20 25 0.15179966 
27 184 18 23 0.14808725 
102 177 17 21 0.14588353 
179 249 18 24 0.14354515 
441 211 17 22 0.1433103 
266 221 22 29 0.13918282 
824 286 23 30 0.13812701 
829 107 18 21 0.13705727 
359 150 16 20 0.13663374 
841 126 17 23 0.13489096 
442 228 18 23 0.12556784 
442 427 24 29 0.12427785 
774 178 18 23 0.123673856 
520 185 16 20 0.12280315 
521 127 15 19 0.12230611 
1 299 21 28 0.12214847 
227 357 23 31 0.122061916 
53 224 18 24 0.12129759 
367 279 19 24 0.11999495 
263 180 18 23 0.11795734 
156 187 19 23 0.117836095 
182 188 18 23 0.11747536 
404 231 18 23 0.117306784 
789 283 21 28 0.115409 
467 159 16 20 0.11482425 
447 178 16 20 0.11461831 
390 211 17 21 0.1131515 
240 281 19 24 0.11234973 
209 353 20 27 0.11223229 
721 203 20 26 0.109810606 
649 127 17 20 0.10957255 
75 280 20 25 0.1092624 
487 235 18 23 0.10901825 
238 137 17 22 0.10900594 
518 157 15 20 0.10832795 
520 310 22 28 0.10789043 
493 184 17 21 0.10784741 
665 126 17 21 0.107323855 
524 247 21 26 0.10705421 
105 223 19 25 0.10668699 
253 384 24 31 0.10597563 
457 180 16 21 0.10564731 
467 252 20 25 0.105627164 
444 156 16 21 0.10545555 
825 249 21 26 0.10472551 
339 238 19 23 0.104658775 
17 395 26 36 0.104549445 
409 138 17 21 0.10310659 
566 232 19 25 0.10291289 
203 307 18 24 0.10257382 
699 124 18 22 0.10237805 
436 262 18 24 0.10202557 
33 159 18 22 0.101662666 
335 155 16 21 0.10069717 
83 123 18 22 0.10058542 
6 277 22 32 0.10016096 
54 153 18 23 0.09985446 
484 254 19 24 0.09916838 
285 414 22 29 0.09877374 
406 281 19 25 0.09874619 
406 210 17 22 0.09844483 
463 212 18 22 0.09834342 
487 331 21 27 0.0979845 
204 336 19 26 0.09680806 
646 162 16 20 0.09604904 
242 106 14 18 0.095681615 
766 155 17 23 0.09524157 
382 133 16 20 0.09456907 
742 152 18 23 0.09450173 
199 152 18 23 0.09396462 
814 210 18 23 0.09199063 
56 210 18 24 0.09175029 
953 202 20 25 0.09172074 
902 149 19 23 0.091227815 
336 106 17 21 0.09057459 
226 428 39 48 0.090291254 
26 356 22 27 0.08981899 
669 204 18 22 0.08981556 
282 129 16 19 0.08913275 
921 180 17 23 0.08910744 
741 135 17 22 0.088724405 
562 133 16 20 0.08837308 
663 181 18 23 0.088169105 
573 251 21 25 0.0881194 
389 261 19 24 0.08777049 
255 399 24 32 0.08737077 
770 204 20 24 0.087221295 
57 400 24 33 0.086928636 
389 299 19 24 0.0864989 
793 130 16 20 0.08523231 
514 353 24 30 0.08518804 
329 203 17 23 0.08495789 
843 175 17 22 0.084612966 
832 126 17 22 0.08449884 
97 380 23 29 0.083423264 
317 304 20 24 0.083189085 
693 205 20 24 0.08103136 
953 179 18 23 0.08100921 
902 138 18 23 0.08089281 
214 183 18 22 0.0808228 
672 107 16 20 0.08044636 
540 88 18 22 0.07977097 
284 183 18 23 0.07973784 
32 303 20 26 0.07834768 
314 412 23 28 0.07806049 
465 130 16 20 0.07780872 
842 109 18 22 0.077786945 
230 381 24 32 0.077651285 
63 183 17 23 0.07761782 
440 106 16 21 0.0773969 
285 329 20 26 0.07710133 
766 445 45 56 0.07645663 
393 155 16 19 0.07599567 
363 403 24 32 0.07595779 
252 283 19 24 0.07542243 
113 155 17 21 0.07540118 
723 179 19 24 0.0753778 
992 335 21 31 0.07435326 
286 425 24 31 0.07396692 
288 283 18 23 0.073397554 
840 232 19 25 0.07318893 
460 277 19 25 0.07269618 
80 259 19 23 0.07263171 
-3 451 24 36 0.07253046 
776 113 17 21 0.07246348 
313 135 16 20 0.07219199 
878 177 19 24 0.07203924 
795 181 17 22 0.071896896 
30 121 18 23 0.07181509 
340 252 18 24 0.07179902 
182 110 16 21 0.0713613 
185 360 20 25 0.07121722 
-2 333 19 26 0.07121225 
26 230 21 26 0.0710113 
150 155 16 21 0.07093477 
848 209 17 21 0.07090939 
763 282 27 32 0.0698573 
256 103 15 18 0.0697562 
621 107 16 20 0.06961521 
290 381 21 27 0.06950985 
326 407 24 32 0.06928857 
410 312 19 24 0.06867378 
387 331 20 25 0.0686238 
748 225 21 26 0.06843911 
456 330 22 28 0.06828189 
838 516 43 55 0.068124734 
3 181 19 25 0.06700983 
413 100 15 19 0.066940635 
31 110 19 24 0.06666365 
104 307 21 26 0.06660656 
541 130 16 20 0.06635112 
746 286 27 35 0.06604878 
979 331 24 34 0.06537127 
484 132 15 19 0.06504151 
718 130 18 22 0.064955264 
307 180 18 23 0.064662084 
562 106 17 20 0.06402556 
415 182 17 21 0.063896865 
209 255 18 24 0.063499734 
700 108 17 21 0.063475676 
874 156 17 21 0.06338803 
690 334 28 35 0.06322347 
789 451 34 42 0.06286312 
338 129 15 20 0.0628628 
157 231 20 25 0.06272971 
414 349 23 29 0.062145222 
157 80 16 20 0.06210887 
694 156 17 22 0.06207869 
509 382 26 33 0.06161708 
667 231 19 25 0.06147104 
595 184 16 21 0.06091203 
74 155 16 21 0.06081331 
77 311 24 29 0.060753927 
261 329 20 26 0.060657486 
4 382 32 48 0.060111325 
105 326 19 25 0.059704307 
717 347 30 39 0.059364896 
466 101 17 20 0.05924627 
128 278 19 25 0.05917686 
701 84 15 19 0.059104864 
613 162 17 22 0.0590075 
441 379 22 28 0.058737263 
289 108 15 19 0.058586646 
307 270 26 35 0.058544137 
32 332 19 24 0.058436 
791 306 24 31 0.05842413 
918 129 18 21 0.058348566 
959 428 30 41 0.058297258 
177 412 24 32 0.058032878 
158 128 15 19 0.05801289 
289 153 16 21 0.05793724 
134 329 20 26 0.05788599 
53 255 19 24 0.05787759 
125 229 19 24 0.05773255 
596 158 16 20 0.057681065 
136 180 17 22 0.057646126 
922 284 22 30 0.057107024 
3 359 21 29 0.05708162 
207 283 19 24 0.056964666 
750 252 23 28 0.056924798 
563 474 37 49 0.055803843 
851 276 21 28 0.05577946 
235 304 19 25 0.05569681 
205 233 18 24 0.05561269 
922 109 17 21 0.055061188 
674 157 17 22 0.0550585 
557 491 39 52 0.054532386 
108 281 19 24 0.054258816 
285 357 21 26 0.054136846 
520 328 22 28 0.053947248 
22 277 23 30 0.053762205 
162 255 18 23 0.05376176 
4 106 20 25 0.053424556 
725 156 18 24 0.053050574 
161 107 15 19 0.052840192 
432 350 22 27 0.05266146 
333 285 18 23 0.051935926 
362 384 24 31 0.051580835 
636 424 32 41 0.051166035 
210 389 21 27 0.051093057 
255 357 21 28 0.050943933 
955 254 20 27 0.050890286 
643 110 16 20 0.050761133 
622 245 23 30 0.05062071 
631 474 36 44 0.04981216 
58 326 20 25 0.04932491 
51 310 20 26 0.049142476 
55 279 21 27 0.049104996 
229 400 26 33 0.048888225 
96 364 21 27 0.048856027 
668 83 16 19 0.04878829 
517 108 16 20 0.04876738 
363 310 18 23 0.04837225 
53 388 22 29 0.048227187 
182 378 20 27 0.04821758 
316 346 24 31 0.04813282 
157 382 23 29 0.04796618 
922 203 18 23 0.047949877 
921 152 17 22 0.047929592 
598 132 16 20 0.04779293 
157 402 25 33 0.047669515 
800 155 16 21 0.047584556 
362 329 19 25 0.047104686 
613 125 17 21 0.046915438 
23 42 22 27 0.04691127 
46 105 20 25 0.046692323 
642 356 26 33 0.04653171 
106 132 17 22 0.046408627 
21 29 24 28 0.04636255 
206 105 15 19 0.046247274 
73 410 25 32 0.04620861 
202 133 17 21 0.046165604 
821 293 31 39 0.046147164 
878 134 15 19 0.045774274 
6 237 20 28 0.045572106 
489 105 16 19 0.045406535 
151 423 37 46 0.045403488 
208 400 23 30 0.045351673 
83 112 18 23 0.045269225 
311 105 15 19 0.045154557 
153 353 21 26 0.045100357 
341 181 16 21 0.045090757 
637 249 25 31 0.04484388 
897 231 18 23 0.04425877 
232 336 19 25 0.04394062 
696 180 19 24 0.043936163 
391 104 15 19 0.043434024 
870 104 16 20 0.04321056 
487 540 43 54 0.04317737 
615 494 37 45 0.043000154 
974 187 19 24 0.042863317 
895 261 23 26 0.04283756 
653 418 529 559 0.042606927 
922 297 23 31 0.042601686 
12 198 19 26 0.04254478 
311 227 19 24 0.042505093 
792 82 15 18 0.0423422 
507 501 29 37 0.041960344 
361 106 16 19 0.04160822 
850 157 17 21 0.041566834 
990 353 21 30 0.041349906 
580 468 40 52 0.041338462 
590 102 16 20 0.041269064 
814 355 25 33 0.04101476 
980 354 23 33 0.04101384 
793 255 21 27 0.040974896 
844 304 23 31 0.040959965 
632 577 48 49 0.040910993 
414 257 18 22 0.04079834 
179 307 28 36 0.04039349 
132 356 20 26 0.040140096 
366 356 21 27 0.04009501 
418 84 15 20 0.04007448 
259 254 20 25 0.04000195 
802 472 42 55 0.03971646 
869 268 41 51 0.03971451 
476 501 40 47 0.039644666 
659 258 25 29 0.03913588 
51 82 19 23 0.03905962 
405 398 24 29 0.038827885 
237 439 42 54 0.038217723 
134 103 16 20 0.03821126 
631 503 29 37 0.038186293 
335 76 16 20 0.037952796 
636 451 36 45 0.037438165 
590 84 16 20 0.037297804 
925 257 19 24 0.037183873 
973 104 16 20 0.03689284 
258 78 15 19 0.036874328 
874 472 43 52 0.036852255 
817 334 24 30 0.036717083 
137 84 16 20 0.036340896 
739 73 17 21 0.036106337 
795 108 15 19 0.03600437 
302 418 32 43 0.03600012 
102 107 16 21 0.035987508 
951 136 17 21 0.03583688 
6 123 19 24 0.035815913 
314 325 43 54 0.035790443 
287 258 18 23 0.035544183 
51 127 19 23 0.035515927 
743 59 18 23 0.035152443 
387 394 32 42 0.03513919 
6 157 18 23 0.03505962 
733 514 38 50 0.03503187 
-155 429 542 543 0.034948993 
976 375 28 39 0.03486278 
778 78 16 19 0.03462587 
29 457 27 35 0.0345416 
646 77 15 19 0.034238547 
541 279 22 27 0.03419094 
979 129 16 20 0.03377904 
874 209 18 22 0.033504754 
805 402 36 48 0.033482652 
874 296 25 32 0.033267576 
178 81 16 19 0.033147242 
871 457 36 46 0.033116955 
898 82 17 21 0.03306464 
382 356 20 25 0.032954607 
75 424 26 34 0.032868765 
536 372 33 43 0.032842647 
590 341 29 36 0.03272781 
809 503 56 75 0.0326809 
94 396 35 45 0.032249928 
967 405 30 40 0.03212703 
924 231 17 23 0.032047667 
146 444 42 49 0.031673618 
565 283 20 26 0.03158433 
719 105 18 22 0.03142597 
28 325 32 40 0.031098202 
207 81 16 18 0.030890537 
640 381 25 32 0.03051413 
851 334 28 34 0.030460866 
947 466 38 52 0.030397303 
894 401 28 36 0.030321471 
384 58 16 21 0.03031552 
740 106 16 20 0.030270876 
68 346 47 59 0.030186364 
55 364 19 25 0.030177092 
958 105 16 19 0.030127613 
691 225 20 26 0.029988253 
904 101 16 21 0.029912842 
712 337 27 35 0.029892914 
304 382 21 28 0.02979425 
825 83 17 19 0.029756295 
995 232 18 24 0.029669508 
383 77 15 19 0.029566176 
620 85 14 19 0.029514408 
468 84 15 18 0.029513232 
970 253 20 29 0.0294598 
40 449 36 46 0.029454568 
239 370 47 59 0.029448207 
765 424 40 49 0.029439598 
583 443 38 49 0.029414395 
2 80 19 25 0.029362362 
952 275 22 31 0.02926984 
491 78 15 19 0.02924601 
362 429 26 33 0.029165205 
418 54 16 20 0.02916518 
49 418 35 47 0.029120784 
271 397 46 60 0.029035307 
41 385 49 66 0.028997915 
895 433 28 37 0.02891605 
485 379 25 32 0.02886811 
808 545 40 52 0.028641947 
973 226 19 27 0.02841046 
571 302 23 29 0.028156739 
459 481 36 44 0.028123824 
720 251 23 29 0.028048972 
116 421 36 46 0.027800854 
513 488 26 33 0.027580248 
457 429 23 29 0.027368383 
972 154 17 21 0.027321171 
947 304 23 29 0.02680945 
438 411 22 29 0.02679384 
908 563 66 84 0.026729245 
281 5 20 23 0.026537452 
437 86 15 19 0.026461726 
7 240 44 57 0.026299125 
401 422 32 40 0.026221924 
756 477 51 67 0.026219347 
713 447 36 46 0.02610863 
995 104 16 20 0.025964193 
608 477 38 47 0.025881866 
721 82 16 20 0.025824636 
370 78 16 20 0.025811564 
995 132 16 21 0.025647579 
60 390 52 65 0.025589136 
890 298 25 31 0.02552814 
573 487 42 55 0.025450725 
249 431 26 34 0.02528095 
768 479 32 41 0.025121324 
927 429 32 41 0.025023054 
206 422 36 46 0.024923176 
944 527 41 53 0.024914559 
904 201 20 24 0.024858562 
492 496 53 66 0.02484778 
858 249 42 54 0.02484159 
912 448 41 49 0.024769874 
954 229 18 24 0.024756208 
901 487 44 55 0.024734862 
765 405 36 47 0.024683394 
832 117 28 37 0.02452506 
922 331 25 32 0.024516786 
77 365 47 58 0.024507271 
464 380 24 29 0.024497343 
72 447 37 46 0.024489207 
856 492 48 61 0.02440996 
874 76 16 21 0.024174726 
588 385 28 36 0.024087852 
972 303 23 32 0.023963647 
542 355 24 30 0.023924768 
517 84 15 19 0.023813609 
919 440 58 70 0.023762533 
103 427 26 33 0.023646211 
482 487 29 35 0.023570541 
722 224 22 27 0.023567766 
163 55 16 20 0.023452554 
706 472 38 49 0.023419503 
567 80 16 20 0.02332014 
162 410 48 60 0.023313891 
991 376 23 32 0.02301019 
461 407 24 31 0.022716027 
142 390 49 61 0.02267456 
993 206 18 24 0.02254914 
20 416 37 56 0.022508172 
505 531 34 44 0.022496615 
276 441 40 52 0.022468008 
31 79 17 21 0.022462655 
996 155 17 21 0.022437576 
123 381 23 30 0.022423716 
95 172 29 38 0.022384098 
484 2 20 25 0.022346407 
790 329 27 34 0.02230317 
270 368 45 58 0.022124974 
127 542 371 337 0.022055477 
332 384 24 30 0.021970846 
216 506 61 87 0.021952944 
427 315 41 53 0.02190651 
137 298 46 59 0.021848287 
835 480 40 53 0.021803534 
239 79 15 19 0.021641107 
121 441 38 49 0.02161141 
106 79 17 20 0.021582453 
177 56 17 21 0.021504082 
658 405 28 36 0.02145989 
846 370 28 37 0.021381864 
688 305 24 32 0.021377368 
763 592 69 85 0.021233838 
785 370 31 37 0.021213891 
537 404 28 35 0.02114418 
715 518 39 54 0.021050416 
117 396 35 45 0.020967823 
559 370 34 45 0.020786727 
532 523 374 357 0.020738354 
993 462 22 30 0.020702148 
995 251 19 27 0.02068655 
385 426 24 31 0.020629097 
994 181 17 22 0.02062187 
936 488 56 75 0.020569233 
164 296 47 60 0.020530188 
651 450 38 47 0.020373495 
110 147 30 36 0.020330388 
590 275 23 29 0.020241288 
326 420 33 42 0.020223862 
352 390 50 61 0.020175233 
889 332 27 33 0.020090671 
19 228 32 43 0.020090304 
198 476 47 58 0.020048372 
76 24 22 27 0.020033386 
