1_Handshaking_Handshaking_1_236
43
506 190 49 65 0.9932702 
193 139 60 76 0.9915318 
377 184 50 66 0.97120136 
729 238 35 42 0.71877444 
-3 207 33 64 0.67006326 
860 244 29 36 0.2964008 
982 273 18 25 0.14947416 
865 231 30 38 0.1325319 
919 228 25 34 0.07178553 
848 220 51 62 0.066050366 
850 234 27 33 0.05959836 
908 214 42 55 0.052686453 
881 202 54 72 0.048438273 
358 212 72 87 0.04799268 
617 274 36 47 0.046444785 
921 244 23 32 0.04602182 
120 514 28 37 0.044940054 
897 286 22 29 0.044732556 
897 224 26 35 0.034608718 
897 250 24 32 0.032664057 
922 283 21 26 0.031854793 
2 279 23 34 0.030630523 
396 213 36 52 0.029896125 
794 233 23 31 0.02915274 
958 326 37 50 0.027839413 
844 490 25 33 0.027574778 
948 255 19 27 0.027291486 
994 277 16 23 0.026431665 
993 261 17 26 0.026299113 
851 273 26 32 0.025875395 
889 233 39 52 0.02432874 
-63 508 348 366 0.023796642 
7 593 20 28 0.023491694 
896 289 35 47 0.02324586 
907 254 62 79 0.022944488 
199 105 25 30 0.022936363 
949 283 18 25 0.02280642 
972 302 21 29 0.02218517 
99 253 41 54 0.021956678 
564 302 41 51 0.021821793 
897 194 68 91 0.020653332 
993 500 21 34 0.020548493 
880 257 56 73 0.020290716 
