1_Handshaking_Handshaking_1_733
31
766 115 145 201 0.9999274 
471 209 64 87 0.9987777 
302 202 91 128 0.9878456 
182 75 132 222 0.97306526 
148 90 110 177 0.11689833 
111 82 82 157 0.08866216 
249 162 124 165 0.07936387 
340 222 66 85 0.06431795 
211 105 95 120 0.0614338 
297 151 83 99 0.050459538 
568 170 163 213 0.044079944 
316 120 50 53 0.04187911 
407 2 23 23 0.034555405 
273 216 77 99 0.027472895 
362 159 59 75 0.026965206 
396 189 39 52 0.026947372 
552 588 70 74 0.026623946 
402 220 40 54 0.026214331 
748 529 350 364 0.026180351 
437 211 39 55 0.025048112 
144 10 249 322 0.022093633 
44 123 134 174 0.021887647 
262 78 118 182 0.021769337 
515 223 65 87 0.021244548 
379 245 27 39 0.020879187 
508 0 24 24 0.020693734 
621 475 27 33 0.020567238 
530 632 32 37 0.020346511 
3 134 34 59 0.020155167 
948 232 65 90 0.020105787 
224 164 89 128 0.020008434 
