1_Handshaking_Handshaking_1_158
43
200 140 123 165 0.99957293 
698 48 137 231 0.9953726 
455 242 57 92 0.3585907 
335 172 94 116 0.19994512 
342 199 119 139 0.14059652 
397 230 106 134 0.12978531 
391 285 90 101 0.11380216 
425 311 51 67 0.098276205 
580 179 51 59 0.05938329 
259 125 121 162 0.050624162 
479 441 189 197 0.047914922 
785 90 76 102 0.03973758 
462 178 142 174 0.039092384 
807 94 85 130 0.037408724 
563 447 92 112 0.035409804 
331 260 142 173 0.035249595 
441 511 156 135 0.03488202 
402 330 57 64 0.032894503 
504 461 95 105 0.03285339 
432 303 33 46 0.03234299 
421 542 86 103 0.030405499 
441 219 103 134 0.029157419 
337 172 203 240 0.028221311 
510 528 94 93 0.028041117 
690 105 88 125 0.027227176 
760 521 174 213 0.02637444 
364 19 75 90 0.02631443 
414 325 29 41 0.025985062 
381 318 51 56 0.025449673 
563 190 34 42 0.023836464 
302 195 93 110 0.023611328 
455 281 78 100 0.023512445 
921 117 96 144 0.023445291 
414 313 94 109 0.022691485 
399 518 51 64 0.022323677 
371 142 93 114 0.022058643 
479 548 78 88 0.02151629 
454 256 166 186 0.021420468 
231 500 282 276 0.021213394 
575 143 105 142 0.021137847 
410 205 72 95 0.021103825 
482 511 83 81 0.020788312 
379 348 98 113 0.020053836 
