1_Handshaking_Handshaking_1_801
32
74 61 55 69 0.99925727 
410 24 59 72 0.9981902 
643 44 56 71 0.998094 
554 77 53 68 0.99755543 
866 41 96 123 0.98316437 
248 67 54 64 0.9721467 
5 118 26 43 0.1748552 
487 76 33 44 0.1669596 
336 88 30 39 0.118699126 
884 201 73 76 0.08653243 
138 68 40 49 0.0637823 
1 1 28 35 0.05092963 
778 6 61 66 0.043317694 
896 223 35 37 0.04190898 
350 80 27 35 0.040790632 
202 186 44 53 0.04051006 
-66 102 363 369 0.038745135 
3 102 27 40 0.03803586 
498 80 40 51 0.037408892 
583 0 33 36 0.03618558 
118 111 375 360 0.03245214 
362 28 27 32 0.03227432 
581 8 44 50 0.02597068 
-215 -74 692 719 0.02482421 
1 63 38 57 0.024247475 
742 119 36 52 0.023562273 
340 109 362 358 0.023232011 
895 16 77 91 0.022926448 
913 222 35 40 0.022317804 
0 132 34 59 0.022052243 
893 240 34 39 0.020382041 
822 96 58 75 0.020045953 
