1_Handshaking_Handshaking_1_343
23
488 76 63 81 0.9999027 
98 79 66 84 0.9998098 
701 95 65 76 0.9997811 
298 96 65 85 0.9996972 
887 84 59 70 0.996999 
334 426 37 52 0.16777796 
927 375 42 51 0.15794258 
740 479 45 52 0.12102188 
72 368 70 91 0.117522255 
993 384 19 27 0.054230537 
357 560 41 49 0.039612073 
910 342 70 95 0.03668754 
667 422 518 559 0.03439335 
-68 522 355 364 0.026519453 
372 480 46 58 0.02625927 
115 444 39 49 0.025531963 
-222 302 700 752 0.024994325 
867 57 58 76 0.022398947 
228 137 46 58 0.022138285 
840 58 37 47 0.022017824 
402 133 45 56 0.021240108 
104 389 45 58 0.020677505 
4 110 58 91 0.020394443 
