1_Handshaking_Handshaking_1_664
19
851 22 49 61 0.90208334 
764 49 79 101 0.6652335 
650 11 51 59 0.123554915 
612 55 113 161 0.06774346 
822 47 65 80 0.05521257 
696 28 115 144 0.041210465 
860 0 47 56 0.026130825 
617 24 25 29 0.02401844 
463 3 26 28 0.023645481 
462 18 28 33 0.023571989 
644 104 18 24 0.02315771 
722 39 73 89 0.022690106 
636 39 82 108 0.022465365 
719 60 125 162 0.02232411 
589 76 20 24 0.021119168 
610 0 79 84 0.020778183 
663 3 34 38 0.020658927 
757 9 84 100 0.020260377 
619 3 23 25 0.020166235 
