56_Voter_peoplevoting_56_339
50
661 233 25 34 0.14435591 
544 148 27 36 0.14060023 
581 103 70 85 0.0778534 
318 18 40 48 0.051675506 
443 503 57 85 0.050637927 
534 130 52 71 0.04593456 
657 189 41 54 0.043818366 
667 194 24 30 0.04245258 
384 285 23 25 0.040676888 
391 112 72 88 0.03943522 
536 3 41 44 0.037895955 
893 254 29 33 0.03675777 
812 288 79 97 0.036713187 
542 281 22 26 0.036624063 
966 306 22 29 0.036600146 
645 207 51 69 0.036581542 
484 62 45 50 0.035301853 
2 257 20 28 0.034663618 
669 415 519 561 0.032478113 
102 428 19 23 0.029314611 
836 265 43 50 0.028823135 
315 41 25 32 0.02740986 
76 484 19 23 0.027179379 
-149 427 526 547 0.026884956 
930 458 19 22 0.026736053 
327 38 25 34 0.026322372 
309 24 28 33 0.025336491 
847 257 24 31 0.025124839 
308 2 24 28 0.024969526 
217 508 36 52 0.023828039 
745 115 266 323 0.023371678 
537 536 365 349 0.023246119 
360 107 66 77 0.023199765 
816 328 24 30 0.022679064 
563 277 22 27 0.022304157 
649 231 24 32 0.022031361 
441 117 71 95 0.021884063 
301 3 42 46 0.021878885 
561 260 23 28 0.021364091 
328 4 25 28 0.021334756 
578 71 138 177 0.02119848 
609 116 73 93 0.021090215 
295 -1 72 72 0.020859437 
332 279 20 23 0.020817501 
179 5 26 29 0.020676754 
84 428 20 25 0.020561218 
877 412 19 22 0.020474479 
381 1 27 29 0.020464417 
513 302 27 30 0.02033238 
924 279 24 29 0.020141741 
