56_Voter_peoplevoting_56_887
25
533 242 169 202 0.96799153 
549 393 77 93 0.11517922 
527 269 105 128 0.09672887 
614 276 98 143 0.07760247 
792 559 139 190 0.050793804 
7 980 25 32 0.043959875 
894 -104 420 465 0.037853315 
318 1077 46 58 0.037050046 
899 148 403 457 0.036903802 
504 315 91 115 0.034732413 
516 398 72 88 0.033899523 
889 891 421 437 0.032341152 
680 -282 822 886 0.032007053 
705 363 34 58 0.03093602 
676 644 835 881 0.029841214 
6 866 22 33 0.028193315 
976 1150 49 64 0.02721147 
893 393 394 452 0.02584259 
903 621 404 458 0.025171205 
213 1006 30 35 0.023228718 
196 157 88 101 0.022575624 
647 313 88 136 0.021951346 
574 1072 28 34 0.02178357 
549 395 42 51 0.020915702 
551 230 106 134 0.020893767 
