56_Voter_peoplevoting_56_110
82
92 326 43 55 0.99192375 
198 303 41 52 0.9565917 
431 248 26 35 0.24276249 
151 397 53 67 0.24058378 
428 374 50 76 0.13827863 
811 275 25 34 0.1279502 
414 251 24 32 0.12457506 
802 258 25 32 0.08188544 
814 257 24 33 0.06040827 
668 273 24 30 0.055462163 
797 259 45 58 0.053481165 
894 329 21 25 0.048334066 
337 379 59 91 0.04689883 
797 301 24 30 0.04629986 
259 354 65 80 0.045146484 
481 482 99 115 0.042781502 
464 259 22 30 0.04119017 
330 255 20 24 0.03765955 
737 265 24 28 0.037639696 
379 259 22 28 0.037558183 
287 257 24 28 0.036680836 
346 376 37 56 0.034680355 
482 263 22 30 0.034212336 
122 549 89 97 0.03290464 
276 321 46 55 0.0325455 
895 315 19 24 0.03197972 
279 290 43 51 0.031903896 
746 519 352 374 0.031685427 
434 429 116 161 0.03143567 
289 353 66 86 0.030188886 
234 262 22 27 0.029923627 
361 369 56 81 0.029535541 
412 238 44 58 0.029403582 
721 275 23 27 0.0289953 
812 408 20 25 0.028694913 
465 260 37 51 0.028668681 
410 368 93 148 0.028607562 
895 361 23 28 0.027538065 
443 240 66 85 0.026526744 
449 403 42 65 0.026415639 
591 340 19 23 0.02636469 
367 258 21 25 0.026278926 
810 598 52 61 0.026109206 
280 255 40 46 0.026107417 
161 420 59 70 0.025498029 
823 235 22 27 0.025449969 
285 327 25 31 0.02531837 
175 253 22 27 0.025075037 
775 258 20 27 0.024774335 
329 374 99 142 0.024578013 
389 392 74 105 0.024551775 
285 247 78 89 0.023951823 
433 424 26 37 0.02369523 
341 384 24 33 0.023494089 
516 532 52 59 0.023334995 
316 432 74 98 0.023291657 
347 351 41 57 0.02317018 
419 244 60 77 0.023031354 
721 262 22 27 0.022782393 
452 395 29 47 0.022677941 
844 207 22 27 0.022451328 
-68 502 359 373 0.022323169 
301 467 62 83 0.02212004 
849 278 19 26 0.022085743 
329 390 43 59 0.022007838 
246 381 50 60 0.021964712 
227 255 35 46 0.021947494 
442 290 66 88 0.021750197 
223 354 66 79 0.021226846 
919 361 22 27 0.021193773 
171 386 63 76 0.021163177 
805 412 20 26 0.021081112 
165 243 36 47 0.021005012 
773 234 21 26 0.020925652 
154 300 25 33 0.02057696 
358 325 37 46 0.02055778 
150 319 37 49 0.020552706 
404 284 70 91 0.020218663 
817 385 19 22 0.020177256 
218 305 28 37 0.020078486 
462 234 20 26 0.020045571 
545 281 696 743 0.02000957 
