56_Voter_peoplevoting_56_902
168
705 193 162 212 0.9997533 
116 188 59 87 0.65271884 
293 183 38 47 0.20924231 
256 329 48 65 0.17704226 
922 278 87 127 0.15574296 
445 143 39 45 0.13413407 
305 96 44 61 0.12288353 
354 85 60 96 0.12200949 
522 161 39 53 0.11286161 
213 226 162 188 0.094295226 
456 192 42 54 0.09413304 
595 243 80 118 0.08903714 
570 222 70 105 0.0817649 
245 264 93 126 0.077764414 
268 241 43 60 0.07509545 
428 213 43 55 0.0653051 
449 117 44 48 0.05800187 
577 150 36 46 0.056677494 
409 42 25 35 0.055634495 
285 177 32 40 0.05463882 
479 176 29 41 0.053987242 
193 294 110 138 0.051451236 
376 98 26 39 0.05059866 
142 308 55 85 0.049115997 
479 211 41 56 0.04836062 
316 290 60 87 0.04787658 
0 376 114 163 0.047530483 
198 349 50 61 0.046060372 
454 169 40 51 0.045899257 
82 205 89 97 0.045891568 
868 87 67 86 0.044006374 
168 320 60 84 0.043690093 
133 172 51 70 0.043667033 
-4 169 56 93 0.043453556 
295 217 41 55 0.04333574 
368 159 47 75 0.04315571 
350 209 49 71 0.043082543 
552 260 71 104 0.042021777 
313 79 64 95 0.042018488 
371 70 35 56 0.04163792 
29 163 118 144 0.040459026 
280 249 87 118 0.04016085 
127 177 31 39 0.039990567 
401 407 72 109 0.038104225 
432 44 23 30 0.038008142 
364 70 27 37 0.037812747 
277 225 31 42 0.037449956 
135 216 50 75 0.037115343 
311 19 29 34 0.036951516 
532 204 58 80 0.036693186 
517 74 25 32 0.036359657 
292 245 44 62 0.035919692 
362 92 31 45 0.035854593 
496 217 59 78 0.03560504 
468 37 43 48 0.03545987 
254 192 37 51 0.035257638 
599 214 53 73 0.035120737 
221 362 37 47 0.03511425 
515 153 30 40 0.034858096 
307 75 27 32 0.034713306 
522 187 129 180 0.03371585 
418 378 74 92 0.033646327 
531 181 42 58 0.033457592 
567 153 28 37 0.0327685 
256 221 41 58 0.032128084 
257 26 30 33 0.031940762 
431 164 41 52 0.03178343 
323 16 30 35 0.031078346 
146 175 34 42 0.030922074 
231 151 22 29 0.03083429 
256 179 25 33 0.030247495 
229 191 37 49 0.030168219 
67 193 48 60 0.030119482 
407 29 26 33 0.029585188 
299 264 46 63 0.029481126 
314 234 60 76 0.029463165 
248 254 52 66 0.029277552 
533 242 64 84 0.029234575 
583 302 86 114 0.028864838 
435 96 26 32 0.028835816 
516 91 28 36 0.028674606 
219 247 71 88 0.027471924 
776 207 89 131 0.026591633 
307 298 107 142 0.026582727 
403 163 41 60 0.02657707 
17 228 145 166 0.026303971 
115 260 116 146 0.026203346 
280 155 26 32 0.026124673 
615 202 27 38 0.02610668 
255 41 30 37 0.02599796 
65 149 155 201 0.025963891 
330 312 65 88 0.025732696 
609 160 42 53 0.025673365 
174 177 28 37 0.025623128 
192 393 51 57 0.025617449 
236 129 24 28 0.025412682 
183 364 82 103 0.025398131 
42 127 48 59 0.025252093 
376 114 30 47 0.0250837 
323 396 75 88 0.025008215 
554 310 69 93 0.024941267 
431 61 36 49 0.02487136 
129 241 72 101 0.024868984 
198 189 40 52 0.024868708 
593 25 25 29 0.02482577 
235 180 25 32 0.024811726 
408 360 62 81 0.024792757 
60 353 153 197 0.024585582 
410 69 21 31 0.024451202 
718 188 79 99 0.024339639 
626 222 121 181 0.024258496 
540 123 26 32 0.024238931 
153 533 123 145 0.024172364 
282 311 68 89 0.024157075 
355 241 37 49 0.024138082 
286 72 24 32 0.023983177 
447 142 65 83 0.023863336 
619 178 60 80 0.023785686 
200 569 74 87 0.023739824 
622 221 53 72 0.023691375 
346 318 34 49 0.023619706 
437 30 23 27 0.023587802 
31 137 83 109 0.023578744 
122 142 48 55 0.023462309 
-11 129 104 153 0.023257995 
436 72 23 29 0.023205424 
324 218 42 60 0.023151875 
283 45 25 30 0.022928841 
387 102 57 84 0.022919288 
299 128 46 61 0.0228956 
151 161 63 79 0.022830427 
453 87 42 49 0.022759616 
90 134 45 54 0.022733102 
357 187 34 48 0.022596644 
250 205 79 95 0.022578105 
80 303 75 85 0.022575103 
411 101 23 32 0.02256728 
432 236 41 53 0.022486566 
139 254 249 307 0.022390595 
435 126 27 33 0.022341026 
291 177 75 106 0.022158012 
259 320 178 201 0.022156296 
379 135 32 53 0.022137906 
206 179 27 36 0.021965222 
479 82 41 51 0.021958493 
307 41 27 34 0.021805085 
399 137 39 59 0.021640582 
504 152 73 89 0.021617804 
553 151 50 64 0.021573681 
397 126 63 93 0.02156458 
100 175 26 33 0.021544896 
404 229 70 92 0.021204278 
9 238 50 66 0.02116465 
363 76 94 133 0.021027949 
403 284 71 90 0.021000749 
565 125 23 29 0.020967657 
751 528 340 358 0.020911291 
370 437 74 94 0.020823315 
285 119 25 32 0.02080721 
162 249 63 90 0.020629378 
476 55 44 53 0.02061072 
279 81 58 70 0.02052824 
259 151 25 30 0.020511527 
696 243 104 127 0.020464912 
507 239 31 43 0.020352688 
226 144 37 47 0.020344285 
-203 294 701 742 0.020227797 
314 268 51 74 0.020186296 
