56_Voter_peoplevoting_56_1011
24
329 420 366 433 0.9997384 
98 1013 131 147 0.16005534 
428 1213 114 113 0.08144747 
741 849 124 166 0.07629261 
893 1257 101 99 0.042015273 
323 254 394 364 0.04175823 
741 787 110 147 0.0411227 
141 1057 104 125 0.040299345 
812 1016 119 111 0.03542437 
64 920 169 206 0.033833127 
73 1049 174 195 0.029318351 
457 224 125 122 0.02899869 
788 900 185 190 0.026681993 
465 297 119 141 0.023748202 
413 225 256 218 0.02229979 
920 844 113 145 0.02209972 
692 772 108 149 0.021952756 
478 1222 94 125 0.02123708 
386 1204 104 123 0.02121605 
518 240 69 78 0.021016737 
745 1321 33 40 0.020858724 
441 1220 39 48 0.0207129 
485 213 415 387 0.020633472 
350 1217 91 125 0.020393811 
