56_Voter_peoplevoting_56_228
152
919 320 29 38 0.98286057 
117 73 43 68 0.95882714 
789 327 34 40 0.94643176 
604 303 42 57 0.94634 
637 243 37 48 0.87790906 
552 274 37 49 0.5405671 
21 213 39 49 0.466409 
461 401 28 37 0.2779827 
629 295 39 52 0.21616702 
816 379 30 37 0.18738656 
871 362 24 30 0.17091976 
689 285 28 37 0.11801013 
132 220 43 45 0.09530263 
480 294 32 46 0.08799358 
963 464 24 31 0.08405821 
7 219 38 49 0.07953932 
515 226 21 28 0.06883276 
41 221 28 38 0.06718705 
625 254 51 68 0.06220594 
773 298 28 35 0.060337234 
366 500 32 41 0.05869317 
464 223 21 27 0.056779027 
785 308 30 35 0.05584105 
915 394 34 44 0.055072296 
261 171 66 75 0.054705963 
609 278 41 58 0.053332027 
482 284 24 31 0.05298103 
482 475 25 30 0.052929807 
-3 250 24 35 0.05243714 
809 330 24 31 0.0514963 
390 252 23 31 0.048996393 
972 402 23 33 0.04724123 
968 477 24 34 0.045994937 
645 227 40 52 0.04599428 
651 292 36 47 0.043116827 
557 257 28 35 0.042525478 
402 250 25 32 0.042050563 
456 471 37 45 0.04180248 
991 500 23 33 0.04044135 
457 389 26 35 0.039410517 
434 224 24 31 0.03893283 
783 334 48 57 0.038362887 
464 458 25 32 0.038287334 
556 339 38 49 0.0369247 
484 225 19 25 0.036728352 
73 200 28 36 0.03647318 
537 226 25 30 0.03578702 
672 272 50 61 0.035589997 
546 276 27 36 0.035439115 
463 425 26 33 0.03543583 
459 253 20 26 0.035415057 
640 267 31 41 0.03480717 
466 213 21 26 0.034125537 
471 283 21 27 0.034068696 
502 290 35 47 0.033970024 
441 384 23 29 0.033928998 
722 327 23 30 0.03264647 
389 228 22 29 0.03235029 
444 480 25 30 0.031990286 
43 206 28 36 0.031712096 
544 255 25 32 0.031608798 
843 327 22 28 0.03150197 
224 99 24 31 0.03140399 
512 283 23 32 0.031154398 
445 397 33 41 0.031042123 
50 152 21 26 0.031011518 
470 403 34 45 0.030594358 
815 358 26 31 0.030316204 
708 273 34 44 0.03030093 
93 40 42 56 0.030282166 
438 247 23 30 0.030138936 
156 2 25 29 0.030000977 
746 525 353 370 0.029925179 
514 252 22 27 0.029893877 
710 297 33 42 0.029758003 
110 108 68 87 0.02910152 
143 74 31 45 0.028935825 
848 361 24 29 0.028480325 
976 387 24 33 0.028399078 
483 426 24 32 0.028309407 
303 118 35 43 0.02830602 
859 350 47 58 0.027854774 
558 412 22 29 0.027615521 
379 437 22 27 0.027512316 
247 137 75 86 0.027242608 
140 127 47 60 0.027126558 
649 269 41 52 0.026855389 
624 338 44 55 0.026782019 
490 257 21 26 0.026772177 
457 208 34 43 0.026490098 
212 105 23 30 0.0263449 
785 391 46 52 0.026109077 
379 452 24 30 0.02604763 
50 134 21 26 0.025937777 
545 427 22 27 0.025725016 
646 544 23 29 0.025641168 
380 413 20 25 0.02561156 
952 470 34 43 0.025224913 
112 8 60 75 0.02511622 
439 561 23 29 0.025057137 
462 459 53 64 0.025046023 
252 76 23 28 0.024829566 
312 108 22 27 0.024763873 
71 119 36 45 0.024532504 
459 495 38 46 0.024447337 
905 330 23 32 0.024182908 
1 22 20 26 0.02401795 
203 119 25 33 0.02395259 
329 515 21 28 0.023948178 
233 197 24 32 0.023840217 
134 99 45 63 0.023783194 
385 221 36 49 0.023591897 
391 209 55 73 0.02357114 
267 112 64 72 0.023532756 
772 378 35 43 0.023340685 
432 371 52 64 0.023186157 
438 579 36 43 0.023108238 
69 82 57 67 0.022839071 
204 73 21 26 0.022693861 
451 407 51 62 0.022650944 
98 243 74 81 0.022453481 
935 393 37 46 0.022342997 
977 490 30 45 0.022214679 
689 330 23 29 0.02216305 
334 483 22 28 0.021942545 
556 427 23 28 0.021942306 
77 34 39 48 0.021766992 
32 50 22 28 0.02171717 
418 205 52 69 0.02155308 
562 227 24 30 0.021515701 
502 213 48 59 0.02151444 
-141 425 525 551 0.021496665 
231 81 21 26 0.021441113 
614 561 22 32 0.021401988 
584 327 58 74 0.021280143 
577 263 52 71 0.021183949 
210 232 23 32 0.021101786 
482 213 19 24 0.020933622 
993 459 20 27 0.020839907 
628 367 44 50 0.02076528 
75 179 23 30 0.020515697 
479 511 22 28 0.02049406 
66 183 58 68 0.02048655 
776 325 28 37 0.020410897 
25 239 29 38 0.02035188 
693 378 25 32 0.020323027 
364 489 23 29 0.02031502 
56 175 23 28 0.02018324 
406 227 24 32 0.020151993 
74 99 24 30 0.020121401 
2 50 20 28 0.020003647 
818 308 24 30 0.020002877 
