56_Voter_peoplevoting_56_260
239
838 321 28 36 0.9119777 
910 429 30 38 0.85828054 
949 221 23 31 0.67307764 
929 319 27 35 0.6410566 
860 221 27 34 0.5327752 
847 420 26 34 0.52381223 
43 310 28 37 0.34532318 
694 173 25 31 0.33645722 
29 215 29 37 0.29933047 
770 255 28 35 0.29128525 
261 144 61 73 0.23027404 
328 209 25 34 0.21768503 
537 536 25 30 0.18838686 
743 207 23 30 0.17774823 
416 527 24 29 0.17539491 
778 103 25 31 0.1474455 
0 419 21 34 0.1350042 
772 410 25 29 0.10636797 
339 531 20 24 0.105599396 
993 335 20 27 0.098129526 
927 122 26 34 0.09081299 
242 153 53 69 0.090211995 
431 529 21 26 0.08895431 
626 173 38 47 0.084041454 
300 199 40 53 0.07880697 
288 157 41 52 0.07662841 
229 166 29 42 0.07597372 
852 209 26 32 0.07533036 
460 151 25 32 0.074723296 
277 161 34 42 0.06986678 
150 261 23 28 0.0689033 
672 202 21 29 0.06612037 
359 532 18 23 0.065197326 
522 127 22 27 0.06386617 
334 588 20 24 0.06273255 
976 331 21 28 0.061974734 
478 149 23 31 0.059243627 
742 220 35 44 0.058957253 
381 485 22 26 0.058745116 
378 517 20 25 0.05866404 
309 528 21 25 0.057938434 
458 565 16 20 0.05711613 
938 312 26 32 0.056845933 
636 542 19 24 0.05659794 
710 174 21 28 0.05645688 
254 197 29 39 0.055767953 
304 156 27 33 0.055379655 
600 227 47 57 0.054116525 
521 535 19 24 0.052957926 
633 234 44 51 0.0523768 
712 157 22 29 0.051918603 
467 540 17 22 0.04897345 
150 274 24 30 0.047813207 
770 425 26 33 0.047760896 
667 190 34 46 0.046875756 
769 350 30 38 0.04655107 
484 538 17 21 0.046166025 
172 120 27 34 0.046146333 
235 540 23 29 0.044164103 
335 571 19 22 0.04365522 
744 250 24 31 0.042349868 
534 200 22 28 0.042221002 
379 531 19 24 0.04215618 
440 144 36 46 0.042139184 
509 104 21 25 0.04161365 
-1 331 20 29 0.041583993 
719 247 27 34 0.04147179 
950 247 23 30 0.041449446 
690 194 25 31 0.041247685 
940 122 23 31 0.04119854 
51 41 29 35 0.04079801 
618 178 25 31 0.040275913 
367 519 20 24 0.039910648 
565 542 21 24 0.039836716 
78 296 25 33 0.0395404 
251 169 66 79 0.039535213 
434 107 24 29 0.0395024 
481 226 38 45 0.0393221 
966 228 20 27 0.03892272 
893 312 22 29 0.03876392 
843 122 25 34 0.038105823 
315 196 54 69 0.037826676 
443 176 21 27 0.037744995 
687 253 26 34 0.037436232 
778 249 36 44 0.037344906 
278 204 41 53 0.03680642 
946 170 20 26 0.036496904 
625 543 18 23 0.03645674 
221 168 56 78 0.03640043 
852 22 70 91 0.036379732 
537 232 23 29 0.036055908 
232 199 28 39 0.035940405 
488 245 25 30 0.03583826 
338 521 20 23 0.035676386 
677 159 47 59 0.035643376 
891 328 21 28 0.035380207 
458 230 24 33 0.035165805 
994 410 21 30 0.034323286 
335 188 70 85 0.03414553 
848 492 23 29 0.0340853 
995 429 20 29 0.0336958 
666 223 23 30 0.03347478 
532 125 20 26 0.033326894 
532 226 38 47 0.0331146 
531 244 43 52 0.03308363 
539 518 20 23 0.03305923 
539 250 25 31 0.033039078 
517 148 21 28 0.03280063 
208 228 28 37 0.0326601 
690 277 26 33 0.032429356 
637 255 43 55 0.032169923 
515 516 18 23 0.032090012 
931 146 22 30 0.031590544 
491 515 18 22 0.031236224 
99 33 45 51 0.030911334 
867 250 24 31 0.030706426 
163 127 45 59 0.030556075 
8 130 19 33 0.030292355 
826 102 23 30 0.030048732 
771 114 34 44 0.029975688 
598 588 18 22 0.029817864 
439 165 35 48 0.029344523 
658 216 37 49 0.029214537 
977 354 21 27 0.029090151 
345 232 44 57 0.02903192 
970 305 22 29 0.028967094 
757 228 37 46 0.028953455 
994 280 20 29 0.028802948 
638 196 24 31 0.028440485 
305 217 25 33 0.0283037 
516 182 22 29 0.028297193 
596 164 67 75 0.028295418 
496 565 16 20 0.028249377 
136 257 21 27 0.027888633 
173 108 25 30 0.027742814 
872 327 23 29 0.027604641 
511 247 24 29 0.027581073 
847 275 24 32 0.027286718 
228 223 25 34 0.026941251 
669 179 22 30 0.026826255 
851 252 24 31 0.026766682 
872 310 23 30 0.02675408 
766 298 27 35 0.026716052 
256 596 20 25 0.026630854 
460 131 50 66 0.026394341 
894 251 23 30 0.02630155 
51 107 41 54 0.026287122 
870 176 23 29 0.025929559 
457 174 23 31 0.02587954 
459 198 22 29 0.025870407 
369 565 17 21 0.02580314 
162 106 24 30 0.025766363 
161 119 25 33 0.025661033 
972 252 22 29 0.025659654 
252 540 20 24 0.025648998 
260 249 23 31 0.025416639 
285 218 65 79 0.025394939 
144 286 40 49 0.025125058 
689 226 24 31 0.02474245 
893 229 23 29 0.024670815 
61 168 146 193 0.02448081 
914 127 52 70 0.024473675 
309 485 20 23 0.02446622 
896 176 23 28 0.024408435 
696 465 23 29 0.024282739 
828 0 23 28 0.02427961 
972 177 19 24 0.02418564 
927 173 21 28 0.02415028 
641 231 25 34 0.024105916 
451 213 49 62 0.023969764 
713 590 19 23 0.023849756 
434 254 23 30 0.02363996 
412 204 24 28 0.023453832 
715 193 34 43 0.023418067 
739 235 50 60 0.023393808 
513 191 35 45 0.023365254 
994 351 20 28 0.023268055 
494 106 20 23 0.023255562 
715 221 38 47 0.022918154 
845 179 24 30 0.022846797 
541 554 23 28 0.022674551 
445 614 19 24 0.022648724 
691 300 27 33 0.022628546 
254 151 29 37 0.02250011 
589 196 77 85 0.022449698 
864 427 23 30 0.022410017 
942 151 20 28 0.022332884 
498 230 61 69 0.022325087 
484 131 21 26 0.02232066 
176 202 27 36 0.02229641 
866 63 29 38 0.022146504 
766 134 37 48 0.022146408 
202 150 57 76 0.022115381 
512 233 22 29 0.021961339 
793 48 25 33 0.021950776 
14 130 36 56 0.021945942 
358 217 69 88 0.021938164 
445 563 20 22 0.021643324 
772 614 23 30 0.021618236 
635 560 19 23 0.021592854 
550 225 77 83 0.021546733 
842 105 24 31 0.0215326 
704 232 53 66 0.021464868 
388 227 64 78 0.02143457 
685 353 36 46 0.021360094 
867 122 24 30 0.021226047 
41 224 25 32 0.021185305 
735 380 38 43 0.021159 
663 510 19 23 0.02096093 
823 121 24 33 0.02095655 
358 337 38 51 0.020947061 
926 105 25 32 0.02090597 
762 255 46 56 0.020889856 
557 253 26 33 0.020880723 
441 228 22 27 0.020880556 
560 227 24 30 0.02087377 
-62 510 352 364 0.020796118 
658 253 25 32 0.020773143 
522 188 51 65 0.02076898 
408 490 18 22 0.02073046 
675 256 53 66 0.020720266 
212 195 55 74 0.020570084 
670 157 24 31 0.020553205 
146 374 40 48 0.02052472 
519 251 61 75 0.020497322 
453 190 36 48 0.02049645 
370 486 21 24 0.020414542 
380 202 64 73 0.020309268 
825 198 34 43 0.020266056 
508 481 18 24 0.020261226 
763 207 24 30 0.020238724 
740 352 40 46 0.02014949 
765 373 37 44 0.020113453 
203 274 23 31 0.020091277 
535 277 29 36 0.020082079 
-6 313 47 63 0.020062124 
602 198 47 52 0.020037482 
648 517 18 22 0.020005718 
354 249 26 34 0.020003662 
