56_Voter_peoplevoting_56_874
322
970 248 39 72 0.91182095 
675 443 91 140 0.90224195 
592 326 32 39 0.6607534 
664 250 27 35 0.6416756 
780 297 45 62 0.599037 
155 279 27 32 0.5716277 
477 367 61 75 0.5351553 
585 206 24 31 0.43933582 
147 413 47 64 0.39739418 
960 413 54 75 0.33958668 
234 396 42 49 0.2865627 
94 337 24 31 0.28277656 
41 332 26 32 0.24501827 
517 207 20 23 0.23213033 
446 249 21 25 0.21546315 
513 274 24 30 0.18686247 
439 236 21 27 0.17882246 
499 375 36 47 0.176688 
384 347 40 59 0.1737555 
137 333 22 27 0.16565642 
536 310 23 30 0.165348 
558 298 24 31 0.150603 
359 262 21 28 0.14286564 
564 291 21 28 0.1377867 
328 252 23 29 0.12879111 
265 260 21 26 0.122870415 
20 301 22 27 0.122016326 
9 299 22 28 0.12082264 
310 252 23 28 0.11997824 
150 399 33 45 0.115625925 
403 255 20 25 0.11358395 
408 235 18 23 0.10916793 
274 258 22 26 0.10814488 
451 355 98 124 0.106933154 
782 335 46 62 0.103581145 
265 273 22 29 0.10343959 
394 230 19 23 0.10294014 
522 373 38 49 0.10023972 
134 346 31 42 0.097794846 
82 346 25 32 0.09677469 
319 336 46 64 0.095619045 
935 397 63 83 0.09334962 
403 273 22 29 0.08715623 
435 210 19 23 0.08499132 
172 282 22 28 0.08359177 
147 353 22 28 0.08193689 
886 281 43 68 0.0813134 
228 256 19 24 0.079248376 
574 207 20 27 0.078112565 
990 95 24 34 0.07732878 
4 154 25 32 0.07522535 
138 280 20 27 0.07152626 
185 250 20 25 0.07058856 
799 301 36 50 0.06916353 
395 260 20 25 0.06819053 
462 204 20 24 0.06688083 
737 302 41 54 0.06647918 
487 278 23 28 0.06628939 
172 305 23 29 0.06569624 
181 361 22 29 0.06548612 
19 287 23 28 0.06546848 
160 294 27 33 0.06377477 
213 333 21 26 0.06313896 
156 385 26 34 0.06294634 
695 412 72 104 0.06252425 
6 287 22 29 0.061485305 
493 232 18 22 0.06113523 
664 185 20 25 0.060259286 
390 265 30 40 0.05960975 
20 150 25 31 0.059015214 
128 420 34 49 0.058805715 
644 487 91 102 0.057995148 
774 98 21 26 0.05796585 
942 210 38 53 0.057611246 
331 237 21 27 0.056911215 
212 309 20 26 0.056872174 
419 209 18 21 0.05682751 
697 379 50 58 0.05653272 
206 281 19 25 0.055692144 
558 321 32 42 0.055141047 
598 344 38 48 0.055102333 
46 350 26 32 0.054802272 
456 240 21 26 0.054407343 
449 350 65 77 0.054368556 
268 266 33 40 0.054275215 
149 147 26 32 0.05423964 
541 320 25 32 0.054133747 
938 238 57 90 0.054057628 
146 269 44 55 0.053346235 
355 317 43 61 0.05326314 
506 357 30 38 0.05281958 
566 175 20 24 0.052791152 
563 156 21 26 0.05269107 
940 98 25 32 0.05260543 
344 338 58 80 0.052201554 
134 146 22 29 0.051971108 
879 96 26 34 0.05108491 
964 220 38 60 0.050822087 
512 226 18 24 0.05045161 
515 262 21 27 0.049922965 
58 305 21 27 0.049661256 
488 211 17 22 0.049219616 
384 325 30 42 0.04873136 
306 235 22 27 0.048100952 
152 261 23 28 0.047466706 
486 355 33 41 0.04623743 
224 328 21 28 0.045511123 
427 373 81 102 0.04494257 
589 185 20 24 0.044594407 
34 350 23 28 0.044367053 
571 224 22 29 0.043719158 
526 296 44 57 0.043718453 
59 282 20 25 0.04366985 
534 201 19 23 0.04344864 
767 80 19 24 0.043230098 
785 368 35 48 0.04286265 
231 277 21 25 0.042646244 
3 336 21 26 0.04255035 
308 365 39 55 0.042395964 
181 378 26 32 0.042135544 
990 176 25 33 0.042031474 
73 281 18 24 0.04182047 
786 274 37 51 0.041615263 
362 309 26 32 0.040765088 
438 279 20 25 0.040691502 
922 218 37 49 0.04067249 
618 204 20 25 0.040536027 
82 326 42 53 0.040526338 
590 312 25 32 0.04009404 
762 273 52 71 0.039472952 
713 315 34 43 0.03884272 
916 410 46 59 0.03856651 
618 178 18 22 0.038544055 
402 369 30 46 0.038515233 
459 356 32 39 0.03810201 
362 236 19 24 0.037443 
205 259 19 23 0.037340447 
129 307 21 28 0.037084695 
260 237 20 25 0.03694427 
990 431 28 45 0.0369061 
658 317 39 52 0.036806993 
0 173 21 28 0.036649283 
405 344 78 95 0.03654136 
288 239 53 62 0.036538865 
308 277 23 30 0.03647334 
830 418 48 70 0.036113806 
328 264 35 43 0.036102343 
32 322 43 52 0.035692677 
393 330 38 54 0.035667814 
736 102 21 26 0.035653513 
811 317 28 41 0.035579003 
384 210 17 22 0.03528591 
709 388 69 89 0.035080515 
538 183 18 24 0.03489643 
735 430 61 84 0.034147542 
144 171 42 47 0.033978473 
410 178 19 22 0.033946984 
147 336 21 28 0.033838507 
182 329 21 26 0.03382326 
150 487 41 50 0.033736467 
536 361 26 33 0.03349861 
3 198 21 29 0.033490658 
684 347 42 51 0.033120543 
51 437 25 31 0.033075348 
226 311 20 26 0.033057388 
895 256 63 86 0.033041578 
668 237 23 30 0.03276752 
184 234 23 28 0.03272798 
282 235 22 27 0.03271692 
87 566 60 82 0.03268311 
547 291 45 58 0.032605864 
74 308 20 26 0.032397065 
650 439 80 99 0.032341316 
610 224 24 30 0.032274783 
510 378 59 79 0.032249857 
256 222 112 129 0.03213327 
134 262 20 25 0.031853534 
313 240 48 59 0.03172201 
367 203 19 23 0.031646434 
645 181 19 23 0.031581454 
725 103 22 26 0.031203305 
169 430 34 46 0.031082667 
106 287 19 25 0.030783791 
521 182 19 24 0.030681388 
489 258 20 26 0.030659795 
3 352 21 27 0.030548042 
296 231 37 44 0.030510442 
655 409 69 83 0.030217227 
695 345 54 63 0.030175967 
29 254 21 24 0.030121643 
425 223 47 62 0.029903231 
229 235 19 25 0.029669477 
389 228 32 40 0.029668517 
686 321 36 47 0.029641652 
764 350 63 81 0.029455597 
99 150 20 25 0.029398777 
597 106 19 24 0.029376637 
538 255 21 26 0.029202653 
438 358 27 36 0.029121 
539 229 19 25 0.028783798 
461 374 33 41 0.028758895 
103 306 21 27 0.028735345 
640 202 19 24 0.028497975 
305 296 25 33 0.028371025 
632 319 38 50 0.028330032 
21 436 21 29 0.028298125 
75 378 24 31 0.02816746 
438 373 27 39 0.028151212 
48 404 25 32 0.028066747 
690 298 36 46 0.02802939 
335 283 100 123 0.02784861 
292 283 74 93 0.02766176 
731 274 44 60 0.027136909 
80 550 25 33 0.027099999 
747 372 69 93 0.026960585 
518 299 32 41 0.02683222 
78 402 26 33 0.026723105 
156 194 27 34 0.026670163 
906 366 63 85 0.026633043 
891 274 31 42 0.026568888 
175 248 34 43 0.026542503 
431 205 30 38 0.026532132 
502 122 34 43 0.026472576 
274 315 40 53 0.026448077 
792 255 29 36 0.026357615 
614 101 20 25 0.026334252 
68 450 36 47 0.026293144 
614 284 24 31 0.026274905 
809 424 54 77 0.026215727 
439 302 24 30 0.026158983 
649 255 23 31 0.025591591 
401 378 45 67 0.025509916 
965 202 35 50 0.02548679 
454 198 32 40 0.025235634 
336 204 21 26 0.025160987 
45 447 36 45 0.025144303 
535 282 20 27 0.02504725 
748 72 20 23 0.024947502 
461 185 18 22 0.024848996 
664 265 27 38 0.024821253 
694 375 34 42 0.024772411 
388 305 76 86 0.024735862 
935 451 54 66 0.02469069 
355 471 48 62 0.024625976 
136 374 57 73 0.024479939 
155 287 46 58 0.024392612 
334 2 30 32 0.02428996 
663 303 29 38 0.024179982 
573 194 45 60 0.02417243 
518 155 21 25 0.0240541 
605 362 39 47 0.0239688 
335 176 23 29 0.023956101 
506 267 46 58 0.023835603 
431 324 38 52 0.023723816 
890 404 59 77 0.023688136 
466 280 22 26 0.023685701 
344 257 46 58 0.023658492 
591 124 19 23 0.023571832 
439 129 22 27 0.023538085 
718 420 93 149 0.023466755 
803 272 39 54 0.023456724 
622 407 71 82 0.02331359 
135 446 67 82 0.023264222 
480 332 39 52 0.023207376 
508 325 37 47 0.023199046 
828 449 57 85 0.023092128 
451 328 42 53 0.02303783 
883 249 47 60 0.022992559 
25 407 23 28 0.022708993 
8 288 45 56 0.022540798 
166 347 49 62 0.022515062 
97 552 27 38 0.022396378 
840 429 60 78 0.02231436 
778 400 65 85 0.02229178 
129 176 24 30 0.022257706 
127 171 37 49 0.02213742 
619 467 89 101 0.02213355 
841 307 24 32 0.022081967 
105 422 37 50 0.02207325 
412 155 20 24 0.022066126 
730 292 70 84 0.022063583 
67 537 61 79 0.022042675 
259 204 19 23 0.021991111 
159 371 51 65 0.021981345 
460 128 22 27 0.021958448 
594 339 71 85 0.021934839 
630 342 39 52 0.021927014 
432 410 45 70 0.021915676 
204 355 21 28 0.02186837 
274 292 39 50 0.021759944 
654 240 44 56 0.021619443 
52 377 24 32 0.021575933 
74 578 47 57 0.021568652 
486 121 35 42 0.021532051 
553 377 36 49 0.021481497 
568 343 63 79 0.021400942 
724 331 60 74 0.021334207 
322 289 42 55 0.021298738 
377 301 37 50 0.02129695 
276 229 38 45 0.021216407 
211 397 56 73 0.021181915 
363 175 23 28 0.0211623 
876 302 27 38 0.021023799 
543 398 64 90 0.021002198 
52 145 28 33 0.020992642 
568 301 59 70 0.020859513 
247 271 79 99 0.020802323 
650 346 110 140 0.020792535 
712 354 29 36 0.0207733 
363 537 73 81 0.020766784 
672 159 18 22 0.020707307 
224 205 19 24 0.020707235 
562 355 23 30 0.020670258 
350 448 44 60 0.020578098 
8 437 20 27 0.020573532 
772 123 21 27 0.020531353 
91 531 39 52 0.020460233 
698 338 77 103 0.020348413 
593 302 65 73 0.020322524 
620 160 18 23 0.020155981 
740 354 26 34 0.02008269 
334 352 108 132 0.020040149 
