56_Voter_peoplevoting_56_620
90
129 190 54 68 0.96367735 
284 202 37 53 0.9339918 
364 197 24 31 0.49426773 
418 177 23 29 0.26993546 
241 318 52 61 0.26496214 
338 122 26 33 0.17766649 
156 149 31 38 0.15318066 
574 135 98 110 0.14996737 
375 197 24 31 0.123896435 
467 448 64 81 0.12009355 
362 185 24 30 0.1089556 
359 231 21 29 0.08459354 
812 141 44 57 0.08269118 
493 231 21 26 0.073811874 
352 244 23 32 0.06878268 
600 183 56 61 0.05728715 
360 352 21 26 0.05462659 
381 186 23 29 0.052853428 
207 201 36 47 0.052024674 
66 322 31 36 0.051254705 
532 208 20 24 0.048571333 
518 207 20 24 0.046800796 
222 209 25 31 0.044075042 
252 301 33 41 0.043596294 
353 186 44 55 0.04185851 
301 150 22 27 0.041261237 
294 182 38 50 0.041228063 
735 163 45 54 0.038984384 
641 149 71 87 0.037303265 
588 698 23 28 0.037072863 
159 206 44 56 0.036581386 
818 128 29 36 0.03646142 
407 347 330 388 0.03461728 
333 218 34 49 0.033316303 
462 259 20 26 0.032977022 
490 209 21 24 0.031681538 
167 582 41 67 0.031679045 
536 178 21 26 0.031131243 
291 151 21 27 0.0309433 
337 594 35 47 0.029750926 
101 354 29 34 0.029198883 
485 174 21 27 0.029055612 
509 228 21 26 0.029027335 
122 91 28 37 0.02892186 
949 -3 58 56 0.028789937 
709 136 76 97 0.028686743 
172 327 28 35 0.028656082 
383 226 23 30 0.028611876 
399 163 48 58 0.027732747 
468 330 21 25 0.027594289 
631 200 28 35 0.027528375 
417 339 20 26 0.027368516 
-3 153 31 62 0.027320387 
205 366 37 46 0.027226811 
532 226 21 25 0.025918333 
613 202 32 36 0.025899982 
329 109 45 59 0.025552638 
416 198 22 29 0.025394889 
584 151 59 69 0.025205458 
783 141 62 79 0.025092823 
604 110 133 147 0.02466021 
361 339 21 27 0.024322832 
606 115 81 87 0.024089957 
76 149 26 34 0.023304809 
486 251 21 28 0.023030527 
570 228 21 25 0.022827514 
333 205 21 30 0.022756726 
761 172 26 34 0.02267342 
462 233 20 25 0.02238932 
149 137 48 64 0.022105608 
848 759 24 29 0.021936426 
663 188 40 52 0.021911671 
330 230 50 66 0.021902937 
568 204 21 26 0.02163107 
744 173 26 32 0.021546781 
735 522 345 373 0.021380574 
720 59 24 29 0.021363338 
151 131 28 33 0.021143673 
203 171 37 48 0.021052495 
750 142 66 83 0.021005718 
469 174 20 27 0.020982211 
337 107 25 33 0.02092506 
495 365 20 25 0.020814078 
345 214 48 65 0.020708717 
435 359 21 26 0.020666555 
432 158 21 25 0.02044515 
1 405 71 92 0.020431016 
153 315 37 43 0.020368097 
485 160 21 27 0.02026144 
24 350 35 44 0.020070586 
