56_Voter_peoplevoting_56_344
170
309 50 21 28 0.6334415 
210 74 19 24 0.53944254 
463 84 19 26 0.30679983 
94 50 22 28 0.28937343 
897 78 20 25 0.2432691 
177 82 18 23 0.21971576 
260 56 25 32 0.21525505 
467 92 22 28 0.20907366 
977 67 20 28 0.16720968 
698 59 22 29 0.16172351 
391 122 27 34 0.15474652 
508 96 23 27 0.14446057 
176 97 19 24 0.122271255 
386 105 22 27 0.11491974 
155 31 22 28 0.11222951 
383 80 18 23 0.10486753 
343 83 18 22 0.10135847 
54 80 19 25 0.09421702 
795 84 19 25 0.088792 
738 72 20 25 0.076010786 
207 61 20 25 0.07578217 
278 55 21 27 0.07405137 
442 81 18 23 0.06947673 
159 125 18 23 0.068729386 
481 405 24 29 0.06836132 
550 79 17 21 0.06828606 
431 48 19 23 0.06603552 
493 50 19 24 0.06459181 
303 107 19 24 0.06425614 
468 56 18 22 0.063944735 
356 82 18 22 0.06153874 
123 106 18 22 0.061430354 
559 81 18 23 0.06094087 
292 104 19 23 0.06045164 
881 79 20 24 0.059945393 
280 71 18 23 0.05741537 
778 74 18 23 0.05723546 
508 84 19 24 0.05720009 
129 72 19 24 0.056072567 
848 49 21 26 0.054245554 
229 77 19 24 0.053838663 
165 78 16 21 0.053417932 
341 98 18 22 0.05284871 
488 80 20 25 0.052531987 
171 90 30 42 0.04900799 
642 59 21 23 0.04878356 
134 54 20 25 0.04859469 
619 52 20 25 0.047403138 
311 66 18 25 0.046196777 
10 101 19 26 0.045936756 
741 58 19 24 0.04539437 
483 97 23 29 0.045091603 
701 24 20 25 0.044528566 
715 68 21 27 0.043029577 
178 29 20 24 0.042169373 
420 50 19 23 0.042004857 
775 57 19 24 0.04181848 
30 202 20 24 0.040327184 
408 109 19 24 0.039388627 
644 72 20 25 0.03915111 
114 99 20 24 0.038995594 
360 101 18 23 0.03802836 
177 118 20 26 0.038017843 
134 30 19 25 0.03735159 
165 106 17 22 0.037180953 
179 52 19 23 0.036937382 
247 49 53 63 0.036488667 
614 100 23 32 0.036233675 
445 127 19 24 0.035829164 
208 98 17 21 0.034260042 
896 53 20 22 0.034198802 
26 43 18 25 0.03400633 
233 103 18 23 0.033595793 
257 97 20 25 0.033082485 
710 57 22 28 0.03287031 
644 361 25 28 0.03201035 
281 24 21 26 0.031898808 
973 95 19 28 0.031333502 
177 3 19 22 0.031187689 
156 3 20 23 0.031126957 
336 131 18 23 0.03059189 
54 94 20 25 0.030266985 
55 56 19 24 0.030151244 
34 186 19 22 0.030074108 
271 59 33 42 0.029715199 
150 152 17 22 0.029359054 
899 96 22 28 0.029231513 
664 367 511 580 0.028963566 
696 20 33 42 0.028875828 
775 70 31 38 0.028323121 
710 24 21 27 0.02831132 
450 63 49 63 0.028220935 
211 125 18 23 0.02809514 
373 99 55 71 0.02808269 
496 28 19 22 0.028028479 
392 28 20 21 0.027954139 
640 98 24 28 0.027700607 
137 157 20 24 0.027698169 
128 126 18 22 0.027581751 
301 352 23 28 0.02738822 
289 354 23 28 0.026859757 
916 80 17 22 0.026805779 
918 199 24 30 0.026684849 
420 43 36 41 0.026631888 
442 101 19 24 0.026615959 
777 100 19 23 0.026596652 
311 32 21 27 0.0257745 
501 79 31 38 0.02560225 
482 150 25 28 0.025592772 
437 70 32 40 0.025558252 
233 51 21 27 0.025279738 
332 203 25 30 0.025176397 
843 29 22 27 0.025159298 
337 75 28 37 0.025124745 
870 47 20 25 0.024936564 
129 1 20 22 0.024926666 
594 95 24 32 0.024841728 
335 186 23 27 0.024798207 
295 98 31 39 0.024597855 
21 107 17 23 0.024589516 
209 0 21 26 0.024506979 
-227 322 708 738 0.024359092 
845 74 19 24 0.024212904 
79 28 22 27 0.024201438 
361 53 17 21 0.024121087 
226 67 30 40 0.024060763 
314 223 21 27 0.024009364 
378 78 31 39 0.023824468 
180 179 17 22 0.023637958 
795 54 19 25 0.023625165 
432 32 22 23 0.023555806 
187 154 18 22 0.023391768 
715 4 21 25 0.023236593 
618 74 21 29 0.023128683 
43 180 21 25 0.02312325 
737 97 21 25 0.023095341 
766 132 22 27 0.022932453 
149 35 33 40 0.022893867 
872 26 23 28 0.022840617 
77 94 20 25 0.022445645 
462 123 22 27 0.022435049 
486 617 25 31 0.022412326 
303 156 20 23 0.0223067 
448 80 75 81 0.022284726 
27 28 22 27 0.022275414 
722 56 50 61 0.022253096 
389 54 18 22 0.022214463 
543 73 29 35 0.02210393 
480 78 32 40 0.022011217 
427 54 56 68 0.021923222 
-69 538 355 350 0.021922082 
101 30 21 26 0.021892935 
822 52 22 27 0.021883564 
232 26 23 27 0.021866454 
826 25 24 27 0.021787772 
336 93 29 38 0.021638168 
489 4 18 21 0.02159208 
81 37 40 53 0.021579996 
230 127 19 22 0.02145595 
192 60 46 61 0.021391027 
442 152 20 25 0.02122301 
415 76 18 22 0.021213429 
204 151 19 23 0.021118823 
776 90 31 38 0.02093535 
364 128 20 26 0.020906916 
160 72 30 41 0.02083039 
736 51 31 40 0.0206606 
630 50 37 42 0.020586222 
689 41 45 57 0.02057877 
387 512 23 28 0.020077819 
