56_Voter_peoplevoting_56_764
43
138 96 429 329 0.8768037 
215 136 248 224 0.15898684 
11 44 49 63 0.12945381 
145 91 175 231 0.055107098 
300 140 393 377 0.054582737 
146 217 304 328 0.045368623 
12 81 713 568 0.044373605 
620 30 23 25 0.043858312 
311 191 205 220 0.043830696 
577 -11 137 156 0.03279911 
437 59 527 516 0.032647554 
323 126 98 119 0.032595042 
827 252 180 188 0.032099105 
96 205 217 249 0.031828467 
696 30 26 29 0.030752528 
582 26 19 22 0.030684976 
539 5 23 25 0.02942641 
704 60 309 388 0.028522156 
619 6 22 23 0.026727319 
194 135 98 107 0.025366513 
0 70 41 69 0.025316406 
101 122 77 101 0.024759732 
620 44 27 31 0.024206074 
-44 277 364 379 0.024040326 
33 57 40 51 0.023919914 
311 111 70 98 0.023846546 
280 342 187 175 0.02341156 
612 19 44 47 0.023243139 
603 17 73 82 0.022639114 
-21 371 164 189 0.02249721 
878 29 28 30 0.022214498 
116 22 44 48 0.021893498 
344 169 147 144 0.021893011 
309 -39 299 311 0.021760501 
0 448 88 96 0.021648241 
665 1 22 22 0.0214221 
122 102 73 94 0.021008158 
585 4 19 21 0.020990727 
-25 458 164 184 0.0209255 
126 32 61 73 0.020902798 
321 174 67 74 0.020687334 
217 213 153 180 0.02009081 
409 147 29 35 0.0200571 
