56_Voter_peoplevoting_56_579
51
204 167 35 45 0.104802415 
195 169 57 72 0.07790634 
230 185 36 47 0.04268501 
826 1134 546 578 0.040036067 
597 120 33 41 0.03997622 
360 119 34 46 0.039165515 
716 106 36 49 0.034172785 
836 -133 543 601 0.034117296 
398 196 31 42 0.033651058 
599 1257 40 49 0.03263049 
290 152 34 40 0.032548282 
536 810 1071 1142 0.032186225 
213 205 66 89 0.031880777 
556 299 36 49 0.031732175 
762 1215 37 49 0.03153366 
814 802 524 595 0.031006772 
504 1268 41 53 0.030479474 
684 370 758 870 0.030443452 
365 151 33 44 0.029835898 
433 161 30 40 0.029216852 
479 198 29 41 0.029170344 
837 189 527 592 0.028959703 
560 -354 1063 1120 0.02884231 
438 191 203 242 0.02860587 
309 151 32 41 0.028520044 
432 688 124 141 0.028474158 
400 164 32 42 0.028075112 
712 86 35 44 0.02770374 
229 166 33 42 0.0275082 
342 180 208 241 0.02650758 
232 225 39 53 0.025886718 
567 1185 36 43 0.025874214 
518 215 136 164 0.02556117 
841 229 30 37 0.023567911 
739 808 99 127 0.023191102 
632 122 30 40 0.023184901 
286 126 31 38 0.022959456 
266 195 152 152 0.022939999 
42 128 249 299 0.022903675 
489 1106 106 119 0.02275286 
298 139 52 65 0.022421291 
384 181 53 70 0.021831164 
175 149 197 211 0.021659065 
600 151 33 41 0.0216056 
499 1173 278 312 0.021474293 
213 156 55 67 0.021335995 
472 233 30 43 0.02080169 
477 164 29 38 0.020520115 
280 228 202 241 0.020485701 
468 190 49 69 0.020306502 
52 254 363 610 0.020131271 
