56_Voter_peoplevoting_56_873
19
475 177 107 136 0.9950035 
991 566 32 49 0.08666503 
754 179 512 625 0.045282967 
806 1104 537 555 0.035865407 
72 154 41 49 0.03363704 
0 1332 32 48 0.032751374 
784 734 523 604 0.032108117 
520 757 1064 1133 0.030969214 
-1 9 95 134 0.030954985 
617 1431 33 39 0.029741352 
647 -215 777 864 0.029277792 
741 454 499 600 0.028437894 
181 1459 34 40 0.026804743 
7 2 37 45 0.02596657 
35 11 37 45 0.025537811 
992 345 29 43 0.02215102 
17 8 65 76 0.021428524 
543 108 100 133 0.021172864 
807 281 33 41 0.021034941 
