56_Voter_peoplevoting_56_723
20
676 1069 86 116 0.9964443 
329 1095 88 118 0.9949085 
190 84 441 504 0.86010385 
411 242 442 500 0.14927723 
116 604 302 342 0.0870116 
996 937 24 33 0.04213291 
198 117 267 270 0.040509276 
128 335 394 497 0.038113732 
916 1037 57 82 0.037378445 
941 927 27 33 0.036878992 
13 153 417 515 0.035086583 
112 972 49 67 0.034956254 
976 934 23 32 0.028399155 
872 978 34 41 0.028144013 
561 978 30 40 0.024349388 
562 171 31 37 0.023408638 
390 989 79 108 0.023376284 
55 960 49 76 0.02099757 
729 1061 98 116 0.020585557 
833 1048 90 113 0.020172765 
