30_Surgeons_Surgeons_30_491
41
558 89 207 209 0.9203863 
703 28 168 200 0.70200396 
258 70 234 265 0.6360242 
623 519 118 129 0.24050966 
762 60 81 109 0.18373509 
311 136 151 153 0.102508254 
182 61 188 232 0.08596183 
558 501 107 149 0.056669477 
628 60 129 167 0.047555454 
294 134 272 323 0.047022846 
670 487 104 109 0.044500377 
591 158 103 107 0.041995496 
533 521 45 58 0.040908612 
145 47 120 187 0.039574217 
374 605 162 169 0.033496242 
495 493 86 108 0.030778762 
779 37 73 91 0.029284203 
480 198 194 240 0.028807828 
721 54 92 102 0.027851459 
493 128 170 189 0.02772524 
452 512 80 104 0.025954152 
643 553 74 73 0.025890555 
417 551 134 173 0.024737008 
482 555 159 182 0.024611475 
691 98 99 137 0.024379652 
847 69 69 98 0.024261476 
573 463 203 212 0.024180194 
686 451 96 104 0.023785314 
651 462 83 100 0.022937289 
381 131 166 178 0.022584306 
409 517 88 96 0.022494815 
593 477 77 115 0.022308607 
586 563 74 102 0.022088958 
304 21 177 178 0.022020329 
553 534 27 37 0.021741308 
201 44 74 101 0.021367721 
435 489 77 89 0.02121146 
684 561 35 36 0.020713953 
381 490 150 181 0.020664053 
911 414 63 92 0.020615902 
461 553 78 107 0.020534908 
