30_Surgeons_Surgeons_30_911
122
585 419 125 157 0.89020354 
489 711 84 107 0.1891409 
330 449 34 41 0.12713899 
565 740 25 36 0.114957534 
723 629 26 35 0.11323094 
948 680 30 41 0.070379466 
145 653 45 49 0.06117088 
113 579 34 58 0.05965742 
408 355 67 80 0.048704013 
353 481 86 101 0.046648365 
509 400 213 267 0.041120183 
426 659 31 38 0.0401773 
716 830 24 31 0.03848521 
688 752 47 55 0.037824355 
593 638 27 33 0.037558667 
713 476 94 106 0.037056573 
345 488 57 67 0.036811985 
567 810 26 32 0.03677838 
866 662 28 38 0.035907656 
348 528 102 95 0.035533175 
540 729 56 74 0.03550833 
518 699 66 84 0.035417493 
866 649 68 84 0.035276942 
648 719 77 89 0.034441747 
853 758 62 90 0.03418896 
896 658 56 78 0.03328218 
534 636 27 36 0.03291058 
410 360 32 39 0.032802794 
618 627 126 138 0.032590166 
732 634 27 35 0.032390196 
225 596 41 55 0.03233023 
462 670 140 165 0.03232584 
347 451 32 39 0.032193262 
589 785 25 32 0.031830933 
350 463 157 188 0.031755492 
443 340 48 61 0.031291023 
550 321 62 78 0.03116488 
824 751 66 91 0.031041937 
250 616 42 54 0.03084817 
457 710 24 32 0.030713392 
671 359 150 170 0.030049851 
550 645 81 98 0.029776976 
327 437 59 70 0.029744552 
324 502 66 79 0.029660035 
643 592 85 93 0.029271528 
421 645 54 63 0.029118506 
650 644 43 54 0.028894406 
867 778 79 107 0.0288526 
422 590 88 99 0.028639095 
593 650 37 45 0.02831883 
745 322 132 144 0.027861517 
686 629 23 34 0.027789483 
376 560 49 53 0.027745476 
324 569 39 52 0.027640171 
460 728 71 91 0.02729722 
605 633 87 98 0.02713165 
598 635 41 46 0.027077314 
353 501 34 42 0.026433017 
708 807 38 51 0.026125576 
301 561 54 71 0.026027037 
834 653 61 79 0.025999479 
566 642 25 33 0.025912646 
437 644 87 98 0.025885046 
586 516 158 222 0.025837848 
490 587 90 106 0.025512017 
532 687 42 55 0.025503054 
523 350 66 86 0.025323424 
240 573 54 68 0.025173336 
528 305 66 78 0.025165163 
710 612 37 50 0.025040312 
354 568 43 53 0.024993505 
391 573 93 98 0.02491815 
668 635 28 35 0.024847308 
746 362 165 190 0.024416044 
452 704 39 53 0.024301318 
356 479 30 39 0.02428232 
510 742 31 42 0.024263438 
384 476 30 41 0.023971347 
701 351 78 106 0.02374714 
538 712 28 37 0.023723867 
682 727 52 54 0.02343499 
536 736 26 35 0.02332663 
255 583 28 36 0.022970889 
587 770 25 33 0.022899223 
793 325 21 27 0.022847885 
457 330 27 34 0.022789622 
85 590 65 90 0.02273771 
146 658 67 74 0.022724861 
516 764 49 63 0.022602314 
384 576 29 34 0.022592021 
430 354 32 41 0.022560814 
800 358 23 29 0.022540173 
554 781 40 51 0.022450743 
618 849 44 54 0.022312243 
547 713 42 58 0.022279447 
569 745 55 70 0.022235893 
860 802 44 63 0.02213293 
357 585 26 32 0.02185277 
305 522 40 53 0.021809993 
562 320 29 39 0.021776015 
121 560 26 35 0.021599995 
319 537 62 77 0.021360513 
743 329 77 91 0.021316947 
561 714 54 72 0.021269921 
777 344 78 95 0.021107713 
563 648 35 47 0.02091563 
689 704 73 81 0.020868666 
701 767 42 57 0.020697998 
890 746 81 118 0.020657357 
323 591 45 62 0.020573655 
160 691 61 72 0.02056419 
197 548 77 96 0.020507416 
622 377 229 290 0.020477094 
602 580 90 102 0.0204096 
284 879 79 82 0.020332485 
515 708 27 34 0.020239938 
120 720 61 80 0.020178769 
349 589 45 59 0.020151615 
898 628 58 75 0.020135975 
687 590 79 93 0.020084303 
775 754 71 85 0.020041179 
561 584 89 107 0.020023534 
