30_Surgeons_Surgeons_30_533
38
496 264 47 58 0.98781663 
844 196 28 33 0.1717955 
837 251 30 35 0.122762896 
560 300 25 33 0.11054591 
688 102 54 72 0.08531145 
436 382 31 37 0.0646004 
563 286 24 31 0.053941768 
697 348 39 50 0.053760067 
690 259 24 33 0.048300877 
345 173 19 27 0.044318553 
894 198 70 84 0.043005757 
518 456 27 35 0.03933522 
993 248 21 31 0.035984002 
347 273 35 48 0.03286919 
431 358 39 49 0.0310786 
563 326 27 34 0.030564507 
912 204 42 55 0.028732043 
653 395 518 576 0.028717656 
176 221 29 41 0.02831194 
514 438 56 68 0.027294675 
534 477 24 28 0.027020788 
-67 519 353 360 0.026996247 
814 399 60 68 0.025989136 
692 334 25 32 0.02595584 
748 125 293 393 0.02558521 
922 209 26 34 0.025337104 
354 332 24 31 0.024982218 
531 462 24 31 0.024106713 
305 511 20 24 0.02345725 
436 356 26 30 0.022380888 
818 415 28 31 0.022358943 
387 350 23 28 0.022072647 
563 446 37 45 0.021685105 
499 417 46 57 0.021231046 
-214 297 687 747 0.02076981 
559 257 21 27 0.02051435 
619 425 38 50 0.020354874 
487 232 27 32 0.020026922 
