30_Surgeons_Surgeons_30_554
167
850 222 60 71 0.9135263 
767 204 55 77 0.73453885 
503 225 44 52 0.3504125 
51 297 31 35 0.19817021 
963 353 41 54 0.12721859 
451 491 46 55 0.11398011 
759 256 49 63 0.105975516 
339 268 53 54 0.08471159 
567 303 72 94 0.06208206 
139 401 164 169 0.059249308 
649 337 70 81 0.058789354 
561 161 43 64 0.0568548 
612 530 28 37 0.053695027 
405 459 26 34 0.04981074 
477 480 28 35 0.046763055 
443 484 71 93 0.046512958 
391 361 46 55 0.046147 
-55 487 370 382 0.045552988 
368 261 44 51 0.045282267 
147 233 53 56 0.045187723 
406 466 40 49 0.043556854 
512 404 76 94 0.043522164 
567 192 26 36 0.042778507 
331 278 33 36 0.042059544 
260 447 64 78 0.04171069 
385 250 30 37 0.040882666 
812 194 69 90 0.040829066 
865 234 66 80 0.040250998 
297 455 56 68 0.03979225 
508 577 41 54 0.03955642 
723 102 71 86 0.039384574 
43 286 58 65 0.039187446 
183 192 84 100 0.038885195 
261 464 24 32 0.03844084 
925 105 56 65 0.03682473 
638 578 91 117 0.036605902 
307 472 33 42 0.03652119 
161 218 50 53 0.03569818 
237 336 82 100 0.035514478 
352 297 32 37 0.035180274 
513 534 27 34 0.03432515 
640 411 84 115 0.034086276 
251 453 43 54 0.033972625 
167 438 95 108 0.033721462 
-165 279 716 733 0.03275236 
412 445 68 85 0.032569077 
679 334 77 83 0.03249262 
559 214 38 50 0.032258768 
396 108 72 88 0.03156568 
309 233 110 108 0.031187778 
624 349 71 84 0.031097872 
550 115 59 87 0.030964551 
822 463 70 88 0.030583195 
646 420 47 60 0.030563023 
482 455 76 91 0.03018571 
475 515 51 63 0.02997745 
373 430 56 76 0.029977439 
521 412 115 155 0.02979573 
202 206 112 130 0.02969796 
604 327 69 90 0.029692613 
883 241 41 48 0.029527383 
333 296 29 33 0.029084757 
573 184 39 52 0.028911239 
747 527 345 362 0.028664961 
383 319 43 52 0.028657315 
234 409 70 87 0.028650187 
579 509 65 77 0.028572341 
436 483 28 35 0.028416244 
202 402 75 99 0.02829861 
214 226 63 81 0.028178863 
323 597 74 75 0.027884418 
472 484 155 168 0.027864398 
527 228 31 40 0.0273752 
384 378 63 82 0.027297422 
307 460 28 36 0.026931928 
488 508 72 86 0.026671007 
483 400 24 30 0.026444454 
363 536 71 81 0.026380118 
367 460 56 71 0.026342299 
371 493 42 53 0.02623437 
291 351 64 80 0.026224863 
478 505 29 37 0.026112055 
394 545 43 58 0.026085129 
113 445 400 391 0.026030552 
575 214 41 54 0.025893303 
491 192 63 78 0.025875142 
368 290 46 54 0.025643218 
314 348 44 53 0.025618687 
319 471 124 134 0.025389433 
577 505 130 165 0.025330653 
311 544 127 139 0.025289362 
635 342 43 58 0.025280183 
344 474 66 81 0.025146961 
46 319 28 35 0.024736267 
663 525 87 108 0.024728421 
262 186 126 134 0.024722647 
193 236 47 54 0.024559991 
74 113 264 320 0.024484405 
298 274 65 78 0.024471741 
332 291 72 80 0.02442329 
969 418 44 69 0.024246966 
482 464 25 32 0.024136482 
460 529 94 103 0.024039408 
352 590 74 76 0.023991648 
188 217 46 53 0.023936564 
543 255 73 91 0.023685882 
142 216 84 99 0.023587035 
313 437 26 32 0.023576438 
253 233 23 30 0.02356428 
557 234 42 53 0.023448046 
293 420 68 82 0.02343658 
497 541 46 61 0.023340104 
591 477 92 127 0.023280798 
268 355 38 49 0.0232201 
242 239 40 51 0.023166949 
319 178 120 129 0.023076873 
273 475 93 97 0.023045806 
842 500 26 36 0.023037981 
366 523 140 144 0.022831466 
333 258 27 32 0.022803962 
283 477 26 32 0.022736905 
137 255 56 61 0.02266536 
586 262 67 86 0.022559267 
510 424 44 51 0.022496624 
167 234 136 166 0.022457639 
405 525 40 57 0.02245654 
440 504 27 36 0.022267118 
382 488 25 31 0.022176426 
214 463 87 95 0.022153553 
387 236 26 31 0.022089163 
201 230 24 31 0.02190652 
386 432 26 36 0.02185322 
468 389 53 66 0.021818902 
482 435 23 30 0.021653187 
519 144 68 88 0.021619957 
566 310 680 735 0.02155033 
620 451 116 162 0.021459328 
962 387 46 65 0.021403143 
166 515 151 183 0.021350266 
605 410 69 84 0.021338224 
65 301 29 34 0.021193724 
279 464 23 29 0.021118548 
24 297 319 368 0.021099385 
326 330 23 27 0.020964522 
397 483 64 79 0.020953732 
625 218 42 48 0.02076283 
10 176 63 106 0.020702647 
489 132 69 79 0.020685809 
177 135 100 128 0.020679573 
355 398 71 87 0.020647842 
333 421 102 124 0.020588787 
467 417 58 70 0.020578232 
660 316 51 62 0.02056104 
832 552 47 53 0.0204546 
233 186 67 78 0.020432916 
319 315 42 49 0.020427924 
31 291 40 52 0.020402433 
431 460 26 33 0.020391103 
489 230 30 35 0.020371418 
384 588 28 34 0.020264974 
373 578 48 51 0.020226752 
657 368 81 86 0.020169256 
875 103 25 31 0.02011662 
788 203 63 83 0.020080836 
317 331 22 27 0.020079996 
499 472 45 59 0.020021396 
515 431 25 31 0.020017883 
