30_Surgeons_Surgeons_30_95
160
591 189 60 74 0.84667665 
767 216 72 92 0.38173315 
803 236 70 84 0.09934402 
564 109 20 25 0.07680283 
457 363 88 100 0.06710203 
579 174 46 60 0.065430254 
572 155 23 29 0.059901968 
725 183 45 58 0.058366496 
573 150 35 46 0.05794022 
369 204 38 56 0.05765827 
846 183 38 52 0.050467875 
155 84 22 27 0.0498615 
561 162 38 49 0.04926712 
741 223 63 80 0.048519056 
352 188 66 88 0.04755961 
720 129 21 26 0.045170076 
869 428 100 97 0.044980448 
743 620 44 49 0.040902186 
839 157 24 28 0.0403208 
615 202 53 66 0.038750704 
720 150 25 33 0.038397346 
565 119 21 26 0.037667204 
152 29 132 160 0.03675533 
642 337 77 107 0.035622735 
866 192 22 30 0.03542026 
559 99 33 43 0.034282368 
326 91 26 34 0.034220655 
437 340 72 92 0.033677325 
463 398 131 132 0.03333063 
696 234 58 72 0.032723747 
484 71 20 27 0.03239275 
363 219 28 39 0.031908322 
702 196 58 78 0.031867206 
786 627 47 51 0.031772062 
833 149 38 45 0.031447954 
54 653 29 35 0.031238995 
315 318 66 94 0.030915717 
465 71 21 28 0.030812493 
729 501 356 379 0.030779582 
621 519 25 30 0.030177513 
447 386 60 67 0.030133499 
710 154 54 75 0.029967662 
542 507 372 360 0.029753258 
795 181 72 88 0.029574754 
819 1 24 26 0.029429642 
638 202 63 78 0.029350067 
714 126 35 46 0.029217703 
187 159 20 23 0.029194884 
711 529 46 53 0.028777262 
294 64 91 116 0.028704165 
841 164 35 46 0.028531084 
673 180 60 76 0.028450837 
195 287 65 93 0.02833939 
681 347 71 93 0.02804437 
589 489 84 87 0.027435793 
633 518 27 32 0.027386235 
-55 479 341 374 0.027308034 
841 239 59 73 0.026740413 
815 383 150 178 0.026700642 
824 156 24 29 0.026683485 
360 152 63 90 0.026605036 
754 605 50 53 0.02655821 
591 142 66 82 0.02642225 
744 155 64 86 0.026301714 
671 224 62 78 0.026156127 
813 247 35 44 0.026134875 
132 -2 87 86 0.026128244 
178 176 20 24 0.026024736 
994 109 19 27 0.025575144 
683 218 41 53 0.025408925 
816 158 42 50 0.025001585 
159 179 21 26 0.02494116 
810 530 45 49 0.024903016 
421 305 132 134 0.024895951 
723 192 65 90 0.024773022 
488 406 55 61 0.024623787 
830 220 48 64 0.024556296 
713 345 71 97 0.024546815 
337 345 65 97 0.02439006 
499 353 67 82 0.02433439 
332 514 362 364 0.02433025 
254 320 78 103 0.024267357 
762 227 34 46 0.02424077 
793 651 30 37 0.024132732 
279 345 80 103 0.02391441 
192 129 75 94 0.023897765 
610 109 20 24 0.023789085 
149 126 20 25 0.023709992 
389 153 52 79 0.023686515 
779 153 65 82 0.02353708 
594 127 19 23 0.023521239 
670 105 23 29 0.023482101 
319 195 68 78 0.023471313 
483 425 28 35 0.023417152 
517 436 105 101 0.02333799 
809 595 43 46 0.023274725 
281 82 20 26 0.023269285 
466 426 25 34 0.023256002 
202 227 25 30 0.023206228 
726 141 41 52 0.02313463 
32 287 20 27 0.023034785 
134 127 22 25 0.02303161 
412 20 22 24 0.022936665 
578 167 125 150 0.02293462 
306 75 55 68 0.022933139 
558 96 73 89 0.022897338 
177 174 78 98 0.022841355 
304 49 20 24 0.022626095 
696 127 19 25 0.022500584 
177 389 20 27 0.02249933 
394 188 35 55 0.022336934 
685 259 48 58 0.02226869 
694 154 20 29 0.022195315 
794 130 108 130 0.022137526 
614 635 25 27 0.022137173 
485 59 21 27 0.022127768 
759 501 45 48 0.021952031 
565 297 657 720 0.021815727 
810 643 42 48 0.021777803 
788 245 105 122 0.021698633 
412 6 24 26 0.021696113 
753 195 53 70 0.021694105 
815 638 27 32 0.021590024 
740 597 85 85 0.021587262 
315 80 20 27 0.02156818 
616 152 24 28 0.021543253 
414 401 23 30 0.021488706 
-53 116 251 325 0.021476548 
532 479 100 94 0.021457829 
579 605 44 45 0.021425659 
698 497 81 96 0.021344393 
301 177 23 30 0.021324882 
593 107 19 23 0.021240316 
924 249 37 48 0.021162132 
-194 288 672 734 0.021145929 
286 6 25 28 0.021131799 
820 478 145 159 0.021072995 
612 124 20 25 0.020970505 
774 194 56 74 0.020970108 
701 115 58 75 0.020936456 
789 510 28 34 0.020901794 
644 160 59 77 0.02079254 
404 198 22 33 0.020772496 
399 301 87 103 0.02071653 
844 228 27 34 0.020716093 
785 533 40 45 0.020669518 
766 506 153 150 0.020659076 
145 90 123 166 0.020650921 
111 542 74 96 0.020639569 
720 170 27 36 0.020603748 
154 -2 50 45 0.02051108 
562 185 45 56 0.020475406 
836 270 39 46 0.020433621 
677 150 57 72 0.020427898 
678 312 251 289 0.020372223 
821 276 60 67 0.020285277 
813 231 30 37 0.020099081 
815 265 37 47 0.02006942 
181 206 21 25 0.02005276 
652 493 75 89 0.020041902 
