53_Raid_policeraid_53_555
24
297 122 39 46 0.14153333 
286 131 41 53 0.0695852 
289 129 27 34 0.050391205 
248 181 69 91 0.04734326 
280 120 74 100 0.04175017 
237 100 22 27 0.034719057 
261 91 73 95 0.030312952 
304 109 27 32 0.030134546 
209 120 26 32 0.02868997 
257 149 68 90 0.028042316 
237 50 67 80 0.026230035 
252 98 22 28 0.023908637 
247 68 41 51 0.023685029 
212 171 78 88 0.022715623 
241 175 45 55 0.0225544 
0 178 20 25 0.0222228 
-3 4 23 31 0.021770528 
245 88 36 46 0.021704191 
264 144 145 188 0.021272007 
287 103 22 29 0.021040736 
228 12 85 87 0.020839447 
326 206 91 114 0.02079943 
255 80 23 30 0.020497017 
355 -6 42 42 0.020330865 
