53_Raid_policeraid_53_208
33
447 81 47 63 0.99769825 
699 65 43 61 0.99538004 
580 45 43 59 0.98850805 
890 54 52 76 0.98480946 
96 100 43 56 0.9718266 
303 86 39 50 0.89364487 
350 66 48 66 0.86116993 
371 69 46 61 0.728253 
323 63 49 65 0.1561071 
396 74 34 47 0.15452518 
277 60 46 58 0.05645451 
451 51 45 61 0.042716075 
99 284 42 49 0.039599556 
463 69 46 62 0.03886305 
255 59 43 52 0.038151074 
630 121 34 43 0.036204252 
358 52 32 40 0.03459805 
293 41 47 58 0.032607716 
755 529 345 368 0.03147469 
318 137 39 48 0.028273126 
403 46 40 53 0.026007606 
259 47 31 36 0.025307635 
276 46 35 42 0.02450073 
326 511 375 366 0.024131639 
254 16 49 50 0.024030685 
739 20 43 52 0.02401332 
370 242 48 54 0.023423005 
808 107 47 59 0.02327489 
585 319 677 740 0.022805918 
121 296 28 35 0.02231922 
761 92 30 39 0.022270113 
535 531 363 355 0.021510469 
379 5 25 27 0.020305708 
