53_Raid_policeraid_53_445
218
529 282 108 132 0.9995565 
216 200 42 53 0.98447555 
768 162 38 49 0.97424126 
124 168 40 50 0.95196664 
369 132 45 57 0.95181656 
971 153 35 53 0.8855135 
822 131 41 52 0.87206256 
616 149 41 55 0.86697793 
73 183 38 48 0.846105 
509 188 42 53 0.832893 
427 157 39 50 0.8179883 
12 418 69 103 0.7860938 
407 244 52 64 0.61269945 
757 250 41 49 0.42801002 
211 278 40 48 0.3895165 
307 203 31 39 0.36734733 
951 158 35 46 0.32442808 
0 234 25 37 0.30134255 
329 244 39 49 0.25281194 
389 137 52 67 0.2216081 
896 249 40 52 0.20652057 
80 274 34 43 0.1752479 
0 120 37 70 0.16452977 
129 418 61 88 0.16018891 
105 169 39 47 0.15360306 
304 403 34 43 0.14164448 
837 101 24 31 0.13129471 
711 169 36 46 0.12681341 
345 293 40 48 0.119680084 
553 135 39 53 0.11591093 
406 158 47 56 0.10180891 
131 154 33 41 0.10068276 
92 608 50 53 0.097983025 
903 220 36 47 0.09426037 
511 195 62 77 0.09025222 
275 274 40 52 0.08479108 
531 135 39 51 0.08260533 
239 194 42 55 0.07835666 
41 412 31 38 0.07812374 
464 106 21 25 0.07615175 
499 237 46 60 0.07573228 
22 68 20 28 0.07387162 
450 169 29 38 0.07373559 
329 176 29 36 0.07344428 
270 411 68 90 0.069398366 
323 196 31 39 0.06768524 
863 202 37 48 0.067662574 
959 211 38 55 0.06690976 
595 108 23 27 0.066341475 
690 155 25 31 0.064050265 
50 278 24 32 0.06330874 
804 254 41 48 0.06289566 
25 232 24 33 0.06096085 
173 125 27 33 0.059544902 
519 229 58 72 0.058802463 
961 178 42 60 0.058294304 
320 216 40 51 0.058258556 
896 172 27 36 0.05770713 
510 140 40 50 0.057237234 
334 262 40 49 0.057017226 
542 230 73 87 0.055393107 
827 98 24 29 0.054557864 
448 195 39 50 0.053641636 
566 96 21 26 0.053580344 
592 117 26 36 0.052536044 
144 407 31 36 0.051353313 
7 100 22 36 0.051170457 
686 72 22 29 0.050320152 
304 349 42 52 0.04971394 
207 374 36 46 0.04890596 
4 95 34 64 0.04829329 
492 195 40 52 0.047664642 
284 399 43 54 0.047099892 
155 123 23 29 0.04698732 
24 278 25 34 0.04674891 
871 94 23 29 0.04608624 
483 215 43 53 0.045091163 
381 180 43 54 0.044659298 
271 197 37 47 0.04459213 
152 294 44 53 0.044441193 
377 162 37 46 0.044368748 
897 155 26 33 0.044304293 
743 251 36 46 0.043287728 
455 211 38 49 0.04279317 
948 223 31 41 0.04164814 
107 96 19 23 0.04052835 
893 195 37 47 0.039664384 
346 215 41 52 0.038397714 
487 245 36 46 0.038067084 
27 407 42 66 0.03783995 
70 253 27 36 0.03759821 
799 82 19 23 0.037462246 
560 128 28 36 0.037420064 
674 72 21 28 0.037247207 
20 299 26 36 0.036503132 
14 63 31 49 0.036279276 
58 175 39 53 0.036259618 
494 307 66 85 0.03576271 
624 168 49 62 0.035551377 
948 100 23 29 0.035380136 
418 224 46 57 0.035313748 
442 236 52 69 0.035180774 
567 85 18 23 0.034913644 
87 183 44 51 0.034766614 
385 442 128 130 0.034670655 
602 211 47 60 0.034286436 
538 98 22 27 0.03425825 
794 96 23 30 0.03423429 
921 93 23 30 0.03413506 
166 279 39 50 0.033313323 
33 410 24 36 0.032928556 
774 251 43 47 0.03284287 
157 426 42 57 0.032762803 
610 121 26 34 0.032607272 
23 249 24 33 0.03245874 
839 200 41 50 0.03229522 
510 98 22 27 0.03227677 
126 342 43 50 0.03210419 
842 397 48 53 0.031536732 
187 77 20 26 0.03126334 
352 280 33 40 0.030955657 
301 244 40 52 0.030788122 
912 201 35 47 0.030639581 
661 127 24 31 0.030483812 
856 118 37 49 0.02993182 
68 205 42 54 0.0295938 
151 441 62 89 0.029546464 
128 408 45 57 0.029488454 
610 107 22 27 0.029446345 
272 244 42 56 0.029435059 
574 217 48 58 0.029287744 
24 205 23 31 0.02893878 
132 406 29 36 0.028664097 
51 250 34 44 0.028510451 
717 95 24 29 0.028503025 
308 385 58 69 0.028406966 
158 278 30 38 0.02829827 
817 82 18 22 0.02815544 
286 383 30 42 0.02812865 
387 104 24 29 0.028056487 
595 232 59 78 0.027899344 
294 264 40 51 0.027624192 
174 136 35 46 0.027515726 
815 151 44 53 0.027180526 
145 428 34 44 0.027167454 
660 93 35 48 0.0268056 
744 96 24 30 0.02670624 
329 428 124 129 0.02663287 
53 152 24 32 0.026452577 
395 438 76 81 0.026176466 
924 155 24 31 0.026129844 
50 552 48 53 0.025868027 
300 380 32 42 0.025640083 
203 243 43 52 0.025639314 
284 512 46 55 0.025594195 
35 264 49 62 0.025212174 
919 84 20 26 0.025154252 
846 83 19 23 0.02499015 
75 160 24 30 0.024786966 
412 108 21 26 0.024603738 
1 438 51 70 0.024526207 
947 236 38 53 0.024432791 
129 541 26 32 0.024250943 
52 127 21 28 0.024076343 
688 160 39 51 0.02407134 
874 85 20 25 0.024062682 
-223 293 694 746 0.023801101 
948 265 39 58 0.023684168 
437 104 20 25 0.02343094 
8 220 44 64 0.023355685 
944 306 43 64 0.023323053 
158 110 20 26 0.0231183 
296 438 81 96 0.023058169 
640 103 24 30 0.023021327 
925 173 24 33 0.02294175 
877 265 64 83 0.022796432 
100 348 72 91 0.02266723 
453 282 76 97 0.022634638 
458 333 77 97 0.022625392 
632 125 39 55 0.022541746 
752 534 344 357 0.02248482 
555 157 40 54 0.022407718 
774 512 76 93 0.022372173 
4 260 37 55 0.022288648 
691 92 23 30 0.022254175 
175 106 21 26 0.022231888 
40 410 60 79 0.022223806 
218 389 36 50 0.022194147 
273 477 67 82 0.022183359 
923 126 22 29 0.022179889 
849 399 29 34 0.02213165 
-68 515 350 356 0.02207555 
482 167 42 54 0.021945352 
697 538 81 81 0.021740437 
167 405 41 54 0.021735804 
258 426 44 55 0.021543952 
181 418 106 136 0.021480907 
903 245 62 81 0.021363782 
143 184 36 44 0.021314152 
427 417 72 82 0.02116875 
15 353 101 143 0.021159569 
121 531 55 64 0.021051005 
746 84 20 25 0.021029824 
208 399 27 37 0.020966912 
584 316 662 729 0.020922631 
951 235 65 92 0.020903569 
134 130 21 28 0.020872274 
55 556 28 33 0.020842928 
10 149 38 59 0.020739885 
49 103 19 27 0.020684958 
341 338 72 84 0.02062134 
394 226 83 105 0.02058841 
987 163 30 44 0.020586383 
958 286 34 59 0.02047472 
73 447 108 139 0.020249626 
434 129 23 28 0.020219702 
352 191 39 50 0.020003842 
269 520 64 81 0.020001894 
