53_Raid_policeraid_53_770
144
197 57 58 75 0.9977477 
395 90 53 68 0.8821438 
438 343 26 36 0.13999817 
428 159 75 98 0.11433096 
37 334 19 24 0.0859603 
845 125 19 25 0.07316623 
46 336 20 25 0.05834211 
717 512 367 384 0.054147936 
868 243 27 34 0.047260374 
840 225 28 35 0.047006693 
956 159 19 25 0.044257145 
836 222 57 70 0.042151596 
187 367 44 53 0.04181272 
33 389 45 54 0.039148834 
829 228 25 31 0.03844363 
817 343 73 101 0.037033144 
229 51 59 80 0.036735464 
848 409 21 27 0.035009358 
304 23 24 31 0.03456258 
523 311 681 727 0.034407087 
64 199 42 58 0.03383563 
59 304 20 24 0.03376811 
902 229 20 27 0.03287896 
463 211 41 50 0.032057498 
47 355 23 29 0.031767428 
222 359 56 68 0.03162993 
868 209 21 24 0.031345416 
844 245 29 36 0.031190038 
78 312 19 25 0.031188158 
-235 328 712 741 0.031178033 
-73 535 358 356 0.030562209 
10 259 21 27 0.029911341 
95 230 76 90 0.029882628 
563 102 24 30 0.029545112 
872 425 21 28 0.029506361 
82 361 25 31 0.029232716 
851 388 22 27 0.029231349 
795 174 18 23 0.029198173 
693 459 19 23 0.029038856 
424 98 37 48 0.028738817 
268 59 39 54 0.028512634 
261 0 25 27 0.028491035 
805 161 16 20 0.02846561 
867 383 22 28 0.028447496 
4 357 18 26 0.02829115 
737 200 21 26 0.0282716 
815 357 23 28 0.028165475 
900 208 19 23 0.027979363 
870 411 22 29 0.027836613 
854 370 40 50 0.027752953 
93 462 61 87 0.027660284 
846 209 24 30 0.027480526 
826 132 19 24 0.027473116 
143 84 37 50 0.027250158 
274 395 40 50 0.026526444 
492 470 397 386 0.026489588 
109 326 23 30 0.026450139 
195 438 38 53 0.026406314 
426 327 45 63 0.026372734 
519 95 38 50 0.026370015 
927 182 18 23 0.026273282 
30 244 114 146 0.026237546 
136 534 367 350 0.02597217 
954 170 19 26 0.025567884 
182 303 20 25 0.025359616 
32 316 52 63 0.025237601 
161 398 66 90 0.024911368 
43 379 31 38 0.024902271 
150 303 21 27 0.024772981 
74 367 41 50 0.024362221 
928 155 17 21 0.024182651 
91 431 37 51 0.024168827 
736 239 238 299 0.023873817 
775 180 17 21 0.023853263 
38 415 46 61 0.02374425 
116 200 71 89 0.023692627 
54 299 31 40 0.023652246 
925 203 18 22 0.023541551 
859 395 37 49 0.02350044 
821 155 17 23 0.023490855 
44 467 44 62 0.023451839 
646 172 22 27 0.02338682 
100 309 21 28 0.02337732 
497 525 95 95 0.023345942 
833 343 48 55 0.023175944 
668 337 125 161 0.023175461 
755 330 123 167 0.022966253 
566 80 20 26 0.022915013 
109 274 24 32 0.02289882 
410 72 47 60 0.022879034 
1 331 19 26 0.022788135 
458 533 21 27 0.022746135 
678 85 141 166 0.0226746 
241 391 43 50 0.022670778 
407 115 79 104 0.022558764 
718 38 147 180 0.02242266 
839 392 40 52 0.02236138 
483 168 26 34 0.022247547 
72 423 43 58 0.022157392 
274 85 37 49 0.022137204 
893 154 18 21 0.022131009 
169 145 44 54 0.022118373 
798 230 21 25 0.022020718 
124 456 24 35 0.021965643 
558 119 24 31 0.021947067 
866 341 58 74 0.021918625 
726 183 20 25 0.021898719 
237 169 45 56 0.021880426 
640 161 36 45 0.021832354 
797 300 22 28 0.02178282 
113 254 112 139 0.021659082 
422 391 67 91 0.02165411 
286 7 56 70 0.021626417 
991 255 20 27 0.021581339 
697 325 24 29 0.021578051 
85 335 73 92 0.0215271 
69 391 44 54 0.02152198 
39 437 56 75 0.02151693 
696 180 20 25 0.02142869 
333 221 38 48 0.021380208 
824 207 21 26 0.021283146 
26 157 24 28 0.021282205 
30 309 19 24 0.021172276 
717 187 38 44 0.021122081 
277 49 25 35 0.021110972 
53 457 64 86 0.021024756 
195 387 64 84 0.020906901 
85 268 84 98 0.020889249 
121 330 24 31 0.020686276 
72 449 29 41 0.020625522 
811 346 42 50 0.020573685 
797 385 71 87 0.020565093 
684 371 67 83 0.020527588 
489 149 62 82 0.020513231 
0 383 21 27 0.020464825 
152 76 26 36 0.02041885 
822 380 22 28 0.020356225 
21 176 25 30 0.020282181 
662 174 19 24 0.020276587 
839 255 44 57 0.020244827 
156 344 70 88 0.02018061 
897 359 20 27 0.02005372 
712 406 25 30 0.020047856 
870 353 23 27 0.020023283 
