53_Raid_policeraid_53_107
77
221 84 44 54 0.43932867 
839 275 59 62 0.2767487 
310 390 85 93 0.09356183 
410 138 48 54 0.07169204 
231 532 64 94 0.07023478 
209 95 31 38 0.063815095 
453 343 68 84 0.059351444 
126 177 23 32 0.05711606 
631 547 69 73 0.05403544 
415 152 26 31 0.04316963 
246 94 27 38 0.042487416 
316 290 94 102 0.041540183 
833 417 60 55 0.038419127 
207 107 41 51 0.03789768 
404 106 80 96 0.03657915 
386 76 70 86 0.03242685 
455 273 67 75 0.030509135 
848 443 55 52 0.028938135 
450 157 42 52 0.028665943 
239 220 56 89 0.028553272 
428 150 27 32 0.02842255 
922 396 22 32 0.028006094 
407 100 23 27 0.027770784 
374 223 65 83 0.027750045 
238 101 41 56 0.027675904 
483 137 39 49 0.027630044 
311 100 21 26 0.026847307 
367 97 21 28 0.026352419 
411 213 69 81 0.025915937 
116 114 35 42 0.025451547 
494 148 22 29 0.025192197 
480 257 66 78 0.024922438 
272 184 155 187 0.024533335 
285 266 150 180 0.024457248 
259 373 63 73 0.024373887 
874 378 65 78 0.024331292 
216 124 45 62 0.024317166 
382 163 109 126 0.02419573 
450 303 71 88 0.023886895 
363 86 35 47 0.023478068 
556 386 22 27 0.023366803 
381 100 21 27 0.0231978 
305 330 89 107 0.023032166 
320 339 60 61 0.023001902 
282 96 20 26 0.022987776 
505 148 24 31 0.02282631 
419 294 67 83 0.022741145 
258 250 26 40 0.022546738 
186 102 21 25 0.02231824 
752 73 253 326 0.022155337 
339 301 57 62 0.022122685 
967 53 26 33 0.02195007 
423 154 44 52 0.021886516 
461 125 21 25 0.021590024 
422 243 75 89 0.021560946 
480 329 73 89 0.021484029 
222 188 113 153 0.021475192 
368 30 136 165 0.02143267 
208 74 45 52 0.02137002 
250 81 24 32 0.021106478 
650 421 520 555 0.021003867 
208 0 22 23 0.020928865 
232 182 61 92 0.020890353 
150 105 21 26 0.020878015 
251 207 238 290 0.020807223 
128 157 22 28 0.020775832 
384 283 67 84 0.020762658 
427 330 67 82 0.020591032 
-63 525 351 351 0.020547587 
8 351 21 31 0.02043846 
100 103 22 26 0.020375853 
84 99 21 26 0.02035423 
432 202 23 28 0.020334117 
492 130 21 27 0.020206807 
107 175 24 32 0.020166546 
379 139 40 50 0.020118272 
349 273 48 57 0.020004762 
