53_Raid_policeraid_53_674
124
832 64 40 49 0.8266276 
278 51 60 68 0.77270263 
505 67 37 45 0.70722085 
693 264 77 89 0.5198757 
556 219 44 61 0.36627886 
358 222 62 75 0.20209195 
354 97 25 33 0.18208717 
643 100 21 26 0.17714097 
71 57 24 30 0.16384703 
542 124 22 28 0.14440782 
683 119 23 30 0.12942468 
512 54 31 40 0.07465141 
150 99 23 26 0.06523522 
440 103 22 27 0.061565038 
404 98 22 27 0.059530273 
490 95 28 33 0.05687063 
431 155 27 33 0.048945066 
354 117 37 48 0.048233215 
302 89 36 44 0.047165126 
308 23 30 38 0.04437039 
270 14 70 80 0.044000182 
800 100 24 30 0.04149579 
537 227 46 66 0.040934104 
643 83 22 28 0.04021234 
457 319 59 76 0.03976151 
279 85 33 42 0.03943209 
528 70 23 31 0.03942639 
505 150 24 30 0.038795702 
540 107 22 28 0.037989285 
310 59 42 53 0.03735789 
123 98 22 27 0.035911933 
213 388 77 93 0.035549432 
642 120 22 28 0.035460163 
112 97 21 26 0.034819253 
494 148 24 31 0.034397777 
498 206 56 71 0.03411323 
190 302 116 141 0.03380162 
508 123 25 30 0.032968353 
359 140 30 39 0.032922693 
493 74 30 37 0.032544404 
200 96 23 29 0.032473497 
669 109 22 29 0.032333635 
787 253 47 58 0.032321654 
636 111 37 44 0.031085696 
755 528 341 364 0.030656515 
490 80 48 57 0.03004526 
759 242 70 84 0.029590087 
184 138 38 47 0.029402534 
322 88 41 52 0.029279863 
893 83 21 27 0.028304894 
460 104 23 29 0.028014544 
438 122 24 28 0.027928788 
894 96 21 27 0.02737692 
203 287 85 91 0.027285371 
379 229 70 92 0.027198859 
502 241 39 50 0.026332112 
606 241 41 56 0.026254483 
423 265 40 51 0.026226187 
671 203 113 138 0.026161972 
455 302 46 57 0.02599618 
437 80 22 27 0.025772458 
186 197 67 81 0.02572608 
172 579 26 33 0.025527483 
444 163 39 48 0.025521787 
514 29 22 27 0.02544274 
421 152 50 62 0.025324695 
252 319 72 86 0.02517203 
619 106 18 23 0.025080202 
460 25 24 29 0.024908848 
408 81 23 27 0.024823204 
184 100 22 26 0.024792673 
721 129 23 28 0.02443418 
557 230 65 86 0.024251824 
-64 526 352 356 0.02419779 
260 71 74 93 0.0241689 
657 102 48 59 0.02385282 
612 232 25 33 0.023614736 
492 49 59 75 0.023268146 
216 18 38 48 0.023172224 
567 172 23 29 0.023074584 
387 94 32 41 0.023002474 
421 271 63 78 0.022741113 
322 127 58 71 0.022701098 
594 106 18 23 0.02269251 
536 135 34 45 0.022598539 
273 217 45 54 0.022520775 
494 102 53 65 0.022389028 
510 221 29 39 0.02233756 
580 227 27 37 0.022123551 
156 83 21 25 0.02210164 
529 55 25 33 0.022084031 
173 174 114 129 0.021993678 
230 202 73 77 0.021992862 
368 137 37 48 0.021863643 
626 260 42 54 0.021814974 
368 491 69 91 0.02179975 
591 130 20 24 0.021794006 
205 81 23 28 0.021773675 
293 144 43 53 0.021722104 
237 422 60 82 0.021664256 
817 77 43 52 0.02158777 
107 129 20 26 0.021586884 
391 85 52 60 0.02143356 
225 1 24 28 0.021419382 
433 53 21 26 0.021345356 
560 1 22 25 0.021262046 
268 444 41 55 0.021202432 
560 166 37 48 0.02114965 
341 86 48 62 0.021075865 
612 3 23 26 0.021049911 
620 133 59 77 0.021017995 
494 329 60 79 0.02101693 
226 477 25 34 0.021006575 
565 208 28 35 0.020982716 
428 74 35 43 0.020940462 
491 128 53 66 0.020892065 
275 164 39 49 0.020718351 
524 335 54 75 0.020627398 
771 228 24 29 0.020589523 
790 108 39 49 0.02054393 
862 52 24 32 0.020308455 
614 21 24 29 0.020195192 
106 83 21 27 0.020158926 
487 115 35 45 0.020000212 
