53_Raid_policeraid_53_574
18
340 49 66 91 0.9993812 
129 41 86 109 0.99768686 
864 266 43 51 0.037191898 
180 9 57 79 0.03582098 
819 235 137 130 0.03281723 
792 270 83 93 0.027480258 
886 280 98 96 0.025274012 
771 293 83 109 0.02419817 
791 298 125 133 0.023918256 
850 313 100 104 0.02339427 
824 258 68 78 0.022806069 
867 217 41 46 0.021519152 
718 320 67 81 0.021226993 
866 373 84 94 0.020689242 
34 69 101 121 0.020582017 
849 285 72 83 0.020555831 
887 276 27 33 0.020486783 
793 434 99 103 0.020384971 
