53_Raid_policeraid_53_368
153
821 65 102 138 0.9986564 
554 124 39 45 0.6397698 
758 148 34 40 0.4885975 
314 410 20 24 0.18406767 
434 486 20 26 0.15031123 
594 298 28 37 0.10892398 
462 442 19 23 0.10653008 
459 455 20 25 0.10021247 
392 392 19 23 0.09339059 
35 101 18 23 0.087934814 
393 403 18 22 0.079176486 
625 223 37 49 0.077730894 
591 479 23 29 0.07658719 
386 443 21 24 0.076317295 
443 412 17 22 0.058242522 
409 443 17 21 0.05453013 
359 413 17 21 0.053543627 
589 469 21 26 0.052828405 
443 465 19 23 0.05248265 
460 412 17 21 0.05154049 
446 438 16 20 0.051504124 
542 124 32 39 0.050260186 
490 441 18 22 0.048927937 
437 505 23 27 0.047863267 
441 149 20 24 0.047293972 
561 271 23 31 0.047214624 
46 92 22 27 0.04546258 
318 391 18 22 0.045263167 
306 426 21 25 0.04455501 
360 442 20 24 0.042634528 
495 461 17 22 0.04242333 
518 436 19 22 0.04009901 
362 389 16 19 0.04004657 
587 279 50 66 0.039393246 
365 206 20 24 0.0387261 
542 101 62 79 0.038620703 
518 303 24 32 0.038392667 
511 462 19 23 0.038214076 
748 125 75 98 0.03778809 
538 412 21 26 0.03757913 
440 135 22 27 0.036754202 
445 533 36 45 0.036000147 
279 392 18 21 0.035761632 
495 489 19 23 0.03486236 
494 386 18 23 0.03445255 
443 362 18 23 0.034053497 
495 412 17 21 0.03355706 
976 500 24 35 0.03287186 
577 125 28 35 0.032654963 
441 384 18 23 0.03259126 
507 382 22 27 0.032567155 
616 489 22 29 0.03223956 
409 283 20 24 0.032214805 
539 433 19 24 0.032159552 
281 406 19 24 0.03215324 
212 93 20 23 0.031952437 
556 491 371 355 0.031811323 
571 137 41 47 0.031379998 
258 436 20 25 0.031147197 
763 130 30 35 0.030507905 
409 186 20 24 0.030106239 
618 239 30 39 0.029473037 
510 91 42 53 0.029314917 
378 250 22 28 0.028762441 
550 256 57 71 0.028680274 
590 536 22 25 0.02840303 
434 184 18 24 0.028285772 
563 540 24 30 0.028284596 
-64 518 358 360 0.02817729 
549 538 79 82 0.027879165 
319 357 18 22 0.027856302 
405 409 16 19 0.027525308 
462 387 18 21 0.027419722 
707 104 43 57 0.027088562 
557 254 36 44 0.027087951 
338 301 17 21 0.027010493 
406 312 22 25 0.026912529 
329 389 16 20 0.02679455 
569 462 21 25 0.026741264 
603 228 52 67 0.02674065 
329 358 17 22 0.026517201 
690 83 46 58 0.02637342 
95 319 544 583 0.026295645 
488 507 20 25 0.02628245 
603 146 36 46 0.026250193 
538 505 23 28 0.026166756 
541 255 21 27 0.025838748 
559 106 30 35 0.025820233 
441 536 25 30 0.02578002 
565 436 19 23 0.025681311 
413 458 18 22 0.025611237 
329 69 20 24 0.025575783 
574 157 44 56 0.025572075 
577 207 62 77 0.025466278 
392 328 20 25 0.025351698 
594 284 26 33 0.024778794 
689 472 160 170 0.024752533 
541 386 20 24 0.024705593 
407 201 19 23 0.024518337 
527 97 46 56 0.024381688 
274 557 24 31 0.024369046 
742 158 41 50 0.024075203 
760 196 46 56 0.023810836 
462 283 21 25 0.023793643 
463 511 20 25 0.02379017 
562 390 19 25 0.023746721 
453 551 27 34 0.023710677 
386 199 19 24 0.02357057 
441 281 21 25 0.02345689 
609 196 47 65 0.02344867 
406 328 20 23 0.023181846 
582 529 121 124 0.023028776 
332 57 22 28 0.023006387 
507 484 20 24 0.022937309 
307 656 27 32 0.02291824 
365 230 19 23 0.022906087 
558 473 36 44 0.02271349 
562 405 19 25 0.022540402 
590 507 23 29 0.022501335 
693 97 29 36 0.022484118 
532 482 109 122 0.022282934 
329 412 18 21 0.022276163 
365 252 22 27 0.022213025 
636 202 30 41 0.022085723 
362 359 17 21 0.022058526 
420 486 18 23 0.022023082 
579 473 116 130 0.021863287 
541 489 21 25 0.021858023 
615 502 24 30 0.021773927 
33 82 19 25 0.021580173 
605 166 41 53 0.02139386 
434 201 20 24 0.021329654 
542 144 26 32 0.021323198 
392 361 19 23 0.02131641 
461 358 20 24 0.021085273 
457 434 31 38 0.021072764 
517 286 23 29 0.020959994 
405 390 17 22 0.020947782 
411 230 19 25 0.020928713 
514 413 21 25 0.020751793 
175 75 489 605 0.020720549 
408 160 18 22 0.02043262 
725 131 65 86 0.020353425 
433 232 18 24 0.020303858 
358 336 19 23 0.020248996 
532 155 38 55 0.020245736 
269 579 36 46 0.020110918 
440 502 66 82 0.020101888 
575 464 52 63 0.020078402 
455 149 21 26 0.0200662 
521 11 54 50 0.02006226 
302 485 21 26 0.020030044 
341 486 19 24 0.020024152 
