53_Raid_policeraid_53_597
45
464 179 210 290 0.99839526 
910 735 79 121 0.16939741 
53 181 31 43 0.14072189 
869 723 85 103 0.057630308 
8 811 41 57 0.05354436 
343 629 79 98 0.049274057 
827 747 142 165 0.041617665 
223 156 21 29 0.041441847 
811 788 99 113 0.039261177 
501 6 23 26 0.033728596 
206 115 22 27 0.033132445 
136 916 98 105 0.03214756 
377 1046 35 38 0.031439584 
86 4 21 24 0.031210344 
757 677 261 308 0.03053806 
599 722 94 113 0.028681375 
37 160 57 81 0.028205024 
7 1 23 27 0.028077861 
614 750 137 168 0.027905859 
218 141 21 30 0.027802557 
59 822 27 33 0.026847774 
855 678 154 194 0.026336454 
951 769 71 113 0.026242843 
7 833 117 153 0.026190015 
378 632 33 41 0.026039865 
90 273 24 37 0.025920901 
75 852 126 155 0.0259193 
647 600 87 89 0.02453217 
60 199 32 47 0.024490826 
163 2 20 22 0.023844428 
200 192 18 27 0.022789963 
576 830 23 31 0.02257794 
10 38 36 49 0.02242873 
215 116 21 28 0.022394445 
841 711 81 101 0.022109257 
738 803 159 177 0.021843579 
119 34 22 24 0.021330843 
78 829 26 30 0.02104483 
677 905 160 151 0.021038871 
665 725 123 159 0.021026397 
663 811 161 175 0.020433085 
612 771 24 30 0.020415915 
12 30 22 28 0.020381818 
520 678 28 34 0.02035748 
530 830 186 206 0.020000046 
