53_Raid_policeraid_53_805
109
408 179 43 51 0.90299076 
175 205 48 51 0.75396407 
485 165 31 43 0.44436532 
588 153 28 35 0.35834393 
385 272 33 41 0.18585321 
885 240 48 55 0.1554739 
302 205 33 40 0.11462384 
298 213 44 55 0.08741339 
679 176 34 42 0.07087647 
383 260 51 68 0.06537022 
878 250 28 34 0.06068656 
673 177 25 31 0.05698624 
632 318 44 53 0.056799952 
358 95 27 32 0.05055874 
489 149 40 51 0.049221605 
379 148 26 34 0.04868684 
155 196 40 48 0.048156284 
770 173 23 28 0.04796481 
748 526 350 371 0.04473072 
487 271 27 40 0.043698832 
692 280 26 32 0.04327086 
570 230 48 67 0.043261766 
465 161 38 49 0.041641347 
584 189 39 51 0.04073955 
792 5 25 27 0.040382214 
527 297 35 42 0.040035985 
621 342 59 81 0.03938346 
357 254 57 74 0.03913265 
348 432 39 53 0.03903239 
52 54 23 28 0.03846843 
916 246 32 39 0.03776596 
559 383 29 36 0.037379283 
579 156 45 55 0.03688062 
642 310 26 32 0.03529703 
567 173 24 31 0.03473141 
536 279 26 31 0.034691803 
940 534 26 35 0.0344823 
689 195 28 34 0.034454565 
892 266 33 39 0.032488648 
688 255 24 28 0.032130364 
572 309 681 740 0.03174822 
367 481 20 27 0.031577285 
498 184 39 51 0.03109071 
453 120 40 49 0.029708836 
666 189 41 50 0.029638812 
650 244 79 98 0.029607272 
430 387 44 53 0.029552907 
314 241 62 79 0.029382348 
608 328 42 50 0.028955145 
359 407 52 74 0.028385624 
408 352 69 78 0.028328598 
501 172 29 38 0.028187213 
359 168 35 46 0.028006474 
917 232 28 35 0.027117644 
637 370 61 88 0.02692445 
601 150 32 41 0.025871884 
628 158 60 69 0.025534905 
415 19 26 30 0.025485046 
403 256 61 78 0.025350709 
638 169 35 42 0.025173577 
591 131 26 33 0.02513341 
323 219 33 43 0.025069691 
605 172 24 32 0.025049252 
687 284 45 51 0.025029697 
679 250 40 46 0.024901835 
689 225 25 32 0.024832927 
357 473 40 55 0.024710895 
169 225 47 57 0.024610374 
894 231 30 36 0.024577955 
874 234 24 29 0.024488868 
489 189 29 39 0.023692885 
569 154 24 31 0.023582837 
751 322 85 98 0.023558822 
427 19 31 33 0.02345915 
510 419 76 89 0.02340696 
536 522 369 360 0.02340576 
792 314 24 27 0.023165038 
643 22 23 28 0.023141766 
447 361 43 53 0.022982862 
583 224 32 44 0.022960622 
470 246 48 68 0.022723505 
563 246 31 43 0.02263121 
792 327 26 29 0.022388361 
942 252 22 31 0.022201229 
163 267 44 56 0.022147734 
894 204 23 29 0.022130713 
283 224 30 38 0.02204316 
560 191 39 49 0.021906367 
535 247 37 47 0.021886008 
565 56 22 26 0.021627808 
710 283 28 32 0.021621192 
772 310 62 69 0.021281501 
639 351 30 40 0.021156292 
355 353 38 48 0.021079144 
769 198 25 32 0.021053474 
666 269 40 51 0.021042885 
336 527 369 358 0.020977916 
650 229 57 72 0.020794582 
643 284 62 73 0.02075302 
474 167 52 70 0.02070352 
153 183 26 32 0.020684477 
628 206 65 80 0.020498605 
879 205 20 26 0.020477213 
-66 529 350 357 0.020347957 
646 180 78 90 0.020257203 
161 212 42 48 0.020193323 
73 58 40 46 0.020184064 
50 65 25 32 0.020171447 
565 15 31 33 0.020008374 
