53_Raid_policeraid_53_686
25
155 222 85 115 0.9966059 
373 312 61 73 0.9958252 
635 307 61 75 0.9085641 
794 153 79 120 0.74285686 
492 459 29 37 0.10724671 
686 290 80 93 0.040172316 
662 304 55 67 0.037196048 
459 770 32 36 0.034413677 
749 737 349 364 0.033993613 
621 314 47 60 0.029181654 
481 443 50 62 0.026955668 
260 175 63 81 0.025324214 
700 262 74 82 0.025288088 
732 31 40 58 0.025135431 
837 184 61 68 0.023824543 
501 269 55 64 0.02369289 
532 286 25 30 0.023493584 
553 322 42 53 0.022778662 
716 182 70 94 0.022274273 
765 162 76 102 0.022111239 
-63 718 339 361 0.022097353 
665 279 28 34 0.022091502 
561 502 692 744 0.021864185 
405 75 27 30 0.020999677 
768 90 73 98 0.020774 
