53_Raid_policeraid_53_854
69
9 651 85 116 0.12723622 
690 533 27 33 0.104178615 
848 396 24 30 0.08663491 
593 231 22 29 0.08553203 
703 278 20 26 0.07874457 
739 227 22 27 0.06822269 
803 226 21 29 0.056313414 
800 183 23 31 0.056146685 
591 248 21 26 0.05029614 
695 233 20 26 0.049908813 
720 232 19 26 0.048477534 
668 184 19 24 0.047095332 
693 202 17 22 0.039996702 
747 531 338 367 0.039093103 
700 254 20 24 0.037242644 
801 402 21 28 0.03566981 
696 353 24 34 0.035573695 
715 256 19 25 0.03473632 
691 520 23 27 0.03254397 
433 323 294 396 0.0323244 
671 199 20 26 0.032071833 
267 118 74 89 0.031926613 
741 293 259 329 0.031858943 
593 562 22 31 0.03139449 
596 284 18 23 0.031241847 
825 542 24 27 0.03114929 
739 212 19 23 0.030817134 
555 361 21 26 0.030298112 
800 541 19 24 0.02957912 
813 228 20 29 0.02927604 
702 233 68 82 0.02829846 
569 536 19 24 0.02812955 
592 209 22 28 0.02753884 
695 375 22 33 0.0274432 
718 179 19 23 0.027326921 
706 248 35 45 0.027034167 
865 405 21 28 0.026877966 
536 335 19 23 0.025530599 
579 208 55 72 0.025385952 
589 542 20 26 0.024967633 
636 540 17 21 0.024622578 
670 159 16 20 0.02414173 
692 408 21 29 0.02369032 
771 277 23 29 0.023626262 
818 533 41 43 0.023135753 
783 459 170 209 0.023093242 
-13 634 142 195 0.022894554 
770 256 20 26 0.022846933 
852 455 20 25 0.022603778 
822 552 25 29 0.022593513 
693 547 28 37 0.022569275 
586 382 291 362 0.02245718 
815 404 19 26 0.021996047 
710 353 23 32 0.021978963 
693 301 21 27 0.02153358 
814 196 20 26 0.021481799 
742 252 22 28 0.021377165 
695 188 17 22 0.021136006 
800 386 23 30 0.02110635 
871 432 22 27 0.021020766 
845 365 19 23 0.020883957 
690 431 20 27 0.020715028 
673 227 20 26 0.020575512 
542 200 22 28 0.020563226 
797 560 20 24 0.020541148 
539 131 27 32 0.020304779 
799 251 20 27 0.020237863 
819 386 20 26 0.020032365 
737 550 123 159 0.020029655 
