53_Raid_policeraid_53_171
146
926 55 38 61 0.32192463 
657 409 62 73 0.115241095 
670 69 22 27 0.06342446 
42 50 244 354 0.05933134 
927 47 29 41 0.055435263 
346 249 88 108 0.05192692 
920 51 65 96 0.051924016 
559 5 28 31 0.04983826 
483 74 110 149 0.04858356 
781 123 43 52 0.048520073 
847 81 22 27 0.04804018 
762 148 29 38 0.046637498 
451 -1 41 40 0.04450927 
263 280 18 22 0.043771137 
632 146 24 29 0.041904967 
453 71 80 107 0.041292127 
930 97 72 96 0.040941413 
667 90 38 49 0.03993618 
509 126 158 204 0.039780173 
689 71 23 27 0.039774526 
600 362 531 582 0.037600197 
655 99 57 72 0.037443675 
509 168 73 93 0.037188325 
205 285 18 22 0.03702447 
527 124 332 462 0.036190875 
237 260 18 21 0.036035843 
719 316 37 47 0.035893653 
605 35 490 630 0.03558604 
617 138 39 47 0.035072137 
686 55 24 29 0.03468549 
471 170 77 87 0.033543613 
233 314 19 24 0.033409137 
770 163 37 49 0.033106774 
641 415 49 57 0.03275821 
415 297 142 185 0.032614436 
202 331 18 23 0.032458156 
527 211 43 52 0.032198053 
540 225 22 28 0.0315137 
760 135 47 62 0.031502947 
751 225 36 48 0.031187085 
674 125 21 28 0.03108922 
233 281 17 21 0.03097205 
666 53 36 39 0.030682212 
234 333 20 25 0.030137863 
672 99 22 28 0.029830756 
963 127 48 63 0.02962872 
262 334 20 27 0.029523075 
643 442 79 95 0.029222034 
206 252 18 21 0.029027523 
687 402 35 44 0.028932791 
233 74 19 24 0.028911803 
909 129 56 73 0.028756194 
379 163 136 161 0.028627578 
455 146 124 153 0.028348511 
507 206 28 35 0.028257167 
688 121 23 32 0.027900187 
922 88 28 42 0.027747815 
636 478 79 95 0.027729016 
661 401 41 51 0.027648808 
263 123 18 21 0.027521137 
885 132 52 66 0.027516827 
206 240 18 22 0.02659141 
764 189 35 47 0.026461426 
734 193 38 49 0.026391841 
950 52 48 65 0.026332792 
206 313 18 23 0.026289782 
894 514 72 103 0.026150383 
529 76 134 164 0.026126156 
323 447 190 203 0.026039755 
620 113 59 68 0.025675869 
687 425 37 49 0.025429849 
261 264 18 22 0.025423417 
265 232 17 21 0.025364757 
896 189 39 47 0.025266184 
870 77 21 26 0.025074607 
356 214 74 95 0.025008649 
914 173 27 34 0.024998104 
236 238 17 20 0.024823979 
545 162 74 98 0.02464301 
365 289 94 106 0.024500135 
634 133 24 30 0.024476396 
741 199 24 30 0.0244221 
485 307 243 307 0.024315285 
415 205 66 78 0.024240911 
753 -72 329 393 0.0241694 
259 1 21 24 0.024151456 
296 251 116 148 0.024115065 
230 55 20 24 0.0240512 
793 74 23 29 0.023896877 
945 126 28 36 0.023895612 
420 146 66 86 0.02363963 
624 535 79 84 0.023587266 
212 72 19 23 0.023552403 
709 335 40 55 0.02332811 
460 361 126 169 0.023267874 
767 124 28 36 0.023201171 
862 180 75 95 0.023161657 
585 368 183 206 0.023078103 
426 85 75 103 0.023030562 
807 262 67 75 0.023006516 
235 107 18 22 0.022945823 
623 79 65 79 0.022871714 
542 266 57 77 0.022719832 
977 159 38 53 0.022698792 
792 100 28 34 0.022622442 
224 250 122 156 0.02246703 
230 354 21 26 0.022450376 
263 307 20 24 0.022394894 
663 441 35 45 0.022381943 
664 61 54 66 0.022354685 
187 305 17 22 0.02231331 
442 202 68 78 0.022264501 
688 104 24 30 0.022207953 
188 335 18 22 0.022138426 
539 108 75 105 0.022084417 
651 372 50 60 0.022073964 
238 125 17 20 0.022022465 
899 161 38 49 0.021965396 
804 115 40 49 0.021815203 
477 203 135 184 0.021668216 
783 530 140 158 0.021436367 
257 354 21 28 0.021406794 
917 146 28 38 0.021174323 
384 208 69 84 0.021160385 
460 114 94 119 0.021152757 
708 364 44 59 0.021131128 
680 307 55 71 0.021071646 
204 108 18 21 0.02106424 
746 250 60 80 0.021048155 
770 76 23 30 0.021003405 
763 303 22 29 0.02098633 
896 146 28 36 0.02098544 
591 144 78 90 0.020977883 
261 110 19 24 0.02092013 
902 103 23 32 0.020767394 
610 390 119 125 0.020740658 
490 211 75 90 0.020698205 
676 374 50 66 0.020522198 
263 46 22 26 0.020359801 
803 138 41 50 0.020243429 
235 1 20 22 0.02024307 
844 91 24 31 0.020197859 
682 411 62 84 0.020173093 
270 211 224 279 0.020147823 
908 161 79 107 0.020036492 
785 272 66 83 0.020010002 
