53_Raid_policeraid_53_696
271
665 354 27 35 0.75419116 
360 227 28 35 0.54715264 
265 202 29 37 0.50681347 
535 351 26 33 0.44369572 
964 237 43 66 0.30880544 
463 397 21 29 0.26221198 
594 382 21 27 0.23609544 
336 202 25 33 0.222258 
190 360 20 26 0.20895492 
556 248 22 28 0.16582224 
195 206 31 36 0.15770562 
427 209 24 30 0.15402889 
454 249 22 29 0.14173612 
533 337 27 33 0.13790368 
433 221 24 32 0.13660882 
531 240 36 45 0.118882135 
224 387 22 27 0.11867768 
355 400 20 25 0.11377955 
416 221 24 32 0.11361921 
490 254 21 28 0.11169868 
439 298 27 32 0.09363521 
614 363 19 24 0.09316104 
72 352 23 31 0.08598436 
340 381 22 30 0.085921384 
684 253 28 33 0.085514165 
438 282 25 30 0.082076125 
212 389 22 27 0.08173492 
459 233 24 32 0.08148945 
586 305 22 28 0.076533735 
872 278 20 24 0.06999965 
336 362 21 26 0.069244556 
621 336 20 25 0.069041625 
921 257 20 27 0.06821579 
614 378 19 23 0.06538056 
329 374 38 47 0.06382175 
978 206 25 35 0.06179032 
225 400 21 27 0.058989845 
353 207 24 31 0.05715945 
945 242 43 56 0.05690581 
597 252 21 26 0.056830306 
593 401 22 29 0.05658882 
593 365 20 25 0.05642861 
338 217 27 36 0.055613503 
694 484 22 26 0.055444475 
649 276 19 25 0.055141047 
668 336 27 34 0.0528134 
610 254 22 27 0.05271377 
236 363 20 25 0.05243964 
312 198 26 33 0.05236472 
123 229 24 29 0.05173578 
2 301 26 41 0.051524673 
490 272 23 31 0.048966713 
348 389 37 45 0.04871545 
758 178 93 117 0.047741897 
318 367 64 79 0.047050077 
73 339 22 29 0.046648405 
54 332 23 29 0.04599749 
979 173 22 30 0.045615703 
750 409 20 24 0.044935305 
380 204 25 31 0.04488196 
740 257 20 24 0.04476259 
340 401 22 29 0.044590887 
312 176 23 30 0.04450414 
485 361 22 28 0.04286643 
764 408 19 24 0.04281955 
260 216 27 35 0.04270299 
868 258 19 22 0.042331584 
105 329 23 30 0.04229271 
638 333 22 27 0.042101342 
821 153 25 36 0.04193412 
821 399 22 29 0.04178176 
163 109 39 49 0.041763138 
522 352 23 29 0.041573655 
521 335 22 30 0.041398797 
513 244 38 46 0.040613927 
649 358 21 26 0.04058284 
489 237 21 28 0.040174343 
226 152 23 29 0.03996676 
484 382 25 33 0.03993207 
308 377 27 35 0.039869208 
186 385 18 24 0.039760746 
208 147 25 30 0.039629918 
906 254 19 23 0.03950922 
310 361 24 30 0.03949847 
320 188 47 60 0.039094534 
896 279 19 23 0.03882832 
310 159 21 25 0.038531218 
524 330 47 59 0.03782775 
172 180 60 70 0.037781224 
789 250 29 34 0.037639644 
668 259 25 29 0.037613243 
-234 306 719 751 0.03755535 
645 262 21 25 0.03730367 
644 306 20 26 0.03725091 
871 206 19 25 0.03702967 
516 300 24 32 0.035885908 
667 271 25 30 0.035871897 
565 330 22 29 0.03574025 
789 271 25 29 0.035665445 
290 355 69 80 0.035153367 
821 281 21 26 0.035125416 
605 359 31 40 0.034869827 
353 357 20 25 0.034823846 
440 352 23 30 0.034402784 
252 364 21 27 0.034344975 
663 249 41 48 0.034276847 
982 254 33 55 0.034258213 
974 220 31 43 0.034228485 
992 218 23 37 0.03397025 
385 353 23 28 0.033814125 
800 381 21 27 0.03365753 
515 272 27 33 0.03365532 
823 388 21 28 0.033607066 
869 232 19 23 0.032880224 
900 236 18 23 0.03285565 
-74 530 359 359 0.032747455 
923 271 21 26 0.032706097 
342 147 21 27 0.032688312 
259 375 22 30 0.03256187 
614 276 21 26 0.032497775 
385 179 22 27 0.0323958 
741 275 20 25 0.03238389 
113 216 39 47 0.032140516 
683 352 24 31 0.031948473 
570 307 22 27 0.031880807 
308 223 25 32 0.031857673 
488 329 21 27 0.03184555 
62 224 53 55 0.03115563 
460 204 25 31 0.03096232 
106 308 22 28 0.030823875 
845 357 24 29 0.03080167 
385 384 23 28 0.030718308 
183 404 16 22 0.030598253 
821 168 27 37 0.030595738 
540 369 25 33 0.030533394 
133 284 23 30 0.030526472 
693 464 23 27 0.030524842 
453 302 23 29 0.03039078 
336 181 24 30 0.030275661 
183 199 31 37 0.030255329 
74 251 27 32 0.030127438 
591 281 21 25 0.030106114 
154 385 22 27 0.030083053 
720 257 22 28 0.030052798 
209 334 21 26 0.02998942 
158 173 28 35 0.02933957 
353 148 20 26 0.029316533 
100 227 30 34 0.029246919 
457 276 22 28 0.029135855 
948 232 25 31 0.029133236 
978 152 23 32 0.028971922 
774 253 26 29 0.028748913 
800 132 62 100 0.028687473 
561 357 22 30 0.028603816 
586 329 20 25 0.028556202 
275 213 30 36 0.02850216 
260 274 27 34 0.028242454 
274 275 24 31 0.028199092 
421 212 45 56 0.028155237 
776 230 52 60 0.02814838 
690 405 20 25 0.028031312 
935 200 65 97 0.027934764 
589 363 31 42 0.027902437 
280 182 24 30 0.027793853 
535 306 23 29 0.027711408 
852 256 19 23 0.027683282 
775 273 23 27 0.027657544 
186 135 58 72 0.02764034 
176 174 29 36 0.027498377 
-4 262 60 99 0.027433788 
121 382 65 81 0.027347656 
253 178 25 33 0.027315542 
320 362 102 145 0.027123094 
850 280 19 24 0.02704255 
199 173 27 33 0.02684047 
644 265 34 42 0.026486043 
247 358 57 74 0.026427705 
223 162 35 45 0.026392872 
438 327 26 32 0.026371129 
615 305 21 25 0.026263613 
156 362 20 25 0.026262349 
799 362 22 27 0.026040891 
844 174 20 31 0.025967516 
280 335 103 143 0.02594796 
482 399 25 33 0.025915278 
460 357 22 28 0.025825847 
778 432 22 27 0.02581087 
898 207 18 23 0.025642728 
926 237 17 21 0.02562014 
787 432 23 30 0.025585674 
376 378 38 47 0.025564428 
593 235 24 28 0.025553396 
945 265 30 39 0.025323888 
890 303 22 27 0.025196958 
754 522 348 368 0.025102036 
279 328 22 28 0.025088213 
796 410 20 25 0.024998933 
660 336 48 61 0.024829462 
488 300 23 31 0.024777206 
106 426 23 28 0.024719764 
794 174 25 32 0.024600007 
308 399 27 34 0.024426693 
253 147 24 31 0.024385659 
355 333 22 29 0.024368647 
499 249 56 69 0.02435327 
767 390 19 24 0.024329487 
716 383 19 26 0.024256596 
565 276 21 25 0.02421641 
480 237 54 66 0.023825034 
894 48 23 29 0.023741636 
545 232 36 44 0.0235275 
144 357 68 89 0.023349512 
65 193 52 54 0.023162365 
874 180 19 26 0.023029672 
367 462 21 29 0.02291152 
376 350 37 47 0.022862894 
152 404 23 29 0.022823855 
842 123 22 36 0.022702297 
444 236 48 56 0.022689443 
55 344 37 47 0.022593891 
856 324 38 45 0.022477394 
34 403 21 28 0.022461366 
818 202 24 32 0.022429168 
844 151 20 33 0.022398608 
305 153 34 43 0.022351986 
714 486 18 23 0.022331074 
687 270 25 30 0.022317553 
817 252 22 26 0.022306174 
210 372 46 60 0.022257173 
849 332 24 29 0.022253837 
147 296 71 87 0.022106392 
99 248 25 31 0.02200882 
683 336 24 30 0.021948716 
342 132 21 29 0.02193345 
824 123 24 36 0.021877648 
741 404 36 42 0.021779954 
158 137 61 75 0.021717438 
384 153 21 27 0.021711117 
184 221 27 34 0.0216568 
163 265 725 746 0.021637963 
712 401 71 84 0.021547863 
65 361 37 48 0.02153137 
613 430 24 30 0.021517882 
400 209 44 57 0.021491723 
865 328 24 28 0.021472845 
132 527 360 355 0.021435708 
873 152 20 27 0.021393841 
487 204 21 26 0.021355668 
142 168 69 82 0.021338554 
159 258 22 27 0.0212585 
567 376 21 28 0.021230007 
945 208 20 25 0.021177823 
711 460 20 26 0.021117892 
839 381 25 32 0.021008233 
748 388 21 24 0.02093258 
527 257 38 47 0.020916697 
719 406 20 24 0.020915851 
600 585 84 93 0.020817285 
579 354 53 69 0.020784274 
639 297 34 42 0.020657755 
94 389 61 76 0.020645536 
992 26 23 36 0.020637503 
670 411 20 25 0.020614352 
75 202 30 35 0.020613553 
225 196 36 42 0.020482207 
194 357 30 40 0.020431207 
229 225 24 29 0.020418007 
177 376 34 44 0.020358838 
874 302 23 27 0.020305766 
792 206 26 32 0.020151297 
144 379 43 53 0.020061381 
