53_Raid_policeraid_53_649
34
156 65 88 114 0.9647381 
687 60 88 121 0.953006 
448 125 168 166 0.14003475 
204 69 71 97 0.09189309 
994 399 22 31 0.050757144 
520 130 120 127 0.04253491 
701 8 74 76 0.041277327 
816 481 26 34 0.036612574 
632 54 117 150 0.03586897 
787 103 72 83 0.034760743 
414 177 127 126 0.028429382 
998 261 18 34 0.028421855 
243 76 44 73 0.027696555 
101 425 24 35 0.02764158 
85 510 40 57 0.02754242 
514 181 81 84 0.026983725 
749 68 85 100 0.026749332 
86 420 25 32 0.025619842 
239 94 30 43 0.025439896 
828 658 47 57 0.024253828 
365 131 285 321 0.023857137 
75 249 39 50 0.023789072 
428 192 55 53 0.022770861 
111 29 111 142 0.022567922 
686 0 122 131 0.022447329 
86 410 55 72 0.022176342 
161 468 22 26 0.021235207 
559 206 54 58 0.02116326 
902 20 84 87 0.020969374 
106 394 63 88 0.020959781 
896 -6 151 164 0.02076243 
358 208 42 49 0.020699006 
116 428 40 51 0.020644445 
104 434 66 89 0.020191325 
