53_Raid_policeraid_53_543
178
582 187 96 122 0.71016866 
-1 183 36 67 0.66544455 
383 252 34 40 0.60535383 
799 208 63 98 0.58270305 
729 214 62 84 0.50924975 
521 279 24 29 0.44444528 
752 212 67 103 0.31642118 
426 321 30 40 0.31203467 
485 290 22 29 0.21454103 
164 161 20 26 0.1757822 
531 284 22 28 0.15969567 
80 265 30 37 0.14903443 
558 303 23 30 0.1435631 
82 200 19 24 0.13839272 
285 276 25 32 0.13056819 
222 229 27 36 0.11284062 
381 188 21 27 0.10796528 
340 286 46 60 0.10339374 
53 199 23 32 0.096023835 
534 333 26 33 0.09189777 
96 260 27 32 0.09054773 
48 227 27 35 0.090336055 
139 320 38 51 0.08740652 
48 169 22 28 0.08644247 
926 625 79 73 0.08428853 
299 274 25 31 0.08185335 
164 172 21 26 0.081458844 
354 283 28 35 0.080914475 
685 216 26 36 0.077609695 
510 303 23 30 0.075013794 
435 278 23 29 0.073934 
557 227 24 32 0.07336315 
505 267 44 57 0.060374685 
665 199 56 73 0.057626076 
468 305 21 29 0.05667602 
11 202 39 59 0.05400108 
331 231 24 29 0.05318332 
71 193 33 42 0.052838426 
172 176 21 25 0.051631503 
78 227 24 29 0.051602997 
512 262 23 29 0.05130886 
620 173 23 27 0.051109556 
153 286 25 34 0.05006526 
803 176 105 141 0.049846277 
68 246 51 59 0.049693584 
545 305 23 29 0.049684014 
256 179 21 28 0.04711135 
68 218 39 47 0.04529718 
332 252 22 27 0.04490249 
204 410 55 75 0.044831414 
600 196 61 75 0.043932088 
514 326 24 31 0.042860508 
128 308 24 32 0.042558655 
366 250 37 43 0.042035576 
305 260 22 29 0.04128276 
595 245 60 68 0.0411064 
329 158 19 24 0.040950667 
135 206 19 25 0.040930744 
145 294 39 52 0.040781222 
520 317 51 62 0.040132757 
797 34 73 93 0.039872475 
98 204 17 22 0.03904688 
335 121 19 24 0.038121443 
323 218 39 48 0.0375601 
35 205 60 73 0.03740905 
170 275 34 44 0.036171522 
611 169 43 53 0.03592435 
168 190 32 40 0.03542189 
480 275 45 58 0.03540748 
537 212 55 70 0.03483494 
51 246 27 33 0.034581132 
675 220 63 81 0.034406025 
104 233 20 25 0.0343254 
247 317 39 51 0.03406611 
153 189 32 40 0.033904716 
96 426 28 36 0.033594895 
409 270 25 33 0.033505313 
342 328 70 90 0.03319744 
417 323 26 34 0.03312765 
382 235 25 30 0.032937776 
327 178 21 25 0.032916646 
283 1 30 29 0.03239408 
619 188 107 140 0.032004178 
464 286 20 26 0.03191643 
166 393 77 93 0.031366345 
79 186 18 22 0.031214498 
700 234 64 84 0.031190345 
-155 405 551 568 0.031144692 
211 239 31 45 0.030941967 
118 296 52 69 0.03055318 
339 280 23 29 0.030482303 
41 153 35 44 0.030451171 
213 214 44 62 0.030413046 
286 260 50 63 0.030311257 
233 204 22 29 0.029654078 
236 176 22 29 0.029577633 
307 227 24 30 0.029554151 
417 309 23 31 0.029293567 
633 174 22 27 0.028917354 
130 321 28 38 0.028607355 
353 359 43 54 0.028183296 
204 177 20 25 0.02800822 
333 311 45 57 0.028004723 
669 203 27 34 0.027722282 
147 307 53 71 0.027632795 
410 227 21 27 0.027282387 
351 463 82 89 0.027094683 
694 251 25 33 0.027027655 
563 283 23 29 0.02675162 
131 280 22 29 0.026733192 
431 401 41 49 0.02671614 
540 290 48 59 0.026648654 
258 197 21 29 0.026312653 
686 262 39 51 0.026260782 
459 225 22 28 0.026078198 
544 229 25 32 0.025869552 
945 245 25 32 0.02563709 
154 326 61 78 0.025539339 
147 161 47 59 0.0252629 
317 153 19 24 0.025207017 
429 332 39 52 0.025025439 
305 395 40 50 0.025024274 
329 200 23 29 0.024885748 
644 159 21 25 0.024692751 
261 280 23 29 0.024354445 
561 248 23 30 0.024208872 
92 299 61 78 0.024169028 
255 306 28 35 0.024128146 
935 233 44 52 0.024092704 
124 259 23 29 0.02384387 
204 205 19 25 0.023702653 
495 286 50 61 0.023590237 
181 256 22 29 0.02345997 
367 343 45 55 0.023328109 
254 154 20 28 0.023218576 
541 251 24 31 0.023054376 
332 109 20 25 0.022982178 
331 366 112 129 0.022959715 
231 163 41 51 0.022921536 
434 259 21 28 0.02278701 
394 332 73 86 0.022712719 
300 173 60 77 0.022622144 
85 248 64 78 0.02258299 
358 302 56 72 0.022536978 
583 176 22 27 0.022494318 
718 221 46 62 0.022403516 
127 227 20 26 0.022300081 
366 231 21 27 0.022276202 
327 243 35 44 0.022181958 
239 410 52 74 0.022108225 
587 290 43 53 0.02206088 
286 261 23 28 0.022058457 
555 315 38 47 0.022027267 
456 372 38 46 0.021894373 
590 270 32 38 0.021838436 
105 185 17 20 0.021765025 
178 366 69 81 0.021636657 
399 295 67 82 0.021454306 
18 229 40 55 0.021453286 
193 274 33 44 0.02142511 
129 185 17 22 0.02132175 
332 338 42 53 0.021222336 
876 200 62 89 0.021191798 
88 196 31 39 0.021114483 
334 275 38 47 0.021105437 
155 217 34 44 0.021071175 
249 292 62 79 0.020992877 
286 227 21 28 0.020926315 
572 182 21 25 0.02091604 
911 207 59 81 0.020821214 
355 255 61 78 0.02064813 
96 409 24 32 0.020641299 
697 184 69 81 0.020500448 
787 160 83 101 0.020432705 
54 182 58 73 0.020399727 
564 207 22 28 0.020230567 
106 277 99 126 0.020202883 
374 392 49 53 0.020006053 
