53_Raid_policeraid_53_736
112
485 180 45 55 0.61817396 
279 205 27 34 0.42695346 
616 310 57 65 0.34193882 
333 243 36 44 0.14558296 
112 227 22 28 0.09043437 
121 230 21 27 0.088287026 
334 229 25 32 0.0803216 
148 379 27 32 0.08003567 
379 179 25 32 0.07354096 
371 184 38 51 0.07100797 
262 225 21 28 0.06991306 
240 353 21 28 0.068010144 
251 360 19 24 0.06426735 
208 249 25 32 0.0628585 
110 208 20 24 0.058108088 
158 205 20 26 0.057041585 
439 222 34 45 0.056689963 
267 193 45 58 0.05545514 
574 276 58 75 0.05342614 
154 356 24 28 0.050718702 
199 229 23 30 0.04694061 
257 386 21 27 0.046641022 
355 192 38 50 0.04465088 
188 230 22 29 0.044597965 
263 213 32 44 0.044044755 
413 258 22 30 0.043820728 
255 401 22 29 0.041478347 
304 240 36 48 0.040276904 
348 214 40 52 0.040116064 
83 334 23 29 0.038669314 
448 250 39 49 0.037782088 
265 208 21 28 0.037271176 
284 352 21 26 0.03625949 
279 183 23 30 0.036010128 
225 253 21 28 0.03557756 
515 300 30 38 0.035433117 
409 311 19 24 0.03459056 
631 302 37 46 0.03412492 
363 180 23 29 0.034065682 
124 209 19 23 0.033834472 
159 273 25 31 0.033831626 
96 349 25 30 0.033819996 
440 325 23 30 0.033124913 
98 284 21 28 0.033069365 
330 266 41 51 0.032814275 
258 252 23 30 0.031499583 
563 245 26 38 0.03094911 
183 208 20 25 0.03074966 
311 352 22 28 0.030301698 
585 295 32 44 0.029879985 
148 358 34 44 0.029458841 
480 200 45 58 0.029357716 
414 279 21 27 0.02800517 
645 322 42 53 0.02766492 
287 337 21 27 0.027558522 
555 236 58 74 0.027291633 
85 283 20 24 0.026637215 
637 408 79 105 0.026251545 
584 302 59 73 0.026166199 
573 332 60 76 0.026111528 
157 228 20 27 0.026101999 
857 347 58 85 0.026022177 
369 210 42 57 0.02580434 
545 339 62 80 0.02565541 
455 222 26 35 0.025348369 
237 404 20 26 0.02523052 
78 408 21 27 0.025159279 
566 367 115 136 0.02509639 
155 336 23 28 0.02497396 
126 251 22 28 0.024666937 
78 308 21 26 0.024528572 
434 249 36 46 0.024512378 
255 330 18 23 0.02431928 
201 207 19 25 0.024139794 
257 279 25 33 0.02410752 
614 305 36 45 0.0239958 
337 276 25 31 0.023836926 
255 301 22 31 0.023835171 
60 465 20 26 0.023799803 
57 480 21 27 0.023684807 
742 -2 267 316 0.023630869 
299 206 23 29 0.02334329 
112 438 20 26 0.023206647 
235 336 20 26 0.023138598 
235 235 19 25 0.023000916 
531 222 36 50 0.022904072 
309 335 21 29 0.022533922 
179 250 23 30 0.022193152 
177 359 20 26 0.022191172 
136 345 76 99 0.022170108 
518 280 56 70 0.022115177 
297 218 37 47 0.022045666 
255 243 37 49 0.021986913 
284 329 33 43 0.021578018 
280 284 23 31 0.021550924 
565 361 66 88 0.021337762 
383 406 21 27 0.021327926 
159 258 22 27 0.021301532 
102 297 22 27 0.021235341 
85 350 25 31 0.021216711 
138 381 23 28 0.020700026 
831 326 49 61 0.02068955 
279 386 21 27 0.02062788 
73 431 21 28 0.02061659 
78 332 49 59 0.020581322 
339 208 23 30 0.020555582 
459 203 27 37 0.020543134 
446 208 51 64 0.020505892 
406 375 37 48 0.020488432 
303 232 65 79 0.020400519 
412 382 23 29 0.0201365 
239 387 20 26 0.020027446 
