53_Raid_policeraid_53_43
106
466 118 42 52 0.96779156 
764 92 49 59 0.9676196 
653 36 32 42 0.7315558 
254 115 44 56 0.7123003 
615 132 39 51 0.67081356 
87 84 40 51 0.6435321 
654 118 44 55 0.18378703 
156 177 63 80 0.16695668 
261 598 46 53 0.11081443 
351 187 43 57 0.100801446 
142 192 52 73 0.09831415 
318 115 38 45 0.08524894 
303 134 41 51 0.07036527 
198 119 41 49 0.06723519 
704 211 40 57 0.06698369 
175 168 32 40 0.06424892 
299 113 41 50 0.0634362 
389 541 23 27 0.062299624 
168 147 47 54 0.06049205 
480 285 53 58 0.05552509 
143 94 40 48 0.05133083 
186 183 49 62 0.046931047 
164 120 44 48 0.044500135 
33 682 46 56 0.042631783 
147 112 42 50 0.041812494 
676 120 39 50 0.041432787 
179 222 31 42 0.040946785 
714 201 31 41 0.040690903 
579 157 42 53 0.039962817 
354 178 31 41 0.038328107 
255 607 68 74 0.038202837 
694 221 31 44 0.036763616 
174 125 26 31 0.03629892 
251 92 37 47 0.03614379 
487 281 34 40 0.03598645 
300 158 42 59 0.035386633 
702 41 38 48 0.034082085 
358 228 41 55 0.03329212 
629 98 45 58 0.03273713 
824 744 23 26 0.03244163 
325 191 57 79 0.031853274 
678 214 57 77 0.031559255 
151 172 33 45 0.03135256 
936 307 75 98 0.031216646 
11 108 38 51 0.030706557 
713 186 57 74 0.030686634 
298 174 57 75 0.030685654 
207 174 66 81 0.030037712 
588 268 37 49 0.029350305 
178 194 32 43 0.028759388 
227 94 42 51 0.028565608 
505 297 31 37 0.02849512 
582 186 42 51 0.028414857 
693 194 33 43 0.028343698 
120 166 66 82 0.028262181 
480 618 23 26 0.028131314 
289 238 56 73 0.028020581 
240 143 63 83 0.027642943 
2 695 25 32 0.02758784 
127 66 37 51 0.027331643 
112 207 71 90 0.02692317 
269 94 38 49 0.026839249 
150 143 45 54 0.026832486 
305 254 29 37 0.026669867 
804 92 37 48 0.02660428 
877 746 19 22 0.026448837 
399 696 74 84 0.026427025 
92 182 62 77 0.025142934 
640 1 24 29 0.025041895 
813 760 27 32 0.025006397 
79 -1 64 72 0.024978181 
233 118 41 49 0.02482103 
43 109 40 54 0.024570355 
184 222 71 80 0.024472103 
198 96 43 48 0.024200598 
619 146 49 63 0.024189133 
64 86 62 79 0.024088824 
207 102 25 30 0.024044368 
220 125 64 76 0.02368167 
121 88 38 51 0.023611993 
560 246 38 50 0.023506142 
659 380 19 24 0.02308785 
865 762 22 28 0.02306197 
198 181 31 40 0.023022275 
26 16 69 81 0.022782143 
251 240 75 95 0.022718636 
10 564 20 24 0.0225276 
841 1 26 28 0.02223557 
260 77 27 34 0.02212626 
327 191 31 46 0.021880992 
4 504 23 32 0.02187699 
175 105 23 27 0.021804184 
275 79 28 35 0.021769824 
232 170 81 95 0.02173833 
3 163 36 56 0.021584615 
534 247 41 49 0.021566305 
261 651 73 90 0.021538157 
692 335 25 31 0.021371072 
760 294 40 46 0.021025904 
579 248 39 52 0.020798141 
323 142 31 41 0.020669568 
560 297 37 50 0.020665348 
125 107 41 53 0.02032361 
537 305 22 28 0.020302152 
692 242 29 40 0.020301603 
695 352 24 30 0.02007709 
