53_Raid_policeraid_53_619
28
709 318 77 102 0.9996482 
225 321 63 87 0.9973653 
435 114 59 78 0.9860006 
755 110 61 83 0.9847969 
377 423 36 47 0.24744195 
861 297 56 82 0.06450399 
745 706 95 97 0.04579369 
-7 281 190 308 0.044950496 
682 117 85 93 0.030085498 
312 453 50 56 0.029235257 
629 250 50 58 0.026416615 
78 399 42 44 0.02629907 
763 174 49 61 0.02601599 
674 580 69 83 0.024927383 
387 168 29 37 0.024146242 
645 128 86 101 0.023998363 
457 140 68 87 0.02384083 
407 127 61 76 0.023679735 
75 382 42 44 0.023541884 
719 621 162 150 0.023289517 
768 81 27 34 0.022184275 
84 406 23 26 0.022034854 
434 367 42 50 0.021135898 
488 158 68 86 0.021085678 
732 129 73 89 0.020939328 
806 269 75 101 0.02076628 
163 529 62 68 0.020302221 
580 143 39 53 0.020015841 
