53_Raid_policeraid_53_280
30
504 146 58 70 0.20274691 
109 427 25 29 0.09930428 
161 440 24 30 0.05273242 
282 452 25 30 0.037417118 
277 442 23 28 0.036822483 
388 323 66 82 0.036404617 
120 431 22 28 0.035794344 
99 410 40 46 0.03458015 
48 2 29 32 0.030714255 
438 224 65 86 0.030536719 
152 436 40 47 0.029953556 
263 440 22 27 0.028001148 
504 169 72 84 0.026891971 
79 388 84 109 0.025465323 
199 354 21 25 0.025005057 
15 375 147 170 0.024556216 
526 149 31 39 0.024444232 
551 214 39 52 0.024379896 
267 434 58 62 0.024176963 
237 335 19 24 0.023831949 
123 414 23 28 0.023579558 
991 2 23 31 0.02249243 
105 454 24 29 0.022357134 
510 128 27 31 0.022023357 
405 167 141 180 0.021978943 
126 461 21 27 0.021971503 
-14 446 162 188 0.021063259 
285 418 57 66 0.020657973 
460 242 23 30 0.020468881 
258 443 35 42 0.020431196 
