36_Football_americanfootball_ball_36_327
73
617 269 88 101 0.37495446 
328 0 67 64 0.31329378 
406 448 71 84 0.15619358 
46 1 81 76 0.067081355 
180 265 710 698 0.043683898 
601 142 86 91 0.040128767 
324 159 82 87 0.03991377 
358 6 52 51 0.037418704 
329 453 384 386 0.037268724 
374 512 50 58 0.03588812 
389 402 166 168 0.03576567 
294 139 139 130 0.034655888 
735 525 355 362 0.034146864 
629 167 120 145 0.03146931 
458 9 43 48 0.029851563 
649 174 44 50 0.029773716 
861 -10 75 88 0.029331088 
731 119 124 140 0.02922856 
350 312 342 346 0.02875819 
299 -11 66 66 0.02860435 
480 -2 38 40 0.02803057 
390 575 88 105 0.027949087 
686 162 100 116 0.027759481 
398 -4 42 40 0.02771121 
652 234 85 110 0.027577173 
458 0 26 29 0.026985038 
488 391 93 102 0.026823541 
556 129 88 93 0.026761945 
548 264 127 133 0.026179008 
812 149 70 88 0.026042305 
554 38 72 84 0.02578188 
422 121 70 97 0.025739372 
467 328 135 156 0.025194423 
483 436 93 100 0.024979487 
517 502 376 360 0.024670683 
423 458 89 105 0.02452922 
509 3 24 28 0.024366936 
465 266 137 143 0.024297737 
555 65 138 135 0.02406391 
29 311 19 28 0.023973625 
567 244 88 95 0.023939528 
445 175 87 89 0.023800947 
305 75 135 148 0.02373009 
535 307 700 722 0.023548145 
1 20 139 178 0.023523116 
-149 442 523 540 0.023459533 
466 475 84 100 0.023449015 
542 0 24 24 0.023420408 
50 287 19 24 0.023390433 
74 0 57 48 0.023078308 
718 451 26 34 0.022507029 
446 581 89 102 0.022236098 
527 5 95 91 0.022166101 
50 307 21 27 0.022102775 
174 13 81 87 0.021821043 
518 41 129 134 0.021759693 
70 532 27 33 0.021680096 
24 320 20 31 0.021499138 
297 149 75 82 0.021492934 
431 -3 38 39 0.02136923 
339 575 89 105 0.021140225 
512 23 23 27 0.021062896 
445 149 60 83 0.02105248 
440 402 99 102 0.020995257 
870 -2 32 37 0.02097507 
76 322 66 80 0.020882148 
3 615 23 32 0.020593835 
995 27 20 30 0.020450465 
985 33 34 57 0.020367552 
435 11 119 123 0.02035684 
663 199 77 89 0.020203099 
279 2 25 29 0.020066323 
703 187 42 47 0.020000394 
