36_Football_Football_36_157
605
505 172 27 34 0.83889276 
334 172 24 31 0.8159684 
842 47 23 30 0.7844956 
41 250 27 33 0.7636878 
233 247 32 39 0.7279409 
613 67 24 30 0.7166903 
613 54 24 29 0.6715165 
607 239 29 37 0.6557084 
161 196 25 30 0.64190227 
288 133 19 25 0.63045466 
152 153 22 26 0.61731553 
668 17 23 28 0.6141 
230 175 23 28 0.60685134 
427 254 24 31 0.5888198 
97 235 24 32 0.5787718 
281 203 22 27 0.5678596 
0 181 20 28 0.56762433 
72 194 24 29 0.5404889 
781 52 22 27 0.5256124 
785 173 22 28 0.51805156 
634 175 22 28 0.51634127 
154 176 26 32 0.49883828 
457 35 18 23 0.47588512 
567 94 24 30 0.47578654 
513 151 24 29 0.4733636 
52 126 20 24 0.4714805 
416 5 19 23 0.468281 
437 223 24 30 0.45037168 
407 129 21 26 0.42916805 
492 6 19 22 0.4276237 
543 23 18 23 0.42350203 
741 219 25 31 0.42272907 
336 156 23 29 0.39740047 
432 346 31 40 0.36555332 
516 50 18 23 0.3423105 
572 81 23 28 0.33413315 
544 179 22 28 0.32882485 
337 32 20 25 0.31930134 
607 142 25 31 0.3130608 
871 87 20 25 0.30092362 
482 99 24 29 0.30091935 
582 187 24 30 0.29747128 
392 202 23 28 0.28959405 
178 181 26 30 0.28291148 
199 3 20 23 0.2746395 
229 160 22 27 0.2717425 
401 205 23 29 0.26300263 
78 146 20 25 0.26069453 
748 123 20 26 0.25728354 
480 120 24 29 0.25112632 
341 131 21 26 0.248105 
581 7 20 24 0.2459281 
237 81 19 24 0.237448 
970 136 18 23 0.23108353 
498 180 22 29 0.22530283 
409 52 18 22 0.22456907 
354 126 22 27 0.22407286 
391 83 19 24 0.22055732 
900 96 19 24 0.21926774 
669 5 24 28 0.21896668 
242 391 40 49 0.21523511 
332 41 19 23 0.20725353 
574 4 19 22 0.2058428 
482 83 21 26 0.20394884 
321 78 18 21 0.20341316 
283 183 21 26 0.20277451 
583 19 19 24 0.2013943 
303 207 22 29 0.1994574 
591 146 23 29 0.19885004 
298 222 24 29 0.1981877 
435 98 19 23 0.19655666 
236 196 23 29 0.19546397 
285 224 24 30 0.19447926 
902 24 18 21 0.19291885 
287 143 21 27 0.1923574 
486 234 27 35 0.18955413 
420 105 19 25 0.18881877 
236 103 19 23 0.18762137 
533 72 21 25 0.18615794 
108 132 18 22 0.18579933 
186 132 18 23 0.18284279 
136 258 25 33 0.18168765 
150 138 19 24 0.18045555 
146 100 17 22 0.17847362 
84 135 18 23 0.17563784 
619 33 20 23 0.17447622 
36 178 18 23 0.16867237 
423 319 39 51 0.16855665 
388 98 20 25 0.16800633 
747 107 22 28 0.16750173 
460 78 21 26 0.16749077 
769 126 18 22 0.16678922 
737 48 20 27 0.16276723 
723 3 21 25 0.16237013 
900 84 20 24 0.16042165 
185 150 20 25 0.15956937 
443 157 19 25 0.15880887 
722 18 22 28 0.15729146 
870 162 20 26 0.15639392 
275 46 19 22 0.155628 
414 77 18 23 0.15496738 
763 152 19 25 0.15399584 
505 245 27 33 0.15372464 
903 171 19 24 0.15241079 
265 43 20 25 0.15152626 
690 21 21 27 0.15107776 
657 247 26 33 0.1482933 
235 233 27 35 0.14735709 
291 106 18 22 0.14694068 
466 450 25 30 0.146909 
508 230 28 34 0.14675723 
260 205 21 27 0.14647506 
352 175 21 27 0.14607891 
956 98 18 23 0.14289612 
852 159 21 26 0.14052561 
387 127 22 26 0.13889301 
641 2 21 24 0.13830279 
877 131 18 22 0.13582088 
138 100 17 21 0.13521758 
564 184 21 28 0.1343736 
536 55 21 26 0.13409203 
826 105 18 22 0.13300313 
492 19 17 21 0.13197054 
543 104 21 26 0.1319328 
516 130 22 28 0.13030757 
407 144 21 26 0.12975381 
182 99 18 23 0.12891626 
770 1 21 24 0.12884986 
127 135 17 21 0.12848045 
539 8 18 23 0.12779576 
973 150 18 23 0.12720437 
689 314 39 49 0.12460316 
891 130 17 22 0.12124512 
571 148 21 27 0.12023892 
425 305 34 42 0.118000664 
725 50 23 28 0.1165652 
107 150 19 23 0.116093524 
514 33 17 21 0.114122175 
844 31 22 26 0.112839215 
341 3 19 21 0.11211345 
792 230 23 30 0.11172701 
352 5 19 23 0.11126066 
712 154 19 25 0.110441215 
508 198 28 34 0.110395215 
363 77 17 22 0.108279794 
584 80 20 25 0.10807766 
335 326 28 36 0.10791106 
112 202 22 27 0.10700276 
149 53 19 23 0.10661326 
445 33 17 21 0.10635974 
432 2 18 21 0.10587094 
871 210 22 27 0.104292855 
823 25 23 26 0.10385095 
457 2 17 21 0.103393435 
263 32 20 24 0.1021002 
739 28 19 24 0.101673886 
85 229 25 30 0.10164828 
462 99 22 27 0.10009269 
566 130 23 28 0.09907275 
414 22 17 22 0.09850546 
25 125 17 21 0.09748724 
439 81 19 24 0.09703972 
749 75 20 26 0.09563661 
956 202 18 23 0.09533857 
53 148 20 26 0.095235474 
258 125 17 22 0.094513975 
847 172 20 27 0.093357615 
534 408 25 33 0.09322588 
311 181 21 25 0.0931517 
360 107 20 25 0.09281654 
524 74 19 24 0.09216484 
600 371 38 49 0.091965176 
852 0 20 22 0.09193178 
32 157 17 21 0.090442374 
828 45 22 28 0.09040294 
741 0 19 22 0.09038993 
255 158 19 25 0.08937978 
36 201 20 27 0.08936892 
633 198 24 31 0.08882224 
306 260 23 28 0.08712281 
931 4 18 21 0.087108694 
754 148 20 25 0.086677164 
768 109 19 23 0.08641115 
492 52 17 21 0.08586368 
975 183 17 22 0.08554408 
973 201 17 22 0.084683694 
443 172 20 25 0.08462434 
186 85 18 22 0.0842404 
259 175 20 26 0.08404616 
123 203 19 26 0.08352527 
669 173 22 29 0.08097705 
133 152 18 23 0.0807676 
444 411 23 29 0.080756746 
920 176 18 23 0.08048473 
604 343 39 51 0.07950481 
145 263 29 39 0.079399765 
639 160 22 27 0.07936237 
335 195 23 29 0.07902814 
635 427 32 40 0.07839133 
596 129 23 30 0.078323 
959 133 19 24 0.07753668 
921 207 19 24 0.077237695 
568 20 18 23 0.077062406 
303 125 18 24 0.07702482 
49 183 21 26 0.07684603 
360 201 20 26 0.076071285 
305 106 18 22 0.07497724 
139 85 17 22 0.07442053 
48 199 22 28 0.074195646 
902 51 18 22 0.07378732 
231 122 19 24 0.073577695 
952 180 18 22 0.073370725 
745 180 22 26 0.07307733 
229 267 32 39 0.07260218 
211 127 18 23 0.07241613 
307 158 19 24 0.072408974 
768 23 21 25 0.07233166 
510 2 17 20 0.07231231 
788 126 19 23 0.0721785 
971 101 17 23 0.07209629 
924 161 19 23 0.07098804 
642 232 25 33 0.070831865 
276 29 22 23 0.070791855 
350 272 35 45 0.070081815 
461 153 21 27 0.069942564 
922 25 18 21 0.06717688 
926 51 18 22 0.067024015 
792 107 18 21 0.06681622 
86 106 16 20 0.066316 
620 0 18 21 0.06596532 
644 20 20 25 0.06578261 
458 174 20 26 0.06571034 
485 354 27 35 0.0644956 
336 105 19 24 0.06433242 
790 248 23 31 0.06408431 
536 197 22 29 0.06403211 
303 4 19 23 0.06396238 
667 160 21 27 0.06355105 
207 200 20 27 0.063528955 
395 56 17 22 0.06283034 
405 227 23 29 0.06279506 
950 84 18 22 0.0623366 
387 29 16 21 0.062307224 
2 198 20 31 0.06225557 
335 253 23 30 0.062030196 
108 176 21 26 0.06201046 
11 122 18 25 0.061380196 
107 110 16 21 0.06106356 
491 198 23 29 0.06057127 
741 365 46 58 0.060290426 
472 126 21 26 0.06012881 
284 2 23 24 0.05954304 
903 210 20 24 0.059247874 
10 110 19 25 0.05924724 
211 156 19 23 0.05899347 
357 155 22 27 0.05890172 
251 228 25 31 0.0585575 
253 109 17 21 0.058548525 
815 204 22 28 0.05844298 
51 112 19 23 0.058351863 
949 154 18 23 0.05806907 
977 26 18 23 0.057670534 
443 49 18 23 0.05743938 
480 378 26 35 0.057272676 
48 234 25 30 0.05681127 
612 100 24 29 0.05665905 
635 323 30 38 0.0564774 
978 78 19 24 0.056440625 
825 181 20 26 0.055647515 
0 303 23 31 0.055582166 
771 70 20 26 0.055466987 
954 229 19 25 0.05519388 
796 0 21 24 0.05449614 
820 1 22 23 0.054491386 
150 84 17 21 0.054087173 
232 378 35 48 0.053884067 
381 457 26 34 0.05374982 
465 227 22 29 0.053576518 
306 272 22 29 0.053454734 
388 2 18 21 0.053383086 
284 81 17 22 0.052420374 
868 0 17 20 0.052091762 
689 130 22 27 0.05179952 
634 126 21 27 0.051795702 
923 76 18 23 0.051532865 
624 202 24 30 0.05135996 
901 8 18 21 0.050911527 
842 273 24 33 0.050844807 
613 331 28 35 0.05062833 
207 180 19 25 0.050535303 
558 408 26 33 0.050456155 
901 223 21 25 0.04987312 
731 333 61 71 0.049722243 
28 229 23 31 0.049358495 
699 155 22 27 0.048928954 
993 183 17 22 0.048903324 
152 7 19 22 0.04890146 
687 4 21 26 0.04883686 
488 154 22 29 0.048787493 
389 149 22 27 0.048784748 
674 318 61 78 0.04836377 
926 130 18 22 0.047470804 
604 395 36 46 0.047400307 
820 228 24 30 0.04727975 
700 321 61 76 0.047260683 
976 46 20 26 0.047010563 
994 205 17 23 0.046983175 
725 131 19 25 0.046956893 
800 25 21 25 0.046026703 
482 438 24 30 0.04588078 
3 280 21 27 0.04582838 
211 107 18 22 0.045786176 
823 272 26 32 0.045784954 
867 50 18 25 0.045706008 
596 404 24 31 0.045536853 
140 57 17 22 0.045363106 
388 180 21 27 0.045188837 
286 254 23 30 0.045152582 
383 248 26 32 0.044991147 
995 102 16 20 0.044887744 
944 6 18 19 0.044690173 
327 437 30 37 0.04446381 
594 233 26 34 0.044389803 
454 405 24 29 0.04419329 
822 252 25 33 0.044146944 
822 155 19 24 0.04399205 
233 1 17 20 0.04375456 
793 161 21 25 0.04364326 
791 71 20 25 0.04347305 
438 130 19 24 0.04325998 
850 73 19 25 0.04315011 
632 71 22 28 0.042881753 
336 278 24 31 0.042848103 
152 22 17 21 0.042761955 
362 57 16 20 0.042736426 
358 253 25 31 0.04240072 
718 172 22 28 0.04223127 
731 327 38 50 0.042212788 
233 28 16 19 0.041960128 
133 180 20 24 0.041651666 
672 128 21 27 0.041630846 
995 81 16 21 0.041282687 
854 129 19 24 0.041222867 
205 81 17 22 0.04121335 
270 194 42 52 0.041133482 
978 6 18 21 0.040917117 
482 223 47 57 0.04067342 
464 207 20 27 0.04066662 
21 108 18 23 0.040577646 
592 303 25 32 0.04050585 
338 229 24 30 0.04036455 
358 24 17 21 0.04015435 
0 223 19 29 0.040133722 
525 326 33 44 0.039512936 
265 404 36 44 0.039504223 
519 106 20 26 0.03943826 
184 49 19 24 0.03938481 
79 128 29 36 0.039376687 
390 226 25 31 0.039123368 
719 70 22 30 0.0387185 
615 425 37 48 0.038450394 
7 156 18 25 0.03844183 
588 101 21 28 0.038422406 
639 103 21 27 0.038347762 
724 101 21 28 0.038196534 
177 400 36 46 0.038082104 
569 171 44 56 0.037867352 
479 455 22 28 0.03784419 
712 324 29 38 0.037758537 
503 350 27 35 0.037586052 
228 325 38 48 0.037494812 
873 28 18 23 0.037338115 
102 126 28 36 0.03723943 
663 322 38 49 0.037055418 
284 276 23 29 0.0369498 
585 344 38 48 0.036899574 
951 51 17 21 0.036749214 
917 225 21 26 0.03653918 
462 352 25 33 0.036467873 
921 103 18 23 0.03630919 
255 79 17 22 0.036113758 
691 72 22 29 0.03593278 
330 296 36 45 0.035853785 
181 249 22 30 0.035661835 
593 54 19 22 0.03543091 
517 396 33 43 0.035371017 
638 310 29 36 0.03482126 
566 56 19 24 0.03456 
630 223 45 57 0.03450336 
539 124 20 26 0.03440934 
540 157 20 26 0.034299254 
823 125 19 24 0.03417204 
868 252 26 33 0.03415316 
737 387 42 56 0.03405447 
307 377 24 33 0.034048636 
360 226 23 29 0.033967037 
310 24 18 22 0.033549577 
692 96 21 28 0.0333736 
651 395 60 77 0.03307431 
230 347 43 59 0.03306283 
234 58 18 22 0.03303418 
83 221 46 57 0.032954946 
540 424 24 32 0.03280766 
953 24 17 19 0.032757364 
469 381 24 31 0.03271545 
735 417 76 91 0.03270647 
623 416 52 65 0.032527443 
127 329 27 34 0.032474913 
672 43 22 29 0.03241426 
836 247 36 47 0.03235425 
562 386 25 32 0.032333963 
976 234 17 23 0.03225477 
769 230 20 26 0.03224272 
431 510 23 29 0.032207876 
354 358 27 36 0.03172602 
121 457 25 30 0.03167841 
622 317 48 62 0.03159519 
104 303 34 43 0.031294987 
123 350 28 36 0.031075563 
28 80 18 22 0.031047316 
969 275 21 29 0.030938746 
847 103 17 23 0.030873355 
593 435 24 32 0.030873 
20 116 29 36 0.030772654 
808 249 59 69 0.03073138 
211 254 23 30 0.030602887 
731 203 44 57 0.030488463 
97 366 39 53 0.030452706 
418 244 40 52 0.030408911 
767 162 44 56 0.030364783 
573 198 23 29 0.030185806 
776 252 21 26 0.03012471 
260 4 21 22 0.030087752 
199 403 24 32 0.030069629 
507 327 36 48 0.029950436 
335 346 33 43 0.029870322 
375 270 36 47 0.029832883 
485 329 27 35 0.029818997 
506 372 37 47 0.02973362 
598 133 42 52 0.029677266 
150 169 43 53 0.029273164 
539 275 23 30 0.029259397 
799 275 70 78 0.029193627 
208 230 22 29 0.029115183 
612 309 25 32 0.029097503 
275 357 28 36 0.029021049 
614 354 57 77 0.028941246 
189 26 19 22 0.028915385 
535 227 23 28 0.028890003 
590 459 24 31 0.028806575 
4 259 21 27 0.02879474 
978 253 20 26 0.028764838 
769 331 74 85 0.028428948 
684 360 45 60 0.028326368 
475 341 47 60 0.028287992 
125 389 38 53 0.028217562 
750 135 45 59 0.028194346 
735 -4 30 34 0.02814837 
452 430 48 57 0.027941769 
797 208 22 27 0.027904015 
145 405 27 36 0.027894726 
850 200 21 26 0.027888589 
407 178 21 26 0.027833097 
856 145 50 63 0.027705643 
431 270 27 33 0.02763981 
992 305 20 28 0.027464665 
314 54 16 20 0.027441239 
107 78 17 22 0.027234662 
105 57 20 23 0.027185367 
993 128 16 21 0.02705002 
384 554 23 28 0.027040636 
498 541 23 28 0.02699905 
324 163 43 52 0.026886135 
898 18 29 35 0.026811004 
994 234 18 23 0.02673991 
205 52 18 23 0.026667867 
106 358 55 73 0.026596243 
300 421 54 66 0.026577175 
118 300 34 45 0.026442897 
437 318 50 65 0.02639407 
191 315 43 53 0.02636502 
772 373 68 80 0.026227444 
860 192 51 61 0.026212556 
160 225 23 30 0.026177391 
530 383 35 45 0.02592497 
176 231 21 26 0.025851449 
248 414 41 50 0.025844827 
485 399 25 31 0.025819829 
760 372 30 38 0.025790013 
857 257 39 50 0.02561902 
995 161 16 21 0.025517754 
484 267 34 44 0.025375089 
62 430 135 118 0.025151327 
425 219 41 55 0.025007864 
216 163 46 54 0.024925195 
842 -1 34 37 0.024854194 
866 216 34 44 0.024771374 
588 334 25 31 0.024698013 
691 170 23 30 0.024555983 
680 400 46 59 0.0245535 
101 450 38 46 0.024550362 
547 394 50 62 0.024545042 
307 360 25 34 0.024518788 
380 440 25 33 0.02448452 
508 267 34 43 0.02440898 
70 381 58 75 0.024266103 
665 202 22 28 0.024243737 
925 252 22 27 0.02422052 
709 364 44 57 0.024183022 
308 432 26 34 0.024105916 
635 350 28 36 0.024074696 
39 421 53 79 0.023973424 
771 206 20 25 0.0237422 
89 499 108 87 0.023713127 
624 165 42 53 0.023557639 
525 165 45 58 0.023550536 
252 352 31 39 0.023493432 
253 366 54 69 0.023482755 
690 49 20 26 0.023451297 
926 0 31 34 0.023439387 
379 192 45 54 0.023419866 
196 297 38 48 0.023370363 
742 346 33 43 0.023357341 
28 264 32 42 0.023329113 
737 108 48 60 0.023303252 
412 316 33 46 0.023135556 
804 218 53 63 0.02311579 
137 0 17 20 0.023094025 
430 364 34 46 0.023085479 
184 425 25 33 0.023065493 
838 157 49 62 0.023051692 
196 485 60 76 0.023016006 
249 274 27 33 0.023013549 
715 392 72 95 0.02300438 
608 265 34 45 0.022954611 
570 224 23 30 0.02290916 
11 409 51 91 0.022895126 
566 344 34 45 0.022871898 
774 41 40 53 0.022814939 
655 -1 47 52 0.022801643 
188 382 52 66 0.02272752 
637 264 37 49 0.022658171 
-4 347 37 50 0.02259889 
653 350 63 81 0.022553664 
752 285 65 74 0.022546157 
128 255 43 58 0.022469692 
591 269 35 44 0.022425774 
457 485 22 28 0.022416411 
244 326 40 52 0.022408789 
559 -8 49 58 0.022371512 
559 425 25 32 0.02225084 
143 422 38 48 0.022225544 
285 212 44 54 0.022197597 
269 321 40 52 0.022177065 
782 250 61 72 0.022126146 
413 270 27 35 0.022098867 
994 253 17 24 0.022085873 
945 252 21 28 0.022078166 
247 455 66 84 0.021952845 
601 58 44 54 0.021930331 
284 427 24 30 0.021814438 
818 301 27 32 0.02180752 
346 319 37 46 0.021778088 
832 307 68 74 0.021757212 
28 146 29 38 0.021726983 
968 179 28 37 0.021508025 
826 80 18 23 0.02148848 
784 220 48 59 0.021387493 
702 381 60 80 0.021353118 
858 293 43 54 0.021332739 
692 278 24 31 0.021324797 
563 304 25 32 0.02129954 
755 357 145 138 0.021253372 
431 398 48 58 0.02120272 
83 83 17 22 0.02116959 
591 434 87 88 0.021153716 
458 509 20 25 0.0211384 
669 428 28 38 0.021117177 
726 225 22 30 0.021048358 
378 306 53 66 0.02103299 
459 245 31 41 0.020937834 
965 193 28 37 0.020915344 
358 295 29 38 0.020847471 
54 80 16 20 0.02075975 
560 513 28 33 0.020714322 
99 425 39 48 0.020711392 
410 408 23 31 0.020680113 
755 324 42 53 0.02064231 
485 307 27 33 0.02060166 
641 411 28 36 0.020599598 
172 379 27 33 0.02059278 
300 403 36 47 0.02049448 
497 185 47 57 0.020449929 
961 96 28 38 0.020443851 
112 456 63 70 0.020419147 
-2 54 15 22 0.02040172 
884 188 52 63 0.020388752 
881 145 50 64 0.020379925 
362 501 24 29 0.020322222 
178 278 24 33 0.020251587 
456 363 50 63 0.020140002 
945 79 30 39 0.020135503 
493 166 42 55 0.020132573 
182 126 29 37 0.020086115 
689 344 29 38 0.020043587 
