36_Football_americanfootball_ball_36_396
38
245 212 142 163 0.41010776 
944 111 67 95 0.09519741 
11 32 211 252 0.07892258 
743 57 66 91 0.04636314 
753 291 187 214 0.040020805 
280 227 95 93 0.038108975 
51 116 211 344 0.03807061 
626 303 289 386 0.034355536 
95 62 252 284 0.02821067 
247 269 77 93 0.027830886 
759 37 124 142 0.027509635 
767 48 70 87 0.027106414 
768 197 159 200 0.024320029 
286 356 80 82 0.024006998 
895 54 138 183 0.023829825 
785 110 99 123 0.02330107 
245 287 108 130 0.023206811 
661 40 80 104 0.022759378 
682 176 185 213 0.022564244 
552 214 287 369 0.022524681 
930 4 92 153 0.022463314 
467 137 182 203 0.022452725 
965 497 68 115 0.022224505 
301 181 141 157 0.022091703 
595 91 154 167 0.022053285 
701 43 115 140 0.021952868 
389 52 178 195 0.021133253 
237 322 70 91 0.021085363 
719 85 131 156 0.021058744 
620 386 179 219 0.021022033 
440 201 267 330 0.020832015 
118 211 111 146 0.02068927 
467 58 173 186 0.020685883 
217 57 244 283 0.020618528 
528 118 269 304 0.02057214 
375 -10 172 161 0.020415388 
286 -21 178 170 0.020368567 
796 -14 150 174 0.02022119 
