36_Football_Football_36_202
130
631 180 52 61 0.9821125 
764 137 51 66 0.91477996 
314 177 70 87 0.8272464 
716 190 40 52 0.573359 
475 186 56 70 0.52371126 
802 249 75 102 0.36078426 
451 162 60 75 0.25803447 
289 278 59 73 0.17784686 
607 241 36 47 0.16399322 
499 298 41 54 0.14027317 
769 233 44 59 0.1163455 
784 241 66 84 0.11387256 
352 227 47 59 0.111678876 
481 420 41 51 0.09433011 
288 231 73 98 0.08224061 
458 309 41 51 0.08190184 
504 200 34 46 0.07611449 
375 416 49 60 0.061927263 
368 428 73 84 0.059365563 
337 402 69 81 0.055572674 
436 162 44 58 0.055313837 
572 321 36 47 0.05426726 
483 215 37 46 0.053017184 
445 383 64 79 0.052574683 
351 302 64 76 0.052516196 
481 229 44 57 0.052026276 
384 316 65 71 0.04978972 
404 441 70 83 0.04795849 
363 302 28 37 0.04637517 
300 384 54 77 0.045701757 
322 295 30 42 0.045600217 
737 142 58 79 0.044737507 
273 301 81 105 0.043380544 
597 409 59 71 0.042529125 
306 410 78 91 0.040689964 
342 255 61 79 0.03987994 
349 178 64 81 0.039065383 
689 481 93 102 0.03901177 
358 277 26 36 0.03843127 
629 408 52 68 0.038279686 
417 411 71 80 0.038045354 
542 404 67 77 0.03778802 
761 179 50 65 0.03706459 
680 179 56 71 0.03699571 
354 219 34 43 0.03690533 
303 555 73 81 0.036109604 
832 186 49 67 0.035680447 
502 431 29 39 0.034394305 
313 303 45 61 0.034039788 
230 289 36 49 0.033979338 
763 227 34 47 0.03383175 
743 487 67 95 0.033532064 
798 185 71 86 0.032711476 
375 302 34 42 0.03268127 
356 349 74 92 0.0325923 
485 278 44 59 0.032415163 
232 295 68 85 0.032307576 
187 415 71 96 0.031658724 
524 293 40 52 0.031560816 
398 328 75 93 0.03147979 
493 389 57 76 0.030784683 
375 280 99 119 0.030546311 
459 551 54 75 0.030479878 
428 308 59 69 0.030215085 
466 424 64 80 0.03002849 
393 239 55 70 0.029956976 
385 462 66 89 0.029913602 
244 268 57 74 0.029442174 
329 211 79 97 0.029420473 
603 310 51 65 0.029314658 
633 311 43 54 0.029063309 
280 273 39 50 0.028521867 
649 401 45 57 0.028424429 
371 266 44 55 0.028376197 
811 210 70 90 0.02824231 
463 143 53 64 0.027618509 
737 226 60 75 0.02722598 
202 283 71 93 0.027077794 
811 295 60 76 0.02686208 
274 403 60 85 0.026829673 
724 200 56 71 0.026572602 
361 322 31 38 0.026571479 
161 354 157 189 0.026505537 
268 347 70 99 0.026334956 
308 172 47 66 0.026045514 
405 343 37 44 0.025985744 
845 181 30 42 0.025931448 
386 44 88 82 0.025662342 
426 239 42 55 0.02559944 
375 249 29 38 0.025589237 
390 381 68 85 0.025556188 
298 251 31 40 0.025448496 
445 219 67 80 0.02452124 
607 211 51 64 0.024498923 
508 278 31 40 0.02422627 
817 122 30 41 0.024068383 
191 265 149 189 0.023811674 
230 313 40 53 0.023778867 
430 267 44 57 0.02376031 
596 454 63 79 0.023696952 
562 565 63 73 0.023555975 
459 288 66 83 0.023320666 
397 147 62 82 0.023162656 
533 482 120 134 0.022878937 
394 290 50 63 0.022710405 
650 490 70 84 0.022479648 
273 181 56 72 0.022393968 
453 148 38 48 0.022291735 
784 220 36 45 0.022076856 
829 268 80 103 0.021824978 
102 479 144 151 0.021747341 
402 271 31 43 0.021426579 
414 470 111 134 0.021087905 
335 439 82 93 0.020929936 
508 177 31 41 0.020854386 
817 287 39 52 0.020769866 
122 568 108 101 0.02073556 
514 424 67 83 0.020729601 
630 436 41 58 0.020706048 
701 264 57 74 0.02062709 
444 330 61 75 0.020519812 
513 452 26 35 0.020473745 
716 455 42 53 0.020450676 
442 265 60 75 0.020256262 
524 215 40 50 0.020253541 
82 514 25 31 0.020144407 
645 426 57 75 0.020088276 
574 547 46 53 0.020064168 
476 321 33 45 0.020023372 
109 419 261 261 0.020022525 
