36_Football_americanfootball_ball_36_25
35
561 81 80 93 0.9935408 
363 126 30 37 0.19781905 
698 139 61 82 0.19665682 
353 118 68 83 0.09993851 
570 1 66 60 0.049025685 
518 631 62 54 0.04139959 
148 181 51 61 0.03890604 
513 22 72 83 0.036835913 
495 595 109 106 0.033025548 
748 536 348 360 0.031249773 
375 556 43 51 0.030585663 
374 130 77 92 0.029070655 
434 279 59 75 0.02827544 
526 90 68 90 0.0281678 
198 168 37 50 0.027466068 
634 194 63 78 0.027095253 
24 68 361 299 0.026543444 
319 123 81 103 0.025386915 
401 234 77 97 0.024948314 
127 174 93 88 0.02426019 
606 110 72 91 0.024143314 
331 139 105 131 0.023976224 
-63 519 353 362 0.023727698 
446 557 140 165 0.023386834 
597 77 67 85 0.023217851 
733 165 29 40 0.02313237 
583 -1 39 36 0.022606768 
597 44 49 59 0.022201156 
442 342 74 83 0.02200877 
-1 0 68 96 0.02180557 
672 163 71 86 0.021748805 
390 113 51 63 0.02136477 
333 156 44 53 0.021029603 
558 315 701 736 0.020773208 
14 -1 46 49 0.020097502 
