36_Football_americanfootball_ball_36_358
43
316 184 58 69 0.8827042 
204 156 74 95 0.1083536 
339 124 28 35 0.06734609 
571 354 36 42 0.0638499 
103 358 30 36 0.046293143 
214 135 57 78 0.045328937 
461 80 77 82 0.04081533 
320 129 62 76 0.03900051 
209 49 69 71 0.03859118 
208 98 78 91 0.03828477 
537 502 29 31 0.038076323 
190 280 78 93 0.035844143 
228 144 31 43 0.035779633 
164 81 129 144 0.034573324 
20 -1 80 73 0.034465495 
228 187 70 86 0.033987556 
264 119 59 81 0.030487217 
179 82 68 77 0.030409288 
425 160 83 86 0.029675288 
170 153 79 86 0.028956322 
436 308 57 69 0.028775541 
230 127 31 38 0.027714541 
663 431 515 552 0.026645314 
296 215 62 82 0.025052551 
255 50 65 74 0.024754515 
238 82 55 64 0.024689702 
81 51 224 248 0.02430211 
362 277 56 73 0.024206718 
260 155 58 77 0.024047913 
336 537 363 346 0.022839237 
444 57 66 83 0.022497118 
319 333 60 85 0.022209289 
452 33 118 119 0.022207253 
442 132 82 89 0.021826195 
-64 515 353 367 0.021240905 
290 118 40 51 0.021144517 
256 193 31 41 0.021114623 
168 112 75 89 0.021066682 
485 102 32 37 0.020722894 
165 176 125 149 0.020667627 
508 0 32 34 0.020619946 
223 40 37 42 0.020313084 
-217 305 690 747 0.020165661 
