36_Football_americanfootball_ball_36_321
45
662 336 155 139 0.7334688 
520 185 108 118 0.17914632 
802 470 174 184 0.0756347 
463 120 22 28 0.075269185 
758 -13 131 227 0.06206642 
869 545 105 95 0.055225577 
211 124 153 162 0.046411116 
700 377 170 166 0.038507838 
721 309 158 160 0.036921848 
407 346 173 211 0.03682576 
764 400 177 175 0.036743857 
646 303 118 138 0.036627762 
280 180 84 103 0.03584128 
377 178 19 24 0.03506115 
505 203 72 88 0.03127773 
178 74 136 155 0.031082638 
437 218 78 99 0.030682605 
308 172 21 29 0.030316753 
122 109 151 141 0.029767996 
855 483 82 95 0.028874677 
699 442 200 207 0.028033065 
547 190 63 73 0.02627278 
568 182 153 170 0.025582448 
516 171 74 83 0.02558038 
-2 110 72 102 0.025410688 
424 175 42 49 0.025286807 
338 132 20 26 0.025145518 
513 217 45 55 0.024333471 
797 358 242 272 0.023592547 
423 183 69 83 0.023287911 
265 152 74 93 0.0227485 
301 167 38 51 0.022731526 
172 -7 177 187 0.02267769 
368 178 21 26 0.022668147 
404 172 149 171 0.022451904 
450 137 35 44 0.022047913 
519 229 25 31 0.021909542 
443 118 32 42 0.02151891 
563 182 28 33 0.021447295 
869 49 166 204 0.021199152 
22 94 113 138 0.020928517 
446 104 49 62 0.020779202 
563 198 29 35 0.020258898 
2 402 80 101 0.020040788 
852 660 101 125 0.020036357 
