36_Football_americanfootball_ball_36_16
37
558 91 124 159 0.99829584 
297 288 99 117 0.95270395 
246 8 100 125 0.11050743 
335 342 121 142 0.07675811 
361 405 82 101 0.05200022 
354 27 69 81 0.048516415 
216 11 77 90 0.041739635 
444 427 58 76 0.041489735 
338 6 114 143 0.040280413 
407 425 73 87 0.037585188 
755 362 88 108 0.034138612 
433 13 88 94 0.03335107 
769 -3 193 169 0.032637764 
277 20 60 82 0.03129354 
497 425 103 118 0.029230922 
387 -2 130 157 0.026833741 
323 451 135 141 0.025803575 
831 52 112 120 0.02544155 
583 504 68 78 0.023962207 
416 526 74 82 0.023878068 
331 316 93 100 0.023670763 
773 70 147 168 0.023553781 
388 504 85 88 0.023330938 
781 584 158 168 0.023285005 
845 -3 54 46 0.023075791 
728 9 82 81 0.023018619 
466 392 66 82 0.022990039 
47 28 48 58 0.022911511 
731 292 89 89 0.022715999 
344 448 69 86 0.022392726 
638 509 91 88 0.021421298 
411 462 104 131 0.020770585 
793 178 89 98 0.02041662 
-3 271 147 198 0.020406961 
529 492 95 98 0.020321669 
277 286 64 81 0.020268738 
330 52 79 106 0.020015115 
