36_Football_americanfootball_ball_36_126
272
789 91 25 29 0.39836156 
24 211 22 28 0.23155962 
964 79 42 57 0.1521267 
210 129 22 27 0.1255139 
128 185 20 27 0.11952733 
949 51 21 26 0.11306298 
175 197 19 25 0.106329426 
2 390 24 45 0.094422266 
916 130 24 30 0.0938132 
921 77 19 24 0.090850115 
336 207 21 29 0.08382694 
202 180 20 26 0.07959981 
921 142 38 52 0.076537035 
758 280 63 88 0.07649428 
515 284 24 30 0.07500251 
8 258 19 28 0.07375273 
815 77 21 26 0.07247245 
52 154 21 27 0.06985419 
972 72 29 38 0.06961478 
0 101 23 28 0.069239564 
951 34 20 25 0.066665515 
778 97 21 27 0.06646857 
204 122 35 44 0.060608692 
708 105 26 30 0.058329776 
695 76 20 24 0.05805311 
209 145 22 27 0.052618224 
791 209 20 31 0.05241774 
107 56 21 26 0.052083217 
54 173 18 26 0.05046446 
513 297 23 30 0.050355915 
247 207 138 175 0.049444113 
666 399 64 90 0.04884255 
816 97 22 28 0.0484051 
163 198 21 26 0.047532458 
925 95 19 24 0.046940584 
183 187 20 26 0.04620924 
50 256 22 28 0.04563271 
163 156 19 23 0.044399638 
764 57 21 25 0.043661963 
289 184 83 116 0.043413732 
521 260 21 26 0.04319359 
533 259 22 28 0.042803075 
665 182 23 30 0.04204127 
974 58 22 29 0.04189336 
906 80 20 25 0.04183855 
27 272 20 26 0.041344836 
690 255 22 29 0.040849827 
56 102 27 33 0.040754396 
77 277 101 140 0.040554225 
903 114 53 68 0.040370993 
688 430 29 39 0.040263355 
645 224 21 27 0.039588988 
669 197 23 29 0.03947698 
617 411 24 31 0.039360985 
167 191 32 38 0.03902636 
239 167 222 335 0.038797144 
939 152 27 36 0.03858563 
4 308 23 34 0.038464513 
665 227 23 29 0.038166698 
355 184 19 26 0.038014665 
847 6 22 26 0.03785213 
776 80 22 27 0.03753225 
51 231 21 25 0.037353225 
130 47 21 26 0.03724335 
772 127 21 26 0.037038103 
8 228 20 27 0.036631096 
785 210 33 57 0.03633942 
667 123 21 27 0.03600483 
159 184 20 25 0.035885718 
950 68 38 49 0.035650194 
696 116 28 34 0.03535737 
751 56 22 26 0.034576606 
644 207 21 27 0.034342274 
75 151 21 27 0.034318794 
668 253 21 27 0.034282885 
50 207 19 24 0.034192834 
500 267 52 64 0.03405624 
696 228 22 27 0.033980023 
694 395 63 79 0.033752333 
663 358 74 95 0.033476435 
689 93 54 61 0.0332558 
469 491 22 28 0.033197504 
350 277 25 31 0.03289487 
771 300 28 39 0.032665778 
223 124 23 30 0.032601573 
776 217 57 89 0.032427907 
23 222 96 132 0.032368187 
743 97 22 27 0.03199704 
30 186 17 24 0.03184898 
188 128 67 83 0.031844586 
902 97 19 24 0.031823438 
117 346 84 97 0.03179309 
720 410 22 28 0.031745955 
684 271 41 51 0.031731647 
-134 398 523 566 0.031308938 
179 151 18 23 0.031116767 
687 282 64 73 0.030884167 
664 154 21 27 0.030675404 
919 91 33 42 0.030465623 
843 78 20 25 0.030363293 
636 118 24 31 0.030291324 
51 276 20 26 0.030263172 
340 183 21 27 0.030130861 
230 175 20 26 0.029889043 
694 276 24 30 0.029436596 
254 125 20 25 0.029411191 
819 174 21 29 0.02890107 
536 327 23 32 0.028846623 
49 138 37 49 0.028828606 
793 119 24 31 0.0287083 
211 199 21 26 0.0283809 
197 166 34 45 0.028363515 
773 146 22 29 0.028190127 
778 71 47 54 0.028153602 
776 199 32 48 0.027836343 
491 208 20 24 0.027691258 
24 102 22 28 0.02766473 
105 72 22 28 0.02765992 
689 179 23 30 0.02760921 
312 257 117 152 0.027605614 
305 152 20 26 0.027488716 
35 153 17 23 0.027262004 
952 69 23 29 0.027259996 
350 304 27 35 0.027157862 
226 124 114 152 0.026993066 
683 245 35 46 0.026864631 
197 208 123 164 0.026839228 
118 183 36 46 0.026570259 
818 121 24 30 0.026569039 
925 57 19 24 0.026563391 
322 239 189 242 0.026478408 
797 55 21 25 0.026461205 
874 175 26 35 0.026445692 
530 274 24 30 0.026387477 
0 187 69 90 0.02638018 
4 271 20 28 0.0263339 
691 414 25 33 0.026201237 
0 264 33 47 0.026133552 
265 226 75 99 0.026092093 
692 204 22 28 0.025938025 
742 201 20 26 0.025901822 
306 75 20 24 0.025882795 
693 148 25 31 0.025833502 
871 52 20 24 0.025749072 
333 500 369 371 0.025739396 
689 76 34 41 0.02573727 
615 300 55 77 0.02571517 
19 262 34 45 0.02561326 
190 181 82 99 0.025427332 
154 176 32 42 0.025386088 
7 206 20 27 0.025184998 
763 508 325 375 0.025161613 
-3 233 68 97 0.025150403 
803 191 78 98 0.025104405 
136 510 358 367 0.02509282 
930 82 63 88 0.0250875 
613 203 22 26 0.025064308 
228 109 22 26 0.024962874 
6 217 33 44 0.02496013 
660 143 34 46 0.02489272 
122 215 117 145 0.024821071 
261 107 20 25 0.024790639 
856 387 70 90 0.024778856 
88 342 68 85 0.024774335 
228 207 22 28 0.024736479 
875 431 25 34 0.0247249 
851 362 165 251 0.024527276 
161 249 709 736 0.024434488 
132 167 110 125 0.024334515 
661 241 37 47 0.024231816 
595 258 20 26 0.024222765 
468 305 21 28 0.02408316 
459 205 19 22 0.024075232 
331 176 39 52 0.024009911 
380 304 23 30 0.024002897 
182 0 26 26 0.023958445 
56 123 24 28 0.023937846 
645 177 23 29 0.023907248 
767 139 36 47 0.0238996 
315 185 51 68 0.023700977 
130 160 18 23 0.02359029 
989 94 24 36 0.023556614 
178 406 24 33 0.023468973 
10 168 101 126 0.023417115 
831 257 47 58 0.023407836 
283 103 21 26 0.023323435 
515 257 37 45 0.023315584 
621 386 59 78 0.023305388 
139 389 49 60 0.023273436 
469 285 20 24 0.023209872 
845 95 21 28 0.023173738 
821 57 20 25 0.023121152 
529 518 364 359 0.023109805 
655 280 61 74 0.02309178 
158 130 68 81 0.023077473 
76 248 19 25 0.022973282 
4 184 19 25 0.022819579 
736 260 64 86 0.022755718 
613 340 39 53 0.022642782 
910 268 42 52 0.022628207 
610 254 21 26 0.022582106 
283 367 61 91 0.022469906 
671 107 20 26 0.022384293 
769 277 27 40 0.022366531 
292 159 136 183 0.022163406 
745 123 22 27 0.022156803 
489 228 20 24 0.022153156 
947 126 25 33 0.022099672 
852 347 51 62 0.022054303 
970 253 38 51 0.022032581 
289 124 20 25 0.02203228 
851 19 21 26 0.0220003 
468 254 19 23 0.021979496 
758 160 56 77 0.021960454 
391 178 19 25 0.0218056 
647 382 22 30 0.021793142 
640 200 35 46 0.021686105 
854 216 63 86 0.021670885 
748 78 20 26 0.0216561 
642 153 22 28 0.021654848 
489 257 18 22 0.021653805 
463 355 22 27 0.021560844 
100 232 78 94 0.02152673 
142 163 55 68 0.021453694 
199 0 29 27 0.021452935 
753 182 102 137 0.0214377 
127 33 23 27 0.021402128 
88 185 76 88 0.02136806 
950 96 25 33 0.021365244 
594 359 60 80 0.021340432 
769 317 30 43 0.021300308 
265 176 63 77 0.02121067 
716 235 104 138 0.021199973 
897 93 32 42 0.021187175 
219 199 38 48 0.021174997 
635 304 26 35 0.021173028 
383 105 28 33 0.021108469 
716 173 22 29 0.021094369 
62 294 59 83 0.020987814 
901 54 20 24 0.020967038 
511 286 52 68 0.020885715 
712 82 21 25 0.020880347 
39 134 67 85 0.020836512 
31 238 55 69 0.020797249 
733 182 57 73 0.02078055 
480 278 56 68 0.020745056 
82 378 96 95 0.020698069 
925 28 20 24 0.020680958 
716 150 24 32 0.02064541 
259 175 21 28 0.020640394 
64 348 169 191 0.020623555 
80 306 22 30 0.0206196 
483 201 35 43 0.020587435 
795 179 20 27 0.020557415 
111 181 19 24 0.020520637 
911 64 50 63 0.020491589 
890 288 44 53 0.020479225 
207 110 20 24 0.02044636 
773 178 21 30 0.020432122 
304 101 24 30 0.020429065 
914 120 67 91 0.020398898 
617 299 37 46 0.020361051 
514 233 18 23 0.020328954 
800 406 21 30 0.020224554 
620 96 52 63 0.020221874 
742 384 78 97 0.020212455 
791 150 22 28 0.020208271 
783 124 129 157 0.020195153 
313 205 21 28 0.020188518 
287 404 25 36 0.020118088 
745 47 36 42 0.020115897 
638 286 21 28 0.02001874 
