36_Football_americanfootball_ball_36_647
20
387 143 171 190 0.16030246 
296 56 251 304 0.15115708 
352 92 319 340 0.086484574 
216 16 184 178 0.0806148 
528 211 248 317 0.06476358 
396 67 157 163 0.0588305 
494 -1 64 64 0.044010807 
245 27 88 81 0.032198314 
436 67 70 74 0.025156321 
468 14 76 78 0.024957322 
512 14 69 86 0.024935234 
620 119 85 108 0.0248162 
444 35 96 92 0.024733804 
242 54 109 106 0.024180252 
285 7 78 76 0.02359502 
169 16 432 465 0.0220811 
547 99 75 108 0.021370813 
494 93 86 105 0.021218823 
454 86 91 111 0.02121001 
427 74 195 230 0.021180408 
