36_Football_americanfootball_ball_36_132
194
123 77 52 65 0.81395864 
796 75 40 50 0.75873077 
574 84 53 64 0.33587384 
298 107 53 74 0.20563616 
86 109 42 56 0.16835576 
873 121 40 50 0.15666339 
318 111 58 83 0.14295758 
2 94 21 35 0.13473062 
374 195 73 83 0.13337998 
809 173 29 38 0.106739454 
30 40 42 49 0.08435229 
388 177 26 32 0.08048759 
971 44 32 54 0.07902737 
789 189 45 58 0.07628597 
205 146 30 38 0.0728061 
358 122 70 84 0.07105966 
552 97 50 59 0.0708676 
714 273 38 63 0.069999896 
639 72 26 39 0.06844239 
630 90 38 57 0.06773717 
370 161 63 77 0.06263002 
950 195 43 48 0.058336012 
58 115 67 86 0.05710697 
594 88 55 69 0.05661946 
486 84 40 56 0.05536513 
448 7 53 53 0.054328844 
512 56 41 56 0.054095674 
381 97 64 83 0.052802324 
917 39 45 56 0.04937145 
60 226 25 32 0.04648227 
547 59 65 83 0.045317598 
344 129 48 65 0.045203384 
839 50 24 30 0.044799518 
653 66 36 50 0.044209328 
96 97 31 40 0.04395753 
920 148 23 32 0.043866485 
454 101 43 59 0.04383529 
608 75 31 42 0.043044306 
83 118 28 38 0.042811017 
23 82 105 146 0.042604603 
0 74 32 52 0.041980896 
691 114 37 51 0.041948754 
687 265 60 85 0.04182193 
453 29 49 58 0.04124009 
21 96 24 33 0.040470965 
794 164 49 63 0.040111843 
890 137 31 39 0.039878417 
869 73 26 32 0.039778795 
688 48 27 35 0.039739706 
684 58 36 48 0.038342513 
520 54 25 33 0.038096953 
733 523 363 369 0.037944894 
522 30 62 85 0.037520785 
521 10 42 51 0.03729806 
95 64 53 69 0.036842953 
519 66 61 79 0.036530282 
936 35 44 60 0.036317438 
-4 249 21 35 0.035912674 
636 257 77 88 0.035246972 
408 196 31 37 0.035119824 
688 136 40 53 0.035063162 
4 78 51 75 0.035042997 
75 66 41 53 0.03477472 
841 28 23 26 0.03409461 
410 22 25 28 0.0340336 
403 183 25 33 0.033938877 
648 99 57 73 0.0333147 
735 138 39 53 0.03292024 
950 146 23 31 0.03276041 
33 81 61 80 0.032379914 
970 124 20 32 0.031620294 
687 31 24 28 0.031507716 
954 129 21 29 0.031239761 
869 98 27 34 0.031239517 
528 65 28 38 0.031009322 
922 62 31 41 0.030856231 
311 1 23 26 0.030754887 
254 163 38 50 0.030606544 
1 4 22 28 0.030474316 
408 208 71 89 0.030433472 
495 274 55 82 0.030309405 
820 31 22 25 0.030286795 
712 61 38 51 0.030055877 
535 4 57 70 0.029995883 
82 96 27 36 0.029820774 
799 288 76 87 0.02960759 
168 114 37 49 0.029509721 
937 243 49 65 0.029081572 
561 17 23 30 0.028735982 
75 140 67 84 0.02864457 
507 92 28 38 0.02852823 
584 315 90 95 0.028464278 
48 92 27 36 0.028176045 
339 491 375 363 0.028110709 
27 50 57 69 0.028050544 
944 19 31 36 0.027988898 
656 84 38 56 0.02778171 
409 81 66 90 0.027575135 
529 294 704 730 0.02727116 
442 38 66 87 0.02726095 
476 100 42 57 0.02714836 
5 107 62 94 0.027103217 
1 115 21 35 0.026933776 
840 70 24 32 0.026926864 
961 178 36 50 0.026794998 
541 112 67 81 0.026749186 
437 292 70 82 0.026721366 
916 18 46 50 0.0266064 
97 144 28 36 0.02630326 
336 91 70 89 0.026254142 
-65 538 355 348 0.026223477 
564 6 23 28 0.026125731 
85 170 83 95 0.026029717 
889 59 40 52 0.026006471 
99 72 28 38 0.025999261 
970 82 32 54 0.025967196 
835 293 39 45 0.025874268 
130 523 370 353 0.025807323 
610 216 80 86 0.025765227 
948 177 30 36 0.025653157 
489 91 59 78 0.02551114 
-1 102 31 58 0.02542218 
461 44 30 36 0.025413916 
238 150 298 372 0.025343882 
359 169 26 36 0.025321942 
592 188 72 73 0.024923157 
475 49 64 85 0.02479853 
626 164 72 77 0.02459049 
708 133 39 54 0.024508217 
737 87 38 54 0.024366291 
284 116 33 44 0.024271796 
839 281 24 31 0.024143333 
-223 285 728 754 0.024132656 
117 133 41 54 0.024008805 
844 126 25 33 0.024003735 
250 249 42 59 0.023959706 
837 94 36 46 0.023899637 
384 105 26 34 0.02373779 
442 116 61 77 0.02366223 
899 3 24 26 0.02364815 
523 493 380 358 0.023574496 
971 147 22 33 0.023483237 
890 101 28 33 0.023230782 
383 119 28 38 0.023180496 
845 150 25 33 0.023163345 
584 4 22 25 0.023099763 
308 54 59 75 0.022993326 
835 130 58 73 0.022842191 
49 202 56 66 0.02276606 
172 247 732 712 0.02270531 
765 161 63 78 0.022637142 
574 160 68 82 0.022606743 
144 82 59 71 0.022384161 
173 138 36 45 0.022258766 
820 381 28 31 0.022229599 
585 74 36 46 0.022160357 
921 23 28 32 0.0220388 
423 20 66 78 0.022009796 
297 147 47 63 0.022002965 
426 54 42 55 0.021996016 
128 169 26 32 0.021862192 
111 197 50 54 0.021798342 
596 44 64 77 0.02177517 
652 138 46 58 0.021626003 
820 58 52 63 0.021576837 
906 129 56 69 0.021548988 
859 96 68 89 0.02154374 
330 2 22 24 0.021495998 
710 120 29 40 0.021477139 
318 45 37 44 0.02145961 
932 133 54 68 0.021423222 
990 483 23 31 0.021362826 
116 162 44 55 0.02131983 
510 139 38 51 0.021293294 
474 135 41 52 0.021264255 
441 229 52 68 0.021226324 
588 359 83 91 0.021219376 
767 76 53 68 0.021186829 
100 167 26 34 0.021140767 
722 209 51 77 0.020908533 
838 176 26 35 0.020785723 
89 64 89 112 0.020775652 
23 119 23 34 0.020695213 
683 95 38 54 0.020690696 
816 275 38 46 0.020679012 
755 283 72 87 0.020414583 
298 98 39 51 0.020351471 
330 249 293 338 0.020350223 
428 301 46 54 0.020248607 
822 155 54 71 0.020241315 
50 251 23 29 0.020196352 
389 271 128 148 0.020176874 
813 358 28 33 0.020160174 
458 2 31 31 0.020120403 
