36_Football_americanfootball_ball_36_279
58
521 294 140 125 0.30978116 
358 140 66 87 0.1830556 
795 305 75 132 0.14390796 
488 294 78 118 0.10648879 
-4 574 76 127 0.08129102 
444 177 81 96 0.054592878 
758 755 96 114 0.05386839 
406 130 71 90 0.05379956 
631 340 146 161 0.04954431 
197 51 176 205 0.04888429 
709 418 76 96 0.045529693 
315 119 64 85 0.044545077 
292 92 171 196 0.04307583 
694 339 143 155 0.03968792 
717 803 93 102 0.038650315 
287 57 31 34 0.038055215 
268 104 85 102 0.037569746 
603 299 82 100 0.037096806 
711 675 151 169 0.036307894 
451 195 124 139 0.035128325 
452 230 172 180 0.03419132 
333 167 78 104 0.03366382 
283 200 291 335 0.032862924 
701 466 104 122 0.03219792 
748 690 82 113 0.029608432 
108 115 81 106 0.029241845 
611 481 288 405 0.026722103 
279 63 51 58 0.026705494 
122 54 170 219 0.02670344 
687 256 162 177 0.026278293 
762 745 163 161 0.026078433 
979 128 53 79 0.026071629 
573 334 115 126 0.025977701 
846 484 86 120 0.025663665 
761 472 112 126 0.0256403 
160 164 300 393 0.025624484 
314 158 181 212 0.025614664 
371 180 89 114 0.025201898 
780 793 85 111 0.025020024 
660 399 125 151 0.024322528 
160 -10 329 351 0.024322156 
428 205 78 92 0.024246499 
683 360 85 108 0.024105715 
588 380 134 157 0.023524392 
367 753 84 99 0.023245178 
717 756 90 106 0.02301245 
367 711 88 97 0.022939164 
719 381 83 95 0.022606704 
653 327 80 100 0.022587063 
262 54 100 117 0.02249046 
718 581 169 198 0.022177959 
730 398 143 160 0.021922527 
333 110 32 41 0.021555 
697 823 75 74 0.021157036 
402 667 128 110 0.021016244 
568 318 75 83 0.020816991 
395 106 181 195 0.020069217 
728 457 40 52 0.020068826 
