36_Football_Football_36_62
142
310 110 48 63 0.9864044 
433 178 59 78 0.94819283 
776 138 53 64 0.9393944 
803 113 46 57 0.55325174 
799 137 50 59 0.25722128 
470 182 50 67 0.22015692 
811 101 34 42 0.1999239 
617 124 77 84 0.115302585 
240 98 22 29 0.10339169 
581 165 41 50 0.076923415 
801 358 26 32 0.07469064 
876 405 25 30 0.06789818 
0 140 28 41 0.06450832 
969 102 25 37 0.06315233 
708 222 47 52 0.061598722 
868 152 29 38 0.061526626 
791 93 46 55 0.059633087 
152 92 40 48 0.05492769 
596 149 72 80 0.054388326 
492 189 41 58 0.054103307 
720 101 26 33 0.05085687 
419 148 65 80 0.050338652 
449 153 48 62 0.04760901 
714 494 365 380 0.047502372 
869 418 39 46 0.046973467 
433 209 38 49 0.04601639 
427 65 38 48 0.04497846 
479 95 39 51 0.044050205 
772 98 24 30 0.042736046 
735 192 42 54 0.040733792 
850 407 22 27 0.04051697 
720 73 23 29 0.03943224 
631 403 188 126 0.037339263 
737 237 41 46 0.03678987 
398 89 45 54 0.036269452 
410 166 46 58 0.035204787 
656 143 38 44 0.03519633 
234 78 19 24 0.035167895 
475 152 44 61 0.034073357 
567 159 38 50 0.03347795 
504 174 29 39 0.033052605 
174 98 27 34 0.032409433 
176 174 41 48 0.031945035 
590 94 78 95 0.03193205 
129 581 28 34 0.031905543 
377 91 41 52 0.03147361 
250 95 24 32 0.03126864 
9 62 42 58 0.030605879 
175 74 23 29 0.030504677 
919 125 25 33 0.029680176 
432 155 33 42 0.02911522 
711 107 37 49 0.029002162 
428 85 41 51 0.028976241 
770 115 85 104 0.028667113 
377 113 45 56 0.028666485 
853 152 50 64 0.028635401 
763 263 37 46 0.028606704 
869 385 22 29 0.028564299 
888 407 22 30 0.028430479 
-2 78 38 55 0.027958514 
768 122 45 58 0.027838446 
122 560 42 48 0.027463665 
772 79 22 26 0.027461145 
397 112 46 57 0.027387116 
578 209 46 53 0.027358517 
739 78 22 26 0.027119054 
-6 75 62 92 0.027053857 
480 28 25 31 0.027040862 
741 118 37 49 0.027029395 
531 292 657 690 0.027017718 
688 103 25 33 0.026901092 
411 49 28 33 0.02663228 
952 101 25 35 0.026418895 
201 153 27 33 0.026309593 
483 38 29 38 0.026239494 
401 60 40 48 0.026104484 
154 71 39 48 0.026006974 
765 73 37 46 0.025742158 
694 409 82 100 0.025735447 
580 152 30 38 0.025700707 
850 386 21 27 0.025675856 
586 58 44 54 0.02559279 
766 254 27 34 0.025493538 
824 46 22 27 0.025370734 
741 261 41 51 0.025257869 
453 111 41 52 0.025184846 
117 165 72 77 0.02508932 
738 167 41 54 0.025086494 
657 121 38 45 0.02492582 
639 90 63 79 0.024893912 
401 199 62 75 0.024751443 
927 103 23 29 0.024649384 
792 347 49 59 0.02457048 
872 451 25 31 0.02454213 
791 119 38 47 0.024421727 
944 196 39 46 0.024347614 
740 99 21 28 0.02430381 
713 396 112 94 0.02422468 
710 228 67 81 0.024208881 
574 73 66 82 0.024144085 
127 92 40 46 0.023975436 
391 228 68 79 0.023959648 
642 72 23 29 0.023922047 
608 69 22 30 0.02389373 
872 100 21 27 0.023664499 
759 84 58 70 0.023663942 
0 194 23 40 0.023623796 
531 493 373 335 0.023463203 
527 190 39 53 0.023379657 
529 244 49 55 0.023153275 
427 48 26 32 0.023132376 
-1 42 34 55 0.023026587 
821 149 59 74 0.022950483 
944 351 26 37 0.022931922 
549 215 46 54 0.022824341 
869 129 25 33 0.022811254 
866 243 35 50 0.022774205 
192 168 41 49 0.022720974 
21 72 25 34 0.022431033 
859 393 51 60 0.022252573 
952 146 25 36 0.021971082 
791 76 24 29 0.021927044 
483 184 69 88 0.021894762 
95 493 40 48 0.021703806 
562 242 74 82 0.021550462 
919 325 58 81 0.02135587 
127 75 25 32 0.021341568 
564 126 83 99 0.021247242 
619 57 66 87 0.021216968 
90 155 115 135 0.021160984 
714 59 22 27 0.021016194 
21 92 25 33 0.020958692 
641 101 26 33 0.020913888 
952 117 23 34 0.020873908 
632 66 41 56 0.020862766 
744 148 26 34 0.020856323 
518 252 77 76 0.020844607 
902 303 23 32 0.020768447 
425 115 45 55 0.020538649 
635 165 37 44 0.020301243 
768 385 23 31 0.020276183 
864 188 37 50 0.02009617 
