36_Football_americanfootball_ball_36_693
241
585 579 75 90 0.4417794 
709 533 69 97 0.38057926 
667 304 50 67 0.3475127 
361 363 75 96 0.20924042 
798 247 122 152 0.20116626 
872 69 36 53 0.15997536 
683 80 29 36 0.14748429 
742 302 67 98 0.12710506 
386 121 73 80 0.12137541 
167 46 40 54 0.11194352 
843 34 37 49 0.11112567 
566 172 57 67 0.11055203 
653 94 74 96 0.103276394 
276 -2 32 36 0.08328968 
246 94 116 134 0.08110711 
749 36 48 52 0.077709146 
669 80 48 62 0.07753648 
603 46 40 49 0.07361157 
413 389 81 94 0.07300089 
759 273 97 140 0.06585444 
898 12 40 46 0.06363224 
473 16 63 85 0.06350329 
922 494 74 94 0.0558893 
698 1 69 58 0.054461945 
344 108 106 138 0.053047977 
547 307 58 73 0.049960844 
672 77 27 35 0.049881663 
756 15 49 50 0.048009135 
269 137 121 170 0.047880653 
173 -1 29 30 0.04754592 
727 14 54 50 0.047447436 
498 308 69 81 0.045346066 
985 193 32 53 0.04533252 
812 133 75 94 0.04387013 
448 412 60 75 0.043351974 
752 57 48 57 0.04318839 
936 4 53 50 0.043010674 
440 138 72 87 0.04211758 
362 571 72 97 0.04186955 
248 291 76 82 0.040588245 
589 56 44 55 0.040496286 
330 376 79 106 0.04012492 
482 578 65 81 0.039853714 
333 -3 32 36 0.038935903 
492 338 64 89 0.03856925 
419 319 118 145 0.038362317 
463 341 68 95 0.03830984 
712 291 69 98 0.038111936 
364 298 132 168 0.03803318 
493 45 51 71 0.03749863 
491 535 62 82 0.037435636 
27 496 49 63 0.03695228 
686 271 74 102 0.03669466 
621 255 25 31 0.03640311 
595 251 76 83 0.036294334 
584 86 44 56 0.036140516 
638 537 45 55 0.03601525 
792 92 41 53 0.03580264 
409 510 73 104 0.035746947 
257 -1 34 36 0.035422884 
960 -3 46 45 0.034960773 
851 255 93 105 0.034742925 
765 -3 47 46 0.034687836 
598 100 59 77 0.034675885 
908 3 59 56 0.034581363 
588 179 57 67 0.033811994 
520 8 60 71 0.03378521 
594 0 86 75 0.033472355 
466 272 78 87 0.03337635 
653 144 66 80 0.03311499 
625 101 68 84 0.032948416 
401 328 74 87 0.032782204 
596 545 67 77 0.032745294 
550 68 62 85 0.032272205 
854 40 40 56 0.032270927 
739 102 27 36 0.03217987 
501 521 48 59 0.03208628 
403 4 67 64 0.031914204 
818 315 144 184 0.03160261 
365 540 59 84 0.03154356 
614 249 45 52 0.031538337 
556 17 42 49 0.03140137 
447 244 76 88 0.031342346 
345 49 46 62 0.03114306 
585 23 114 124 0.031058053 
756 189 108 149 0.031031111 
214 -6 43 42 0.030659188 
441 569 86 96 0.030537933 
509 156 42 61 0.030376956 
277 126 65 65 0.030196281 
530 81 45 62 0.030096019 
41 14 51 53 0.030091587 
806 191 140 154 0.0300719 
648 34 122 122 0.029950311 
738 43 34 41 0.029426098 
82 12 67 64 0.029239068 
664 514 87 95 0.029216455 
344 -5 47 45 0.029160857 
320 21 121 115 0.029115006 
615 36 59 70 0.029054211 
360 11 73 70 0.029041102 
662 78 112 144 0.029021973 
158 0 27 27 0.028981516 
330 4 49 54 0.02861511 
514 323 30 35 0.028558554 
516 41 60 84 0.028534647 
853 18 38 47 0.028336333 
745 734 349 365 0.028192734 
732 89 43 57 0.027961832 
547 185 69 85 0.027824309 
699 232 99 137 0.027680567 
441 325 68 91 0.027617443 
887 81 32 45 0.02756298 
732 229 28 33 0.02734143 
316 221 76 92 0.027272327 
653 -8 67 61 0.027129557 
483 20 34 46 0.02711743 
745 257 74 104 0.027091058 
681 163 112 151 0.026953256 
410 156 75 94 0.026758548 
743 65 29 37 0.0265993 
565 224 78 96 0.026305217 
864 66 72 93 0.026158687 
896 44 29 36 0.02612942 
257 15 31 34 0.026128879 
636 69 25 33 0.025755448 
716 39 46 48 0.025750745 
624 278 70 81 0.025726436 
277 12 33 38 0.025715347 
501 260 70 88 0.025454415 
299 103 70 82 0.025375044 
612 198 27 34 0.025362415 
270 31 122 118 0.025314976 
686 545 48 63 0.025312116 
736 101 113 142 0.025224844 
511 578 65 83 0.025000855 
750 70 63 78 0.02493934 
563 35 74 85 0.02486529 
777 11 42 49 0.024805322 
684 -3 57 47 0.024775261 
483 233 67 82 0.024763187 
657 545 29 40 0.024521615 
519 98 62 88 0.024495816 
752 229 61 86 0.02444737 
335 277 113 149 0.024369635 
553 362 43 57 0.024352394 
522 363 47 61 0.024269989 
547 137 93 118 0.024265712 
242 -7 81 74 0.024149638 
501 613 48 61 0.024097359 
354 39 65 81 0.024047678 
466 509 70 82 0.024033234 
541 540 66 81 0.023995306 
778 34 41 50 0.023977485 
920 0 36 39 0.023976078 
554 498 694 743 0.023960836 
690 557 28 37 0.023951733 
367 78 70 89 0.023948088 
465 441 41 53 0.023901653 
653 181 41 51 0.02386828 
362 376 34 46 0.023816418 
327 553 67 80 0.023805879 
607 125 72 99 0.023763873 
731 -2 37 38 0.02371782 
972 59 35 52 0.02368741 
549 579 72 89 0.023670273 
519 545 49 62 0.023626814 
381 533 84 108 0.023580821 
577 155 101 127 0.023505172 
692 424 116 145 0.023428539 
384 80 136 162 0.023418343 
320 170 91 118 0.023391562 
644 376 27 36 0.023303946 
428 489 70 81 0.023275007 
126 16 41 44 0.023153113 
587 363 41 56 0.02311819 
570 327 48 61 0.023105629 
687 141 224 259 0.023074184 
625 -8 60 58 0.023024432 
534 326 30 37 0.022878347 
156 161 238 339 0.022861157 
113 29 65 71 0.022855366 
509 373 28 39 0.02264931 
434 211 69 83 0.022600973 
780 354 54 75 0.022393592 
621 621 76 89 0.022375524 
361 194 77 91 0.022360064 
636 125 26 34 0.022341916 
731 338 116 155 0.022239571 
847 122 80 99 0.02220183 
301 148 78 94 0.022181025 
395 229 83 100 0.022011263 
207 255 54 70 0.022010228 
383 23 111 112 0.021988148 
59 -3 50 48 0.021752052 
551 0 85 84 0.021677129 
816 79 69 91 0.0216542 
821 31 51 64 0.021644646 
840 255 163 183 0.02162811 
682 42 45 50 0.0216138 
-227 520 706 743 0.02158201 
432 447 63 75 0.021518085 
510 349 32 40 0.021422816 
4 156 157 212 0.02142121 
458 161 69 85 0.021367393 
606 508 81 90 0.02136351 
672 558 72 91 0.021346731 
381 677 66 76 0.021298816 
232 191 126 165 0.02127569 
129 2 25 29 0.021264285 
510 176 74 92 0.021252943 
990 -2 28 32 0.02124756 
640 188 35 46 0.021227697 
353 496 82 111 0.02119575 
842 -2 40 43 0.021187134 
610 -5 44 42 0.021097394 
650 -14 123 103 0.021081237 
714 228 61 78 0.02092671 
525 331 49 57 0.020900587 
380 147 59 71 0.020863913 
256 257 113 134 0.020840326 
856 416 124 154 0.02079572 
241 43 94 97 0.020730646 
858 30 127 153 0.02071616 
189 -10 78 75 0.020679945 
473 547 52 68 0.02053265 
95 26 30 33 0.020531755 
175 28 86 90 0.02051737 
715 556 36 51 0.02035936 
592 100 25 32 0.020343384 
567 193 33 40 0.020271275 
465 336 112 151 0.020258468 
522 141 43 68 0.020226201 
327 336 133 170 0.02022037 
464 105 68 87 0.020177403 
51 1 31 34 0.020165754 
636 219 39 48 0.020125115 
753 22 261 271 0.020119254 
696 53 63 73 0.02008133 
426 -1 35 37 0.020056475 
338 119 70 86 0.020034887 
