27_Spa_Spa_27_728
24
140 90 641 382 0.8166978 
265 191 653 484 0.13105884 
275 109 341 204 0.12668987 
322 635 190 140 0.116073444 
509 245 341 338 0.061353877 
857 119 128 132 0.05585451 
672 354 264 259 0.0461296 
782 145 83 91 0.04058727 
633 137 284 267 0.03857788 
332 127 28 39 0.031250626 
477 38 356 312 0.028004441 
325 106 158 120 0.027937967 
538 87 538 525 0.02666232 
807 199 87 97 0.02596517 
731 408 144 137 0.0252819 
641 258 240 223 0.02527592 
773 149 153 173 0.023953382 
927 137 74 87 0.022258263 
768 179 97 99 0.02172669 
399 118 157 95 0.021341307 
786 94 107 120 0.021309169 
699 87 179 194 0.020762008 
357 340 369 366 0.02055154 
386 132 28 36 0.02013126 
