27_Spa_Spa_27_768
25
195 342 53 75 0.99146384 
566 249 58 79 0.9886445 
337 267 49 71 0.97608143 
739 311 53 87 0.9701282 
211 324 57 76 0.07929147 
817 346 30 40 0.0505294 
355 276 55 73 0.050466873 
175 321 60 80 0.043101598 
715 262 74 85 0.038619053 
246 367 48 56 0.036895495 
180 368 35 46 0.035173565 
235 338 49 63 0.033430886 
0 431 20 28 0.028125662 
335 248 34 45 0.027507588 
146 320 40 54 0.027282387 
677 305 69 75 0.025287801 
682 293 45 54 0.025255434 
167 360 70 88 0.024265397 
530 255 65 75 0.023725549 
819 373 29 38 0.023632737 
106 385 22 28 0.023409432 
455 295 42 44 0.022760779 
128 384 23 33 0.022650845 
818 317 58 71 0.02200877 
673 354 67 79 0.021741629 
