27_Spa_Spa_27_212
22
197 86 572 236 0.9971576 
326 129 269 189 0.09935635 
236 461 67 74 0.054498576 
371 242 332 286 0.03293713 
452 345 182 159 0.032635946 
218 132 248 175 0.032072924 
726 547 107 97 0.029263077 
393 524 70 82 0.028731776 
497 97 49 65 0.027763914 
318 184 162 147 0.026523925 
232 456 29 39 0.025726486 
547 84 329 313 0.025621604 
270 451 72 89 0.025276672 
253 479 32 38 0.024747012 
221 169 389 285 0.02336154 
222 451 51 63 0.023204276 
-131 428 515 530 0.023197157 
323 147 137 114 0.023081483 
164 89 203 189 0.02221872 
430 196 204 212 0.02096983 
478 99 95 104 0.020767389 
367 222 143 156 0.020476555 
