27_Spa_Spa_27_109
22
103 314 21 26 0.08067395 
271 371 237 158 0.06895714 
243 584 219 151 0.038054638 
274 269 48 65 0.037642553 
102 326 22 28 0.037571255 
320 395 97 97 0.031214595 
243 446 251 185 0.031131495 
182 314 21 26 0.02955113 
138 170 381 353 0.02853027 
188 351 78 82 0.027778456 
214 447 69 86 0.02776716 
326 359 135 108 0.026309954 
177 433 76 87 0.026000855 
77 428 26 29 0.02442175 
3 327 22 36 0.024159357 
17 68 331 370 0.023483517 
136 436 83 86 0.023231918 
119 457 52 58 0.02282842 
205 405 83 92 0.022506187 
154 343 84 83 0.022483002 
247 424 64 81 0.022161929 
187 326 61 74 0.021201637 
