27_Spa_Spa_27_486
31
445 192 59 97 0.9929248 
772 27 66 89 0.98553133 
921 -13 93 152 0.44987825 
500 -8 168 143 0.18826438 
897 -1 90 95 0.06169364 
168 303 61 73 0.044598304 
878 16 64 80 0.035837714 
950 116 69 124 0.03322447 
849 5 27 30 0.03276288 
484 213 64 80 0.030114587 
266 284 22 27 0.029973706 
204 288 20 26 0.028783806 
182 311 28 33 0.028344827 
405 206 62 78 0.028290115 
197 304 23 29 0.028190458 
792 0 73 71 0.026356895 
115 302 150 171 0.025837813 
867 40 30 38 0.025741309 
573 -8 166 157 0.024648255 
185 278 22 27 0.0245776 
471 265 205 172 0.024476312 
277 281 22 27 0.02422848 
177 322 33 40 0.023199864 
414 218 81 106 0.02304407 
714 -9 140 149 0.02155724 
133 341 191 194 0.021545434 
849 21 58 69 0.021278884 
185 262 20 26 0.02124397 
828 -3 59 56 0.020985872 
867 25 28 33 0.020239698 
939 1 67 78 0.020161023 
