37_Soccer_soccer_ball_37_907
305
44 60 36 43 0.9557005 
11 296 36 46 0.9398981 
258 72 35 44 0.9144972 
25 185 36 45 0.8974463 
675 88 38 49 0.8959206 
421 110 39 47 0.87717205 
194 275 32 45 0.86016864 
542 84 37 46 0.76813585 
128 176 38 48 0.7534442 
914 171 42 53 0.58338445 
334 114 37 46 0.51078767 
171 55 31 40 0.4908151 
150 307 30 40 0.44640917 
919 75 26 34 0.26278526 
262 150 42 51 0.199198 
856 129 43 58 0.16399887 
2 76 25 36 0.15493138 
276 299 26 33 0.122382835 
351 30 41 49 0.11601904 
78 176 31 38 0.092805415 
357 297 20 27 0.08237782 
717 65 28 35 0.076786704 
714 53 27 34 0.07290217 
69 7 45 46 0.07170114 
362 431 19 23 0.06994437 
723 0 27 28 0.06962045 
231 173 35 43 0.06895695 
277 431 21 25 0.06861377 
393 308 21 28 0.06842008 
331 276 27 34 0.06835206 
233 141 35 46 0.067280516 
456 67 25 32 0.06455966 
949 19 31 34 0.06396232 
965 -1 38 39 0.06367075 
307 275 27 33 0.059712037 
951 47 27 34 0.059563465 
252 165 37 44 0.058412574 
207 96 25 34 0.057385962 
23 19 27 34 0.057121813 
203 17 29 32 0.056582857 
334 2 25 27 0.055596918 
348 279 33 41 0.054413065 
541 428 20 24 0.054411434 
253 215 41 48 0.05417122 
3 167 38 48 0.05293468 
879 106 56 75 0.052701674 
308 301 25 31 0.05195499 
410 413 20 26 0.051726393 
282 414 19 23 0.051365003 
313 413 18 21 0.050734967 
867 29 23 26 0.047603507 
73 151 27 36 0.047469363 
160 54 28 37 0.047253374 
797 620 25 30 0.04715229 
132 300 37 45 0.046656314 
512 53 26 34 0.04602556 
351 227 28 35 0.045060795 
901 88 37 48 0.044850867 
871 42 23 28 0.044661995 
1 154 27 35 0.04448752 
195 0 40 38 0.04416665 
313 0 22 25 0.0440203 
762 37 43 46 0.043998286 
264 304 23 31 0.04367522 
894 129 25 34 0.043618117 
645 96 36 45 0.043514468 
95 273 33 45 0.043347504 
438 25 24 27 0.043344423 
180 189 38 47 0.04315795 
147 123 31 37 0.042616714 
54 280 25 33 0.041910622 
207 72 24 32 0.041722614 
989 0 23 29 0.041618958 
352 104 27 35 0.04153193 
256 17 30 32 0.04083516 
708 117 42 57 0.04075601 
20 121 25 32 0.040755663 
896 4 24 25 0.04060879 
252 54 38 46 0.04048595 
235 129 27 35 0.039537705 
668 77 32 39 0.03918461 
334 139 33 40 0.038940277 
665 534 20 25 0.038887467 
132 103 25 32 0.03881906 
313 432 18 21 0.038366828 
86 10 46 50 0.038241006 
235 64 35 45 0.03748866 
129 67 25 32 0.0374627 
543 455 23 27 0.03738692 
924 58 22 28 0.03704936 
122 39 39 50 0.036878105 
786 1 26 28 0.036719568 
707 12 37 43 0.03668599 
129 153 39 51 0.03661232 
283 281 37 45 0.036566276 
431 429 20 25 0.036264423 
251 188 42 49 0.03624583 
476 148 41 54 0.036225818 
278 0 25 27 0.035697583 
331 256 26 34 0.035608184 
867 1 24 24 0.035228655 
511 65 36 45 0.0350994 
758 12 53 46 0.034969766 
332 431 18 21 0.034841035 
103 298 33 42 0.03481231 
852 0 23 24 0.03462359 
544 420 18 21 0.034511585 
690 533 20 24 0.03449655 
360 418 19 23 0.034436595 
381 251 23 29 0.0342717 
537 421 34 40 0.034224473 
453 139 45 56 0.034119733 
352 0 27 28 0.033879727 
761 147 39 52 0.033583183 
724 135 57 78 0.033461567 
937 36 52 64 0.032981053 
153 283 27 36 0.032255273 
177 10 41 43 0.032080308 
154 22 27 31 0.032027658 
305 255 29 36 0.031941645 
145 147 32 40 0.031616025 
512 436 17 22 0.031494293 
534 485 312 341 0.031216884 
767 126 27 34 0.03109298 
911 60 48 63 0.030725924 
721 559 20 24 0.030711252 
669 633 20 25 0.030676326 
76 268 32 42 0.030422356 
287 351 22 27 0.030402053 
919 121 27 34 0.030188939 
437 54 24 31 0.02999135 
510 1 29 32 0.02993304 
993 44 22 30 0.029886255 
903 96 60 76 0.02983067 
647 533 22 28 0.02978774 
127 24 25 32 0.029573236 
180 0 30 31 0.029515617 
864 134 58 79 0.029483698 
945 67 24 31 0.029438742 
333 298 24 30 0.029230177 
409 388 19 25 0.029194182 
418 428 20 26 0.029162351 
311 392 18 22 0.028915633 
101 126 25 33 0.028722271 
445 115 39 50 0.028539956 
917 155 30 38 0.028154233 
730 117 41 54 0.027957782 
763 511 19 23 0.02779311 
561 433 19 21 0.027713852 
903 73 23 29 0.02751707 
467 300 20 25 0.027506765 
253 1 30 30 0.027426062 
231 57 27 33 0.027421776 
487 302 19 24 0.027400834 
774 555 19 24 0.027191624 
615 1 26 27 0.02693624 
721 539 19 23 0.026652342 
434 68 27 35 0.02664696 
946 0 44 44 0.026626507 
845 50 22 28 0.026583705 
359 250 24 29 0.026519198 
491 51 23 29 0.026513726 
769 -1 32 30 0.02649134 
314 117 35 45 0.026468527 
408 556 20 24 0.02644335 
994 91 20 28 0.026397731 
0 64 42 57 0.026392497 
382 100 26 36 0.026371118 
406 309 23 32 0.026300615 
334 417 17 22 0.0262981 
738 37 36 43 0.026202131 
510 307 20 24 0.026200052 
534 16 28 34 0.026137143 
27 3 25 29 0.02597897 
736 98 37 51 0.025961589 
813 132 58 69 0.025874343 
300 271 48 60 0.025860928 
230 217 39 48 0.025783136 
455 49 33 41 0.025775986 
559 21 25 32 0.025710976 
487 1 25 27 0.025644155 
105 173 37 49 0.02561864 
102 70 26 32 0.025586843 
558 457 20 24 0.025585406 
776 163 40 48 0.025571508 
559 418 18 22 0.025554942 
273 222 32 39 0.025091503 
390 280 20 28 0.025008796 
442 339 70 97 0.024987945 
696 24 27 31 0.0249851 
228 191 31 40 0.024935307 
312 23 22 26 0.024907053 
625 169 50 54 0.024895951 
380 -1 29 28 0.024834914 
31 46 35 49 0.024689374 
337 227 26 34 0.02463719 
990 147 25 39 0.024611223 
824 50 24 29 0.024609962 
200 260 28 37 0.02454485 
362 460 20 23 0.02433773 
0 283 56 76 0.024325062 
821 149 25 32 0.024143787 
847 123 32 44 0.024072992 
387 435 19 23 0.024064993 
548 167 40 47 0.024004847 
618 541 20 25 0.023980107 
533 3 26 31 0.023908423 
868 163 30 41 0.023830013 
227 18 27 31 0.023758043 
322 270 49 58 0.02374529 
437 9 270 289 0.023713155 
428 220 42 47 0.023668084 
478 122 39 51 0.023667967 
29 374 24 30 0.0236392 
484 281 21 28 0.023552453 
788 50 25 29 0.023511095 
536 100 41 52 0.023470687 
308 72 24 31 0.023444429 
431 511 20 26 0.023229815 
897 57 20 25 0.023224877 
963 15 29 36 0.02321131 
971 66 22 31 0.023149345 
158 0 24 27 0.02305653 
407 1 23 25 0.023046572 
513 15 26 33 0.02301699 
440 462 18 23 0.022995876 
92 31 41 53 0.02299059 
102 144 28 38 0.022987602 
925 105 60 78 0.02293772 
50 320 36 46 0.02292421 
414 102 32 42 0.0228944 
359 539 20 26 0.022718249 
821 585 19 24 0.02271311 
226 1 28 30 0.022711908 
538 338 20 25 0.022616483 
656 135 44 52 0.022592647 
74 4 29 30 0.0225773 
638 69 38 47 0.02255102 
819 0 22 24 0.022545818 
519 329 17 22 0.022482265 
395 415 19 22 0.022437949 
822 23 21 24 0.022370186 
127 117 35 45 0.022321684 
486 90 36 44 0.022315083 
538 352 18 22 0.02226217 
770 451 21 24 0.022246376 
463 278 36 45 0.022232428 
285 509 21 26 0.02215599 
616 112 39 48 0.022153394 
843 94 27 34 0.022086833 
21 488 31 34 0.021986283 
175 149 29 38 0.021979157 
818 94 28 35 0.0217214 
449 152 63 70 0.021627324 
199 194 28 36 0.021595003 
697 514 19 23 0.021423442 
970 140 35 55 0.021353597 
488 140 55 67 0.021346828 
457 23 23 27 0.02130003 
887 53 104 137 0.021294795 
529 434 61 72 0.021250326 
939 12 56 61 0.021098705 
411 24 23 28 0.021078112 
94 250 36 46 0.021038255 
278 22 25 28 0.02103664 
449 242 38 46 0.021008728 
846 587 21 25 0.02095425 
921 69 58 74 0.020923527 
875 173 68 83 0.02087496 
818 177 25 32 0.020832581 
338 44 27 35 0.020784669 
281 392 78 87 0.020714095 
421 510 20 24 0.020686576 
392 326 19 25 0.020640088 
749 119 50 63 0.020625608 
460 1 24 25 0.020619767 
469 284 21 27 0.020589538 
732 62 35 44 0.020566279 
179 175 32 39 0.0205238 
513 89 39 47 0.020515546 
754 141 63 82 0.020501764 
867 538 20 25 0.020494414 
772 543 19 24 0.020493137 
857 180 48 57 0.020478282 
872 98 25 31 0.020463195 
897 531 20 25 0.020454923 
375 40 30 37 0.020416722 
673 120 60 70 0.020414427 
850 537 20 24 0.02038703 
955 492 73 94 0.020360705 
206 114 37 45 0.020339971 
721 456 16 19 0.020311614 
276 412 33 40 0.020309864 
812 620 22 26 0.020272586 
9 128 22 30 0.020269528 
540 446 36 44 0.020188525 
310 49 23 31 0.020182349 
724 616 20 24 0.020181408 
534 47 27 33 0.020168712 
439 3 23 25 0.020116718 
819 541 19 22 0.020066096 
786 126 26 33 0.020041663 
798 155 59 71 0.02003339 
690 642 18 24 0.020022763 
276 51 28 34 0.020014822 
