37_Soccer_soccer_ball_37_345
148
490 175 16 18 0.1720577 
131 329 23 30 0.14932719 
132 313 21 26 0.12768625 
621 178 17 20 0.121232435 
425 182 16 20 0.1101683 
492 164 16 19 0.1028011 
515 132 17 19 0.10129901 
560 179 15 20 0.097087845 
551 163 16 19 0.09312149 
559 163 15 19 0.092105165 
365 177 18 23 0.09011651 
122 127 23 27 0.08488063 
152 444 21 28 0.07947642 
465 182 15 18 0.07685154 
827 254 22 28 0.07178921 
534 232 16 19 0.06530449 
107 464 23 28 0.06516365 
465 212 16 19 0.06446907 
466 229 17 20 0.061126817 
422 205 17 20 0.059730418 
594 132 16 19 0.05887152 
383 131 16 20 0.05860051 
292 128 21 24 0.056330923 
570 203 16 17 0.055908855 
159 480 24 31 0.054982338 
498 204 15 18 0.054549795 
432 330 22 28 0.05368429 
551 177 16 19 0.053462487 
416 237 17 22 0.052572053 
522 235 16 18 0.052141614 
969 65 24 32 0.050816365 
432 207 16 19 0.048247818 
146 448 31 42 0.04697923 
363 201 18 21 0.046617325 
713 156 16 20 0.04654983 
512 207 14 17 0.04499334 
435 361 27 37 0.044833038 
533 130 16 19 0.043792732 
431 254 17 19 0.04375494 
420 254 18 21 0.042858873 
592 183 15 19 0.042764805 
381 211 17 20 0.042423535 
489 237 17 19 0.042153303 
469 159 16 18 0.041689634 
717 181 16 19 0.04163695 
593 208 14 17 0.04131406 
702 156 17 20 0.041248538 
516 259 15 19 0.04118252 
465 130 16 18 0.040812965 
356 230 20 25 0.04024789 
595 154 16 19 0.039530832 
620 207 15 18 0.039326377 
513 182 15 18 0.038123794 
379 176 17 20 0.03759307 
540 257 15 19 0.037472457 
540 284 16 19 0.037138235 
125 459 21 27 0.03694532 
540 209 16 19 0.036393356 
413 159 16 19 0.036260955 
718 207 15 18 0.036228944 
434 238 17 21 0.036182407 
821 155 18 22 0.03578371 
569 262 16 18 0.03561831 
717 236 17 20 0.035480544 
437 162 16 18 0.035106156 
19 39 56 65 0.0349581 
496 132 16 18 0.034338612 
490 256 16 19 0.034325235 
388 157 17 20 0.033874653 
437 304 21 25 0.033542328 
568 233 16 18 0.033405304 
386 230 18 21 0.033077832 
513 282 16 19 0.03304803 
364 161 17 22 0.032510668 
693 209 15 19 0.032164134 
619 284 17 20 0.03190511 
436 284 18 21 0.0317547 
513 153 17 20 0.031477753 
128 345 23 31 0.030804522 
410 130 17 20 0.030699268 
599 236 15 17 0.03044269 
419 177 28 34 0.03042558 
493 281 16 19 0.030279985 
752 132 17 19 0.030233078 
973 54 25 33 0.030172113 
622 163 16 18 0.02982419 
692 234 15 18 0.029703934 
969 157 19 25 0.029624077 
467 280 16 20 0.02915581 
368 130 18 21 0.028969776 
571 280 16 19 0.028861789 
843 135 18 23 0.028652523 
612 232 18 21 0.028578231 
973 178 17 23 0.02856849 
387 101 16 21 0.027744435 
820 176 17 22 0.02747145 
174 131 18 22 0.02739061 
640 214 14 17 0.027321756 
417 281 19 23 0.027237501 
466 261 16 19 0.027219879 
357 283 21 26 0.026826058 
424 348 46 61 0.026322043 
385 261 17 21 0.026315505 
844 236 17 22 0.02622618 
703 181 16 20 0.025856348 
593 257 15 18 0.025561865 
417 331 23 28 0.025488121 
825 135 18 22 0.025190976 
974 252 17 23 0.02518376 
335 520 22 27 0.02498935 
232 129 18 21 0.024927707 
104 437 22 26 0.024805253 
746 232 15 20 0.02441339 
747 215 16 18 0.024304548 
970 236 18 24 0.024243362 
638 182 15 18 0.023865497 
727 255 18 23 0.023784611 
361 49 21 24 0.023478316 
463 308 17 21 0.023473673 
827 238 19 24 0.023417037 
725 133 15 19 0.023389276 
838 255 18 26 0.02332474 
99 430 34 42 0.023169994 
568 131 16 18 0.02299277 
741 180 17 20 0.022990668 
667 182 17 20 0.022830494 
361 174 30 36 0.022425411 
642 133 16 18 0.022370245 
825 268 25 34 0.022205291 
676 207 16 18 0.022148995 
959 230 17 21 0.021858077 
994 128 20 26 0.021732204 
439 130 16 19 0.021444153 
636 283 17 21 0.021431718 
641 230 15 18 0.02129889 
980 285 20 26 0.021297367 
765 134 17 20 0.021272955 
993 199 18 25 0.02107182 
342 229 19 24 0.02101186 
845 208 16 21 0.021008857 
959 205 17 22 0.020977708 
97 465 39 46 0.020963967 
752 153 18 21 0.020879049 
131 439 21 26 0.02052609 
32 68 26 30 0.020340964 
570 304 18 22 0.020199494 
801 229 16 21 0.020151198 
826 202 16 20 0.020049905 
