37_Soccer_soccer_ball_37_851
24
725 207 54 66 0.99886465 
225 105 54 69 0.9985526 
378 279 55 68 0.9982337 
274 240 57 68 0.99743915 
528 279 55 69 0.99656147 
364 75 48 61 0.9924223 
848 204 47 60 0.9898463 
644 145 45 55 0.98874134 
122 239 61 83 0.97051525 
825 94 42 54 0.97040904 
632 248 53 66 0.95975035 
869 126 43 55 0.95409757 
491 97 49 57 0.93629736 
771 127 47 61 0.9324589 
453 297 40 52 0.053293616 
752 533 350 365 0.030177204 
358 270 54 68 0.02731683 
858 153 54 65 0.025089687 
580 332 688 734 0.024997357 
-150 432 528 548 0.02406784 
480 344 39 52 0.022264253 
413 284 56 67 0.022078658 
335 532 368 349 0.021321 
585 341 43 55 0.02077726 
