37_Soccer_Soccer_37_618
22
490 333 83 109 0.9996569 
15 308 66 91 0.9993523 
250 320 70 96 0.999226 
815 358 83 113 0.99611986 
694 317 54 73 0.552566 
-6 440 49 92 0.37489083 
939 347 52 78 0.34594348 
483 115 79 125 0.3008294 
325 376 46 59 0.24944052 
685 356 51 68 0.16334292 
724 315 45 59 0.07097441 
904 353 58 81 0.06320516 
857 358 67 87 0.047745775 
821 324 77 93 0.046636507 
382 246 27 37 0.03286986 
455 308 47 61 0.030824084 
432 129 71 104 0.030049082 
750 311 39 50 0.029888293 
519 105 94 147 0.028219992 
688 391 36 45 0.024552824 
436 141 27 39 0.023322575 
580 132 23 29 0.020334061 
