37_Soccer_soccer_ball_37_233
91
635 200 38 49 0.5617656 
414 267 28 36 0.41819558 
331 445 25 34 0.1286862 
46 364 169 201 0.08716194 
341 407 24 30 0.08167663 
537 482 20 26 0.078263745 
510 450 20 27 0.063000605 
754 228 41 45 0.06221044 
792 228 34 40 0.05750123 
362 351 24 32 0.048965167 
60 311 274 292 0.047980033 
740 353 65 72 0.043439344 
743 432 26 32 0.042707052 
611 480 22 27 0.042337403 
492 481 21 26 0.039873865 
790 246 26 31 0.03793402 
811 232 24 30 0.037687793 
133 434 68 81 0.0372513 
619 212 42 49 0.035989143 
426 258 25 32 0.035815883 
853 383 20 23 0.034786228 
737 241 48 50 0.034609374 
562 249 30 36 0.034605037 
71 426 76 92 0.03452888 
541 466 21 27 0.03356272 
385 452 38 48 0.032733895 
156 283 174 197 0.031807706 
323 417 47 62 0.031542655 
653 200 31 41 0.03144078 
405 451 24 30 0.030681927 
335 386 21 28 0.030302174 
509 355 42 44 0.03021105 
717 375 24 28 0.030015564 
333 400 76 95 0.02984519 
792 283 23 29 0.02971373 
743 255 58 69 0.02947687 
565 454 19 25 0.029447576 
707 235 65 75 0.029162236 
493 459 21 27 0.028850123 
85 454 108 123 0.02843469 
746 228 30 34 0.028306821 
492 435 23 29 0.027639989 
610 240 40 50 0.027399339 
29 414 87 97 0.026969818 
516 374 27 32 0.026688928 
385 231 23 30 0.026655499 
389 233 73 92 0.026584627 
992 453 21 31 0.026051776 
766 209 26 31 0.025775649 
19 338 125 163 0.025752468 
541 409 21 27 0.024645707 
585 201 39 47 0.02410245 
706 294 78 83 0.02402494 
55 467 73 86 0.023709362 
332 392 49 62 0.023680743 
204 452 69 72 0.023358665 
560 227 39 46 0.023106808 
428 121 309 335 0.023080112 
692 230 24 31 0.023048552 
130 477 76 83 0.022959568 
432 346 39 45 0.022600736 
583 222 38 47 0.022513818 
628 395 43 52 0.022511644 
748 198 62 72 0.022502303 
596 481 22 27 0.02246886 
715 232 25 32 0.02229509 
582 263 40 49 0.022214847 
681 402 39 45 0.022174392 
681 194 38 49 0.022124423 
634 371 46 50 0.022025034 
768 278 27 34 0.021931157 
694 232 112 119 0.021886842 
899 409 20 23 0.021696296 
410 225 25 31 0.021588933 
707 335 65 79 0.021374596 
767 232 53 60 0.021342352 
510 407 23 29 0.021227608 
654 243 40 51 0.021225126 
174 383 24 30 0.020918068 
564 441 20 25 0.020851225 
207 405 22 27 0.020836161 
787 295 36 50 0.020714821 
392 432 23 31 0.02069574 
577 245 40 49 0.020614931 
487 357 23 29 0.020575387 
86 463 51 63 0.020409156 
817 245 24 31 0.02039586 
631 235 40 51 0.020395234 
608 405 39 45 0.020041857 
275 425 202 220 0.020006374 
945 272 30 37 0.020001259 
