37_Soccer_soccer_ball_37_28
135
621 40 30 38 0.77832854 
384 105 36 46 0.7621885 
728 43 30 42 0.7008287 
370 146 38 54 0.3956143 
563 52 29 36 0.29915616 
486 141 36 47 0.16574584 
486 120 30 40 0.15708646 
386 442 60 66 0.11073334 
790 1 22 26 0.083718404 
503 145 31 42 0.07952868 
235 431 51 63 0.07611235 
516 78 26 32 0.07293918 
524 190 40 51 0.07119554 
357 161 32 44 0.06931702 
487 103 27 36 0.068598785 
564 174 30 37 0.06499916 
313 374 59 101 0.06471006 
584 50 26 33 0.062966116 
869 46 22 29 0.0597038 
536 78 25 33 0.059656136 
717 -2 24 28 0.05386622 
735 147 27 35 0.052763045 
627 28 33 38 0.052081924 
664 213 47 59 0.051459797 
889 2 25 28 0.051110044 
462 71 26 32 0.050877705 
649 478 35 54 0.04988738 
425 175 34 46 0.048986427 
506 128 29 37 0.048477933 
281 201 30 40 0.048186325 
413 186 37 49 0.04796496 
332 369 39 66 0.047870655 
548 303 59 88 0.047633324 
618 -2 27 31 0.047375713 
772 0 24 27 0.047086686 
800 47 20 26 0.045920897 
510 88 34 45 0.045430496 
539 129 26 33 0.04197585 
740 0 25 27 0.039748024 
339 389 71 98 0.03925895 
632 0 27 30 0.039256826 
877 1 24 27 0.03925572 
459 122 37 47 0.03881105 
467 145 25 34 0.0385096 
674 75 23 29 0.038201284 
665 189 42 53 0.036119185 
361 422 105 130 0.03542156 
436 102 25 33 0.035085957 
733 31 27 32 0.034560625 
450 255 30 38 0.034103863 
577 63 36 44 0.03407489 
565 318 23 34 0.03378329 
501 157 42 54 0.033150014 
610 169 67 77 0.033124678 
647 318 82 97 0.03282454 
487 164 29 39 0.032723855 
689 28 24 31 0.032149017 
338 164 38 49 0.031911388 
672 223 27 35 0.031843424 
288 205 48 60 0.030173698 
615 58 35 44 0.03000688 
530 218 32 42 0.029694572 
407 169 37 50 0.02947395 
578 484 38 51 0.028938983 
815 0 22 26 0.028832031 
682 314 42 61 0.028574064 
596 184 53 57 0.028348774 
400 450 37 41 0.028262025 
329 396 29 47 0.028224908 
581 175 43 52 0.027271798 
324 423 33 51 0.027138056 
436 122 25 33 0.027050233 
553 165 51 62 0.026970845 
665 0 24 29 0.026915189 
375 279 52 61 0.026909793 
388 383 63 88 0.026468575 
654 281 64 86 0.026363924 
363 243 62 81 0.026156183 
624 301 77 88 0.026148139 
528 87 34 44 0.026033685 
872 27 24 29 0.02601716 
252 406 66 83 0.02564503 
529 141 37 47 0.025163116 
690 172 30 38 0.025084304 
291 233 48 62 0.024930004 
679 229 45 63 0.024906896 
666 426 515 557 0.024837483 
466 355 55 75 0.024835637 
499 344 65 92 0.024830485 
379 416 51 69 0.024789467 
689 45 23 31 0.024628649 
484 70 24 30 0.024621578 
635 179 103 123 0.024611488 
596 467 60 75 0.024432283 
576 84 37 46 0.024411907 
563 155 26 33 0.02440464 
480 90 49 62 0.024333859 
321 182 45 55 0.024284123 
670 23 25 32 0.024113871 
401 411 73 84 0.023918321 
456 94 38 49 0.023760002 
319 310 61 81 0.023724258 
443 418 62 79 0.02370409 
559 125 24 32 0.023669904 
383 81 27 34 0.0235501 
521 329 67 93 0.023067134 
687 199 30 40 0.02296065 
277 285 41 54 0.022960633 
562 317 67 102 0.022841634 
512 333 27 35 0.022750437 
481 53 25 31 0.02253347 
606 145 47 51 0.022531794 
592 302 74 92 0.022510953 
797 27 21 26 0.02247 
358 355 62 94 0.022388736 
647 228 76 99 0.022257065 
766 50 21 29 0.02218575 
686 222 27 36 0.022179335 
-142 425 517 554 0.022153655 
556 58 44 55 0.022103272 
352 243 39 54 0.021900145 
372 179 43 56 0.021637797 
420 86 55 69 0.021256825 
770 26 21 26 0.02124986 
514 197 32 42 0.021187907 
435 152 23 31 0.021038724 
528 324 40 52 0.020997727 
848 0 22 25 0.020939643 
568 180 69 88 0.020926487 
503 318 59 73 0.02074783 
692 347 23 32 0.020687358 
620 189 75 91 0.020654824 
589 150 26 33 0.020310434 
398 137 36 50 0.020281117 
482 -2 27 28 0.020015378 
