37_Soccer_soccer_ball_37_692
36
852 146 24 29 0.049882635 
482 240 20 23 0.048887525 
228 186 21 26 0.04196697 
545 198 21 25 0.041185882 
862 664 24 29 0.039374378 
647 196 24 29 0.037803598 
260 93 483 625 0.03484939 
995 97 19 33 0.034568515 
876 197 22 26 0.03205403 
764 238 19 22 0.030906685 
574 280 19 24 0.030195631 
648 260 18 22 0.027313335 
569 260 16 20 0.026955508 
539 188 22 27 0.025017517 
78 238 19 23 0.024896158 
593 184 20 25 0.02402343 
618 260 16 20 0.02344874 
872 183 21 25 0.023158588 
973 1 26 26 0.022897456 
590 262 16 19 0.022039888 
843 199 23 27 0.021966431 
565 98 18 23 0.02170777 
458 202 19 22 0.02144704 
585 282 18 22 0.021446224 
564 237 17 21 0.021324314 
471 237 19 23 0.02126007 
594 235 18 21 0.02119158 
990 0 24 27 0.021093085 
616 185 19 25 0.021025622 
594 197 21 25 0.020647857 
109 107 17 21 0.02064115 
851 639 22 26 0.020559993 
125 144 21 26 0.020378541 
237 85 19 21 0.020204868 
557 200 19 25 0.02014017 
237 404 21 26 0.020015573 
