37_Soccer_Soccer_37_114
293
462 183 54 67 0.98811007 
204 59 46 55 0.76033354 
510 79 22 28 0.52702516 
799 94 25 32 0.3782694 
395 134 40 51 0.27458155 
457 105 20 24 0.24361047 
864 75 21 27 0.23946473 
158 81 23 30 0.23243068 
898 18 26 34 0.1752988 
361 101 24 31 0.17052004 
137 52 21 26 0.1561065 
212 18 24 31 0.15555575 
687 30 40 50 0.15493776 
616 47 26 37 0.14960155 
804 23 21 26 0.14059597 
745 15 27 33 0.1385466 
405 129 27 34 0.13793784 
662 48 27 35 0.13417628 
182 125 27 33 0.1313457 
816 96 23 30 0.122944444 
395 80 21 27 0.11796423 
151 53 19 25 0.113684714 
892 109 79 115 0.113307 
29 1 24 26 0.11244708 
513 92 20 26 0.10684413 
251 23 23 30 0.106432185 
928 77 20 26 0.09779432 
898 4 26 31 0.09762374 
812 22 23 28 0.09577586 
364 223 44 51 0.095700845 
539 117 34 43 0.09387749 
693 21 31 37 0.09051314 
351 432 44 48 0.08824607 
508 60 20 25 0.08784036 
468 122 22 26 0.087657146 
134 130 22 26 0.0873835 
45 46 23 30 0.0872911 
430 142 37 49 0.085115485 
588 4 24 26 0.0838766 
108 99 24 29 0.08380778 
48 2 25 27 0.08258182 
444 106 21 25 0.08181163 
153 85 33 43 0.0808495 
980 25 23 33 0.08011444 
708 21 25 33 0.079637006 
540 107 21 27 0.076795995 
917 17 23 28 0.07670845 
438 26 23 28 0.0754487 
817 78 24 30 0.07415849 
255 46 22 30 0.07216535 
461 80 21 26 0.07025357 
338 204 57 65 0.06938024 
696 2 26 29 0.069022134 
243 152 62 83 0.06858363 
311 25 24 28 0.066742405 
710 45 27 37 0.06517504 
210 6 24 28 0.065112844 
80 0 24 26 0.06414903 
845 19 22 27 0.06273748 
640 53 23 30 0.061971396 
309 44 27 31 0.05921724 
256 73 24 31 0.059128795 
796 80 26 34 0.05911554 
582 155 43 57 0.058146253 
99 6 22 26 0.056153715 
637 4 22 25 0.055971205 
799 5 20 23 0.055104762 
439 44 24 31 0.054290242 
883 4 49 59 0.053556357 
34 50 21 27 0.053505614 
762 20 20 27 0.052250132 
762 6 21 26 0.051278144 
922 73 34 44 0.050892178 
734 30 38 55 0.050154287 
181 56 53 68 0.049364347 
325 193 51 59 0.04913168 
557 2 21 23 0.04889 
663 63 27 35 0.048776962 
409 104 23 28 0.048545178 
222 53 56 70 0.048265867 
129 26 20 23 0.0482468 
176 134 41 51 0.04726098 
482 127 19 25 0.046843868 
894 38 24 32 0.046640813 
438 126 20 26 0.046581544 
981 3 20 26 0.045739755 
847 98 22 28 0.045687497 
358 83 21 28 0.045219664 
337 97 22 28 0.04454857 
0 97 19 26 0.044221777 
123 104 22 28 0.043940287 
614 5 22 24 0.043757025 
657 35 47 60 0.04364369 
669 29 25 29 0.042679768 
616 65 25 35 0.042669866 
589 23 24 29 0.042346336 
385 100 23 30 0.04222821 
131 145 25 33 0.04209111 
257 96 26 33 0.041594256 
168 78 53 67 0.041493997 
511 22 19 23 0.0413531 
976 36 24 36 0.041234475 
951 24 21 26 0.040971484 
229 24 24 30 0.040909264 
641 69 25 33 0.040781718 
358 112 37 44 0.040684987 
225 54 30 38 0.040492505 
50 22 23 28 0.040490136 
542 5 22 24 0.040338583 
337 80 23 28 0.03994182 
592 43 24 33 0.039565135 
491 101 19 24 0.03938874 
222 83 34 42 0.038779646 
309 7 22 25 0.038695168 
900 106 20 27 0.03863572 
488 5 20 23 0.03850595 
223 132 58 77 0.038444076 
170 272 75 102 0.03844283 
301 271 29 36 0.03841647 
82 53 22 28 0.0384013 
710 5 23 28 0.038363893 
556 127 27 34 0.03831621 
243 122 46 63 0.038277987 
154 30 20 23 0.0382606 
433 5 19 24 0.037835676 
255 189 29 40 0.037393063 
229 4 22 26 0.037131056 
796 36 35 46 0.036852375 
103 19 21 24 0.036666438 
562 75 21 28 0.036638275 
386 53 19 24 0.03659402 
840 91 35 43 0.03646937 
586 21 54 76 0.036343683 
538 20 21 25 0.03631984 
839 64 50 59 0.036301244 
818 5 21 24 0.03621708 
800 79 53 63 0.03595057 
279 174 33 42 0.035917055 
994 95 17 27 0.035296936 
681 53 42 53 0.035257105 
717 63 27 36 0.03524731 
492 56 21 28 0.035144445 
948 2 20 24 0.034958504 
78 123 20 27 0.034843665 
255 5 22 27 0.03483151 
492 75 21 27 0.034460243 
641 23 21 25 0.034413088 
283 49 21 26 0.034348454 
244 39 36 48 0.034129158 
399 74 30 40 0.034036927 
874 4 22 26 0.033877302 
102 79 23 29 0.033840775 
574 182 44 56 0.033783637 
872 140 64 82 0.033744738 
500 109 54 68 0.033652145 
983 97 20 30 0.033383347 
279 381 27 34 0.033312283 
294 175 69 77 0.033294067 
430 120 36 48 0.03309992 
846 53 22 27 0.033021256 
596 142 44 58 0.032985933 
951 53 21 27 0.03292511 
709 85 38 49 0.03263501 
9 127 20 28 0.032593954 
845 5 22 26 0.03250253 
825 116 69 86 0.032376934 
510 120 32 41 0.031943653 
151 4 20 23 0.0316982 
449 106 53 65 0.03140904 
877 20 22 28 0.03132259 
696 3 71 79 0.030934885 
665 1 23 26 0.030906316 
278 76 20 27 0.0306945 
541 52 19 26 0.030561905 
175 99 28 35 0.03036289 
52 100 22 27 0.030337479 
182 26 20 26 0.030267308 
473 120 32 40 0.029510822 
393 103 64 82 0.029312706 
730 52 38 53 0.028956344 
299 248 41 51 0.028913531 
925 51 21 27 0.028893549 
617 36 48 66 0.028884292 
0 84 17 26 0.028851371 
829 2 58 65 0.028829195 
341 175 49 61 0.028721534 
294 20 58 67 0.02868504 
388 123 27 33 0.02849003 
583 2 38 42 0.028380228 
540 78 20 26 0.028275233 
106 123 21 26 0.028008884 
283 3 21 24 0.027741324 
82 70 22 29 0.027687201 
459 52 21 28 0.027573684 
179 2 21 25 0.027563404 
757 33 37 50 0.027506955 
493 20 20 24 0.027438138 
27 101 20 26 0.027421568 
174 101 58 72 0.027360165 
326 27 25 29 0.02731995 
99 52 20 25 0.02723382 
282 26 21 25 0.02708332 
126 4 21 24 0.026985362 
453 72 33 42 0.026976483 
569 49 21 26 0.026849264 
803 9 52 59 0.026844101 
402 102 36 46 0.02674637 
354 182 61 75 0.026499594 
223 114 42 56 0.026498351 
615 26 23 29 0.026460899 
114 114 54 68 0.0263431 
809 53 113 143 0.026206557 
681 81 43 52 0.025934232 
168 140 61 77 0.02593041 
764 64 36 49 0.025784241 
309 70 25 31 0.025667975 
658 322 73 88 0.02566325 
274 190 30 41 0.025617113 
367 136 61 78 0.025616735 
898 117 25 35 0.025603585 
464 0 18 21 0.025340889 
768 45 22 31 0.025340615 
766 90 35 44 0.025140654 
48 146 21 29 0.025025707 
741 6 50 64 0.024709137 
910 156 76 91 0.024496421 
307 101 24 30 0.02449051 
967 10 43 64 0.024471764 
57 131 20 26 0.02446289 
736 89 35 46 0.024460047 
230 145 29 40 0.024304 
42 61 35 46 0.024233554 
190 317 70 95 0.024228888 
78 168 36 45 0.024086736 
486 92 32 41 0.02405035 
104 114 35 43 0.023971928 
904 83 61 86 0.023968358 
992 3 20 26 0.023933133 
133 74 22 27 0.023924423 
20 131 20 28 0.023848502 
236 11 51 61 0.023697833 
875 52 22 29 0.023603568 
440 74 21 26 0.023481708 
494 63 48 63 0.02347094 
920 96 68 100 0.023440102 
810 39 36 44 0.023371128 
278 135 68 83 0.023369906 
946 73 19 26 0.023360612 
541 122 55 69 0.023308283 
417 1 20 22 0.023302818 
390 63 50 65 0.0232773 
137 134 61 78 0.023247411 
796 2 31 38 0.023246428 
-3 95 31 45 0.023166051 
557 24 63 77 0.023054529 
804 39 85 100 0.022704812 
180 74 26 33 0.022468174 
568 25 21 24 0.022303864 
328 44 26 30 0.02213679 
32 73 97 144 0.022056596 
432 89 50 65 0.022056514 
34 35 47 58 0.022040768 
252 111 66 84 0.022013346 
76 107 21 28 0.021861957 
39 138 36 50 0.02176848 
841 122 26 33 0.02168423 
379 3 20 22 0.02167313 
2 117 63 102 0.021576574 
359 283 70 90 0.021550987 
383 24 19 24 0.021488335 
267 7 62 70 0.021402424 
422 27 54 66 0.021377884 
512 7 20 23 0.02132551 
702 2 38 44 0.021192381 
115 146 59 78 0.021182686 
312 453 27 34 0.021160165 
891 112 45 61 0.021123823 
267 94 38 49 0.021117624 
525 91 55 70 0.02104928 
326 240 47 56 0.020895291 
418 26 21 25 0.02087578 
907 48 106 173 0.020837715 
277 151 29 38 0.020772925 
552 0 35 37 0.020603646 
807 220 38 51 0.020457352 
29 147 21 30 0.020395279 
148 90 61 79 0.02030517 
325 432 52 62 0.020293882 
187 54 22 29 0.020264916 
5 50 18 24 0.020215841 
331 113 36 44 0.020204972 
270 66 35 45 0.020095652 
362 49 21 27 0.02008854 
