37_Soccer_Soccer_37_415
141
904 250 50 66 0.7024765 
193 430 45 63 0.22149298 
832 262 41 55 0.18312709 
543 232 159 204 0.16011205 
629 255 51 64 0.13739355 
766 28 28 32 0.121964134 
132 97 28 31 0.12088299 
767 389 48 73 0.11749845 
589 239 98 126 0.11036766 
72 227 37 51 0.09259679 
175 227 41 56 0.07836763 
6 322 54 79 0.066671774 
153 252 24 31 0.06599634 
14 249 40 55 0.06457762 
832 414 50 50 0.05668199 
253 273 103 142 0.051644478 
518 201 115 160 0.051558785 
823 271 28 41 0.050852805 
501 182 77 109 0.044233773 
515 33 60 67 0.043574013 
486 45 26 33 0.043014266 
118 263 49 71 0.04250847 
850 258 52 68 0.042357188 
810 246 69 87 0.041947853 
126 201 92 120 0.041123472 
146 244 40 52 0.040465992 
115 245 88 116 0.039724916 
404 162 154 197 0.038967676 
616 264 102 128 0.03835105 
200 242 26 39 0.038112108 
560 360 85 121 0.03789131 
131 667 54 71 0.037582748 
921 242 48 63 0.03701985 
570 222 71 93 0.0354307 
152 227 39 49 0.0346106 
156 234 24 30 0.03426705 
794 394 85 87 0.03415039 
665 97 24 29 0.033737924 
692 296 120 165 0.033503316 
817 281 44 60 0.033493355 
539 209 42 68 0.03335567 
211 442 40 55 0.033261858 
768 243 83 99 0.03148946 
920 612 29 34 0.03122247 
368 563 36 50 0.031217115 
542 33 42 51 0.031148292 
917 100 25 31 0.030391702 
67 210 154 212 0.029812252 
217 352 119 158 0.029604562 
740 331 118 140 0.029586978 
946 404 37 57 0.02913146 
246 191 73 104 0.028848708 
600 213 69 90 0.028569164 
391 353 157 206 0.028525183 
810 311 45 57 0.028451055 
130 254 26 35 0.028299386 
439 646 99 88 0.027722334 
465 188 75 86 0.027521305 
259 246 24 36 0.027469778 
251 234 80 116 0.02742601 
144 670 73 84 0.027394002 
468 123 115 152 0.027243657 
750 12 56 60 0.027231786 
714 97 24 32 0.027199456 
396 569 138 138 0.026801214 
618 227 247 263 0.026614612 
502 292 140 173 0.026219398 
505 496 79 102 0.026125222 
263 184 23 30 0.025887258 
453 154 271 339 0.025751274 
765 228 24 32 0.025698176 
255 231 40 63 0.025457207 
149 123 26 31 0.025344552 
178 480 27 34 0.025335008 
667 83 22 28 0.025194857 
862 324 43 55 0.025188722 
260 226 25 39 0.025132332 
655 264 124 159 0.0251158 
367 307 131 145 0.025091046 
261 198 24 35 0.025021784 
192 400 73 97 0.024885079 
523 112 114 152 0.024816718 
107 98 21 26 0.024814326 
130 84 24 27 0.024800017 
761 285 85 107 0.024768818 
490 55 82 100 0.024676323 
403 256 151 196 0.024574189 
522 478 116 133 0.024252372 
225 464 40 51 0.02410788 
557 297 33 42 0.024080195 
449 381 95 111 0.023877658 
791 345 90 100 0.023742465 
483 31 51 62 0.023581723 
159 240 122 159 0.022949401 
316 300 121 148 0.022897147 
548 281 51 67 0.022772443 
527 246 61 96 0.02276692 
338 584 59 71 0.022615125 
178 505 24 31 0.022594845 
765 277 23 31 0.022541316 
169 197 46 65 0.02238284 
572 590 82 74 0.022199728 
573 112 123 146 0.022165617 
534 68 30 34 0.022151804 
786 251 113 142 0.022077762 
275 103 20 24 0.022025162 
126 108 39 44 0.021868138 
722 143 273 300 0.02176349 
719 82 22 29 0.021673918 
580 411 85 100 0.021620795 
229 104 20 25 0.021567993 
258 192 38 57 0.021557687 
556 25 28 37 0.02154466 
6 157 161 233 0.021445261 
382 481 164 183 0.021444894 
481 252 27 34 0.021409307 
764 344 28 37 0.021385636 
576 261 51 68 0.021238182 
174 462 44 56 0.021207558 
230 409 26 33 0.021026136 
491 28 25 29 0.02100813 
963 410 33 56 0.02089249 
0 64 70 110 0.020741714 
740 77 22 29 0.020709649 
170 255 46 62 0.020705273 
260 621 91 86 0.020650223 
331 512 124 136 0.020480547 
70 123 129 167 0.020457601 
762 134 23 29 0.020405605 
146 100 24 30 0.020397069 
276 308 52 72 0.02039345 
215 221 62 84 0.020341381 
818 326 27 36 0.020297013 
211 454 118 149 0.020284079 
632 97 26 31 0.0202563 
671 188 172 188 0.020220337 
154 200 24 30 0.0202078 
206 409 26 32 0.020121232 
176 193 76 110 0.02010981 
61 165 40 49 0.020107973 
554 280 84 101 0.020051282 
