37_Soccer_soccer_ball_37_1001
19
345 165 234 269 0.99719536 
0 20 68 107 0.09756853 
725 914 250 299 0.06603065 
711 209 505 556 0.056661345 
782 -93 542 618 0.043925762 
629 1304 329 264 0.03704358 
761 434 513 586 0.035325013 
514 -255 1005 1089 0.03131786 
650 320 244 313 0.029662041 
9 1148 219 241 0.025396042 
867 999 147 217 0.025305843 
89 958 115 170 0.025067264 
10 182 36 53 0.023240604 
146 963 105 143 0.022205481 
417 5 36 38 0.022164138 
795 1036 174 229 0.021317683 
762 510 140 138 0.020844739 
795 805 492 560 0.020462686 
742 1003 134 150 0.02014252 
