37_Soccer_soccer_ball_37_254
22
730 49 55 80 0.9821692 
619 182 67 70 0.8004363 
589 276 34 44 0.09410806 
631 154 50 61 0.06043195 
458 489 27 33 0.04148865 
-134 360 564 590 0.03547972 
747 525 356 368 0.035404608 
593 147 26 36 0.032042343 
810 426 56 74 0.030306589 
781 180 48 57 0.029178252 
539 529 361 350 0.028134651 
718 430 61 89 0.027942818 
109 233 736 750 0.027220616 
583 256 54 71 0.026180128 
658 175 75 83 0.026134066 
578 301 679 732 0.0258378 
602 218 79 90 0.02522043 
490 438 99 98 0.022890959 
318 500 372 371 0.022014191 
656 154 31 38 0.021778764 
191 48 496 578 0.021628436 
740 423 73 97 0.02097288 
