37_Soccer_soccer_ball_37_341
34
576 180 255 342 0.15016578 
418 21 137 161 0.13197614 
379 103 320 372 0.06859873 
443 66 76 105 0.05574561 
567 0 148 129 0.051277988 
403 28 262 253 0.04964922 
213 112 269 342 0.048291523 
511 25 89 100 0.043311454 
510 155 169 220 0.03750234 
-207 277 741 720 0.03504091 
372 110 191 242 0.034830116 
628 -1 120 95 0.034206647 
494 1 173 150 0.03401393 
384 68 136 189 0.032832533 
103 195 315 331 0.032433048 
745 510 348 385 0.032360468 
-63 490 373 381 0.030378954 
424 134 107 150 0.02953804 
320 84 148 198 0.028046746 
554 269 683 758 0.026879242 
673 147 290 371 0.026727043 
337 162 95 137 0.02493065 
337 2 161 181 0.023896698 
458 124 164 211 0.02382046 
397 72 76 97 0.023279713 
53 158 216 252 0.023092987 
474 90 77 93 0.023073727 
361 215 196 235 0.02175727 
410 96 83 114 0.021724824 
577 406 186 227 0.021648126 
348 236 68 93 0.021343658 
967 483 37 58 0.021262132 
106 490 397 376 0.020720629 
593 -12 80 88 0.020685567 
