37_Soccer_soccer_ball_37_114
148
124 149 29 38 0.9942918 
607 154 30 37 0.99153835 
888 253 35 43 0.981614 
443 147 26 33 0.9772465 
740 159 29 36 0.9723227 
502 345 35 43 0.9699737 
71 253 29 36 0.9581129 
756 362 36 45 0.9286347 
387 352 33 40 0.91774714 
646 353 33 44 0.9174975 
682 259 31 38 0.91727424 
498 226 34 42 0.9132262 
411 240 29 37 0.90579104 
835 152 29 36 0.88797796 
603 269 31 38 0.8781174 
326 243 29 35 0.85816056 
238 253 32 41 0.84614515 
521 150 26 34 0.83841175 
771 251 32 39 0.8212988 
159 258 32 40 0.7749268 
218 172 29 36 0.76466805 
139 369 33 42 0.7106351 
675 151 28 35 0.68993795 
364 158 30 39 0.6533071 
264 366 31 39 0.59993464 
289 158 28 36 0.3157761 
64 330 38 45 0.24565665 
74 346 33 39 0.15054932 
549 345 32 40 0.119232565 
465 357 29 37 0.11392006 
202 382 26 33 0.10676936 
882 371 39 44 0.091070235 
671 254 30 39 0.0855649 
16 402 33 51 0.08180402 
434 323 28 35 0.079318054 
91 434 34 44 0.068971954 
931 421 40 58 0.06791188 
868 369 36 41 0.06574341 
409 154 21 28 0.06431753 
791 327 31 38 0.05965906 
741 252 28 35 0.056087017 
313 249 28 34 0.054256175 
325 399 26 34 0.05187452 
814 349 26 34 0.051562514 
555 330 28 36 0.04976917 
127 135 27 34 0.048800986 
223 160 26 31 0.04662657 
7 408 24 37 0.04247743 
565 151 23 30 0.041776035 
365 353 33 40 0.03997233 
848 356 28 36 0.03944429 
611 134 27 34 0.03929826 
430 198 29 36 0.03920419 
665 434 521 555 0.038692825 
541 332 29 39 0.035633825 
-69 534 357 359 0.035166938 
86 345 38 46 0.03444043 
917 354 35 46 0.033864845 
178 155 22 28 0.033589717 
896 236 28 35 0.0335361 
768 233 29 36 0.03328402 
424 246 28 34 0.033174187 
863 357 31 39 0.033141986 
2 423 23 36 0.03263719 
464 307 29 35 0.032148276 
316 381 27 35 0.032096677 
146 151 23 30 0.03185896 
127 253 26 34 0.03056468 
819 379 24 32 0.03047509 
127 539 368 351 0.030241825 
181 174 23 30 0.029885685 
634 151 23 30 0.029832395 
-227 329 706 738 0.02951403 
829 168 28 35 0.029168261 
61 253 26 33 0.029114053 
876 251 31 40 0.028990146 
419 445 36 50 0.028921446 
690 196 27 33 0.028701028 
206 250 25 33 0.028271297 
432 498 29 36 0.027931266 
516 134 25 33 0.027658312 
460 325 29 37 0.027397087 
840 134 26 31 0.027230298 
68 362 38 47 0.027154623 
182 2 21 23 0.026817163 
185 377 26 33 0.02672844 
76 157 22 28 0.026712183 
387 251 27 35 0.026631847 
610 3 22 25 0.026541099 
589 256 31 39 0.02654044 
334 540 363 351 0.026448647 
56 372 35 47 0.026284263 
540 534 365 356 0.026240312 
432 307 29 36 0.0262297 
78 235 25 32 0.026190486 
917 429 41 60 0.026153201 
882 427 55 67 0.026072294 
641 251 27 35 0.02577727 
82 175 23 30 0.025659729 
52 124 22 28 0.0254911 
638 332 30 38 0.025346871 
4 73 22 29 0.025050726 
255 176 22 31 0.024849398 
488 153 24 30 0.024704052 
488 346 30 39 0.024583181 
569 252 27 34 0.024300631 
582 351 29 38 0.024246365 
555 378 35 44 0.024163732 
97 252 26 34 0.0241331 
333 153 22 31 0.024058321 
284 126 25 31 0.023884036 
436 354 26 34 0.02365203 
227 455 30 38 0.023299107 
866 432 38 48 0.023275107 
887 354 41 48 0.023230193 
589 421 35 46 0.022852447 
713 415 36 48 0.022646174 
100 405 29 37 0.02259677 
904 365 52 62 0.02250323 
423 468 51 65 0.022443429 
558 401 34 42 0.022136204 
941 358 22 31 0.022089422 
24 387 25 34 0.022027211 
528 400 34 44 0.022011556 
103 200 25 34 0.021998238 
689 229 28 35 0.021935396 
210 156 26 32 0.021915197 
357 340 71 81 0.021886148 
566 128 23 30 0.021865811 
506 359 38 48 0.02171516 
872 324 28 34 0.021523826 
173 333 695 717 0.021481479 
435 382 25 32 0.021382924 
486 128 24 31 0.021289352 
944 411 28 39 0.021198036 
537 105 22 27 0.020873405 
812 427 44 52 0.020833733 
181 132 20 24 0.020822326 
507 207 28 35 0.020814402 
458 398 35 44 0.020768767 
686 449 35 45 0.020727482 
98 334 30 37 0.020714121 
812 331 35 43 0.020678045 
874 240 61 74 0.02064591 
518 164 26 34 0.020619141 
785 346 35 45 0.020539721 
690 354 28 35 0.020225197 
37 412 54 68 0.02021203 
