37_Soccer_soccer_ball_37_281
23
944 576 48 63 0.051162377 
939 595 57 79 0.047445282 
-75 539 366 356 0.042525433 
-237 317 732 747 0.037980005 
131 507 391 380 0.036622606 
179 254 729 723 0.03564168 
748 520 348 372 0.03466654 
813 491 25 31 0.03089372 
33 489 20 28 0.030305706 
3 486 19 28 0.027319303 
30 484 85 101 0.02635361 
30 431 21 28 0.024637794 
318 457 416 404 0.024528254 
151 229 21 26 0.022967722 
538 294 698 742 0.021940712 
924 640 28 34 0.021617308 
0 359 21 35 0.0213948 
137 510 20 26 0.021027371 
973 205 24 33 0.020897951 
29 463 20 29 0.020867193 
24 222 22 30 0.020709768 
272 261 204 214 0.020589605 
462 328 25 28 0.020108586 
