37_Soccer_soccer_ball_37_32
231
356 116 60 89 0.9431568 
554 113 44 69 0.38440588 
534 287 77 81 0.36200073 
848 109 21 27 0.30738574 
210 464 66 90 0.22100417 
905 125 22 26 0.12536874 
260 144 24 30 0.123688355 
52 579 22 30 0.11770352 
534 273 50 56 0.11570467 
206 185 19 24 0.11191634 
951 120 21 27 0.08617586 
560 94 43 60 0.08019779 
518 309 79 97 0.07980137 
280 145 23 28 0.07770493 
390 150 43 59 0.07179504 
979 245 17 26 0.07136187 
915 124 22 28 0.07045825 
880 73 20 26 0.06894476 
253 8 18 21 0.06733119 
153 130 16 19 0.06541909 
179 149 16 20 0.06517041 
995 107 18 28 0.059912637 
264 107 18 23 0.05943367 
185 135 18 21 0.057474133 
207 128 19 23 0.055644263 
534 124 51 70 0.05316648 
458 379 134 131 0.053014964 
352 448 46 52 0.05147177 
164 154 16 20 0.05010445 
929 74 21 27 0.04991857 
212 151 18 23 0.049508378 
433 160 36 49 0.04931107 
844 179 22 28 0.04769061 
208 199 20 25 0.047242433 
980 151 21 32 0.045799714 
103 157 17 21 0.045585215 
227 442 76 98 0.045086574 
964 21 26 30 0.04481208 
828 179 21 26 0.044317152 
950 108 22 27 0.044051167 
303 148 20 26 0.044002127 
131 152 16 20 0.043628175 
281 103 19 23 0.04361862 
76 211 17 21 0.04231799 
747 172 25 31 0.041866686 
979 104 21 30 0.041778766 
132 184 17 21 0.04157037 
150 256 18 21 0.040743977 
103 182 16 19 0.040718704 
205 105 19 23 0.040232163 
86 184 17 21 0.04017307 
430 323 119 140 0.039657388 
980 282 19 29 0.039562568 
945 75 21 26 0.03946406 
750 72 22 28 0.03934618 
889 76 21 27 0.039064836 
919 106 22 28 0.0390323 
968 4 26 27 0.03896553 
256 205 20 26 0.03853154 
556 314 65 69 0.037897065 
975 121 22 33 0.03712719 
282 175 21 26 0.03707658 
461 128 25 30 0.037024178 
209 234 20 26 0.037016816 
158 182 17 21 0.037012275 
127 206 17 21 0.03682698 
187 184 18 21 0.03666487 
112 210 17 19 0.036342222 
176 230 20 25 0.03550845 
842 81 19 23 0.035496756 
576 148 46 62 0.035489734 
257 175 21 26 0.035282075 
231 129 18 22 0.035110943 
229 75 18 23 0.034502853 
179 206 19 24 0.034497097 
900 106 21 25 0.034016278 
866 173 24 30 0.03387085 
79 224 16 19 0.033820763 
746 123 24 30 0.033814143 
507 287 66 80 0.03378801 
404 166 26 36 0.03312352 
138 132 16 19 0.03281902 
229 233 20 26 0.03272048 
925 49 19 24 0.032566287 
872 50 19 24 0.031880878 
185 105 18 21 0.03174919 
823 74 19 24 0.031657357 
922 68 33 43 0.031549435 
159 203 17 20 0.031494867 
438 122 23 28 0.031130897 
818 305 27 32 0.03098734 
223 474 38 49 0.030780215 
503 166 44 56 0.030717073 
556 141 47 66 0.030592222 
394 361 112 133 0.030516863 
137 257 17 20 0.03036032 
412 336 76 103 0.030319836 
161 107 16 19 0.030273177 
363 275 58 85 0.030060088 
592 26 74 102 0.02998199 
436 105 20 25 0.02942012 
107 231 16 19 0.02907177 
431 68 22 27 0.028811779 
992 153 21 32 0.028789818 
502 110 62 76 0.028690705 
344 240 43 56 0.028606785 
866 31 18 21 0.02851361 
523 154 44 60 0.028492786 
233 204 19 25 0.028486334 
564 8 67 79 0.028466888 
360 462 48 56 0.02843602 
546 276 110 131 0.028310435 
259 259 23 29 0.028295131 
289 80 18 23 0.02818235 
432 118 37 46 0.02810953 
306 134 20 25 0.027922017 
244 416 75 92 0.02782363 
231 150 19 25 0.027647464 
220 495 43 54 0.027185837 
479 188 40 51 0.027139036 
993 46 20 28 0.027137136 
233 104 17 22 0.026786478 
229 251 20 26 0.026722383 
495 313 59 70 0.02667651 
943 103 34 46 0.02648987 
390 51 21 26 0.026363252 
510 47 26 32 0.026147233 
790 182 22 28 0.0260646 
677 110 38 53 0.025980256 
570 78 27 36 0.025966711 
844 228 24 31 0.025929088 
577 91 32 44 0.025870165 
284 416 70 77 0.025812235 
334 251 67 86 0.02550648 
995 167 20 30 0.025497295 
437 159 62 72 0.025428815 
446 193 43 52 0.025393002 
555 62 60 80 0.025371268 
325 114 57 76 0.025319716 
753 250 89 92 0.025287954 
250 126 53 65 0.025261205 
257 78 18 22 0.025251163 
761 276 39 47 0.025243916 
437 157 24 32 0.025140293 
475 411 80 79 0.024979267 
467 78 21 25 0.02496227 
52 184 17 21 0.024925454 
507 139 41 50 0.024903845 
396 275 58 82 0.024825413 
893 5 18 20 0.024799226 
425 269 39 54 0.024798011 
529 83 61 83 0.024693515 
899 27 18 20 0.024662402 
161 283 19 23 0.024656072 
896 49 19 22 0.024611082 
234 290 81 97 0.02450425 
208 248 20 25 0.024386385 
281 201 21 26 0.024353914 
745 155 24 32 0.024346512 
242 332 78 103 0.024166755 
447 113 61 70 0.024085946 
128 311 20 24 0.023992019 
867 124 19 24 0.023652501 
158 301 20 23 0.023647467 
912 102 35 47 0.023440333 
312 79 19 23 0.023440128 
329 436 82 89 0.023385976 
323 262 102 143 0.023232922 
163 236 18 22 0.023189513 
108 255 18 20 0.023158636 
776 170 172 193 0.022925293 
636 195 42 50 0.022775106 
663 264 44 56 0.022742039 
379 107 29 33 0.022627002 
206 2 19 20 0.022597069 
255 21 17 20 0.022581212 
271 161 38 46 0.02252019 
850 149 19 25 0.02239279 
380 156 66 87 0.022369301 
462 102 22 27 0.022197532 
642 24 80 117 0.022165285 
56 254 17 20 0.022121986 
476 436 109 101 0.022105526 
80 257 17 20 0.022089137 
817 52 20 24 0.02208548 
768 298 28 34 0.022079054 
306 231 22 29 0.022009267 
902 150 23 28 0.021906883 
465 52 20 23 0.02189918 
293 138 33 43 0.021822724 
893 99 36 46 0.02172745 
944 0 57 65 0.021708535 
240 5 17 20 0.021531153 
870 155 21 26 0.021523938 
518 264 43 55 0.021493334 
904 71 82 108 0.021452446 
987 114 28 51 0.021430805 
541 176 75 98 0.021414725 
309 175 19 25 0.02139643 
464 46 68 84 0.02138369 
87 157 16 21 0.021367809 
763 72 21 27 0.02131243 
990 1 22 26 0.021296589 
59 205 16 20 0.021290546 
592 156 60 74 0.02123836 
763 126 21 27 0.021220515 
936 68 35 46 0.021148691 
413 70 22 27 0.021086713 
239 241 79 88 0.020990808 
764 176 25 31 0.02097405 
416 24 19 22 0.020850644 
509 27 25 26 0.020811688 
971 76 19 27 0.020809984 
500 42 43 50 0.020749956 
338 5 19 21 0.020690244 
190 422 44 61 0.020581866 
494 71 70 85 0.020546809 
747 100 21 28 0.020461125 
907 54 56 73 0.020448357 
262 326 116 146 0.020438299 
919 169 25 32 0.020415857 
333 329 108 145 0.020392546 
607 18 46 49 0.020361094 
129 285 19 22 0.020328153 
746 58 36 46 0.020317579 
329 249 32 39 0.020273209 
510 242 44 57 0.020266272 
878 2 19 20 0.020237898 
388 73 23 28 0.020197673 
406 59 37 45 0.020162346 
992 249 18 25 0.02009671 
