37_Soccer_Soccer_37_655
64
357 20 38 50 0.94790494 
612 126 19 25 0.595036 
24 87 25 33 0.38422102 
568 183 20 25 0.19474779 
616 180 19 23 0.13398868 
481 35 25 37 0.12052282 
304 -6 43 42 0.081119604 
741 123 16 22 0.0733543 
179 48 28 38 0.0685599 
742 112 17 22 0.057856265 
462 20 39 50 0.056941252 
765 150 17 20 0.050648373 
55 77 23 29 0.04948371 
728 124 17 23 0.044216894 
773 135 17 21 0.0424864 
177 59 41 53 0.041458927 
752 149 17 22 0.034964982 
189 81 50 58 0.034717172 
616 149 18 24 0.034539677 
614 113 18 24 0.034227464 
72 78 25 30 0.03300508 
590 176 17 21 0.032462277 
569 200 20 26 0.03130076 
749 181 18 23 0.030719154 
467 40 26 36 0.03021641 
590 222 19 24 0.03004673 
768 180 18 23 0.029155407 
726 109 17 22 0.029068084 
12 130 74 86 0.029055282 
5 232 34 59 0.02895654 
872 206 18 24 0.028549457 
53 56 22 27 0.028350057 
458 -1 28 34 0.027872872 
428 5 62 67 0.027713288 
220 20 47 50 0.027310025 
404 23 26 32 0.027221711 
596 283 18 23 0.027050816 
186 38 57 68 0.026748234 
359 2 32 38 0.026371362 
201 71 30 37 0.025827618 
43 64 47 62 0.02564008 
602 127 18 24 0.025553826 
516 -2 23 26 0.02529496 
623 255 18 24 0.024745734 
200 47 27 35 0.023176443 
5 78 20 26 0.023046775 
15 72 46 60 0.022885164 
621 203 18 23 0.02251303 
590 213 17 21 0.022447279 
279 49 25 31 0.022310095 
67 80 38 46 0.021912217 
771 108 16 19 0.021707678 
611 285 17 22 0.021642456 
5 73 33 45 0.02163435 
747 80 16 21 0.021544207 
212 32 61 69 0.021422705 
30 49 151 168 0.021118276 
568 160 19 22 0.021117078 
436 21 27 33 0.020966815 
594 0 20 22 0.020728063 
769 205 20 25 0.020712156 
332 7 53 60 0.02054263 
634 183 19 24 0.020232288 
20 85 85 105 0.020047454 
