37_Soccer_Soccer_37_393
29
158 160 70 89 0.999605 
335 200 86 113 0.99932873 
806 106 86 118 0.9985153 
572 25 61 69 0.8824091 
706 92 74 93 0.13847016 
539 340 80 90 0.04315817 
25 209 28 34 0.03836942 
609 3 74 75 0.033863217 
703 488 534 634 0.033131603 
586 1 61 67 0.030817002 
554 349 39 44 0.029448511 
805 801 415 443 0.028760908 
752 -1 49 48 0.028454047 
740 75 55 79 0.025769584 
841 -96 387 439 0.024698999 
17 196 46 57 0.024360033 
739 108 62 79 0.024277631 
554 366 42 48 0.023462329 
418 242 51 65 0.023148652 
548 264 99 112 0.022991847 
848 130 383 442 0.022452824 
5 220 40 57 0.021851165 
823 379 376 447 0.021720681 
426 34 72 83 0.021579605 
639 -256 760 818 0.021372786 
200 547 66 101 0.020811204 
22 224 28 35 0.020765213 
589 254 95 110 0.02055108 
701 447 96 100 0.020084355 
