37_Soccer_soccer_ball_37_512
287
496 69 71 97 0.9987413 
240 344 67 83 0.56224394 
274 7 48 70 0.4408558 
802 76 68 95 0.42732298 
573 375 39 49 0.37453154 
894 357 42 57 0.37311193 
165 83 40 56 0.28299242 
884 168 34 45 0.24299851 
972 174 34 50 0.2372193 
50 330 33 41 0.22982642 
255 27 64 99 0.22577268 
93 273 40 48 0.18511288 
41 93 31 40 0.1828392 
835 358 31 40 0.17793605 
607 0 71 78 0.1686872 
167 7 47 51 0.1679187 
189 316 38 49 0.14762743 
739 274 44 50 0.14624585 
680 164 43 52 0.13252957 
739 399 41 57 0.13251568 
914 14 35 43 0.12316637 
730 53 50 59 0.121220835 
293 416 62 81 0.111386396 
910 218 36 48 0.10654856 
697 27 75 80 0.10513368 
175 275 39 49 0.10240291 
863 126 47 66 0.094117336 
114 185 43 50 0.090772904 
701 82 45 57 0.08942889 
978 237 33 53 0.08865202 
711 218 41 53 0.08696566 
684 393 41 53 0.08693641 
11 8 40 47 0.08283892 
328 81 49 61 0.08133478 
936 163 40 49 0.0806986 
50 250 29 40 0.08023669 
943 400 37 55 0.07811558 
907 274 38 52 0.07019912 
738 471 41 58 0.06622862 
818 367 43 52 0.06474077 
64 8 56 50 0.064664364 
825 94 70 94 0.06330974 
706 309 39 52 0.063222624 
31 90 27 39 0.061532304 
657 397 41 50 0.06020749 
63 133 42 54 0.059481975 
377 53 52 67 0.05875162 
914 71 31 41 0.058241062 
737 443 42 61 0.057896204 
69 157 43 55 0.057430726 
19 111 62 92 0.056584854 
740 385 31 40 0.05570598 
854 644 67 75 0.05505989 
298 251 68 75 0.054425433 
989 188 27 42 0.054112926 
914 241 38 54 0.05391321 
658 419 42 54 0.05343203 
266 71 47 69 0.053027563 
0 326 26 37 0.05275511 
742 319 33 42 0.052233472 
262 236 61 68 0.051563274 
226 142 49 62 0.051403295 
951 322 33 48 0.051097486 
117 60 43 55 0.05094128 
148 321 39 48 0.050642416 
187 375 46 62 0.050055116 
66 27 50 55 0.04921312 
102 166 39 49 0.04881783 
977 -2 32 36 0.04805293 
281 -2 36 46 0.04797575 
633 400 39 48 0.04777676 
46 263 38 51 0.04738273 
144 244 39 48 0.047261514 
740 426 34 45 0.04607741 
872 121 31 42 0.045975935 
408 384 29 39 0.04581766 
327 285 46 62 0.044863496 
869 100 57 74 0.044616964 
815 76 35 46 0.043529827 
769 399 69 81 0.04349552 
459 0 33 36 0.04289539 
712 -1 40 39 0.042853437 
235 179 72 88 0.042749763 
812 187 40 48 0.042482022 
697 8 66 61 0.04189182 
41 132 49 60 0.04122017 
204 168 68 81 0.040817864 
912 29 42 55 0.04029566 
888 122 26 37 0.040247682 
577 10 71 85 0.040173963 
148 15 49 48 0.0400117 
23 78 49 77 0.039940484 
804 387 50 60 0.039940074 
291 69 61 79 0.039749105 
178 182 65 80 0.039701436 
174 169 47 54 0.03937236 
163 35 47 56 0.039157603 
164 294 64 76 0.039143 
412 437 79 85 0.038947966 
984 54 36 53 0.038923513 
152 102 44 57 0.038831245 
65 377 40 51 0.03871157 
890 89 44 60 0.03815464 
89 398 39 50 0.03792128 
750 76 64 79 0.037654016 
190 299 73 88 0.037439078 
643 17 68 80 0.037374754 
404 383 74 91 0.037203297 
760 68 28 39 0.0365129 
535 17 71 88 0.03648485 
706 259 62 71 0.036420885 
23 276 29 42 0.03580644 
743 32 109 133 0.035787188 
-4 106 53 89 0.03564354 
79 -6 51 42 0.035570823 
737 114 44 55 0.034628402 
27 330 55 71 0.034531217 
342 68 49 61 0.034410015 
804 163 45 56 0.03430831 
126 245 40 49 0.033541996 
-1 69 104 147 0.0335352 
202 120 106 124 0.033167884 
255 278 72 84 0.03311256 
585 92 43 56 0.0330141 
871 40 75 97 0.032924704 
185 -4 43 48 0.03286812 
-2 242 26 42 0.032858722 
901 458 58 78 0.03277016 
819 224 39 48 0.032110263 
125 319 41 52 0.031929657 
127 342 37 49 0.031705793 
746 407 62 75 0.0316423 
684 49 67 80 0.031605117 
712 408 52 67 0.03133348 
753 313 39 52 0.031298224 
902 295 30 41 0.031120803 
912 132 54 73 0.031101916 
631 -2 36 44 0.031049507 
147 143 76 86 0.030994829 
695 93 32 42 0.030895822 
604 110 42 55 0.030595731 
890 379 43 58 0.030573795 
72 186 41 52 0.030572137 
177 337 42 52 0.030531453 
941 152 30 38 0.030415416 
790 383 33 42 0.030198365 
2 420 32 60 0.030146392 
974 213 34 55 0.03012108 
175 211 45 54 0.029832589 
773 102 72 89 0.02962128 
705 195 41 54 0.029375834 
374 395 69 88 0.029372925 
836 76 30 39 0.029299237 
331 74 34 43 0.029294288 
117 70 66 81 0.029275209 
18 33 39 53 0.029082434 
896 322 43 59 0.029016862 
972 258 36 57 0.029009184 
195 302 31 42 0.028938686 
-3 111 27 52 0.028892318 
48 364 43 54 0.028873371 
32 323 37 49 0.028647361 
181 234 75 85 0.028512638 
721 448 72 88 0.028494881 
684 204 59 72 0.028221758 
251 260 50 56 0.028182035 
836 244 41 49 0.028101623 
160 338 69 81 0.02808628 
88 32 49 56 0.028028583 
898 98 25 34 0.02798318 
-2 297 36 53 0.027649216 
262 180 114 133 0.027512236 
711 109 35 45 0.027341811 
46 77 29 37 0.027183479 
457 365 46 51 0.02702409 
195 135 61 75 0.026988218 
901 52 53 67 0.026887795 
171 241 42 54 0.026845677 
899 68 30 40 0.026623564 
255 323 59 71 0.026548006 
687 310 41 52 0.02652061 
257 250 36 42 0.026446166 
478 389 40 54 0.026239311 
833 94 34 47 0.02613724 
984 6 37 51 0.026037866 
918 123 26 35 0.026008606 
95 419 45 56 0.02586894 
922 150 28 36 0.025764186 
94 384 28 37 0.025754636 
689 287 39 52 0.02570947 
913 387 41 57 0.0256821 
191 83 76 89 0.025589025 
98 257 31 39 0.025520623 
458 11 45 50 0.025431933 
652 241 43 51 0.025327839 
157 91 31 43 0.025076486 
287 216 66 74 0.025026057 
88 68 66 86 0.024791796 
109 268 41 51 0.024751367 
-3 70 33 56 0.024695294 
250 366 43 51 0.024632907 
21 295 38 51 0.02453199 
299 107 47 60 0.024484303 
141 185 62 70 0.024432192 
128 60 104 118 0.024429988 
581 55 47 65 0.024311548 
478 381 30 36 0.024228733 
926 427 52 81 0.024183191 
56 41 66 81 0.024182698 
492 10 72 78 0.024137268 
844 452 39 52 0.024077464 
145 220 43 51 0.02400537 
681 415 43 55 0.023982424 
437 375 70 88 0.023941388 
57 316 41 52 0.02391769 
829 389 44 55 0.023851596 
105 68 29 39 0.023780968 
892 36 46 56 0.02349305 
874 -1 80 89 0.023488915 
216 206 49 60 0.023455817 
149 167 43 51 0.023299633 
145 -5 46 44 0.02324028 
945 123 26 33 0.023047162 
565 396 33 42 0.022887215 
76 397 32 44 0.022831054 
242 288 53 63 0.0228294 
1 268 36 54 0.022828095 
-4 227 25 40 0.022802819 
233 103 56 78 0.022749357 
45 13 50 46 0.022694848 
268 350 71 88 0.022621281 
944 185 39 51 0.022609444 
275 138 44 56 0.022567008 
28 242 34 50 0.022566145 
753 44 45 55 0.02253446 
0 36 74 98 0.02249631 
214 283 64 78 0.022467535 
889 149 29 39 0.022227487 
215 48 111 131 0.022221735 
913 197 39 52 0.022209791 
20 260 46 68 0.02220213 
382 375 50 65 0.022073327 
908 83 43 58 0.022026084 
2 -7 76 78 0.022009887 
232 222 103 122 0.021949079 
707 390 107 121 0.021944713 
224 319 48 65 0.02187774 
144 385 75 87 0.021771125 
-2 205 23 34 0.021642435 
885 -27 151 179 0.0216392 
150 263 41 51 0.021623524 
714 70 34 41 0.021601662 
888 183 38 50 0.021535454 
531 9 54 60 0.021513987 
95 306 42 56 0.021490531 
118 -9 44 42 0.021485463 
258 153 61 73 0.021462433 
872 392 41 53 0.021452531 
742 467 84 98 0.021433104 
270 47 106 128 0.021274759 
74 269 36 45 0.021192903 
757 258 34 42 0.021191081 
767 93 28 36 0.021161865 
765 358 70 82 0.02111637 
740 0 87 94 0.02111288 
663 381 32 41 0.020967767 
711 349 68 79 0.020953674 
73 416 43 57 0.020930482 
2 -1 30 40 0.02089806 
224 271 45 54 0.020858461 
148 345 29 37 0.02079654 
22 220 36 54 0.020711629 
285 125 82 90 0.020692397 
836 288 42 51 0.020650035 
219 358 66 85 0.020560607 
225 10 40 53 0.02051297 
954 413 35 62 0.02037557 
636 384 30 37 0.020373339 
63 95 41 55 0.02029999 
348 381 66 82 0.02028449 
690 128 58 74 0.020266777 
307 523 71 80 0.020263 
507 34 75 98 0.020105144 
272 508 70 84 0.020060237 
683 31 56 61 0.020029174 
608 15 41 48 0.02000769 
273 61 34 50 0.020002922 
