37_Soccer_soccer_ball_37_238
33
618 292 30 39 0.9298968 
413 243 27 35 0.7694682 
758 285 26 33 0.46307015 
62 143 22 29 0.13890836 
766 339 59 66 0.1255538 
771 326 40 47 0.1214451 
69 137 22 27 0.06484508 
759 461 26 34 0.062080193 
787 353 34 39 0.05062023 
770 353 31 36 0.050273992 
791 368 32 38 0.05014059 
753 295 23 31 0.048827235 
662 459 25 33 0.044352382 
56 203 25 32 0.04201255 
765 371 30 36 0.040192243 
73 198 25 34 0.03821916 
79 228 27 35 0.03152053 
750 289 45 56 0.029855082 
78 244 24 31 0.029764513 
412 416 24 30 0.029466184 
144 198 310 335 0.02933442 
45 278 20 25 0.027594814 
424 249 25 31 0.025844648 
765 426 28 36 0.02545581 
668 435 25 32 0.022837691 
747 383 67 83 0.022284098 
361 96 26 33 0.02207592 
637 404 90 111 0.021365896 
744 422 36 45 0.02128133 
31 224 20 28 0.02078183 
36 276 37 47 0.020766323 
608 456 27 37 0.020632213 
763 409 27 33 0.020096939 
