54_Rescue_firemanrescue_54_478
84
514 72 92 115 0.6208654 
652 59 49 60 0.14999573 
587 36 109 139 0.100509726 
534 96 59 69 0.07831323 
93 537 26 31 0.055047758 
726 302 67 92 0.05268791 
576 481 80 85 0.046020877 
741 345 28 41 0.044943918 
623 35 68 85 0.042107783 
70 363 25 31 0.040749595 
540 24 75 81 0.040278915 
685 270 129 125 0.036895286 
84 459 26 30 0.03537423 
567 3 27 31 0.033747498 
667 2 22 23 0.032858577 
627 306 136 125 0.032097906 
1 3 25 29 0.030969603 
304 1 25 24 0.029911753 
560 8 45 47 0.029618282 
627 349 275 337 0.029566884 
746 327 27 38 0.029563999 
514 -3 137 144 0.029300084 
749 348 52 71 0.028609008 
777 454 81 91 0.028431809 
364 2 28 28 0.028290005 
622 54 22 28 0.028187344 
665 56 27 32 0.02779941 
621 5 73 74 0.027378391 
849 579 81 105 0.026727974 
706 279 63 75 0.026208734 
539 386 102 111 0.026097734 
554 104 82 95 0.025929496 
439 1 27 29 0.02547128 
79 545 38 49 0.025454879 
602 406 486 544 0.025453096 
600 330 102 95 0.02517059 
420 362 287 282 0.024259692 
708 181 44 51 0.024055019 
379 266 184 186 0.023860045 
413 457 331 336 0.02346282 
512 304 157 152 0.023453064 
630 227 146 137 0.023440074 
401 175 42 49 0.023416935 
576 510 74 105 0.023378799 
584 5 27 29 0.023272416 
616 138 236 253 0.023193726 
455 1 25 27 0.02315039 
132 430 24 29 0.023087112 
644 0 24 25 0.022750892 
4 257 22 29 0.022714028 
55 17 44 45 0.022415504 
95 458 24 28 0.022326186 
614 44 40 50 0.022082087 
669 24 25 27 0.02206173 
557 235 258 243 0.021818224 
484 2 26 28 0.021751052 
96 8 71 81 0.021725707 
-9 228 74 100 0.021645062 
391 45 64 81 0.021233566 
574 39 43 52 0.021116205 
756 308 82 100 0.021014476 
414 71 23 30 0.020989554 
643 24 23 27 0.020961456 
540 -2 24 26 0.020960359 
596 4 65 70 0.02090195 
99 515 22 28 0.020873016 
544 502 76 92 0.020774785 
446 231 263 257 0.020766849 
777 280 154 177 0.020702735 
864 312 46 55 0.020578038 
659 16 46 47 0.020422243 
829 296 71 87 0.020419175 
385 235 567 641 0.020376723 
567 59 47 60 0.020364039 
886 265 160 194 0.020356787 
743 304 29 37 0.02035596 
736 137 330 384 0.02033481 
376 472 204 179 0.02022911 
661 206 68 69 0.020194586 
-2 -8 90 93 0.020146543 
714 294 29 40 0.020110114 
866 4 21 25 0.020047909 
524 446 135 154 0.020028139 
412 13 64 78 0.02001751 
