54_Rescue_rescuepeople_54_602
66
843 234 70 87 0.9447269 
498 206 63 81 0.89158636 
355 232 46 61 0.84000444 
649 232 57 78 0.7905551 
220 197 56 72 0.6183318 
553 348 46 59 0.22125144 
582 257 47 60 0.18898004 
347 302 56 74 0.08490073 
600 180 38 51 0.05110599 
530 222 60 77 0.050174236 
197 267 59 75 0.03974578 
606 35 110 118 0.038652852 
834 171 534 597 0.037479542 
355 205 39 50 0.03569058 
683 -254 816 869 0.034413897 
402 381 44 56 0.033471614 
231 469 67 89 0.033296157 
514 326 61 79 0.033023324 
628 194 40 54 0.032255627 
845 819 519 592 0.03199612 
681 317 82 106 0.030512536 
201 336 59 78 0.029643849 
506 250 50 64 0.029413234 
669 469 59 77 0.02926403 
779 339 61 86 0.028753357 
813 353 68 89 0.028710349 
508 404 57 79 0.027377605 
549 408 59 79 0.0264826 
848 500 524 592 0.026449401 
169 471 109 146 0.026418073 
217 323 77 102 0.026375163 
826 1152 525 555 0.02637036 
246 1377 35 41 0.025965616 
269 943 29 37 0.025928164 
246 475 41 55 0.025871884 
229 904 94 114 0.025074057 
480 1345 32 41 0.024779163 
107 361 59 75 0.024719004 
297 280 88 110 0.024657262 
16 35 225 275 0.024631122 
838 157 33 45 0.024562936 
328 227 56 70 0.024295803 
201 304 41 52 0.024280509 
247 313 86 115 0.024072168 
555 250 59 76 0.023945415 
58 719 28 37 0.023248864 
214 298 67 84 0.023138959 
905 153 39 53 0.023124814 
252 942 32 40 0.022814782 
316 1063 30 36 0.022557337 
157 310 39 50 0.02249061 
582 553 982 1129 0.022410763 
573 295 60 78 0.022082541 
912 918 31 39 0.022061184 
199 1120 28 34 0.021647545 
907 374 99 150 0.021525182 
265 472 41 53 0.021406634 
857 391 102 116 0.021331167 
929 298 60 81 0.021181636 
547 53 77 85 0.020988045 
359 335 41 55 0.020791719 
349 12 414 468 0.02061745 
485 222 48 62 0.020419454 
738 344 84 110 0.020349257 
56 1353 27 34 0.020187022 
321 1027 30 38 0.02015141 
