54_Rescue_rescuepeople_54_1049
35
447 223 108 139 0.99917233 
636 390 102 119 0.99810505 
637 152 97 123 0.8636279 
107 114 139 165 0.6146807 
67 210 50 59 0.28995278 
143 57 87 89 0.15971833 
509 38 113 150 0.15794471 
606 189 112 136 0.059177935 
114 47 133 150 0.054887153 
556 172 86 115 0.047622114 
388 74 86 98 0.041853085 
664 193 116 142 0.038043335 
248 197 48 62 0.0350698 
58 181 89 101 0.034999844 
3 37 65 84 0.034509793 
153 301 81 96 0.032943673 
330 11 128 142 0.02915706 
607 377 62 83 0.028003277 
104 285 46 51 0.027886996 
394 506 145 158 0.026790284 
-230 322 703 741 0.026395816 
347 383 122 182 0.024304004 
296 9 76 74 0.02429207 
-70 541 354 349 0.02401427 
59 5 232 253 0.023954183 
122 277 94 100 0.023150004 
718 209 71 107 0.02234384 
291 35 78 102 0.02200924 
139 209 81 85 0.021889659 
595 258 98 120 0.02152477 
572 77 190 240 0.021282602 
567 238 82 107 0.021210594 
37 127 98 125 0.021194385 
12 34 127 166 0.02072746 
700 400 78 91 0.020003773 
