54_Rescue_firemanrescue_54_103
24
437 155 122 155 0.99932146 
371 616 215 223 0.10393482 
452 649 127 137 0.048537955 
260 391 211 259 0.046456624 
230 559 81 88 0.043440763 
990 1172 29 39 0.04027871 
239 502 145 136 0.036424663 
342 568 100 114 0.032162428 
331 337 113 159 0.030597944 
271 547 231 192 0.03040381 
42 652 81 102 0.029816248 
373 651 113 131 0.02909776 
711 -5 114 112 0.028718354 
307 866 163 293 0.028305404 
315 475 296 330 0.025144955 
534 375 170 234 0.024918897 
719 27 44 46 0.024581911 
368 606 103 118 0.0241793 
432 700 124 142 0.023914644 
492 643 86 84 0.022523094 
454 543 205 247 0.022337943 
522 340 105 129 0.021910608 
614 168 96 119 0.021468427 
324 645 109 125 0.021163855 
