54_Rescue_rescuepeople_54_325
110
362 170 72 93 0.98792946 
836 214 88 112 0.6814643 
614 247 63 91 0.6152644 
584 265 71 87 0.47190532 
562 291 68 76 0.31060234 
914 465 46 50 0.10729818 
670 239 50 70 0.1008594 
69 160 73 92 0.092974566 
643 243 66 92 0.092650175 
135 272 73 73 0.08671647 
32 178 247 310 0.07047274 
819 230 67 86 0.057236824 
784 245 42 52 0.056545578 
440 -2 83 77 0.055143554 
60 402 169 174 0.050534666 
98 237 139 152 0.049316745 
126 296 107 135 0.04930229 
102 191 70 83 0.04616986 
80 324 166 195 0.04590512 
881 230 64 74 0.04084426 
74 200 80 98 0.040435642 
915 244 33 43 0.04022368 
884 451 66 76 0.039262656 
94 164 140 142 0.03924586 
550 274 60 72 0.038538422 
30 267 71 86 0.038038164 
667 287 77 94 0.03770016 
316 617 52 60 0.037317295 
744 298 64 77 0.036054198 
158 155 144 164 0.034462478 
701 246 41 62 0.034070674 
145 152 64 73 0.03330736 
79 247 69 92 0.032533027 
686 269 34 50 0.032189466 
154 250 53 61 0.031671386 
780 268 45 53 0.031151962 
-9 261 317 386 0.030807082 
89 438 87 82 0.03049134 
781 210 59 75 0.030417418 
12 159 179 203 0.03005109 
890 265 72 91 0.030048704 
819 142 137 199 0.03004412 
60 263 52 66 0.029885221 
223 173 89 106 0.029848695 
24 263 43 59 0.029227013 
175 141 97 100 0.028860288 
536 235 74 88 0.028833736 
106 141 71 88 0.028142268 
884 409 67 82 0.027655154 
51 289 77 88 0.027595554 
53 391 94 117 0.02724153 
854 437 68 95 0.027211877 
680 227 36 46 0.02712581 
586 277 35 43 0.027123598 
173 226 90 109 0.026865093 
614 614 27 33 0.02674431 
894 479 30 35 0.026531965 
740 493 353 381 0.02648352 
102 224 80 91 0.02647756 
153 207 70 82 0.025925847 
109 391 101 102 0.025915688 
145 223 28 34 0.025497688 
665 224 35 43 0.025496656 
429 611 24 30 0.025251294 
709 439 48 53 0.025056604 
448 316 67 100 0.025019279 
130 173 66 78 0.024997162 
169 288 42 47 0.024893865 
94 171 35 49 0.024632763 
805 425 126 141 0.024530364 
550 214 49 59 0.02423961 
713 252 26 37 0.024168892 
720 484 26 30 0.023713581 
802 213 162 216 0.023377646 
705 217 43 60 0.02324442 
-51 480 359 360 0.023114434 
951 599 52 56 0.023025224 
601 218 64 89 0.022892956 
645 197 56 64 0.022886416 
546 280 103 132 0.022876853 
125 250 31 37 0.022835627 
540 303 63 75 0.022615137 
123 264 54 64 0.022546813 
631 248 38 58 0.022509126 
195 237 133 163 0.022235213 
253 211 69 87 0.022201652 
803 267 72 90 0.022196302 
130 223 30 39 0.022133637 
565 209 73 89 0.021911034 
156 169 28 34 0.021785261 
620 294 58 71 0.021770317 
711 475 48 51 0.021747146 
95 354 92 93 0.02161776 
397 174 72 88 0.02152216 
717 437 66 78 0.021515882 
583 257 125 152 0.021458948 
728 170 60 77 0.021398822 
286 453 27 37 0.021096487 
841 244 36 50 0.021006357 
916 265 34 46 0.02089949 
751 270 63 73 0.020830862 
593 328 56 66 0.020699317 
687 328 69 76 0.02046778 
35 247 54 65 0.02034994 
98 498 93 88 0.020322163 
791 512 92 118 0.02028261 
18 373 552 549 0.020153053 
3 509 39 57 0.020140022 
915 300 35 46 0.020103442 
696 404 68 78 0.020070005 
