54_Rescue_rescuepeople_54_208
87
250 18 112 235 0.9317727 
287 32 84 136 0.09002598 
872 7 52 53 0.07861892 
914 122 74 107 0.07538363 
0 167 32 45 0.06376818 
433 514 27 30 0.05807645 
223 524 42 55 0.05778826 
339 455 26 34 0.05764387 
13 57 99 130 0.05244335 
209 464 37 53 0.050765805 
236 538 66 89 0.04981472 
-3 136 65 85 0.045999497 
461 509 22 27 0.041222744 
305 12 68 93 0.040705964 
228 47 41 59 0.039531067 
320 437 55 69 0.03935961 
257 542 123 121 0.036155812 
357 514 26 33 0.03515379 
195 1 228 302 0.03442615 
331 476 27 36 0.03432725 
46 78 47 57 0.03396721 
375 487 165 170 0.03367757 
929 635 24 27 0.0336446 
96 544 91 94 0.033592813 
99 505 48 52 0.03331834 
58 93 25 33 0.033031534 
74 76 22 30 0.032385606 
422 514 43 50 0.03190473 
771 566 84 105 0.031836774 
912 0 43 49 0.031612065 
438 494 56 66 0.029145623 
383 0 27 28 0.028323136 
322 518 138 147 0.027179193 
404 476 77 88 0.026963426 
723 483 348 382 0.026486116 
230 512 29 37 0.02648078 
33 27 73 90 0.026253238 
223 463 23 33 0.025916437 
251 511 24 31 0.02561001 
120 501 36 43 0.02552188 
123 487 30 36 0.02548731 
627 622 79 84 0.02530393 
257 487 24 30 0.024491694 
104 487 27 31 0.024361588 
917 137 47 66 0.024344072 
409 508 25 30 0.024023762 
756 483 170 213 0.023915082 
106 106 20 27 0.023807451 
0 -1 27 33 0.023757318 
52 79 25 33 0.023611557 
447 522 39 47 0.023237694 
81 43 24 32 0.023225574 
61 63 43 58 0.02319672 
841 464 24 29 0.023129363 
117 365 74 102 0.022937112 
938 414 38 58 0.022716926 
942 511 21 29 0.022528676 
197 41 70 117 0.022458004 
926 -1 64 77 0.022447478 
928 511 22 28 0.022349933 
304 483 77 89 0.022279363 
371 559 120 123 0.022200868 
241 529 43 59 0.022158135 
489 525 37 45 0.022023102 
72 96 21 28 0.022016803 
674 115 79 93 0.021935275 
259 529 54 74 0.021861283 
326 0 47 52 0.021651387 
23 77 49 72 0.021557445 
341 483 76 94 0.02136784 
838 52 132 164 0.021161834 
979 13 36 56 0.02114545 
764 -5 171 166 0.021121908 
458 534 22 28 0.021037364 
119 513 73 78 0.021028863 
389 525 68 87 0.020944212 
953 6 62 88 0.020819133 
923 131 25 35 0.020786468 
439 528 80 89 0.020637209 
4 480 23 35 0.02058728 
4 19 66 92 0.02056835 
178 182 24 32 0.020362873 
16 166 33 41 0.020236908 
934 30 51 69 0.020236341 
7 129 121 145 0.020232607 
134 496 46 52 0.020185715 
224 30 73 113 0.02001517 
