54_Rescue_rescuepeople_54_493
44
1 292 29 44 0.13246171 
50 289 33 41 0.09150468 
0 183 20 30 0.07684733 
353 76 23 28 0.059578724 
312 93 24 28 0.0488499 
326 93 23 29 0.047544148 
335 74 26 32 0.044756126 
-1 55 21 31 0.039850503 
828 144 47 53 0.039185096 
821 501 44 48 0.037371177 
732 478 48 51 0.035198953 
837 99 28 34 0.034754913 
761 121 25 32 0.034524936 
131 507 27 31 0.034021534 
319 492 57 54 0.03396332 
4 197 20 30 0.03345404 
2 229 21 33 0.031101555 
774 401 25 30 0.030863881 
718 524 28 33 0.029772665 
741 404 23 27 0.028956773 
0 121 19 27 0.028225046 
273 231 23 29 0.027223743 
823 372 25 32 0.027130561 
721 513 27 30 0.02711611 
741 311 20 25 0.02652645 
734 503 31 33 0.025668511 
989 24 28 36 0.025261229 
357 129 19 24 0.024908513 
772 379 36 46 0.024792844 
826 116 44 50 0.024654849 
866 229 20 24 0.024451008 
743 390 23 28 0.022922795 
176 155 24 28 0.022232035 
728 426 40 48 0.02218583 
822 228 22 26 0.022091268 
742 333 23 30 0.022084858 
742 349 22 29 0.021359615 
1 247 23 35 0.021224506 
105 337 24 31 0.021114575 
839 80 25 30 0.020522464 
794 171 22 26 0.020388793 
516 66 25 31 0.020242777 
55 184 20 25 0.020223826 
797 154 24 31 0.020211378 
