54_Rescue_firemanrescue_54_660
35
436 345 176 215 0.99183863 
836 127 70 86 0.9862331 
651 42 38 51 0.195355 
924 189 67 91 0.12969549 
435 249 112 128 0.06787222 
837 0 46 50 0.046360284 
779 -128 530 581 0.045499343 
762 773 504 586 0.042396992 
781 1056 536 572 0.039992765 
514 767 1035 1104 0.035660934 
524 -340 1009 1081 0.035648998 
648 368 732 834 0.033199042 
796 175 509 575 0.03158264 
681 227 33 44 0.031224206 
74 110 43 54 0.031207727 
898 123 91 116 0.029498177 
11 -4 121 107 0.029247954 
278 322 96 142 0.029008918 
65 336 75 93 0.028485028 
55 328 103 171 0.026801828 
606 278 104 158 0.026559401 
686 195 35 48 0.026517984 
931 223 65 99 0.025808357 
906 23 65 75 0.024739705 
157 15 63 77 0.02417827 
643 170 52 67 0.023446022 
532 316 112 151 0.023344025 
617 181 40 52 0.022535997 
-24 19 114 126 0.022062197 
336 165 115 127 0.022039616 
188 280 169 208 0.021946555 
827 14 61 70 0.021325428 
240 333 91 128 0.020933159 
659 10 31 38 0.020314826 
161 4 37 43 0.020070223 
