54_Rescue_rescuepeople_54_926
18
523 195 103 142 0.9975303 
156 97 94 105 0.9962113 
366 203 75 92 0.9954941 
289 -1 69 87 0.08502316 
378 166 84 109 0.077305116 
826 325 68 66 0.06998874 
381 -15 68 83 0.04815106 
809 336 47 52 0.041215483 
843 344 38 40 0.039684426 
367 129 72 92 0.03132907 
669 426 509 550 0.027716292 
862 330 32 38 0.026428364 
-149 438 527 543 0.02530193 
126 91 43 58 0.024699574 
753 45 46 59 0.024275683 
275 284 65 81 0.023876168 
234 1 78 96 0.02230157 
422 198 68 85 0.022007376 
