54_Rescue_firemanrescue_54_939
115
158 109 75 100 0.9999424 
133 305 67 75 0.34219465 
553 271 60 73 0.21747267 
55 584 20 24 0.19859384 
403 467 55 69 0.1931774 
2 629 24 35 0.15998557 
430 480 35 45 0.10397538 
666 228 153 160 0.080479145 
4 592 19 28 0.074809805 
581 593 24 30 0.07141482 
343 429 105 139 0.070412725 
126 557 24 31 0.06582546 
255 235 39 50 0.06024297 
149 609 22 30 0.056212015 
148 323 40 43 0.054818064 
902 519 18 21 0.053201497 
716 0 82 76 0.049275577 
308 456 24 33 0.049107973 
537 243 101 125 0.0488701 
4 615 21 31 0.048638497 
317 461 43 56 0.047523163 
76 622 20 25 0.0443715 
209 592 23 30 0.044296835 
309 433 77 102 0.044211835 
138 610 20 27 0.04360479 
58 618 18 22 0.04249838 
304 450 41 54 0.041390922 
55 573 19 25 0.041056097 
331 462 27 33 0.039901968 
901 534 19 23 0.03939832 
407 481 32 45 0.039382476 
573 605 22 27 0.035333347 
920 559 21 26 0.03519787 
284 484 24 31 0.034084205 
369 442 66 84 0.03407072 
624 620 21 26 0.033890326 
430 461 28 36 0.033535276 
271 458 56 74 0.032042548 
102 617 19 23 0.03188063 
185 558 22 29 0.031797163 
176 300 69 82 0.03125556 
84 286 57 78 0.03121257 
135 598 33 44 0.030909004 
3 690 37 55 0.030360188 
30 591 17 22 0.03006571 
452 522 41 52 0.029622441 
190 516 40 56 0.029204817 
283 446 39 52 0.028867498 
29 617 17 24 0.02842716 
159 328 49 57 0.02839692 
205 610 22 27 0.02817376 
182 617 20 26 0.028121216 
443 489 42 52 0.027700068 
212 253 55 75 0.027490316 
408 423 41 51 0.02724474 
467 639 19 23 0.026735462 
307 440 23 31 0.026716722 
80 287 38 51 0.026710559 
563 282 33 40 0.026599953 
697 570 17 21 0.026448848 
98 299 68 87 0.026438871 
387 453 23 30 0.02630914 
183 539 23 31 0.026283072 
307 475 26 36 0.026068503 
88 274 138 144 0.026066035 
716 246 81 81 0.025996774 
461 535 24 31 0.025991255 
377 483 54 66 0.02582373 
481 357 24 29 0.025607523 
194 623 72 85 0.02542544 
0 165 23 40 0.02541399 
181 491 20 26 0.025060158 
161 492 67 88 0.024704063 
305 371 24 33 0.024621125 
414 457 29 38 0.024495395 
459 504 24 31 0.024307854 
97 633 18 24 0.024269456 
180 503 24 29 0.023975724 
153 593 22 27 0.02395548 
112 536 41 53 0.023943352 
178 461 21 28 0.023913402 
623 633 20 25 0.023893187 
77 589 19 23 0.023726368 
463 555 25 32 0.023536433 
1 650 36 57 0.02305573 
162 508 21 26 0.023038078 
468 362 22 27 0.02285136 
0 563 16 25 0.022319509 
353 458 22 29 0.02230892 
373 410 63 78 0.02218397 
689 -18 143 157 0.022064812 
269 490 38 50 0.021792918 
180 633 20 27 0.02177785 
616 276 20 25 0.021758487 
305 522 78 113 0.02172938 
202 512 22 29 0.021647235 
719 617 17 22 0.02156336 
717 642 18 24 0.021500615 
905 559 20 23 0.021404156 
310 585 23 31 0.02139902 
180 592 19 25 0.021387832 
353 485 50 67 0.021242825 
124 543 22 28 0.021210069 
699 583 17 21 0.021060241 
716 586 17 22 0.02094417 
703 22 73 79 0.020888725 
58 635 20 26 0.020720813 
293 465 61 78 0.020716108 
800 514 18 19 0.020601323 
123 347 27 32 0.020424435 
-12 477 165 202 0.0204176 
274 415 64 85 0.020153707 
925 543 19 24 0.020118434 
260 511 23 29 0.020081121 
175 345 27 35 0.020054193 
