54_Rescue_rescuepeople_54_1035
27
395 307 283 368 0.9994143 
278 740 197 241 0.080755286 
366 164 201 210 0.07815646 
296 427 68 87 0.062112756 
796 1067 526 565 0.058767535 
299 431 110 147 0.04649075 
518 763 1011 1089 0.036830276 
751 779 498 574 0.033121523 
801 193 499 563 0.031898785 
525 399 157 218 0.031614315 
372 148 131 150 0.031544514 
799 -120 521 577 0.029830476 
772 496 501 578 0.027736863 
188 1100 32 39 0.027471136 
197 1271 60 72 0.026054973 
447 428 176 207 0.023808703 
570 -325 974 1068 0.022938661 
548 323 126 189 0.022885995 
114 1289 57 72 0.022601875 
245 634 215 251 0.022134604 
441 185 228 261 0.022085818 
316 495 116 147 0.022066236 
423 791 133 188 0.021885647 
242 862 213 260 0.020938048 
162 1226 89 103 0.020470293 
118 1254 92 107 0.020435376 
145 1230 65 73 0.020027786 
