54_Rescue_firemanrescue_54_908
48
848 293 39 53 0.7359355 
863 156 27 34 0.5421816 
518 213 38 50 0.16734792 
619 188 22 28 0.12078695 
701 238 37 47 0.12048658 
435 288 68 74 0.1104899 
977 242 29 48 0.10763673 
815 248 28 36 0.06096385 
531 207 29 36 0.0521897 
418 250 51 57 0.049024835 
821 233 23 29 0.04320561 
421 264 63 72 0.042060785 
989 243 25 39 0.041803107 
822 177 23 28 0.041726403 
992 234 21 30 0.040398624 
407 264 44 53 0.03227266 
748 433 25 32 0.032097925 
816 275 31 41 0.030721433 
127 303 23 27 0.030584 
739 175 21 25 0.030530846 
643 235 22 29 0.030332033 
842 312 31 44 0.02956579 
713 232 26 34 0.029509613 
994 105 21 28 0.02839284 
548 220 38 48 0.026423108 
563 493 69 94 0.025799684 
765 411 27 36 0.024410833 
693 203 21 26 0.023892233 
462 193 71 83 0.023208175 
851 168 24 31 0.023180248 
655 226 34 42 0.022728026 
467 279 45 55 0.022312528 
976 434 29 38 0.022311572 
402 244 108 123 0.022257142 
843 125 21 27 0.02221711 
659 249 24 31 0.02218134 
797 299 23 31 0.022170981 
23 307 21 24 0.022140227 
821 0 24 25 0.021614496 
641 203 19 25 0.021520494 
593 496 69 91 0.021169435 
611 154 20 23 0.020820903 
211 11 151 175 0.020745525 
448 308 76 94 0.020650687 
574 459 118 152 0.020615881 
50 146 203 241 0.02036264 
435 392 70 92 0.020145902 
490 226 24 33 0.020028291 
