54_Rescue_rescuepeople_54_531
35
357 122 214 295 0.9992242 
619 463 78 118 0.17265038 
197 199 86 117 0.07576196 
285 805 363 540 0.04791523 
304 417 104 123 0.037807632 
814 609 76 111 0.034946296 
256 158 101 129 0.034775052 
462 487 170 192 0.03461119 
863 653 99 159 0.03380229 
178 246 91 112 0.032993995 
789 679 131 151 0.03236625 
208 260 95 116 0.029360363 
634 561 170 237 0.028497947 
343 636 110 159 0.027172303 
287 96 99 135 0.026453806 
860 605 81 129 0.026016628 
668 211 98 133 0.02587656 
767 582 170 218 0.025486829 
810 336 187 284 0.025407799 
250 110 83 112 0.024615625 
715 328 52 71 0.024323773 
758 497 90 126 0.024192497 
337 436 105 126 0.02393202 
171 510 34 47 0.023826197 
638 473 106 144 0.023153992 
550 534 181 235 0.022860253 
638 418 109 132 0.022764312 
795 449 84 107 0.022301381 
301 1174 121 189 0.02226486 
682 622 82 139 0.022217957 
426 656 205 230 0.02199619 
545 92 35 46 0.021871349 
774 480 56 82 0.020416038 
675 1156 78 93 0.020256005 
682 277 83 119 0.020226737 
