54_Rescue_rescuepeople_54_557
49
697 133 49 56 0.7195239 
687 141 37 43 0.1338542 
840 375 23 31 0.05675035 
813 249 23 30 0.054202035 
680 204 65 82 0.05327444 
662 126 58 70 0.051381737 
428 202 307 357 0.041983426 
668 146 27 35 0.041156672 
765 558 39 48 0.037627213 
559 142 26 34 0.033730086 
660 170 77 95 0.032722797 
594 146 131 145 0.03222861 
-67 525 353 361 0.029454289 
50 169 24 30 0.029417206 
614 124 85 102 0.029094076 
743 569 25 30 0.02838656 
-224 299 711 758 0.028257009 
589 262 90 95 0.027560733 
287 213 58 61 0.027372641 
551 448 177 207 0.026649073 
709 184 48 65 0.025815815 
668 131 27 34 0.025489863 
616 78 24 30 0.025081158 
538 221 133 130 0.02477554 
621 366 520 582 0.02465439 
795 242 36 42 0.024581427 
852 0 22 24 0.024071615 
641 146 25 33 0.02400215 
2 686 28 33 0.023630265 
664 115 91 108 0.023578832 
664 244 67 79 0.023262154 
126 682 30 34 0.022702008 
475 260 193 218 0.022654748 
920 262 20 25 0.02191341 
311 61 515 604 0.021853564 
466 230 20 25 0.021826327 
709 230 29 41 0.021713741 
815 429 23 29 0.021671178 
951 101 22 28 0.0212786 
848 278 21 27 0.020895822 
734 547 60 70 0.020768585 
646 264 87 103 0.020431608 
851 404 21 27 0.020400636 
899 515 25 28 0.02036484 
700 278 77 105 0.02034691 
631 125 41 54 0.020293418 
948 224 21 26 0.02014978 
617 150 27 35 0.020055357 
720 197 26 35 0.02004842 
