54_Rescue_rescuepeople_54_840
101
230 19 192 199 0.5684667 
133 816 120 149 0.2841625 
705 5 262 314 0.21901453 
783 984 65 88 0.12892821 
531 860 45 63 0.08577865 
801 957 63 85 0.069219686 
316 926 40 50 0.063489705 
162 870 100 141 0.062234778 
647 558 44 60 0.06142459 
789 138 499 582 0.06101476 
737 -92 489 520 0.059075486 
441 696 73 88 0.05179489 
815 802 118 164 0.048337158 
952 964 35 52 0.047312487 
175 907 125 179 0.047189526 
806 863 65 77 0.040823177 
206 919 71 104 0.03968509 
304 866 131 150 0.038482066 
812 43 112 142 0.037962895 
810 473 502 593 0.037616264 
808 776 511 596 0.036310032 
493 691 100 109 0.03596671 
851 845 111 163 0.034294013 
800 1096 534 568 0.034280922 
72 824 185 234 0.03426624 
405 738 78 90 0.034243807 
826 99 193 311 0.034124147 
389 762 112 121 0.033914685 
330 817 180 203 0.033381704 
550 107 474 572 0.031948607 
224 907 37 55 0.031840578 
307 1074 33 40 0.03142308 
194 1275 154 137 0.031340595 
528 794 1045 1113 0.031220034 
566 767 44 53 0.031172663 
670 630 66 88 0.031070761 
752 130 155 189 0.030643076 
955 28 58 112 0.030356385 
378 692 245 270 0.029945485 
891 33 105 165 0.02970288 
593 558 92 123 0.029024225 
841 736 41 51 0.028992468 
889 772 35 48 0.028816827 
568 789 37 47 0.028443359 
208 8 132 144 0.028428173 
498 843 75 106 0.02782873 
116 941 137 179 0.02744355 
784 841 33 41 0.027433146 
66 970 99 138 0.026733203 
836 751 57 79 0.02663237 
291 555 237 269 0.026601303 
452 693 44 57 0.026341897 
852 771 90 139 0.026163032 
425 714 52 69 0.026087077 
803 848 38 45 0.026061902 
246 950 97 133 0.02604926 
630 531 81 110 0.025831392 
284 1001 31 41 0.025732903 
440 734 77 84 0.025514742 
327 62 120 180 0.025508445 
261 -11 123 136 0.02540895 
441 236 98 130 0.025380438 
176 783 111 125 0.025361001 
197 868 74 94 0.025319293 
238 451 227 285 0.024948921 
183 -7 309 312 0.024871707 
231 948 37 56 0.024594538 
889 1460 39 45 0.024444526 
371 70 186 239 0.024314897 
535 529 37 48 0.024199199 
429 813 132 150 0.024147322 
538 176 961 1113 0.02392047 
449 640 174 186 0.023642613 
527 731 78 85 0.023641534 
768 904 157 225 0.023595829 
784 207 108 129 0.023421057 
248 918 165 217 0.02335396 
212 184 456 555 0.023312131 
929 943 58 85 0.02323949 
303 995 31 41 0.023109471 
156 3 127 141 0.02309284 
258 698 220 243 0.022951351 
878 770 55 82 0.02292293 
844 74 43 56 0.022892304 
770 1487 44 49 0.022392113 
809 901 45 56 0.022313163 
802 772 34 46 0.022127146 
785 785 91 112 0.021832105 
768 732 203 273 0.021658039 
805 800 33 42 0.021655876 
286 914 87 106 0.020985749 
844 215 111 140 0.020837568 
15 333 243 296 0.02081461 
269 978 59 82 0.020706488 
837 794 64 88 0.02070036 
812 259 34 41 0.020512827 
67 702 309 356 0.020484908 
786 1078 61 95 0.020388039 
363 493 125 154 0.020364098 
273 877 33 43 0.020231351 
158 723 186 224 0.020062834 
