54_Rescue_firemanrescue_54_153
22
267 99 111 167 0.99749005 
197 403 80 94 0.04266186 
242 167 74 100 0.036238674 
750 506 345 387 0.03388388 
119 411 42 52 0.032835383 
201 269 82 97 0.030720918 
722 256 173 195 0.027025947 
-221 316 710 737 0.025166411 
316 111 83 107 0.024936352 
57 300 20 24 0.024147728 
-66 530 358 355 0.024075357 
134 390 61 76 0.022116316 
616 195 22 28 0.022115009 
246 101 79 93 0.021579964 
540 178 105 117 0.021500712 
589 176 24 31 0.021458777 
585 292 643 722 0.021358976 
929 147 22 29 0.02126772 
328 515 366 340 0.021119947 
560 192 37 48 0.020740101 
-12 302 86 138 0.020550422 
124 44 25 30 0.020003077 
