54_Rescue_firemanrescue_54_458
32
155 232 182 234 0.9996338 
126 562 60 67 0.41952413 
381 791 26 30 0.06070545 
299 669 25 29 0.045977253 
635 788 25 29 0.045646995 
358 563 23 27 0.044668354 
738 702 364 392 0.043600142 
71 135 138 154 0.038933266 
797 74 25 27 0.0337315 
553 459 689 760 0.031968076 
449 476 33 48 0.030013995 
816 73 23 29 0.0266195 
829 186 94 114 0.02489053 
211 55 26 30 0.024656357 
13 153 160 197 0.024496637 
949 77 23 26 0.024462113 
142 593 40 46 0.023587573 
339 741 360 348 0.02305703 
533 708 382 367 0.023025708 
811 223 87 109 0.022485353 
591 584 18 21 0.022424793 
512 508 22 27 0.022388203 
487 485 22 28 0.022249721 
-140 624 520 558 0.022166416 
40 71 234 282 0.022088278 
768 77 20 24 0.021947261 
97 611 28 36 0.021806784 
846 172 44 48 0.02128045 
494 315 66 81 0.020707147 
512 487 22 26 0.020422887 
19 39 54 93 0.020270659 
787 65 42 46 0.020068 
