54_Rescue_rescuepeople_54_191
106
809 252 55 69 0.9923259 
930 273 38 49 0.9614758 
450 284 45 54 0.89082843 
669 271 29 36 0.817293 
913 191 55 61 0.6110831 
882 196 55 67 0.39672145 
762 570 49 55 0.21094409 
772 392 43 50 0.14758767 
990 284 25 34 0.14687622 
935 199 34 40 0.11845484 
620 280 25 32 0.11230267 
769 251 27 34 0.08982551 
882 297 40 49 0.08517564 
705 301 28 36 0.08491764 
636 277 24 32 0.084140964 
694 324 36 45 0.080399245 
657 491 49 55 0.07178549 
661 353 35 44 0.063502215 
682 276 24 31 0.053970568 
826 574 49 57 0.0529105 
544 402 24 29 0.049812533 
865 314 43 53 0.04861574 
873 213 33 41 0.04853027 
967 401 36 49 0.048050955 
971 276 34 48 0.04617787 
518 328 25 32 0.046095822 
355 390 26 32 0.045944665 
909 356 35 46 0.04549605 
774 301 34 43 0.04503023 
913 246 46 59 0.044758875 
436 369 32 41 0.043884303 
977 382 27 35 0.0435119 
641 295 36 44 0.042961717 
992 203 24 33 0.04233489 
641 357 33 40 0.04107243 
506 381 26 31 0.04092363 
508 402 26 33 0.04070174 
543 387 22 29 0.03972963 
540 353 23 29 0.03706095 
498 479 48 51 0.034423895 
865 236 42 54 0.03368168 
635 374 25 33 0.032440223 
446 344 43 55 0.0322884 
714 283 25 30 0.031674925 
888 229 43 57 0.03150568 
773 234 26 31 0.030886045 
929 505 25 31 0.030702535 
537 381 35 48 0.030077623 
885 317 41 51 0.029533057 
634 267 43 54 0.029257016 
941 374 27 34 0.02891025 
767 502 26 32 0.028002856 
990 610 27 32 0.027715625 
615 289 36 44 0.027583491 
653 402 517 563 0.027168551 
590 280 23 30 0.027028939 
512 602 25 29 0.026858522 
569 484 23 30 0.026854921 
560 515 23 30 0.026658451 
844 405 41 46 0.026607329 
983 209 36 54 0.026186487 
508 352 36 46 0.026149254 
490 373 28 34 0.025620997 
762 324 38 47 0.02561428 
530 335 22 29 0.025449544 
682 334 51 63 0.025363117 
486 494 73 81 0.024946934 
942 407 26 35 0.024715528 
560 339 69 85 0.024287466 
670 496 64 77 0.02422033 
692 579 23 28 0.023938179 
685 497 31 38 0.023820234 
523 340 52 70 0.023725474 
696 349 27 35 0.023556903 
-58 513 362 365 0.02348853 
769 377 36 41 0.023248393 
946 560 26 37 0.02319457 
452 373 30 37 0.023083618 
770 354 32 38 0.023027724 
713 498 39 48 0.022952575 
338 387 25 31 0.02294888 
656 289 35 44 0.022635944 
704 510 58 73 0.02253811 
970 423 29 41 0.022462916 
891 282 29 37 0.02230917 
482 447 44 49 0.022147879 
656 520 34 42 0.021995995 
721 557 26 33 0.021803688 
691 563 25 33 0.021737635 
766 532 29 36 0.021566065 
938 258 33 40 0.021418635 
515 310 26 32 0.021184262 
809 403 38 47 0.02116054 
855 324 62 70 0.020686883 
495 373 54 64 0.020644046 
564 633 25 31 0.02058822 
564 529 22 26 0.020513365 
535 279 21 27 0.020459507 
561 307 23 28 0.020443086 
939 216 34 39 0.020398326 
775 357 45 52 0.020395188 
481 559 24 29 0.020315101 
764 267 35 46 0.020264793 
663 330 23 29 0.020263018 
304 348 41 47 0.020079497 
426 307 62 73 0.02002187 
