54_Rescue_rescuepeople_54_143
39
241 136 44 53 0.96361345 
472 281 51 55 0.16895987 
146 248 41 55 0.15827435 
314 133 47 58 0.1533475 
364 76 25 31 0.070112705 
407 132 41 59 0.06614691 
363 168 45 57 0.06275459 
447 258 65 69 0.051837683 
353 83 39 51 0.050126243 
376 74 25 32 0.046315003 
425 131 39 58 0.03966277 
344 117 44 56 0.03877766 
414 73 24 29 0.038078245 
151 277 177 175 0.036856495 
394 146 57 84 0.035376035 
433 92 24 33 0.035176866 
332 138 68 83 0.033819612 
332 91 28 37 0.03225661 
428 200 23 33 0.03169871 
372 82 40 51 0.031233951 
489 225 21 25 0.03110479 
309 153 43 57 0.030654043 
431 82 22 28 0.029508172 
372 143 44 57 0.029361928 
460 234 22 26 0.02855789 
365 55 24 28 0.025943121 
406 90 38 49 0.025410103 
479 223 37 47 0.023342729 
453 251 28 33 0.023066064 
660 432 517 547 0.023057867 
309 123 31 41 0.022781726 
355 141 33 40 0.022058621 
196 332 167 171 0.021946706 
232 252 78 80 0.021627922 
409 185 39 54 0.021315454 
367 109 57 75 0.021228861 
333 81 23 30 0.021067837 
485 211 20 26 0.020316137 
315 164 67 82 0.02028574 
