43_Row_Boat_Canoe_43_1047
22
466 19 129 172 0.99981326 
32 406 62 81 0.06865555 
152 541 28 32 0.03393182 
2 431 20 27 0.033357035 
9 172 20 30 0.03261733 
794 69 24 28 0.030173855 
167 53 19 24 0.028549759 
32 432 26 30 0.027996896 
5 415 19 27 0.027094532 
156 287 21 28 0.0266346 
159 298 21 27 0.026177756 
860 494 89 85 0.025759093 
674 55 185 187 0.025593726 
603 452 78 126 0.0247447 
789 59 44 49 0.022857226 
-6 407 61 79 0.02274402 
779 31 126 133 0.022614175 
950 195 21 27 0.022033846 
-1 421 36 48 0.021920595 
66 414 67 93 0.021671278 
925 81 20 30 0.020248646 
945 52 23 27 0.020127786 
