43_Row_Boat_Canoe_43_438
92
747 345 23 30 0.1664629 
442 206 19 22 0.104532704 
428 354 21 28 0.07470017 
483 229 26 32 0.0746817 
608 224 23 29 0.07460974 
843 278 23 28 0.07130623 
459 204 21 25 0.06441476 
712 350 23 29 0.06337123 
486 206 23 29 0.058861423 
762 348 22 27 0.05406601 
976 158 21 28 0.04902148 
609 212 22 27 0.042989977 
409 298 19 24 0.04103612 
972 736 29 32 0.04048181 
740 506 26 30 0.039481472 
467 229 21 27 0.039423235 
714 187 19 24 0.03743441 
412 209 17 20 0.03730728 
600 212 21 25 0.036316708 
493 246 22 27 0.036031134 
388 209 17 22 0.03190519 
817 227 20 25 0.030883132 
461 187 18 21 0.03024865 
417 340 20 26 0.030161893 
646 231 20 25 0.03010191 
771 186 20 25 0.029893368 
441 227 19 22 0.029785741 
971 104 20 26 0.029410973 
330 276 19 23 0.029378606 
441 257 16 20 0.029184477 
412 290 19 23 0.028835991 
768 199 19 24 0.028509654 
286 213 18 22 0.028304866 
430 340 20 26 0.028250169 
767 234 18 21 0.02822869 
747 232 18 22 0.0281874 
716 339 23 29 0.02813855 
414 259 16 19 0.02759031 
792 734 27 31 0.027470555 
437 298 21 25 0.027397333 
509 257 21 26 0.02714957 
85 236 19 25 0.027090525 
619 287 25 29 0.027053759 
385 225 18 23 0.02701841 
386 258 17 21 0.02648216 
571 177 16 21 0.026147565 
393 309 20 25 0.025935449 
724 252 22 26 0.02591906 
77 251 18 25 0.025855664 
751 209 18 22 0.025820997 
425 334 32 44 0.025698893 
955 98 21 26 0.02509473 
469 214 49 61 0.025075097 
561 65 28 35 0.025003169 
508 230 22 26 0.02493627 
826 279 21 24 0.02492867 
185 263 19 23 0.024907956 
913 270 28 35 0.024685392 
712 197 21 26 0.024682757 
313 356 23 29 0.02456038 
412 228 16 21 0.024426384 
311 212 19 22 0.024255889 
507 211 20 24 0.024155024 
878 181 18 22 0.023821762 
635 68 29 35 0.023712927 
926 101 20 24 0.023544725 
800 228 19 23 0.023494234 
335 262 21 27 0.023111425 
440 290 19 23 0.023078585 
954 127 21 27 0.022905918 
738 327 46 56 0.02241464 
588 258 19 25 0.022348288 
903 273 23 30 0.021330977 
566 205 16 21 0.02120151 
387 186 17 22 0.021145524 
465 333 21 26 0.021097118 
514 285 22 26 0.021087509 
442 188 18 21 0.021006284 
727 554 63 75 0.020827593 
893 307 23 29 0.020814022 
743 307 19 23 0.020668216 
412 187 17 20 0.020562822 
425 529 38 45 0.020541128 
356 307 20 24 0.020490604 
310 226 20 24 0.020309692 
719 235 19 22 0.020293506 
740 252 18 23 0.020261021 
586 287 20 25 0.020216951 
993 108 17 23 0.020151772 
691 492 27 31 0.020052597 
387 282 17 21 0.020038785 
639 56 26 29 0.020029822 
