43_Row_Boat_Canoe_43_93
34
631 247 24 30 0.25636134 
905 427 38 55 0.056069065 
359 32 20 24 0.0523491 
304 438 23 30 0.03786629 
112 25 18 20 0.03408636 
627 476 47 55 0.03373898 
843 478 39 46 0.033527736 
232 52 22 27 0.030998753 
642 279 24 31 0.030276475 
613 237 43 56 0.028905625 
109 8 20 23 0.028839279 
903 434 25 33 0.027595723 
59 -20 156 135 0.027412884 
864 478 26 32 0.02734578 
186 0 99 83 0.027144855 
53 492 24 30 0.02693939 
757 737 342 364 0.02608902 
438 25 17 21 0.025067737 
612 29 21 21 0.024919191 
538 28 23 24 0.023943195 
535 7 22 24 0.023769433 
824 51 26 28 0.023674399 
359 44 21 26 0.023070073 
-68 746 352 348 0.022777254 
516 32 21 24 0.022560803 
518 4 20 22 0.022131402 
442 8 19 22 0.021927617 
308 -1 159 148 0.021703457 
585 531 679 735 0.021677332 
670 47 21 24 0.02163876 
213 51 22 26 0.020855384 
56 60 189 188 0.020527452 
236 30 19 22 0.02041221 
784 519 53 56 0.020383896 
