43_Row_Boat_Canoe_43_81
25
276 106 41 62 0.094569325 
233 216 80 90 0.06001413 
285 93 69 91 0.04328903 
280 100 29 40 0.03895925 
914 305 23 29 0.03860647 
325 120 27 34 0.03683757 
275 562 24 34 0.0324713 
245 97 100 137 0.028936729 
992 310 24 31 0.028754935 
201 175 75 100 0.027776487 
161 296 152 159 0.0262238 
146 136 100 123 0.02553843 
301 121 30 40 0.025023846 
362 120 38 47 0.024745148 
185 158 147 167 0.024620987 
328 106 24 29 0.02294298 
264 179 93 110 0.02293026 
-64 529 352 354 0.022547485 
176 241 135 143 0.021842776 
281 138 26 37 0.021125127 
168 34 227 256 0.021005072 
750 535 345 360 0.020926915 
333 84 76 90 0.020563649 
186 219 80 89 0.020480134 
-221 324 699 737 0.020001382 
