43_Row_Boat_Canoe_43_125
57
597 227 43 54 0.97487426 
414 207 39 53 0.9375916 
192 161 39 52 0.85732543 
230 223 27 36 0.1401037 
126 274 43 55 0.11109039 
118 263 69 95 0.060365934 
303 142 27 33 0.05421978 
42 238 173 212 0.048297156 
156 254 61 84 0.043901596 
377 298 66 82 0.042521387 
126 156 27 32 0.034377337 
180 270 28 38 0.032688253 
231 236 35 49 0.03207533 
197 131 63 81 0.031592906 
76 5 25 28 0.030885044 
279 144 26 31 0.030665848 
564 299 63 80 0.028810872 
228 205 26 33 0.028656133 
672 302 59 78 0.02830591 
116 251 43 56 0.028232353 
3 181 20 28 0.028047979 
353 167 37 44 0.027778802 
244 230 72 97 0.02747963 
142 195 37 49 0.02711739 
384 299 31 40 0.026132999 
156 297 62 87 0.024929442 
102 21 20 23 0.024844112 
465 394 34 45 0.024510475 
296 262 43 50 0.023556164 
193 216 37 48 0.023493446 
125 254 25 31 0.023345932 
308 181 287 341 0.023207579 
111 212 57 69 0.022950403 
183 574 50 56 0.02290798 
230 287 38 50 0.022903299 
78 160 21 26 0.022713603 
190 235 67 96 0.022697315 
64 249 38 46 0.022456352 
52 176 22 27 0.022388637 
238 220 41 53 0.022234937 
236 280 25 33 0.022224084 
335 136 23 26 0.022147177 
248 135 42 49 0.022066597 
152 247 107 141 0.0217227 
181 344 26 37 0.021665823 
189 171 59 85 0.021432329 
258 144 24 31 0.02141498 
184 273 59 76 0.021326607 
128 228 25 32 0.021221938 
646 299 61 78 0.021128539 
563 341 71 83 0.02098934 
245 237 41 53 0.020984251 
0 4 24 30 0.020613521 
48 233 26 31 0.020459503 
356 149 25 30 0.020390049 
696 306 24 32 0.02016893 
356 288 57 67 0.020097496 
