43_Row_Boat_Canoe_43_1048
54
563 249 58 76 0.9997794 
331 240 56 71 0.99942833 
665 267 51 67 0.99880505 
437 281 50 65 0.99855846 
761 227 54 72 0.997649 
207 219 57 70 0.9971796 
862 246 27 35 0.2636454 
294 190 41 51 0.10803906 
176 300 30 39 0.105474584 
871 148 19 24 0.08113254 
26 150 19 26 0.0756643 
915 178 23 29 0.07537396 
865 228 24 32 0.074551105 
902 166 32 42 0.06616132 
52 221 27 38 0.052584093 
57 121 21 28 0.050073326 
298 207 47 61 0.046818137 
20 144 32 45 0.046054553 
867 208 26 31 0.04559395 
905 160 20 24 0.045507215 
264 12 45 47 0.045164358 
993 357 18 27 0.03751022 
918 383 24 29 0.03732932 
528 321 41 49 0.03254869 
33 162 40 62 0.03179824 
25 136 19 25 0.030070942 
972 338 20 27 0.029843517 
40 185 41 65 0.029149454 
1 438 20 29 0.028943121 
27 316 22 26 0.028849611 
848 227 35 47 0.028707564 
925 352 26 31 0.027102413 
82 332 22 28 0.026840346 
943 350 24 30 0.026338361 
948 335 26 31 0.026194287 
0 126 53 75 0.025551828 
48 313 23 27 0.02502872 
4 402 17 23 0.024537396 
993 537 18 25 0.024057155 
979 413 20 27 0.022708356 
935 342 41 47 0.022617888 
884 239 36 49 0.022238743 
980 376 21 27 0.021899175 
983 358 21 29 0.02180267 
49 156 21 30 0.0217656 
907 355 58 72 0.021746604 
103 332 23 29 0.02161801 
945 336 66 94 0.021456493 
8 327 19 25 0.021215396 
944 217 34 46 0.021075413 
995 341 18 25 0.021065248 
12 177 62 95 0.020334417 
79 311 22 28 0.020157777 
839 263 40 52 0.020041939 
