21_Festival_Festival_21_976
99
360 67 31 38 0.906356 
811 102 49 59 0.78394115 
535 272 56 69 0.53008205 
147 46 25 31 0.35490406 
325 20 24 30 0.18696225 
470 47 26 35 0.15662232 
520 6 23 28 0.14514704 
469 27 24 28 0.1386617 
462 1 21 23 0.09209812 
873 30 23 29 0.0816505 
870 41 20 26 0.07504675 
358 2 21 24 0.069020554 
328 6 22 26 0.066828415 
274 0 29 30 0.06618793 
21 19 20 22 0.062355954 
314 6 23 27 0.061958782 
766 45 21 28 0.053637654 
526 243 49 65 0.053349238 
363 22 23 29 0.052948743 
714 45 25 29 0.047883578 
178 3 26 27 0.04578327 
511 74 26 30 0.044485733 
403 0 23 25 0.043684468 
156 2 24 26 0.04355997 
520 432 252 168 0.043535005 
392 1 21 24 0.04285162 
873 2 23 26 0.042771388 
438 3 21 23 0.04169572 
482 1 19 23 0.04064981 
5 2 24 27 0.0396038 
201 0 30 28 0.03944917 
406 50 28 35 0.03827938 
467 64 25 35 0.037638195 
410 74 24 32 0.037295323 
154 29 25 28 0.03655622 
694 504 387 368 0.035338923 
21 6 24 26 0.034525022 
795 70 27 36 0.03409086 
841 4 24 29 0.033119973 
794 49 21 28 0.032356873 
842 20 23 30 0.032270316 
302 95 28 33 0.031789713 
133 507 377 362 0.031342536 
900 50 22 28 0.031285077 
3 79 37 67 0.030250678 
15 14 34 40 0.0301709 
434 52 24 31 0.029776786 
747 48 20 26 0.02967583 
474 61 35 44 0.029664068 
534 233 29 35 0.029284498 
835 7 50 62 0.029108498 
297 74 36 43 0.028813392 
714 33 23 25 0.028264167 
766 35 18 23 0.028040675 
742 0 20 22 0.02695149 
706 120 44 49 0.026904488 
824 3 23 30 0.026618522 
462 347 396 298 0.026589932 
824 23 21 29 0.026530314 
469 300 716 669 0.026471727 
512 48 24 30 0.026249573 
473 51 175 212 0.026073216 
850 76 25 32 0.025785714 
747 97 26 32 0.02536298 
848 24 56 68 0.02498166 
0 44 21 32 0.024803603 
747 31 19 22 0.024683656 
383 25 24 29 0.024652485 
971 96 30 39 0.024624059 
945 1 25 26 0.02459845 
20 10 119 179 0.024236066 
530 15 24 28 0.024161197 
309 162 355 372 0.024142308 
461 35 44 57 0.023571447 
895 27 21 25 0.02355312 
126 1 25 28 0.023333346 
479 460 418 333 0.02305449 
534 91 29 31 0.022986246 
612 0 24 25 0.022734601 
747 75 22 28 0.022665445 
737 39 35 44 0.022432128 
456 12 48 56 0.022244437 
316 9 44 55 0.022187784 
845 39 33 44 0.022012493 
-51 499 343 377 0.021887852 
688 0 21 23 0.021868676 
126 129 65 66 0.021817595 
508 95 26 30 0.02166976 
671 0 23 24 0.02163766 
756 139 36 48 0.021576166 
397 57 52 64 0.02120779 
8 24 20 25 0.021185286 
833 100 34 45 0.021137342 
71 1 30 28 0.020522717 
622 470 192 178 0.020477563 
177 17 24 27 0.020229341 
800 30 18 24 0.020203711 
782 32 51 72 0.020168798 
639 0 24 25 0.020019524 
