21_Festival_Festival_21_218
204
860 119 42 52 0.960322 
99 155 44 54 0.94255906 
567 190 42 57 0.86681885 
951 141 36 43 0.8079905 
47 39 28 40 0.4700138 
637 165 33 43 0.41477326 
303 124 35 47 0.2767577 
535 222 29 37 0.24230063 
430 250 25 31 0.18360743 
198 115 24 33 0.18173131 
458 363 42 58 0.17838205 
306 166 41 56 0.15794912 
248 70 25 34 0.12834297 
181 122 27 34 0.12407926 
310 619 53 56 0.12369237 
407 236 24 31 0.11724392 
541 205 30 38 0.11600675 
295 134 53 72 0.11385592 
682 189 43 62 0.11256169 
178 141 28 38 0.11117172 
153 120 26 34 0.10508516 
415 247 25 31 0.102794394 
144 132 39 51 0.09204387 
232 83 38 54 0.08094539 
647 161 42 57 0.07695752 
5 304 21 32 0.07530888 
237 73 27 37 0.072601795 
224 106 38 51 0.07234732 
384 227 26 32 0.07163313 
513 237 37 48 0.06646988 
186 108 21 26 0.066370025 
561 210 34 43 0.06606118 
456 209 24 31 0.06239766 
80 164 38 50 0.06236726 
161 256 120 124 0.05874526 
288 124 27 36 0.05784951 
86 110 60 78 0.05767916 
437 232 24 30 0.054489996 
72 118 28 38 0.053898446 
658 180 46 61 0.051885296 
156 108 22 28 0.051122647 
816 291 39 49 0.049813423 
530 211 49 59 0.04970277 
25 353 24 34 0.049473546 
456 223 22 30 0.049128424 
105 105 23 29 0.048065398 
732 131 47 57 0.04718879 
755 131 47 58 0.046487294 
566 80 67 96 0.046123013 
687 181 26 34 0.046040352 
529 242 27 36 0.04538358 
136 71 21 26 0.04525238 
639 184 34 46 0.045172717 
40 29 45 65 0.04481601 
708 131 45 59 0.044801455 
691 207 51 65 0.044374052 
96 94 39 50 0.044208884 
357 228 26 31 0.044006262 
192 130 40 52 0.043921243 
230 229 86 120 0.043760385 
330 298 24 31 0.042758368 
700 88 42 68 0.042454943 
183 103 48 63 0.041759968 
47 536 25 34 0.04130464 
470 285 20 25 0.041151542 
687 104 42 67 0.040062595 
326 192 26 37 0.039979186 
243 107 41 54 0.039152164 
781 189 40 50 0.038299486 
162 123 51 66 0.038191758 
559 127 71 102 0.038011484 
511 81 262 307 0.03749842 
282 190 65 91 0.037380807 
114 118 43 56 0.037029892 
974 327 30 40 0.036317337 
581 68 45 70 0.03628928 
961 131 31 38 0.03608261 
258 205 65 94 0.03549624 
393 224 49 57 0.035047133 
673 120 67 94 0.03489053 
334 71 24 30 0.034172826 
293 266 65 82 0.034165177 
199 80 62 83 0.034007885 
215 129 44 57 0.033775825 
352 249 25 30 0.033678934 
127 65 35 46 0.033277467 
104 121 29 36 0.03324596 
308 109 21 29 0.03270341 
149 72 18 25 0.032620285 
583 180 29 39 0.032515287 
66 93 41 56 0.032409973 
254 57 24 30 0.03233063 
616 135 64 82 0.031999335 
133 55 23 27 0.031188136 
517 229 27 37 0.031018317 
482 322 43 53 0.030539237 
685 156 64 80 0.03007537 
762 166 45 56 0.030056365 
321 275 43 56 0.029965099 
73 104 24 32 0.029888153 
392 504 23 27 0.029627144 
297 245 47 67 0.029609451 
746 532 354 363 0.029543808 
-71 526 358 362 0.029155822 
383 237 34 43 0.028995903 
424 268 35 44 0.02857 
124 120 26 35 0.028391156 
815 250 78 103 0.028277533 
2 205 25 41 0.028128395 
769 191 30 40 0.028009972 
850 123 33 42 0.0279455 
415 242 45 54 0.027868291 
461 150 26 32 0.02776802 
-227 309 706 749 0.027733864 
126 108 21 28 0.027715318 
344 242 41 50 0.027652731 
488 310 20 25 0.027445555 
993 38 23 39 0.026957845 
267 89 108 129 0.026575124 
440 209 24 31 0.026512137 
660 154 25 35 0.026335783 
586 152 24 32 0.026288198 
560 313 698 739 0.026213842 
22 361 35 50 0.026156237 
630 121 47 58 0.026120123 
666 167 93 121 0.02570718 
767 2 42 52 0.025506586 
310 254 24 31 0.025497071 
1 325 22 35 0.025423244 
821 276 26 33 0.025309669 
250 96 26 36 0.02521325 
327 149 21 29 0.024936747 
251 90 67 90 0.024935868 
250 133 43 56 0.02484451 
795 223 38 49 0.024833295 
73 140 67 82 0.02467592 
150 57 19 25 0.024663083 
184 201 86 109 0.02462749 
577 80 152 187 0.024588382 
316 300 21 29 0.024402931 
2 328 60 91 0.02434496 
587 174 52 74 0.024186173 
805 176 147 189 0.024026891 
124 148 56 71 0.023965904 
505 126 31 36 0.02396137 
399 608 77 75 0.023914589 
35 39 254 294 0.023884214 
516 270 26 34 0.023841465 
536 69 110 151 0.023834508 
654 113 47 66 0.023833668 
442 371 40 48 0.02378997 
497 241 61 77 0.023683496 
489 326 26 32 0.023678975 
314 281 22 31 0.023492085 
433 627 48 52 0.023482636 
286 140 30 40 0.023428906 
928 140 36 47 0.023399537 
763 72 28 40 0.023294095 
355 326 25 31 0.02328109 
434 135 265 344 0.02306194 
508 327 29 35 0.023042249 
843 159 42 53 0.022972012 
104 88 55 71 0.022875857 
333 82 86 102 0.022725709 
329 208 41 55 0.02272547 
170 152 41 55 0.022676418 
698 374 46 59 0.022636529 
864 107 34 41 0.022617191 
78 149 29 39 0.022456095 
195 154 43 55 0.022417556 
144 284 67 83 0.022303095 
87 47 75 95 0.022232283 
594 98 61 81 0.022188399 
462 251 21 27 0.022135582 
388 499 36 43 0.02200077 
457 142 44 52 0.021922655 
436 128 21 27 0.021872155 
18 380 39 55 0.021784214 
467 306 19 24 0.021782765 
482 285 20 27 0.021768715 
756 82 45 67 0.021735772 
325 131 20 26 0.021664225 
990 149 25 33 0.021656029 
9 340 34 50 0.02164499 
345 311 43 52 0.02161403 
663 119 29 38 0.021462735 
343 27 52 58 0.021337284 
52 46 64 95 0.021271488 
-1 429 37 59 0.021159662 
370 83 251 308 0.021080846 
25 395 25 34 0.020995278 
485 171 27 33 0.02094719 
476 126 81 82 0.020834727 
270 259 49 69 0.020767491 
638 124 29 34 0.020755354 
816 7 45 48 0.020723848 
9 352 21 32 0.020645892 
178 26 24 27 0.020589404 
327 246 46 59 0.020572321 
602 157 55 75 0.020487128 
245 197 51 66 0.020411437 
187 292 136 151 0.020281278 
211 77 20 26 0.020096159 
47 84 37 57 0.020022126 
