21_Festival_Festival_21_943
78
110 560 20 26 0.057780135 
387 204 23 28 0.056588113 
251 195 25 32 0.047686465 
375 308 71 79 0.047175776 
240 200 20 27 0.044300072 
155 189 19 21 0.04418019 
261 306 24 31 0.044152196 
431 187 89 115 0.04332562 
184 186 20 23 0.04240137 
694 298 22 28 0.042325232 
388 340 74 97 0.042293835 
161 202 19 22 0.036707774 
181 201 20 26 0.03658008 
283 177 19 24 0.036174376 
203 205 19 25 0.036174007 
358 180 19 23 0.03541133 
326 325 59 81 0.035289038 
336 183 19 23 0.034955736 
726 187 18 23 0.034547996 
742 187 19 22 0.032135632 
457 176 121 146 0.031688273 
238 184 19 24 0.03165127 
407 322 31 36 0.031632766 
309 182 19 24 0.03129957 
254 163 67 84 0.031277195 
482 183 21 25 0.02925702 
519 185 21 25 0.027809167 
385 186 20 24 0.027570564 
803 187 18 21 0.027184708 
843 262 20 25 0.027102955 
905 277 21 25 0.026814645 
915 279 21 25 0.026769642 
204 185 17 21 0.026689867 
408 289 60 77 0.026516305 
337 283 66 82 0.026440058 
299 212 44 55 0.026403336 
268 295 37 47 0.026073042 
870 304 21 26 0.025930816 
507 260 86 98 0.0259053 
205 231 19 25 0.025418717 
537 186 21 25 0.024789624 
750 260 18 23 0.024603538 
437 247 104 134 0.02420186 
993 198 20 27 0.023889428 
721 285 21 26 0.023521371 
181 226 21 27 0.02349748 
875 284 19 25 0.02341663 
309 287 66 87 0.023409685 
103 549 35 43 0.023079367 
465 274 67 80 0.022972995 
125 161 142 175 0.022883112 
443 184 21 26 0.02252508 
233 180 52 70 0.022253603 
766 261 18 22 0.022117848 
280 274 24 32 0.022071024 
384 294 47 58 0.021938503 
742 207 17 20 0.0218104 
308 304 25 32 0.021592837 
564 222 23 28 0.021590307 
608 287 23 27 0.02154947 
376 180 36 45 0.021194126 
725 204 17 21 0.021127991 
103 181 17 21 0.021052828 
511 180 36 43 0.021000087 
845 276 21 27 0.020981187 
861 294 39 45 0.020930678 
485 139 88 108 0.020816844 
685 288 38 44 0.020722687 
383 266 42 55 0.02060169 
174 183 38 44 0.020577602 
261 249 61 78 0.020399842 
282 349 168 191 0.020364584 
589 432 21 25 0.020312177 
408 362 31 36 0.020196673 
459 173 72 86 0.020087946 
447 147 39 51 0.020054622 
622 214 17 21 0.02002888 
158 172 67 76 0.020012245 
