21_Festival_Festival_21_340
182
565 317 32 43 0.3204903 
639 184 164 191 0.2975652 
176 279 19 24 0.16265132 
138 370 252 304 0.105940744 
714 193 121 160 0.09245026 
90 479 175 183 0.08497157 
64 382 20 27 0.083833575 
90 548 73 104 0.061767988 
58 371 33 47 0.05265524 
697 302 21 26 0.04953561 
-105 385 519 547 0.049210925 
965 293 38 50 0.048684146 
645 327 25 31 0.048349436 
914 304 30 39 0.046098683 
22 348 21 28 0.044198427 
495 179 18 21 0.044034027 
109 425 366 396 0.044006646 
647 276 20 24 0.04318736 
58 354 19 25 0.042913307 
259 405 24 29 0.042715706 
165 361 18 24 0.042100888 
806 210 77 106 0.04160241 
95 378 187 221 0.04156707 
208 432 124 157 0.04088902 
294 497 380 374 0.03943268 
727 294 224 316 0.039119996 
580 324 25 34 0.038498234 
896 323 23 34 0.038119484 
790 253 148 209 0.037949104 
736 330 29 34 0.037393957 
737 507 353 381 0.03728503 
135 313 17 21 0.035118483 
664 350 174 211 0.03508697 
86 265 172 212 0.034168355 
937 281 57 74 0.034009766 
16 337 33 47 0.033938915 
339 257 15 18 0.03387994 
766 226 63 98 0.033571478 
547 91 76 88 0.033429686 
168 280 18 23 0.032718454 
121 274 687 708 0.032564614 
535 504 365 367 0.03254967 
901 292 56 75 0.032081854 
436 284 17 21 0.03202055 
948 339 37 53 0.031834036 
837 224 75 106 0.03181486 
584 227 150 178 0.03170274 
616 264 166 206 0.03167974 
208 285 17 21 0.031455413 
557 276 674 750 0.031215267 
469 232 18 21 0.030923828 
380 83 152 170 0.030501721 
177 334 17 21 0.030410733 
460 279 18 22 0.030136649 
723 277 20 24 0.030108497 
746 279 19 25 0.030085582 
317 258 14 16 0.029786237 
104 309 17 22 0.029558212 
740 308 24 29 0.02949233 
695 388 69 93 0.029386163 
493 334 20 24 0.029371219 
770 120 28 34 0.028953085 
770 275 22 31 0.02886056 
572 278 21 25 0.028841013 
732 299 40 47 0.028645461 
716 329 64 76 0.02857948 
262 388 119 123 0.028306244 
109 253 19 22 0.0282549 
313 284 15 18 0.02819679 
137 298 101 139 0.028180314 
214 337 18 21 0.027996488 
363 279 16 19 0.027989184 
923 270 93 146 0.027831506 
-13 362 159 201 0.027747905 
166 272 31 40 0.027643148 
889 442 31 48 0.027503222 
533 47 83 97 0.027498608 
734 383 71 88 0.027430197 
22 384 20 28 0.027154205 
852 376 101 146 0.02708405 
481 252 183 202 0.027031986 
257 117 197 202 0.02702394 
19 276 112 159 0.026982747 
414 255 15 18 0.026803177 
866 418 58 87 0.026796723 
534 283 80 98 0.026486902 
694 287 19 24 0.026331265 
102 356 19 26 0.026160438 
127 357 18 25 0.026115099 
252 353 22 29 0.026044825 
622 133 140 162 0.025989542 
12 386 36 54 0.025940634 
722 247 66 80 0.025862452 
663 275 20 24 0.025603 
285 283 15 18 0.025356943 
721 255 18 23 0.025316834 
497 277 19 24 0.02525079 
511 156 20 25 0.025205001 
127 283 16 19 0.025165664 
82 355 19 25 0.025014533 
163 335 18 22 0.024867209 
21 400 22 33 0.024845136 
490 160 20 25 0.024613718 
698 353 70 88 0.024591643 
85 279 95 126 0.0244705 
147 345 59 81 0.02438573 
356 308 17 21 0.024178691 
340 282 16 20 0.024165554 
490 263 18 22 0.024062168 
545 280 20 25 0.024049254 
958 316 38 58 0.023862941 
391 255 14 17 0.023849126 
692 294 34 42 0.023658605 
434 53 87 97 0.023496943 
157 351 36 47 0.023461713 
50 345 34 45 0.023281226 
535 217 111 145 0.023224859 
203 182 22 26 0.023179557 
716 310 22 28 0.023142627 
467 261 17 20 0.023122746 
181 265 18 21 0.02308524 
58 340 18 22 0.023078905 
759 99 43 52 0.023064699 
949 276 24 31 0.02300036 
387 335 19 21 0.022802114 
443 360 20 23 0.022798195 
414 236 17 20 0.022776062 
737 266 37 46 0.022622585 
443 261 15 18 0.022612838 
568 50 109 128 0.022612827 
509 277 19 25 0.022466268 
545 306 23 29 0.022394259 
636 414 85 86 0.022388581 
265 287 16 18 0.022302898 
260 294 309 325 0.022277975 
490 307 18 23 0.022261415 
467 67 165 177 0.022232221 
207 327 35 42 0.022202373 
618 307 19 26 0.022048187 
161 259 18 22 0.021896292 
745 259 67 85 0.021829922 
44 353 54 77 0.021791333 
547 261 17 22 0.021775128 
82 309 17 22 0.021741942 
234 262 16 19 0.021680886 
909 325 65 89 0.021663072 
866 97 44 51 0.021657944 
264 306 16 20 0.021654855 
8 487 166 176 0.021603636 
549 64 48 56 0.02158849 
70 170 187 215 0.021559145 
927 350 69 98 0.021556562 
311 310 17 21 0.021548646 
906 381 72 95 0.021534333 
360 260 15 17 0.021445215 
466 211 19 23 0.021291133 
823 185 79 98 0.02122505 
231 333 17 21 0.021090068 
239 511 190 234 0.021081442 
782 182 147 176 0.021017734 
584 285 18 24 0.021000193 
385 237 15 19 0.0210001 
444 235 15 18 0.02099136 
950 257 22 29 0.020967636 
632 48 122 127 0.02094395 
4 328 70 108 0.020933956 
387 279 16 18 0.020733042 
881 330 21 28 0.020720495 
423 285 16 19 0.020719295 
863 63 52 53 0.02054172 
783 360 130 165 0.020488268 
581 370 148 148 0.020459274 
715 266 37 46 0.020352244 
660 329 20 26 0.020305358 
764 256 41 58 0.020251464 
796 329 90 121 0.020196255 
490 391 21 27 0.020137968 
159 266 208 250 0.020137807 
435 110 81 96 0.020101389 
231 279 16 19 0.020051174 
75 346 32 44 0.020017913 
412 208 20 23 0.020007588 
