21_Festival_Festival_21_785
19
326 402 272 363 0.99783415 
967 1160 54 91 0.082485855 
222 55 142 142 0.053364884 
806 1110 539 556 0.04170253 
540 811 1058 1112 0.03976091 
809 171 518 583 0.03667716 
940 1055 76 90 0.03522878 
667 -243 784 847 0.03520958 
990 1178 37 62 0.03262021 
822 486 519 571 0.029549241 
817 790 517 575 0.02806036 
857 1179 59 73 0.026789023 
6 397 214 348 0.026135888 
400 1084 111 144 0.024671715 
114 36 132 128 0.021722088 
263 89 134 144 0.021683445 
338 138 138 145 0.021538995 
956 1119 98 153 0.020326883 
908 1112 99 134 0.020145582 
