21_Festival_Festival_21_210
109
746 176 92 123 0.9987324 
383 159 71 120 0.99588037 
10 371 25 37 0.34006172 
128 383 22 26 0.2073898 
132 407 26 34 0.14517026 
757 376 136 146 0.10205645 
101 429 44 53 0.08295341 
262 245 57 72 0.07849588 
126 147 22 25 0.0656745 
75 434 27 33 0.06501656 
125 428 29 37 0.0645626 
180 381 19 26 0.05807365 
233 389 20 30 0.057601795 
19 367 22 31 0.0564617 
56 403 21 27 0.055757154 
55 388 21 29 0.05367843 
81 407 23 30 0.05104968 
110 385 21 25 0.048430186 
513 229 23 32 0.04834013 
184 436 21 26 0.047114275 
1 486 23 34 0.045816235 
103 410 25 32 0.04468722 
993 232 21 26 0.04268009 
759 345 73 86 0.04150737 
585 273 38 52 0.041441545 
155 387 21 25 0.03968084 
662 272 61 71 0.03862895 
108 381 33 42 0.038033582 
98 449 32 39 0.03749768 
229 401 21 31 0.036487807 
127 477 38 46 0.035641532 
129 448 27 34 0.035444412 
211 382 21 29 0.03484227 
27 424 21 27 0.03407615 
136 490 23 29 0.033757795 
215 384 58 77 0.03255218 
211 429 22 28 0.032238733 
146 406 22 27 0.03217839 
74 426 55 65 0.032122876 
184 412 19 24 0.03180398 
784 363 80 91 0.031544093 
377 120 75 89 0.031098614 
354 185 77 103 0.03076265 
689 251 62 80 0.030568285 
114 393 50 61 0.030344605 
128 366 20 26 0.029738761 
512 8 22 24 0.029632965 
78 388 21 27 0.029093908 
858 201 66 83 0.028375043 
612 257 25 33 0.028321706 
117 138 40 40 0.028218122 
28 463 19 26 0.028062316 
289 240 54 62 0.026463516 
185 457 21 27 0.026420336 
0 390 32 53 0.02638566 
540 22 22 25 0.026369255 
685 291 30 38 0.026308743 
58 435 21 26 0.026257494 
585 365 26 32 0.026078336 
84 441 68 78 0.026031159 
80 451 28 34 0.025854953 
26 408 21 30 0.025381781 
598 250 50 68 0.025181394 
766 141 78 92 0.025119852 
752 515 337 363 0.025029069 
199 411 55 64 0.024973392 
535 360 78 82 0.024827985 
425 150 66 100 0.024810767 
0 426 20 32 0.024767423 
74 380 33 44 0.024706684 
226 415 37 51 0.024637643 
810 182 70 93 0.024378376 
634 267 66 79 0.0241861 
148 460 20 25 0.024108542 
817 372 85 94 0.024089476 
694 179 68 87 0.023826247 
-231 291 719 750 0.02381153 
624 239 58 74 0.023752747 
507 382 92 82 0.023681443 
3 0 26 29 0.023630083 
867 339 57 67 0.023558153 
258 275 30 37 0.023546206 
-70 526 365 358 0.023502678 
98 370 55 68 0.023440236 
56 355 21 29 0.02343177 
688 536 30 37 0.023263903 
5 328 21 29 0.02325458 
228 378 33 49 0.02309503 
716 150 92 117 0.023075165 
307 216 63 81 0.02306206 
214 411 20 26 0.022740616 
444 558 18 21 0.022348935 
177 370 31 43 0.022297213 
863 324 47 57 0.022291746 
514 18 22 24 0.02226091 
185 160 22 26 0.022197947 
875 222 27 37 0.02206278 
20 416 33 46 0.021927092 
716 253 25 32 0.021784632 
-1 494 37 54 0.021649973 
735 338 64 78 0.02145441 
2 325 33 49 0.021343874 
644 292 67 82 0.021292051 
26 480 21 28 0.020938192 
492 1 22 24 0.02057527 
811 122 42 50 0.020374587 
534 6 22 25 0.020182658 
1 352 40 60 0.020110691 
-7 488 67 87 0.020021435 
