21_Festival_Festival_21_373
165
76 184 38 48 0.94142133 
547 232 19 23 0.4338094 
484 247 20 27 0.37659398 
643 204 16 21 0.31504726 
591 261 25 34 0.26006687 
391 193 35 43 0.21533869 
388 232 29 36 0.1844297 
557 232 19 24 0.17803577 
519 260 18 23 0.15114757 
832 179 18 22 0.14412594 
516 273 21 26 0.13257332 
586 201 18 23 0.12532139 
572 204 18 22 0.101229794 
598 229 20 25 0.1010171 
539 207 18 23 0.097105615 
688 210 16 21 0.09003313 
610 257 23 31 0.0873093 
611 237 19 24 0.08220166 
486 276 20 26 0.077219985 
840 177 17 22 0.07438817 
794 183 17 23 0.0740661 
676 204 15 19 0.07198026 
519 231 17 22 0.071631044 
873 173 21 25 0.07142542 
565 183 19 24 0.069776885 
942 161 20 27 0.06974591 
517 209 17 23 0.06246634 
437 230 23 31 0.060477853 
540 251 20 25 0.058944516 
1 256 28 37 0.058668386 
37 496 53 57 0.05713409 
464 233 21 29 0.055089846 
326 191 41 51 0.055035695 
774 186 18 23 0.05433266 
356 204 24 31 0.053388614 
931 172 19 27 0.05215907 
546 183 18 22 0.05085154 
567 252 20 26 0.049443383 
723 210 18 21 0.04830868 
468 250 20 28 0.0471248 
384 214 47 58 0.046278536 
355 283 23 28 0.046046507 
843 160 19 23 0.04559635 
636 195 30 37 0.044103492 
489 312 22 27 0.041786414 
588 189 17 21 0.04175833 
850 213 19 22 0.041619334 
689 223 18 21 0.041102737 
405 244 25 30 0.040822778 
30 198 21 29 0.038875263 
642 226 18 22 0.038518306 
773 198 18 23 0.03846615 
797 198 18 23 0.038056802 
932 162 20 26 0.038043734 
436 207 20 26 0.037431568 
462 202 20 25 0.037275314 
672 189 15 18 0.037068065 
825 199 18 22 0.036725674 
585 248 47 58 0.03665631 
829 161 18 22 0.03652441 
566 336 21 28 0.036409087 
434 249 23 30 0.035918172 
388 185 23 29 0.035813183 
360 224 23 30 0.035632845 
852 222 20 25 0.03539398 
695 187 15 18 0.035308752 
622 204 16 20 0.03498345 
339 104 20 26 0.034828756 
581 193 30 39 0.03445504 
719 225 19 22 0.034255896 
641 255 18 22 0.03425384 
358 253 22 28 0.03376613 
590 312 22 28 0.03367071 
329 159 42 51 0.033556536 
4 183 20 29 0.033402424 
893 172 22 28 0.033182167 
589 324 21 26 0.032940067 
594 119 170 194 0.032882128 
335 253 22 30 0.03263456 
487 325 21 26 0.03241144 
536 201 29 39 0.03213385 
563 352 23 30 0.032131657 
355 178 22 26 0.031938415 
677 229 17 21 0.031336803 
322 118 36 47 0.030905664 
388 335 25 32 0.030567337 
642 189 16 20 0.030475415 
456 228 50 64 0.029980041 
508 362 22 28 0.029959168 
125 152 23 29 0.029818539 
723 184 15 19 0.029499672 
27 152 20 25 0.029194923 
330 121 21 26 0.029016504 
492 206 19 24 0.028686129 
338 345 42 52 0.028379757 
333 219 26 33 0.028362127 
147 275 25 35 0.027986746 
340 147 37 46 0.027812429 
355 298 24 28 0.027413808 
648 355 19 22 0.027300177 
748 531 349 363 0.026837194 
698 331 21 25 0.026617087 
620 183 16 19 0.026496826 
596 355 22 27 0.025975337 
662 355 19 24 0.025674826 
388 303 23 30 0.02533682 
460 178 18 22 0.025318822 
359 375 26 32 0.025193129 
688 266 40 42 0.025115717 
339 349 26 33 0.025025543 
-129 369 547 577 0.024966128 
344 182 56 68 0.02461619 
338 173 24 28 0.024537407 
337 155 21 25 0.024425462 
667 125 20 25 0.024395654 
892 158 23 29 0.02438336 
508 329 21 26 0.024141427 
739 76 276 362 0.024032138 
834 169 30 37 0.024013411 
464 313 21 26 0.023646042 
790 176 29 38 0.023619816 
31 284 24 33 0.023605816 
747 183 16 20 0.023599856 
226 369 559 567 0.02343995 
233 123 25 29 0.023359535 
746 204 17 21 0.023010544 
404 186 23 29 0.022943096 
694 261 24 27 0.022885041 
545 218 46 59 0.022744048 
673 259 20 25 0.02265932 
508 308 21 25 0.022570996 
643 282 19 23 0.0224072 
669 274 22 28 0.022350527 
648 305 17 22 0.02229186 
7 1 22 27 0.022250751 
0 286 53 81 0.022240883 
440 183 18 22 0.02220274 
523 490 22 26 0.022131227 
345 265 56 66 0.022055157 
310 201 28 34 0.022037711 
352 154 22 26 0.02202948 
666 337 19 23 0.02196171 
535 277 20 26 0.021662466 
606 229 30 40 0.021651907 
381 384 21 27 0.021587307 
419 227 54 69 0.02143607 
21 294 38 57 0.021422032 
796 159 17 21 0.021415874 
797 233 19 24 0.021354582 
134 134 20 24 0.02134397 
541 529 366 349 0.021316538 
869 209 18 21 0.020980364 
153 135 18 23 0.020952962 
53 153 23 29 0.020940857 
472 56 135 171 0.020914208 
388 281 22 29 0.020817634 
127 322 22 31 0.020807633 
513 200 29 38 0.02068162 
499 257 50 62 0.020645276 
995 595 19 26 0.02058359 
753 306 21 27 0.020578876 
122 269 43 63 0.020524077 
923 127 18 21 0.020433662 
382 272 36 46 0.020301312 
972 176 21 28 0.020018568 
