21_Festival_Festival_21_526
963
798 662 17 21 0.18651359 
772 762 21 27 0.17359816 
182 558 21 26 0.16774896 
840 759 22 28 0.15321574 
822 569 20 24 0.14295034 
821 581 21 26 0.14237337 
79 602 22 28 0.13620314 
106 484 18 22 0.13533829 
981 557 20 27 0.13027322 
164 560 17 22 0.1275948 
950 634 19 24 0.12580524 
746 111 19 23 0.12469294 
569 620 19 23 0.122167185 
125 410 16 20 0.121104166 
959 593 18 22 0.118123986 
570 55 17 21 0.117935345 
905 417 19 23 0.11668873 
844 747 21 26 0.11531664 
819 622 18 23 0.11475451 
719 429 18 23 0.11391427 
752 714 20 24 0.11083844 
928 718 21 27 0.10988059 
751 692 19 23 0.10979005 
8 56 20 30 0.10782415 
983 206 20 28 0.10578087 
125 644 20 28 0.10516301 
798 647 16 21 0.10422294 
548 285 19 22 0.10317195 
970 664 25 33 0.10315432 
949 620 20 24 0.09682126 
98 42 62 76 0.096291795 
822 633 17 21 0.09614415 
558 212 16 20 0.09472081 
24 544 18 26 0.0926903 
941 224 19 23 0.09239975 
160 594 18 22 0.091293946 
109 468 19 23 0.091230914 
851 417 19 22 0.09113787 
49 587 22 28 0.08808053 
1 759 23 35 0.08739342 
188 259 16 20 0.086748615 
717 672 16 21 0.08499627 
788 234 18 22 0.08417265 
763 695 17 22 0.08395161 
53 560 19 25 0.08284505 
693 150 16 19 0.08263283 
231 661 18 23 0.082288906 
918 615 17 21 0.08191528 
262 130 20 24 0.08135171 
921 587 16 21 0.08108549 
659 761 25 33 0.080926456 
226 204 18 21 0.08051355 
160 439 17 20 0.08032646 
982 227 20 28 0.07986632 
258 387 17 20 0.07927459 
904 107 18 21 0.07905339 
945 509 18 22 0.07885098 
182 391 16 18 0.078475244 
205 420 17 20 0.07795719 
800 104 16 19 0.07747598 
620 109 18 23 0.077455655 
901 429 18 21 0.07705702 
724 257 17 20 0.076979674 
748 671 18 21 0.07678772 
942 442 19 23 0.076317415 
642 743 19 25 0.07612478 
764 154 17 21 0.07575749 
26 251 15 19 0.075753614 
645 767 21 29 0.075079225 
847 432 18 21 0.07505789 
763 713 18 23 0.074628584 
852 261 15 19 0.07439319 
139 510 17 22 0.07423845 
107 568 19 23 0.07405301 
31 110 21 27 0.074003756 
184 410 16 19 0.07345739 
109 67 28 35 0.073437825 
134 263 15 18 0.0724422 
200 563 22 28 0.0722022 
2 204 18 24 0.07209954 
103 587 22 26 0.07161608 
715 769 18 23 0.07142023 
969 586 18 26 0.07124162 
265 110 18 23 0.07096479 
129 283 15 18 0.07039122 
979 4 28 35 0.07023877 
115 409 16 20 0.070217565 
815 289 15 19 0.06995307 
669 743 21 26 0.06940657 
847 124 16 21 0.069367014 
277 111 18 22 0.069334105 
790 768 21 26 0.06930682 
926 640 16 20 0.06928092 
615 183 15 18 0.069117025 
156 314 15 19 0.06834642 
84 394 17 20 0.06808027 
127 569 16 20 0.06773817 
770 667 16 20 0.06773118 
906 617 19 22 0.0671986 
596 589 18 21 0.06707731 
519 329 19 23 0.06651138 
867 228 17 21 0.06610875 
126 657 20 28 0.065861344 
642 612 19 22 0.065604255 
333 383 17 21 0.06554754 
602 231 16 19 0.06530941 
32 586 20 27 0.06503406 
716 614 17 22 0.06479894 
187 206 17 20 0.06442635 
112 308 16 18 0.06436182 
228 646 19 25 0.06421948 
927 571 16 19 0.06414048 
343 366 17 21 0.064134605 
163 545 16 21 0.06399251 
184 511 18 21 0.06387068 
848 641 18 22 0.063776806 
852 210 19 24 0.06333398 
277 127 19 22 0.06330885 
414 209 15 18 0.06275588 
905 179 20 24 0.06251031 
511 53 17 19 0.06239501 
185 544 19 23 0.062346287 
816 311 18 22 0.06186157 
992 557 18 28 0.061524857 
844 586 20 25 0.06146033 
32 639 20 30 0.061345287 
929 436 18 22 0.061271742 
161 412 16 19 0.0612135 
263 361 17 21 0.061155356 
242 409 15 18 0.061078694 
898 278 21 25 0.06106695 
257 668 18 22 0.06073492 
25 614 19 25 0.06053991 
153 490 17 20 0.060536873 
858 57 18 21 0.06041824 
160 607 21 28 0.060262788 
930 226 20 24 0.05979443 
-1 516 17 27 0.05945015 
921 665 15 19 0.058956984 
512 620 21 26 0.05887907 
805 618 17 21 0.058861528 
612 714 16 20 0.058776136 
819 147 19 24 0.058562193 
160 279 15 18 0.058531098 
260 144 21 27 0.058172166 
696 255 16 18 0.057979185 
692 745 18 23 0.057877485 
723 686 17 22 0.057466052 
866 76 17 22 0.057446696 
891 761 20 25 0.057408713 
852 228 17 21 0.05737633 
27 239 17 21 0.057148673 
108 535 17 21 0.057015944 
226 462 16 20 0.056905314 
35 4 20 22 0.056889787 
138 490 17 21 0.056811195 
206 387 15 18 0.05679279 
926 735 20 26 0.05640978 
945 453 18 23 0.056178566 
337 130 15 19 0.056140173 
151 511 16 20 0.056084845 
819 407 16 20 0.05606546 
11 362 19 25 0.055941273 
831 364 18 20 0.05579121 
210 618 19 26 0.055733375 
47 124 19 23 0.055571824 
30 328 17 20 0.055428967 
130 304 14 18 0.05539797 
390 355 17 21 0.055367038 
133 388 16 19 0.05533299 
589 613 19 22 0.055330634 
215 464 16 19 0.055316295 
166 361 15 18 0.05506207 
645 157 16 18 0.054743223 
366 306 18 22 0.054725483 
486 208 16 19 0.05470225 
500 383 17 21 0.054697122 
980 614 18 25 0.05468194 
189 329 17 19 0.054642156 
568 634 17 23 0.054390587 
180 588 20 26 0.054319136 
721 788 22 27 0.054261886 
131 359 16 18 0.05422039 
771 531 19 21 0.054198902 
178 491 17 20 0.054026615 
152 332 15 18 0.053501427 
852 108 16 20 0.0531411 
722 594 16 20 0.0531077 
207 211 19 22 0.05306367 
52 658 20 28 0.053011734 
340 111 15 20 0.052945178 
850 564 19 24 0.052606665 
896 749 19 23 0.0522812 
949 176 20 24 0.052120473 
668 283 16 19 0.05209107 
696 566 17 20 0.05202725 
872 101 17 21 0.051833536 
717 743 18 22 0.05174528 
507 382 19 22 0.05156691 
749 739 18 24 0.05148404 
81 411 18 22 0.051195677 
156 263 16 19 0.051051192 
466 204 15 18 0.0509323 
34 287 16 20 0.05075687 
231 566 17 24 0.050722305 
916 412 19 23 0.050704237 
111 204 16 17 0.050515164 
507 742 19 23 0.050494596 
776 647 15 19 0.050369497 
157 388 16 19 0.05012849 
34 514 15 21 0.04987031 
135 342 15 18 0.049861692 
820 134 17 21 0.04985558 
942 714 25 32 0.049839728 
157 460 17 20 0.04971068 
435 279 16 19 0.04970103 
335 3 28 28 0.049677238 
316 394 17 21 0.04960432 
614 586 18 22 0.049573448 
130 620 18 24 0.049209394 
927 460 19 23 0.04919079 
464 185 16 19 0.049059328 
981 545 18 24 0.048902337 
233 586 19 25 0.04863643 
648 178 15 17 0.048598904 
718 536 16 20 0.048470814 
486 229 17 20 0.048452828 
513 634 22 26 0.048344452 
848 330 19 22 0.04823769 
22 720 24 29 0.048189312 
769 750 19 24 0.04809652 
694 281 16 19 0.047788832 
79 430 18 22 0.04771735 
23 491 16 20 0.047572896 
190 231 16 20 0.047217976 
420 334 15 19 0.047179796 
695 211 15 19 0.047163818 
847 667 17 23 0.047139566 
875 639 17 22 0.04709882 
78 511 19 24 0.047091674 
112 284 16 19 0.046983264 
867 55 17 21 0.04684766 
135 234 16 18 0.046760164 
47 283 17 20 0.046702363 
976 359 26 32 0.04665969 
103 609 21 25 0.04661502 
522 188 15 18 0.04659307 
930 692 19 24 0.046570618 
131 586 17 21 0.046454765 
956 665 20 25 0.04640583 
409 48 19 22 0.046253137 
982 78 20 27 0.046241928 
730 57 15 18 0.04602427 
551 209 16 20 0.045973536 
229 180 17 21 0.045804296 
906 588 17 20 0.045738883 
182 465 17 20 0.045699537 
543 773 17 22 0.045644984 
55 760 28 35 0.045638792 
753 468 21 24 0.045614813 
205 224 17 20 0.045576006 
262 690 18 23 0.045527868 
858 75 17 22 0.045464095 
697 235 16 19 0.04538899 
820 665 17 20 0.045371678 
459 433 19 24 0.045236632 
745 565 16 21 0.045212306 
56 543 19 24 0.045088276 
255 408 15 18 0.04506217 
824 386 17 20 0.044942904 
204 124 18 22 0.044904895 
957 303 17 21 0.04475657 
198 537 21 24 0.04459614 
619 205 16 18 0.044581387 
724 233 16 20 0.044578604 
342 186 15 18 0.04456712 
848 280 17 21 0.04448504 
974 402 26 32 0.04436167 
752 156 18 21 0.044359855 
933 514 17 21 0.04430935 
972 382 29 36 0.04415439 
645 637 18 22 0.0441141 
54 606 20 27 0.044081625 
498 742 19 21 0.044040065 
127 465 17 20 0.043952484 
311 253 16 20 0.043950308 
303 765 19 25 0.043944407 
418 315 16 20 0.043790646 
724 567 16 19 0.043775167 
820 200 18 23 0.043757223 
952 563 17 20 0.04370777 
929 213 18 23 0.0436468 
435 263 16 18 0.043565992 
867 213 17 23 0.043527592 
970 640 22 28 0.04347447 
283 416 15 18 0.043467846 
215 635 19 26 0.043460097 
611 230 16 19 0.04322146 
751 478 21 25 0.043150786 
790 363 18 23 0.04312234 
213 157 18 23 0.04311509 
-1 438 17 24 0.04310473 
750 432 18 21 0.042994786 
316 433 18 22 0.042976063 
389 343 16 21 0.042924676 
902 126 17 21 0.042917617 
189 317 17 20 0.042857427 
823 104 15 19 0.04279795 
180 608 20 29 0.042789005 
692 589 17 21 0.0427602 
211 735 25 31 0.042729635 
674 535 16 20 0.042659607 
387 723 21 26 0.042536113 
585 262 17 21 0.042532414 
231 688 17 22 0.042497426 
109 336 17 19 0.042493816 
439 233 15 17 0.04247244 
797 689 17 22 0.042233054 
918 387 18 23 0.04220396 
189 279 16 19 0.041992243 
236 310 15 18 0.04197255 
239 289 15 17 0.04183901 
443 433 20 24 0.041708745 
948 360 21 26 0.04167563 
821 545 18 20 0.04164285 
27 310 16 19 0.04157662 
823 186 19 23 0.04135433 
282 315 19 23 0.04119888 
564 281 16 21 0.041163024 
257 646 17 22 0.04110205 
721 420 18 23 0.040886816 
979 430 21 27 0.040854044 
616 571 17 21 0.040847637 
62 204 15 18 0.040746257 
542 57 15 18 0.0406279 
64 233 17 19 0.04062252 
616 163 15 18 0.040612716 
83 489 18 22 0.04056404 
60 153 18 22 0.040468704 
131 537 17 20 0.040448308 
241 392 16 19 0.04026901 
10 378 20 27 0.04013401 
440 137 16 20 0.03996405 
925 538 14 18 0.039880816 
714 463 18 22 0.039846376 
388 261 15 17 0.039669126 
622 61 16 21 0.039604045 
570 742 17 21 0.039598633 
852 461 21 25 0.0395515 
8 616 18 25 0.039370824 
441 150 16 20 0.039353173 
542 305 18 22 0.039312977 
799 207 17 20 0.039292432 
201 110 18 22 0.039183866 
336 282 18 20 0.039099947 
945 687 22 27 0.039075147 
993 541 17 25 0.039052013 
619 636 17 22 0.038989242 
202 260 15 19 0.038909685 
645 722 17 20 0.03889622 
366 381 17 20 0.038859162 
466 773 16 20 0.03883568 
954 495 19 22 0.03880008 
211 179 17 21 0.038721483 
57 384 17 21 0.038720112 
588 773 18 22 0.038679067 
848 314 18 21 0.038644772 
263 436 16 20 0.038578853 
799 435 15 18 0.03854512 
974 678 24 32 0.03853589 
176 365 15 18 0.038519163 
842 183 18 23 0.038511474 
797 715 18 23 0.03840547 
768 107 15 19 0.038212776 
266 257 15 17 0.038201284 
260 566 17 25 0.037912726 
577 261 16 19 0.037879076 
496 56 16 20 0.037878577 
204 514 19 23 0.037805602 
494 285 19 22 0.0377948 
411 685 18 21 0.0377144 
745 203 18 22 0.037698086 
235 509 17 20 0.037681207 
668 178 15 17 0.03757001 
843 361 18 21 0.037535045 
851 386 18 21 0.03746799 
230 610 18 24 0.037365865 
287 363 16 19 0.037343495 
316 407 17 21 0.037324816 
740 75 15 18 0.03729484 
823 712 20 25 0.037236735 
696 137 16 20 0.03711996 
744 645 17 20 0.037105832 
471 30 16 18 0.03709983 
26 735 26 32 0.037075706 
309 210 15 18 0.037062325 
774 588 17 23 0.036962748 
115 642 18 24 0.036890425 
599 160 16 18 0.03687226 
390 282 16 18 0.03682145 
738 57 16 20 0.036795232 
308 359 16 19 0.036757223 
156 233 15 18 0.036749795 
445 185 15 19 0.036746047 
520 204 16 19 0.036693938 
382 308 16 20 0.036667295 
158 766 24 29 0.03660482 
616 281 16 19 0.036545023 
667 568 16 20 0.036468726 
697 183 15 18 0.036392864 
256 126 35 41 0.036381677 
877 128 16 20 0.03636363 
342 205 15 17 0.036319163 
356 364 16 21 0.036265608 
568 666 17 23 0.03625246 
741 255 16 19 0.036198173 
469 156 16 19 0.036111742 
560 432 21 25 0.036079753 
763 465 20 24 0.036037363 
313 130 14 17 0.035917956 
277 431 17 21 0.035871707 
510 261 16 19 0.03581451 
417 278 16 20 0.03573985 
638 539 15 20 0.03570118 
279 148 19 22 0.03569323 
203 284 15 18 0.03566422 
186 188 16 19 0.03564928 
917 181 18 23 0.035617117 
774 564 17 22 0.035598632 
488 435 20 26 0.035593666 
723 280 16 20 0.03554969 
260 281 15 17 0.03550186 
469 259 16 19 0.035496287 
262 539 17 22 0.035472006 
768 132 16 19 0.03544953 
871 382 18 21 0.03541633 
335 254 16 19 0.035398524 
408 406 17 20 0.035288118 
3 534 19 28 0.035225276 
802 563 18 23 0.03510231 
186 431 17 20 0.03508066 
698 432 18 22 0.03505255 
395 411 16 19 0.035048336 
990 327 23 32 0.034940522 
903 460 19 22 0.03489243 
188 109 20 24 0.034856047 
241 128 17 21 0.03482139 
341 153 15 18 0.034820355 
235 156 18 23 0.034762435 
236 541 17 21 0.03467515 
900 637 18 22 0.034669925 
800 413 16 18 0.034601092 
599 181 15 18 0.034548152 
612 698 17 21 0.034540724 
487 186 16 19 0.034537993 
868 416 16 19 0.034529712 
694 314 15 19 0.034513514 
695 542 16 19 0.03451256 
925 488 17 21 0.034463238 
61 310 17 19 0.034458596 
729 73 16 20 0.034449484 
875 536 16 19 0.034403488 
87 129 19 23 0.03434662 
743 187 18 22 0.0343374 
904 390 20 23 0.034319732 
362 291 17 20 0.034262106 
877 763 20 25 0.03425702 
954 535 17 20 0.034169283 
700 617 18 22 0.0341148 
238 107 16 20 0.03410666 
744 590 17 21 0.0340613 
263 711 20 25 0.034045137 
458 414 17 21 0.034044556 
470 230 15 18 0.033990968 
25 155 18 22 0.033945747 
902 491 18 22 0.033933673 
744 232 17 20 0.033918694 
285 324 19 22 0.03391861 
599 210 15 17 0.03391319 
239 436 16 19 0.033912253 
14 749 38 52 0.03390128 
644 596 19 23 0.0338164 
235 329 16 20 0.033802256 
875 744 18 22 0.0337222 
593 568 18 22 0.033705696 
697 765 19 25 0.03367667 
867 563 17 21 0.03365786 
56 332 16 19 0.033651553 
873 437 16 20 0.03361208 
671 588 19 23 0.03358915 
903 569 16 19 0.033573713 
802 128 17 20 0.033561576 
365 154 14 18 0.033468053 
776 410 16 19 0.03342785 
673 308 17 20 0.033412978 
469 314 17 21 0.033384267 
100 133 19 23 0.033341333 
955 288 19 24 0.033330306 
973 490 18 24 0.03328001 
288 78 18 23 0.03322814 
358 230 14 17 0.033112086 
846 614 19 23 0.033105038 
599 466 16 20 0.033070173 
224 716 20 25 0.033059325 
74 314 15 18 0.033055793 
264 238 15 17 0.033024307 
796 513 16 21 0.032954704 
125 208 15 17 0.032931916 
26 687 20 27 0.032887783 
980 251 19 25 0.03288309 
667 616 18 22 0.032855432 
515 236 16 18 0.03285409 
109 264 16 19 0.03281653 
821 697 19 24 0.03281376 
805 288 15 18 0.032783616 
950 336 17 21 0.03277925 
213 361 16 19 0.032761578 
203 313 15 17 0.032759245 
103 356 17 20 0.032744773 
644 230 17 21 0.032743286 
233 258 14 17 0.032732926 
69 762 24 33 0.032724038 
445 207 14 17 0.03264344 
222 739 23 28 0.032632828 
162 204 15 18 0.032594737 
547 382 18 22 0.032542497 
538 78 15 19 0.032516003 
618 71 17 21 0.03248394 
55 516 18 21 0.03248362 
626 536 16 19 0.03248334 
824 326 19 22 0.032475185 
771 81 15 18 0.032463696 
368 136 15 18 0.03246265 
590 742 17 21 0.03238569 
545 712 18 24 0.032314137 
469 329 17 21 0.03229123 
674 261 16 18 0.032186035 
903 263 19 22 0.032172237 
993 617 18 25 0.032157306 
4 106 20 27 0.032145835 
973 508 17 24 0.032048125 
970 714 21 28 0.03199859 
750 536 16 20 0.03199825 
728 382 18 22 0.031956937 
774 613 17 21 0.031954594 
850 513 17 20 0.031884227 
86 356 16 19 0.03188236 
652 286 16 19 0.03187696 
723 184 16 19 0.031861987 
87 103 20 26 0.031803355 
57 429 17 21 0.03179742 
671 694 18 23 0.03175328 
874 685 18 23 0.031746052 
798 539 17 21 0.03174199 
796 488 18 22 0.03172126 
765 439 17 22 0.03165296 
104 391 15 19 0.031642895 
797 745 18 22 0.031642668 
541 255 17 19 0.031640932 
956 657 34 44 0.031637564 
690 383 17 22 0.031570606 
772 521 19 22 0.03151486 
871 335 19 22 0.031505946 
81 152 19 23 0.03146341 
286 389 15 18 0.03143377 
620 620 18 21 0.031404972 
952 159 21 24 0.03137376 
103 439 17 20 0.031351365 
727 516 16 20 0.031325765 
591 692 17 21 0.03132057 
883 286 16 20 0.031296432 
876 361 19 22 0.031285472 
566 768 20 25 0.031261913 
313 106 16 20 0.03120096 
896 79 18 22 0.031156838 
802 587 19 25 0.031147126 
522 133 16 19 0.031099826 
259 493 16 21 0.031080125 
717 640 17 21 0.030982964 
308 330 17 20 0.030954003 
107 512 18 22 0.030944448 
623 741 17 21 0.0309158 
208 582 20 25 0.030783799 
516 312 18 20 0.03076558 
621 8 22 24 0.030744819 
489 30 16 20 0.030734202 
310 315 17 20 0.030687826 
904 228 17 20 0.030681217 
486 134 16 19 0.03067984 
20 380 17 23 0.030639669 
212 493 16 19 0.030601861 
849 690 18 23 0.0305721 
877 309 18 21 0.030526815 
822 85 15 20 0.030516652 
847 721 19 23 0.030473597 
155 501 69 84 0.030459369 
408 152 15 18 0.030433426 
339 333 16 19 0.030427855 
851 543 16 20 0.0303906 
567 186 16 19 0.03039043 
416 262 16 18 0.030329173 
865 461 19 23 0.030303037 
75 668 19 25 0.030295424 
284 258 16 19 0.03026051 
383 387 17 20 0.030241493 
290 92 148 186 0.030225571 
254 583 17 24 0.030218415 
440 314 16 20 0.030147886 
644 311 17 20 0.030072402 
79 562 18 23 0.030000579 
487 151 16 20 0.029942764 
264 513 16 20 0.029815461 
670 229 15 19 0.02980164 
74 236 15 18 0.029800197 
515 363 17 21 0.029794522 
390 151 14 18 0.029762903 
415 230 15 18 0.029718643 
134 437 16 19 0.029630456 
415 187 15 18 0.029586917 
674 157 16 18 0.029576508 
226 649 34 42 0.029567571 
715 487 16 21 0.029499631 
571 71 16 19 0.02947904 
509 281 17 20 0.029434072 
875 256 15 19 0.029413871 
899 685 18 23 0.029380988 
55 419 18 21 0.029358301 
82 537 19 24 0.029353362 
674 212 15 18 0.029353175 
589 277 18 21 0.029347759 
878 152 17 21 0.02933022 
202 332 16 19 0.0292617 
493 616 22 28 0.029261505 
903 671 17 21 0.029242003 
44 737 38 48 0.029218636 
103 229 15 18 0.029182788 
354 73 17 21 0.029179685 
360 212 15 18 0.029137606 
342 74 17 22 0.02909135 
875 520 17 21 0.02907503 
724 718 18 22 0.029011885 
8 587 18 25 0.028979959 
791 466 18 21 0.028967872 
992 14 23 31 0.028924767 
563 151 17 19 0.028906342 
493 260 18 20 0.028890712 
460 618 18 23 0.028860787 
173 762 25 31 0.028764104 
28 177 17 21 0.028744327 
59 258 17 20 0.028727533 
764 482 19 22 0.028717889 
538 329 19 23 0.028715907 
739 383 17 22 0.028623296 
31 653 22 34 0.028590389 
38 87 69 87 0.028587144 
664 639 17 22 0.02856607 
622 124 16 21 0.028563954 
286 282 17 19 0.028558059 
263 333 18 21 0.028514788 
922 127 17 22 0.028431816 
55 469 17 21 0.028430775 
446 413 18 21 0.028427726 
501 612 39 46 0.028387118 
159 692 17 23 0.028366517 
626 21 18 22 0.028349396 
644 488 17 21 0.02828802 
37 115 33 41 0.028279664 
667 485 17 21 0.02825586 
3 638 19 29 0.028199254 
564 229 16 19 0.028162286 
923 156 18 21 0.028109029 
819 515 18 20 0.02807696 
487 304 18 22 0.028076012 
489 73 17 20 0.028067445 
263 210 16 19 0.028001314 
568 541 18 22 0.027979754 
743 518 18 20 0.027954344 
18 548 26 37 0.027905038 
537 184 16 19 0.027889356 
546 411 19 23 0.027889227 
962 639 34 50 0.02780683 
617 264 15 17 0.02776536 
647 695 18 22 0.027743137 
979 458 19 25 0.027700199 
586 35 16 19 0.027636347 
363 330 17 21 0.02759004 
589 668 16 20 0.02758369 
953 408 20 24 0.027539713 
485 773 19 22 0.027496392 
488 6 17 20 0.027493594 
45 108 20 26 0.027461229 
669 466 17 21 0.027453955 
742 289 17 20 0.02742285 
825 457 20 24 0.027392967 
282 529 20 26 0.02736571 
342 236 14 17 0.02726934 
434 334 17 20 0.027259177 
641 209 17 21 0.02725284 
110 184 16 20 0.02724752 
78 337 16 20 0.027230622 
311 285 312 374 0.027207926 
414 392 18 21 0.02714799 
2 744 23 34 0.027076595 
672 520 16 20 0.0270715 
289 212 17 20 0.02697883 
546 106 16 20 0.026975648 
413 360 16 20 0.026922213 
829 441 17 20 0.026910106 
159 547 63 80 0.0268952 
313 235 15 18 0.02685684 
613 437 16 19 0.026799427 
692 691 18 22 0.026788704 
898 155 18 21 0.026744595 
232 496 17 20 0.02668236 
73 202 15 17 0.026646063 
458 360 19 22 0.02660983 
794 658 27 35 0.026580978 
312 26 22 26 0.026580669 
118 52 32 35 0.026532618 
920 255 20 23 0.02652563 
467 285 17 19 0.026493162 
26 415 17 20 0.026491372 
825 231 16 20 0.0264679 
994 94 19 27 0.026449341 
748 766 18 23 0.026446862 
701 488 17 20 0.0264102 
566 511 18 21 0.026390959 
598 431 17 22 0.026360884 
669 719 17 22 0.026322557 
994 280 19 26 0.02631888 
756 690 29 37 0.0263049 
572 36 17 20 0.026290676 
53 485 18 21 0.026189256 
903 207 18 23 0.026172874 
0 23 18 25 0.026116792 
304 747 20 26 0.026115106 
597 383 17 21 0.026083024 
9 305 18 23 0.026074884 
722 156 16 20 0.026071979 
288 519 18 22 0.026069181 
725 127 17 20 0.026067644 
825 263 15 18 0.026062377 
769 207 16 20 0.026051076 
435 465 21 26 0.026005022 
8 283 18 21 0.026004355 
640 740 32 43 0.025982963 
992 459 19 25 0.025943866 
465 785 21 26 0.025911054 
616 466 16 21 0.02590814 
459 634 19 25 0.025854368 
413 134 15 18 0.025813216 
247 110 61 70 0.02575881 
518 769 18 21 0.025758106 
11 557 20 28 0.02573916 
644 464 17 21 0.025737748 
257 614 17 22 0.025731806 
289 232 15 17 0.02572995 
448 384 17 21 0.025697222 
177 745 21 27 0.025687048 
158 710 19 23 0.025563182 
726 109 17 22 0.025537906 
463 588 18 25 0.02553735 
511 34 18 19 0.025395835 
105 153 18 22 0.025394572 
587 785 22 29 0.02537864 
361 181 14 17 0.025369165 
314 188 15 18 0.025364695 
233 231 17 19 0.025358275 
647 259 15 18 0.025294265 
948 632 30 40 0.025280232 
599 717 18 22 0.025277318 
29 433 17 20 0.025230203 
493 737 33 38 0.025221024 
723 210 17 20 0.025198534 
438 480 25 30 0.025166377 
266 314 17 20 0.025148628 
693 334 17 19 0.025142523 
440 74 15 19 0.025085565 
391 237 14 16 0.025083128 
159 186 16 19 0.025068885 
312 154 15 17 0.025006946 
445 361 17 21 0.024978252 
204 609 34 47 0.02492786 
873 721 18 21 0.024912126 
385 183 14 18 0.024877148 
79 184 17 21 0.024864517 
358 437 19 21 0.024860581 
311 281 16 20 0.024831612 
804 544 66 82 0.024787143 
595 511 16 20 0.02477908 
310 45 20 25 0.024778098 
723 311 16 19 0.024768738 
20 609 32 47 0.0247004 
179 633 20 29 0.024699373 
48 643 18 26 0.024697965 
310 3 23 24 0.024668293 
898 511 16 21 0.024651708 
233 77 18 23 0.024583079 
770 54 16 18 0.024565801 
795 382 16 19 0.024560506 
928 691 51 66 0.024558896 
807 306 15 19 0.024555355 
258 462 16 20 0.024531793 
56 357 16 19 0.024503766 
338 584 78 107 0.024483971 
216 635 59 72 0.024480218 
494 366 17 22 0.024456799 
393 610 17 23 0.024450846 
234 361 15 19 0.024420489 
51 102 113 140 0.024389915 
22 629 52 78 0.024329748 
639 780 22 31 0.024283053 
940 677 38 49 0.024260087 
829 745 19 24 0.024219519 
441 771 17 21 0.024205761 
196 611 59 79 0.02419859 
387 437 18 22 0.02419256 
106 694 19 25 0.024184205 
993 81 19 27 0.024166228 
2 60 31 43 0.024150003 
409 674 19 24 0.02404325 
874 617 18 22 0.024035528 
800 86 15 19 0.024035035 
800 188 17 21 0.024031138 
334 408 17 20 0.024029788 
45 120 73 96 0.023996664 
803 151 17 21 0.023945319 
594 489 17 20 0.023932599 
110 663 20 26 0.023902398 
214 720 20 25 0.023776028 
693 419 18 22 0.02377476 
492 410 18 22 0.023773888 
111 637 31 42 0.023746053 
246 656 35 44 0.023737941 
367 257 15 17 0.023716556 
175 603 34 49 0.023589978 
79 638 18 23 0.023425136 
543 743 17 20 0.023423033 
470 75 17 20 0.023407307 
260 81 18 23 0.023374313 
800 335 17 21 0.023361603 
560 107 15 18 0.023344321 
462 557 20 27 0.02334019 
163 553 29 37 0.023297302 
31 20 19 22 0.023283875 
660 742 34 44 0.023261867 
493 635 22 27 0.023222739 
917 310 19 22 0.023219831 
181 666 19 24 0.023116453 
486 333 17 20 0.02311361 
30 0 34 35 0.02306193 
901 720 18 21 0.023030685 
327 143 307 359 0.023021106 
439 786 20 28 0.023019321 
28 209 16 19 0.02301743 
518 102 17 20 0.023000298 
902 541 15 18 0.022952933 
745 417 16 19 0.022879234 
916 282 20 24 0.022764416 
977 303 18 25 0.022748934 
414 106 17 20 0.022738207 
259 107 33 41 0.02272033 
948 345 65 91 0.022706486 
520 155 14 18 0.022697942 
979 183 20 27 0.02267557 
439 107 16 19 0.02264319 
746 303 17 21 0.022597002 
649 563 16 19 0.022498209 
335 15 27 29 0.02246235 
308 78 18 23 0.02239925 
847 152 18 21 0.022339601 
778 228 18 20 0.022319479 
364 743 19 25 0.022277802 
338 56 21 24 0.022151008 
954 383 21 26 0.022125017 
187 124 18 22 0.02211763 
919 109 17 22 0.02211725 
977 785 23 31 0.022099188 
102 476 29 36 0.02207302 
459 385 17 21 0.022031402 
879 26 19 22 0.022011546 
952 128 19 23 0.02200679 
565 456 18 23 0.022000205 
515 77 18 21 0.021998672 
100 96 23 30 0.021986736 
641 136 16 19 0.021949437 
769 542 72 90 0.021937132 
948 733 23 29 0.021892812 
758 498 71 86 0.021882763 
118 130 294 354 0.021881197 
791 256 17 19 0.021870743 
514 462 20 26 0.021862008 
463 745 18 22 0.02181421 
696 78 16 20 0.021761652 
561 713 18 23 0.021757258 
829 763 20 25 0.021727733 
911 609 29 35 0.021726746 
58 180 17 21 0.021694563 
385 765 22 28 0.02168907 
359 415 16 19 0.021666968 
79 465 17 21 0.02162207 
466 6 17 19 0.021612503 
950 642 59 85 0.021606855 
11 259 17 22 0.021600876 
870 589 17 21 0.02157512 
339 311 17 20 0.021535886 
80 70 73 85 0.021501042 
68 581 46 58 0.021496179 
645 664 18 22 0.021490812 
702 669 17 20 0.021468973 
543 782 21 30 0.021401707 
851 482 20 25 0.021349834 
154 598 66 86 0.021321082 
469 54 16 19 0.021295132 
697 636 17 21 0.021283105 
295 756 33 41 0.021263322 
745 731 32 42 0.021253442 
485 585 20 27 0.021241594 
512 438 19 23 0.021217756 
671 133 16 19 0.021171017 
565 136 16 20 0.021163825 
1 660 21 32 0.021154042 
358 109 15 18 0.021103565 
541 279 30 35 0.021099126 
126 180 17 20 0.021077644 
548 364 17 20 0.021051826 
76 257 16 20 0.02101502 
512 785 21 27 0.021010054 
994 308 20 28 0.02099789 
289 50 19 25 0.020922579 
749 337 19 23 0.020910628 
134 152 126 148 0.020881819 
665 664 18 23 0.020874672 
7 335 18 23 0.020871982 
180 539 33 42 0.02084556 
896 49 19 23 0.02082453 
995 257 17 24 0.02081557 
387 208 15 17 0.020813791 
860 544 70 83 0.020787625 
543 669 18 24 0.020777706 
157 635 23 31 0.020735415 
81 172 78 98 0.02068901 
379 754 37 46 0.02067206 
972 286 19 26 0.020667292 
644 442 16 20 0.020640595 
910 274 72 98 0.020632135 
993 739 20 28 0.020631397 
615 665 16 20 0.020535061 
178 718 19 23 0.020446189 
210 88 83 94 0.020372596 
995 513 17 24 0.020347692 
304 785 22 30 0.020346567 
514 5 18 19 0.020342276 
363 624 75 93 0.020332476 
599 415 16 20 0.020304581 
701 461 18 21 0.020246496 
591 542 15 19 0.020189421 
839 785 24 30 0.020177148 
161 487 104 125 0.020170541 
470 134 17 20 0.020129452 
744 613 17 21 0.020066818 
3 1 21 25 0.020033944 
184 549 69 90 0.020025864 
