21_Festival_Festival_21_727
279
464 154 18 21 0.25062472 
203 324 124 150 0.12637517 
771 56 73 93 0.08084552 
390 377 20 24 0.07014292 
379 152 18 22 0.069061995 
308 465 16 20 0.06286087 
418 124 16 19 0.061376333 
383 362 18 24 0.06106597 
212 209 18 23 0.059775002 
488 180 18 20 0.059560653 
498 352 42 49 0.058918945 
281 359 21 24 0.0588741 
822 377 27 33 0.05724472 
253 340 22 26 0.056588165 
840 381 22 29 0.05585093 
445 159 16 19 0.055488333 
279 341 20 25 0.05510469 
416 416 21 25 0.054533176 
250 171 88 99 0.053629152 
873 417 20 27 0.0532473 
430 357 19 21 0.05192926 
866 424 21 28 0.051704105 
514 175 18 21 0.050720487 
277 379 21 25 0.050583996 
368 125 17 21 0.05004412 
383 134 17 20 0.049463186 
219 344 81 87 0.049207162 
418 254 20 24 0.048959576 
310 383 19 23 0.048705813 
622 51 21 25 0.04835632 
309 409 19 23 0.04816111 
11 51 83 93 0.04718641 
570 160 17 22 0.046949413 
335 327 19 24 0.046682738 
466 138 17 21 0.046172157 
693 201 26 30 0.04601075 
460 281 18 23 0.045206204 
494 206 18 20 0.04481623 
696 140 126 165 0.04404568 
420 354 18 22 0.042940114 
495 286 17 21 0.042749975 
332 389 19 24 0.04249506 
410 387 18 21 0.042292744 
495 233 18 21 0.0421545 
545 181 18 23 0.0420978 
436 131 15 20 0.041834906 
460 206 17 20 0.041463457 
225 212 18 23 0.041407652 
330 405 18 22 0.040839672 
462 261 19 23 0.040231645 
542 132 16 20 0.03984782 
562 175 19 25 0.039680514 
517 123 16 21 0.039557762 
383 339 17 21 0.039541144 
280 408 19 26 0.039338537 
544 158 15 19 0.03921902 
823 356 24 29 0.0391907 
848 408 22 28 0.039109368 
418 339 18 22 0.0389788 
339 312 21 27 0.03868794 
484 157 16 20 0.038599838 
355 308 21 26 0.037985384 
233 355 23 25 0.0378702 
514 46 21 26 0.03785184 
563 133 16 20 0.037753515 
467 175 18 21 0.037702497 
640 80 109 139 0.037534792 
815 354 42 50 0.037126984 
315 337 18 23 0.036889393 
518 109 18 23 0.036757648 
254 356 21 24 0.036687814 
390 414 19 24 0.03650876 
309 363 18 25 0.036388703 
636 150 73 83 0.03617263 
415 178 15 19 0.03553784 
364 332 18 23 0.03551947 
679 176 65 75 0.035455465 
820 408 25 31 0.03541814 
234 338 24 27 0.03538154 
284 434 17 21 0.03535255 
636 78 18 22 0.035104055 
518 159 16 19 0.035016686 
601 119 86 103 0.03495247 
-65 507 352 371 0.03476471 
668 99 20 24 0.034717586 
264 52 24 29 0.03447924 
414 162 15 19 0.033891264 
495 252 18 23 0.033634115 
622 72 21 27 0.033604853 
367 358 19 24 0.032706726 
595 153 19 23 0.032592107 
486 310 17 21 0.03241737 
666 82 19 23 0.032224026 
363 207 17 21 0.032202452 
468 309 18 22 0.03207386 
433 341 18 21 0.032033857 
338 357 18 23 0.032026492 
261 368 42 50 0.03179164 
313 305 18 23 0.031752024 
366 230 19 24 0.031732216 
388 100 19 23 0.031726703 
413 235 19 22 0.03149493 
596 135 17 19 0.030962221 
461 232 17 21 0.0308855 
241 333 43 48 0.030752998 
291 462 17 20 0.030580925 
418 462 19 23 0.030330973 
589 103 17 22 0.03032285 
493 357 25 29 0.030289356 
512 34 21 25 0.030243129 
225 380 23 27 0.030107228 
334 236 18 25 0.029966608 
229 220 20 26 0.029907119 
466 335 18 22 0.029871067 
411 312 17 20 0.029800873 
845 204 24 29 0.029800475 
334 250 20 25 0.029507669 
507 229 18 23 0.029186247 
383 200 16 20 0.029101774 
218 169 135 176 0.02882813 
725 45 68 84 0.028811883 
570 104 17 21 0.028799362 
509 209 18 23 0.02846765 
823 426 22 28 0.028176004 
695 125 23 28 0.02816336 
310 436 18 22 0.02798641 
370 152 18 22 0.027916666 
-207 277 684 765 0.027911583 
216 201 35 43 0.02790814 
333 80 25 29 0.02782477 
971 389 17 24 0.027802793 
389 309 18 23 0.02776572 
633 52 18 23 0.027757468 
332 498 382 378 0.02775627 
640 181 24 28 0.027752476 
110 278 22 28 0.027683096 
821 376 60 76 0.027466075 
465 496 20 24 0.02738624 
257 306 21 26 0.027361419 
767 112 70 94 0.027275879 
392 434 18 23 0.027266705 
692 104 22 29 0.027230095 
462 356 19 23 0.027217507 
688 112 78 91 0.027198058 
695 188 22 27 0.02718936 
442 178 16 20 0.027024655 
207 184 60 77 0.02702171 
675 96 65 79 0.026994236 
232 176 19 22 0.026959585 
384 182 17 21 0.026937833 
362 108 18 22 0.026896019 
284 4 22 27 0.026762083 
710 76 142 175 0.026657876 
415 211 16 19 0.026542038 
514 334 23 29 0.026533766 
364 183 16 20 0.026474744 
389 80 21 25 0.026320068 
429 463 17 19 0.02622293 
674 222 25 32 0.02617953 
235 305 22 26 0.026038231 
229 429 21 24 0.026005818 
955 386 19 26 0.025985496 
509 255 18 22 0.025962528 
613 136 17 21 0.025940506 
262 381 22 25 0.025873516 
646 100 17 22 0.025728635 
237 36 82 92 0.025718734 
41 74 80 102 0.025654288 
429 414 20 25 0.02560091 
808 66 76 94 0.025592187 
671 55 18 23 0.02556426 
439 310 16 20 0.02554105 
898 204 22 26 0.02540312 
530 65 138 158 0.025375944 
236 353 51 53 0.025344608 
841 360 22 27 0.025302237 
543 199 20 25 0.025209589 
748 49 23 28 0.024949891 
275 52 22 29 0.02485508 
325 235 37 47 0.024851058 
128 517 360 363 0.024838252 
867 385 20 25 0.024753692 
538 70 20 25 0.02462717 
591 173 20 25 0.024580862 
793 172 154 205 0.02454566 
726 201 78 95 0.024205761 
487 335 21 25 0.02410927 
107 0 25 28 0.02398235 
82 115 75 95 0.023895657 
693 150 21 25 0.023893267 
327 315 114 141 0.02383921 
445 207 17 20 0.023822581 
282 203 77 93 0.023810131 
359 286 19 24 0.023808213 
414 486 21 25 0.023798233 
371 142 30 38 0.023739416 
617 98 17 22 0.023736874 
495 37 89 108 0.02368678 
199 369 67 84 0.023610767 
228 299 41 51 0.023568429 
188 40 84 86 0.023535334 
643 132 131 151 0.023511555 
188 234 743 765 0.023487514 
692 81 19 23 0.023348736 
980 357 17 23 0.02332245 
613 150 20 23 0.023315117 
310 287 20 26 0.023294061 
283 309 19 23 0.023203941 
850 429 22 27 0.023182703 
493 134 16 19 0.023158988 
511 283 17 22 0.022966431 
188 84 89 95 0.022952285 
336 96 22 26 0.022888025 
340 178 16 19 0.022863528 
104 268 37 45 0.022833 
461 382 18 23 0.022825724 
695 411 63 93 0.022814145 
377 354 31 39 0.022810953 
794 348 75 84 0.02278098 
336 281 20 25 0.022769736 
340 221 61 74 0.022748578 
128 26 23 28 0.022737848 
844 72 24 31 0.022722777 
226 408 22 27 0.022641305 
86 9 63 69 0.022620678 
231 86 89 100 0.02254522 
843 417 36 44 0.022414299 
251 54 44 52 0.022349006 
102 232 17 22 0.02233643 
816 152 91 103 0.022267682 
416 108 18 23 0.022227531 
250 142 76 86 0.02217718 
267 331 39 47 0.022136863 
380 238 17 21 0.022047626 
539 257 19 25 0.022028027 
213 382 24 28 0.022018285 
207 222 20 24 0.021976627 
361 123 35 43 0.021961855 
311 44 24 29 0.02193667 
618 35 20 24 0.021917604 
439 384 17 21 0.021807587 
465 106 17 20 0.021796772 
283 156 18 22 0.021648537 
496 49 18 22 0.021583823 
648 131 18 22 0.02153718 
208 80 21 25 0.021422291 
520 312 19 23 0.021411898 
258 466 18 21 0.021390228 
672 110 242 300 0.021322707 
858 22 74 78 0.021303939 
386 251 18 23 0.021303779 
308 26 23 27 0.021262549 
768 64 46 54 0.02111891 
65 24 43 50 0.021075372 
813 391 43 54 0.021003123 
721 136 80 95 0.020961588 
451 287 99 129 0.020923125 
212 336 21 27 0.02075549 
642 194 24 30 0.020740831 
290 76 78 97 0.020739166 
360 223 33 41 0.020631157 
265 406 20 24 0.020582912 
208 352 44 52 0.020578034 
746 74 21 26 0.020574156 
113 15 61 66 0.020517843 
474 55 137 158 0.02049943 
413 76 19 23 0.020303236 
208 128 74 91 0.020295326 
535 55 22 27 0.020293366 
686 95 39 49 0.020258382 
545 232 19 24 0.020249307 
279 360 68 83 0.020231705 
283 20 21 26 0.02019464 
285 203 26 30 0.020147683 
453 245 77 97 0.020131191 
767 241 142 171 0.020075012 
128 -3 67 68 0.020041384 
123 67 120 131 0.02003221 
693 61 69 87 0.020000933 
