21_Festival_Festival_21_395
304
407 263 31 39 0.79492044 
564 397 39 47 0.6829359 
693 276 26 34 0.62350845 
768 417 33 42 0.52346677 
555 132 25 33 0.33841956 
515 282 26 34 0.20408192 
398 358 43 54 0.19574188 
826 489 75 87 0.19320934 
514 385 39 51 0.1754632 
673 420 32 41 0.16824892 
563 329 33 42 0.15956336 
653 328 37 47 0.15266255 
404 544 41 52 0.13789782 
652 498 37 44 0.12575376 
850 439 23 29 0.12059172 
223 404 32 37 0.1135586 
664 276 24 31 0.1095806 
407 180 27 35 0.09365334 
837 483 47 57 0.089848034 
672 409 27 33 0.08712654 
559 285 23 30 0.08432769 
844 448 40 52 0.08294462 
746 424 36 47 0.07955311 
295 275 40 49 0.078164086 
559 598 30 37 0.076267816 
876 505 57 75 0.0755646 
537 281 24 31 0.074420385 
548 142 23 33 0.073624864 
739 447 37 47 0.07326482 
471 321 35 44 0.07325709 
403 193 36 48 0.0730284 
648 464 25 33 0.07276514 
762 454 28 37 0.072033696 
457 373 38 53 0.070888355 
59 455 20 25 0.07046808 
717 374 25 32 0.06829297 
385 370 41 52 0.067508124 
311 199 24 32 0.06607265 
313 431 28 35 0.06493011 
75 478 22 27 0.063453086 
864 484 27 35 0.062774114 
902 483 23 28 0.06122117 
741 589 59 86 0.060061544 
325 351 27 35 0.059879843 
187 559 25 30 0.05901729 
715 433 25 32 0.05881967 
657 481 30 36 0.05799127 
695 264 24 30 0.055999447 
927 457 23 29 0.05535908 
714 446 37 48 0.052990124 
478 387 39 53 0.052755684 
858 429 36 44 0.052548397 
782 428 27 34 0.052533966 
470 306 23 29 0.052393 
539 249 24 31 0.052193157 
691 291 34 49 0.051491868 
30 482 17 22 0.05065147 
579 330 28 35 0.050185423 
378 394 29 37 0.04957471 
873 407 20 26 0.049344555 
698 130 24 27 0.049261637 
591 445 43 54 0.0490871 
290 253 26 33 0.048467204 
293 254 39 49 0.047652487 
530 292 34 44 0.047609594 
871 507 29 38 0.046981163 
866 456 25 32 0.04693107 
173 507 28 36 0.046461366 
29 465 17 22 0.045848332 
101 515 25 30 0.045785498 
683 520 37 47 0.04545815 
663 263 46 58 0.045333374 
443 103 22 29 0.045251258 
526 636 43 43 0.043762483 
977 481 33 70 0.04352403 
916 484 24 29 0.04351372 
389 558 28 36 0.043386832 
286 303 67 83 0.041581195 
73 465 20 25 0.04155415 
693 314 33 48 0.041376244 
200 560 23 30 0.041185264 
557 295 34 45 0.041073725 
105 490 20 24 0.04096919 
125 508 24 30 0.040718704 
199 393 59 67 0.04004402 
404 215 40 50 0.0394524 
891 514 30 39 0.03921472 
-1 458 16 24 0.03873953 
318 246 41 51 0.03821098 
894 479 40 48 0.038156897 
153 392 89 87 0.03798909 
415 365 42 52 0.037938852 
599 427 42 54 0.037256803 
230 547 35 48 0.03610785 
312 180 21 29 0.035860807 
633 533 27 35 0.035535637 
317 272 39 48 0.035362568 
689 512 27 35 0.035237156 
898 461 23 27 0.03514265 
368 190 56 72 0.034978013 
382 628 26 31 0.034773543 
818 474 49 58 0.034757566 
662 306 25 33 0.034721382 
537 577 38 47 0.033679653 
555 653 34 37 0.033616677 
161 510 25 32 0.033564407 
458 347 39 52 0.033248845 
973 406 27 40 0.033175517 
585 580 37 47 0.032791384 
289 276 26 33 0.03269092 
96 509 40 47 0.032682966 
781 447 36 49 0.032627974 
207 364 119 125 0.032305576 
580 382 33 40 0.03222463 
432 447 41 53 0.031962957 
511 322 37 48 0.031818744 
140 445 86 87 0.031734344 
919 513 27 35 0.03156695 
200 86 268 317 0.031508375 
868 400 37 45 0.031354748 
99 528 27 33 0.031275995 
536 120 42 57 0.03125583 
549 633 46 46 0.030974401 
159 386 23 31 0.03091707 
193 551 39 47 0.030827234 
130 486 89 85 0.030794194 
706 350 35 52 0.030558703 
390 332 28 36 0.030558085 
533 603 42 47 0.030494474 
503 609 39 48 0.030367412 
510 631 39 43 0.030209083 
306 227 26 34 0.030204866 
630 652 31 36 0.030118871 
899 381 23 29 0.029929187 
525 561 38 45 0.029782075 
691 576 37 46 0.029701414 
539 231 27 36 0.029692661 
893 454 35 44 0.02965802 
482 342 39 54 0.029595835 
689 347 36 49 0.029444814 
314 292 43 52 0.029195197 
411 155 24 30 0.029139997 
354 209 47 57 0.029041156 
211 406 27 32 0.029030932 
284 291 42 55 0.028827595 
737 543 103 125 0.028655773 
57 624 47 48 0.028620863 
639 465 52 64 0.02853487 
509 270 46 57 0.028509695 
645 269 35 44 0.0284261 
478 517 38 52 0.02840104 
383 530 26 35 0.028369766 
113 501 42 49 0.028358633 
378 519 57 74 0.02827061 
106 433 76 89 0.02825413 
911 443 55 65 0.028149094 
429 322 29 36 0.028139729 
552 504 35 47 0.028047606 
942 456 21 31 0.027922826 
718 638 26 29 0.027847197 
554 164 34 46 0.027558446 
709 628 50 53 0.02738919 
551 578 49 61 0.027267544 
654 368 41 50 0.02717717 
358 525 38 51 0.027116273 
500 168 38 47 0.027112223 
343 534 54 70 0.026985873 
303 338 44 54 0.02691141 
816 450 39 50 0.026602069 
912 450 80 103 0.026557053 
804 514 83 96 0.026442282 
539 321 37 45 0.026426205 
370 345 67 80 0.026293626 
480 308 23 30 0.026203599 
315 324 43 53 0.026170557 
537 355 29 40 0.026099559 
587 310 22 29 0.026029235 
125 492 21 26 0.02600282 
962 432 53 99 0.025952365 
178 576 43 50 0.025943814 
196 570 42 50 0.025792502 
101 471 70 82 0.025767092 
385 515 24 32 0.025709985 
926 439 23 31 0.025592063 
710 323 23 34 0.025556909 
328 396 36 45 0.025392732 
209 419 119 121 0.025336668 
689 372 36 46 0.02530129 
634 394 38 48 0.02530106 
430 420 43 56 0.025278386 
709 280 21 30 0.025255485 
96 482 39 45 0.02520123 
103 464 20 24 0.025176503 
432 145 33 45 0.025172906 
412 574 29 39 0.025152387 
702 571 57 75 0.025061496 
192 607 47 50 0.025002912 
73 439 18 23 0.02496403 
661 516 38 47 0.024931872 
968 418 39 69 0.024924342 
250 418 42 50 0.024908796 
850 409 21 25 0.02490036 
173 429 88 88 0.02485981 
293 7 289 326 0.024795415 
359 381 25 34 0.024779536 
682 163 47 49 0.024769394 
243 321 45 54 0.024732769 
79 439 69 79 0.0247237 
71 618 28 30 0.024720717 
205 581 24 29 0.0246739 
579 415 45 57 0.024569873 
822 434 23 28 0.024457881 
439 123 24 32 0.024400273 
941 513 41 63 0.024375563 
994 500 20 40 0.02436191 
363 598 57 64 0.024284462 
94 586 24 30 0.024218066 
124 529 28 34 0.024192229 
840 457 84 93 0.02418493 
182 585 25 31 0.024091113 
518 562 28 36 0.024042616 
684 446 37 46 0.024025723 
666 260 23 30 0.023994468 
136 557 61 72 0.023909295 
633 370 39 48 0.023891686 
805 471 137 159 0.023883624 
458 412 41 52 0.023854211 
463 285 23 30 0.023781385 
145 468 125 129 0.023628088 
456 102 21 28 0.023572363 
354 558 23 32 0.023548266 
488 609 22 27 0.023531126 
84 590 22 25 0.02352407 
637 427 35 46 0.023436906 
5 513 19 25 0.023366762 
450 180 62 74 0.023284601 
161 491 22 26 0.023183724 
892 484 76 100 0.022840086 
711 130 22 27 0.02275188 
882 413 62 74 0.02266254 
898 437 22 29 0.022635652 
155 581 23 30 0.022625772 
422 197 35 48 0.022585284 
178 514 64 73 0.022580836 
287 391 58 72 0.022504995 
228 390 60 71 0.022336867 
361 283 22 29 0.022329481 
82 536 23 26 0.022321811 
211 521 64 79 0.022287946 
486 375 30 42 0.022275839 
306 327 31 39 0.022260683 
384 201 27 35 0.022194568 
532 242 50 64 0.02213235 
589 560 25 32 0.022053871 
338 557 26 36 0.022040695 
132 324 138 148 0.02193383 
142 545 41 51 0.021905519 
172 400 41 51 0.021877069 
777 487 57 73 0.02183107 
397 331 41 51 0.021793274 
207 385 24 29 0.021731067 
516 257 23 29 0.021442868 
269 260 155 181 0.021407682 
864 579 91 105 0.021395162 
739 490 39 52 0.021392329 
227 569 38 50 0.021369575 
215 628 43 48 0.021367231 
715 654 28 35 0.021360554 
286 376 26 37 0.02133479 
546 267 51 65 0.021319363 
353 236 42 52 0.02130516 
588 602 28 33 0.021287877 
685 483 26 32 0.02126249 
351 480 61 81 0.02125039 
338 636 26 31 0.021181183 
300 420 49 60 0.021171805 
507 578 39 49 0.021164738 
761 442 66 78 0.021146866 
735 578 41 59 0.021106234 
752 438 47 59 0.02110532 
388 349 33 43 0.021096848 
250 560 23 32 0.021081 
79 524 39 44 0.02095677 
782 469 39 53 0.020847252 
120 526 135 123 0.020802954 
642 433 22 28 0.020790482 
658 407 500 555 0.020752845 
29 442 16 21 0.020734588 
721 1 298 334 0.02062818 
687 139 42 44 0.020595398 
371 470 41 55 0.020507898 
6 533 18 27 0.020487297 
609 445 58 74 0.020483283 
191 439 47 54 0.020468773 
152 485 43 49 0.020299846 
154 382 39 52 0.020296922 
857 384 64 77 0.020276897 
79 560 21 25 0.02023707 
279 477 25 35 0.020117737 
305 405 24 31 0.020108135 
456 298 48 60 0.02010372 
123 420 46 56 0.020087989 
741 629 29 36 0.020081338 
443 215 261 301 0.020020247 
