21_Festival_Festival_21_331
150
156 409 80 99 0.99698895 
353 294 41 52 0.98988193 
744 230 60 69 0.9898005 
60 363 47 54 0.84963006 
241 264 39 50 0.8196332 
884 230 42 53 0.5715177 
665 277 43 49 0.5622305 
533 296 26 34 0.54907423 
492 297 25 32 0.5299902 
-1 297 24 41 0.3528327 
139 301 38 47 0.3421403 
262 266 36 45 0.26498446 
158 276 28 33 0.23385806 
865 223 41 53 0.18342093 
622 309 25 31 0.13753614 
460 273 22 29 0.1301262 
266 417 41 52 0.12973224 
436 281 22 29 0.123120286 
510 300 25 32 0.11299334 
622 323 24 31 0.11180255 
132 308 28 37 0.10704395 
638 375 24 32 0.10117454 
464 327 23 29 0.08133378 
684 318 44 51 0.07652739 
509 283 25 32 0.074860744 
485 384 26 35 0.07457367 
207 268 38 50 0.07314145 
629 296 34 43 0.070468925 
978 264 33 50 0.07005765 
301 389 39 47 0.06630677 
147 254 40 50 0.064708985 
156 260 26 30 0.062821485 
681 287 40 45 0.062161136 
468 398 26 34 0.061312277 
864 205 25 31 0.060163274 
562 280 21 28 0.057950016 
968 338 39 53 0.05642371 
358 442 44 50 0.056200016 
616 277 23 29 0.053717606 
860 299 41 54 0.053060636 
862 326 39 50 0.052920368 
367 280 42 54 0.049836405 
253 434 47 58 0.04842909 
464 310 23 30 0.047715805 
642 281 24 33 0.047357373 
441 257 22 28 0.046988826 
454 256 30 39 0.04509441 
140 334 52 63 0.042501513 
613 258 22 29 0.041437246 
990 374 24 33 0.040308807 
490 363 24 31 0.03996743 
11 289 36 55 0.0398187 
906 241 37 48 0.039604455 
503 380 28 36 0.039341707 
989 256 26 39 0.039264023 
971 328 28 36 0.038525086 
124 278 27 32 0.038081147 
404 295 35 46 0.037907373 
431 299 22 30 0.03780416 
690 345 28 37 0.037772067 
664 285 64 71 0.035861034 
849 215 37 50 0.03540851 
993 306 23 33 0.035184335 
975 367 32 41 0.034409653 
687 367 43 52 0.034273643 
957 305 53 74 0.03421669 
109 241 68 83 0.03360166 
-8 263 52 83 0.033425815 
411 143 24 31 0.033290863 
991 226 22 33 0.03282277 
700 292 40 49 0.032735918 
-21 0 114 180 0.0322353 
633 354 37 48 0.031978127 
664 345 39 51 0.031781614 
485 168 25 31 0.03152359 
390 60 89 97 0.03126222 
667 259 29 35 0.031118425 
307 271 25 34 0.030876882 
591 275 21 28 0.03079206 
516 286 45 56 0.030658461 
486 287 44 54 0.030517299 
910 260 37 51 0.030492678 
620 386 24 31 0.030407079 
23 304 23 33 0.029941002 
408 273 35 44 0.029865753 
133 290 66 79 0.0298381 
102 444 43 52 0.029816195 
487 324 23 30 0.029672183 
81 282 23 30 0.029652214 
162 340 51 60 0.029591447 
190 561 62 85 0.029345766 
217 247 58 77 0.029128702 
464 355 23 28 0.028578777 
108 357 65 82 0.028534805 
675 327 62 73 0.027536716 
972 295 37 55 0.027408822 
291 475 51 61 0.0271605 
615 308 50 62 0.02703499 
229 258 35 44 0.026809404 
993 321 23 33 0.026630484 
197 322 44 52 0.026227154 
208 230 24 29 0.026226094 
2 315 25 39 0.025624985 
512 262 22 27 0.025109354 
76 292 36 48 0.025049265 
387 152 22 28 0.024660742 
474 376 44 54 0.024450611 
0 220 64 97 0.024345003 
430 116 26 32 0.024323931 
76 270 39 51 0.024318678 
852 209 24 30 0.024304595 
118 427 59 71 0.02419439 
873 184 20 25 0.024099853 
82 302 22 28 0.024053123 
329 217 37 47 0.023935497 
505 125 25 29 0.023845326 
771 225 46 57 0.023838961 
290 419 42 51 0.023836361 
492 370 47 58 0.023762079 
308 198 25 34 0.023703318 
648 452 22 28 0.023678478 
593 332 20 27 0.023223659 
147 360 78 91 0.02301396 
377 254 40 52 0.022912504 
434 149 22 29 0.022896038 
863 262 42 56 0.022748144 
305 211 39 51 0.02274093 
201 286 41 53 0.022302631 
94 265 41 54 0.022138689 
845 128 25 33 0.022126202 
439 179 23 29 0.022104442 
490 260 20 25 0.022086525 
943 96 40 46 0.021869553 
660 455 24 30 0.021794703 
207 254 26 33 0.021629283 
559 302 21 27 0.021533066 
455 385 46 59 0.021519369 
102 280 24 30 0.021336574 
222 341 45 58 0.021280177 
540 263 23 27 0.021107432 
81 335 28 32 0.021039262 
394 314 36 48 0.020900052 
663 317 42 54 0.020821093 
919 100 24 32 0.020698134 
972 122 24 30 0.020675348 
430 102 28 33 0.02060455 
333 173 23 28 0.020577222 
896 208 27 32 0.020108867 
17 309 35 53 0.020016251 
591 261 21 28 0.020002076 
