21_Festival_Festival_21_254
160
496 240 100 127 0.98524886 
227 366 56 70 0.8371012 
889 260 31 41 0.40004358 
88 268 32 40 0.15250078 
420 350 39 52 0.15082657 
202 489 33 39 0.14781131 
725 185 40 49 0.13879782 
928 385 33 43 0.13515697 
35 509 33 42 0.1182469 
652 147 38 50 0.09162997 
206 271 25 31 0.08785876 
207 240 24 30 0.081857376 
886 244 30 38 0.08081033 
919 269 26 33 0.079002045 
721 260 34 44 0.07858995 
245 311 33 41 0.07824388 
616 152 39 51 0.07767431 
695 196 38 50 0.07347726 
159 498 28 34 0.071130306 
930 314 27 34 0.065224886 
970 267 26 35 0.06410945 
737 754 489 651 0.06355296 
8 272 29 39 0.06317203 
153 267 25 30 0.062047012 
3 563 33 45 0.058910202 
149 241 26 31 0.05782244 
1 538 31 42 0.055731196 
33 642 34 47 0.055714767 
156 306 32 40 0.055417985 
966 337 31 40 0.053309187 
772 524 34 42 0.052912287 
963 316 28 35 0.052761137 
157 469 33 40 0.04988337 
921 246 24 31 0.0496848 
540 146 35 42 0.049554043 
340 270 27 34 0.049534094 
929 343 30 37 0.04952326 
739 342 31 40 0.04879553 
38 264 29 39 0.048224043 
114 270 27 35 0.047874853 
822 456 29 35 0.047728587 
808 380 32 41 0.046681095 
162 653 32 38 0.045627322 
729 226 38 48 0.04535449 
162 336 38 47 0.04513145 
994 261 25 33 0.044826604 
975 242 25 33 0.04403517 
535 129 31 40 0.04401426 
311 228 28 35 0.04350688 
193 304 28 36 0.04325248 
392 277 29 36 0.042562865 
358 834 32 43 0.041463293 
691 217 37 48 0.04106292 
419 271 33 42 0.040659722 
316 205 27 34 0.040302094 
703 263 33 41 0.040088724 
677 171 73 94 0.040046018 
3 295 33 46 0.039740153 
80 177 34 45 0.03937407 
805 348 32 41 0.038034797 
314 277 28 35 0.037875257 
776 265 32 41 0.037604623 
766 1011 539 609 0.0374667 
769 457 28 33 0.037436064 
383 422 36 47 0.037056845 
729 421 29 36 0.036408056 
40 574 35 46 0.03639634 
732 460 28 35 0.03639027 
9 507 30 41 0.035507068 
777 309 34 42 0.035355452 
766 342 33 41 0.034653448 
343 238 26 33 0.034318 
574 169 57 71 0.033844095 
12 646 31 44 0.03368025 
777 502 492 642 0.03354848 
45 617 35 47 0.033445887 
767 232 32 41 0.0330607 
576 157 32 42 0.032696094 
391 300 30 39 0.032607865 
616 259 36 49 0.03256005 
358 346 33 43 0.03253864 
897 379 29 37 0.032468874 
384 349 31 43 0.031840477 
809 -127 527 581 0.031390514 
75 232 32 41 0.031305034 
952 328 49 64 0.031223914 
38 467 31 40 0.031127485 
507 144 33 42 0.030833505 
229 275 25 32 0.030287445 
655 225 38 50 0.030101681 
839 418 30 37 0.030092474 
606 135 73 90 0.030030295 
802 313 32 39 0.029987888 
172 473 78 95 0.029782582 
995 244 24 33 0.029746404 
774 427 27 34 0.02957697 
527 -328 1049 1097 0.02940827 
373 414 59 78 0.029157495 
154 361 55 68 0.029098514 
81 87 29 32 0.029040564 
606 248 61 82 0.028920615 
511 126 31 41 0.02882515 
855 541 33 44 0.028431684 
259 350 43 52 0.028410077 
43 242 29 38 0.028379887 
804 269 29 37 0.02814649 
37 300 30 41 0.027844034 
196 528 32 41 0.027793573 
129 233 28 33 0.02774405 
315 301 30 37 0.027181458 
157 490 50 58 0.027116098 
793 342 54 71 0.026909607 
281 271 27 33 0.02675105 
730 388 32 40 0.02673788 
797 185 515 587 0.02659199 
382 362 57 75 0.026140029 
830 455 117 139 0.026095947 
541 275 887 1112 0.025775164 
924 338 51 65 0.025516752 
347 303 28 37 0.02539827 
647 168 57 75 0.025301836 
408 259 52 68 0.025140416 
818 422 28 36 0.024988694 
78 116 29 35 0.024740545 
219 494 32 42 0.024685517 
605 172 39 52 0.02466851 
730 309 32 41 0.024534928 
731 497 29 36 0.024406336 
196 229 45 57 0.024289265 
197 263 44 57 0.024195556 
887 353 27 34 0.023806233 
952 384 32 42 0.02374171 
841 390 29 37 0.023624385 
906 256 44 57 0.023622796 
893 296 29 39 0.023567144 
809 503 30 36 0.023142956 
657 123 34 44 0.023129005 
399 342 78 103 0.022894377 
40 125 30 39 0.022673124 
782 387 29 38 0.022455635 
370 431 86 109 0.022444941 
384 456 39 52 0.022430891 
522 274 61 77 0.022404544 
701 387 32 41 0.02233857 
7 462 29 37 0.022203734 
156 424 33 42 0.022140268 
733 167 33 40 0.021644041 
701 421 29 35 0.021575576 
993 386 29 39 0.021140274 
839 458 30 37 0.02110745 
159 294 93 122 0.020921167 
4 1107 33 46 0.02074554 
187 343 35 44 0.020705193 
617 120 35 44 0.020696908 
82 294 33 42 0.020635048 
835 365 105 120 0.020618904 
9 237 29 38 0.020567337 
159 530 30 38 0.020503873 
423 304 35 46 0.020269755 
118 121 26 32 0.020137584 
