21_Festival_Festival_21_562
116
607 116 49 62 0.4788318 
972 232 37 52 0.30824882 
395 275 39 53 0.22772813 
157 99 71 95 0.18947147 
477 268 34 41 0.15804629 
163 90 48 61 0.10955018 
486 152 21 26 0.105028644 
174 94 29 36 0.08277564 
264 342 46 54 0.07900027 
142 129 50 68 0.0786379 
489 182 21 28 0.067923315 
388 297 30 39 0.06602488 
942 267 42 51 0.058964398 
274 236 44 52 0.056846257 
95 318 64 75 0.05678884 
732 294 177 169 0.05657769 
307 245 26 36 0.05550179 
163 143 46 66 0.054023236 
357 304 25 32 0.05282806 
49 235 27 35 0.05008944 
962 263 41 55 0.047958776 
666 241 54 86 0.047391914 
727 487 368 396 0.046528228 
161 96 25 33 0.046301372 
744 373 28 34 0.046166286 
461 293 38 48 0.0456063 
989 241 27 39 0.04450222 
793 353 147 135 0.04423615 
357 283 25 32 0.041796077 
304 235 24 32 0.0417703 
627 140 34 42 0.04067507 
102 331 35 42 0.039607294 
155 74 37 51 0.03906244 
130 141 39 53 0.03886445 
744 312 94 96 0.03849532 
870 383 26 33 0.03815425 
643 87 70 96 0.03625288 
848 361 70 82 0.035509683 
551 262 680 733 0.035217308 
947 246 40 48 0.034218393 
358 332 23 30 0.033037912 
925 248 21 28 0.032181717 
368 281 65 83 0.031590108 
820 387 20 27 0.031587493 
150 286 40 51 0.031078761 
486 194 23 30 0.029938279 
92 264 73 77 0.029777613 
923 236 19 25 0.029592743 
688 129 120 179 0.029583897 
261 355 27 32 0.029575946 
484 132 20 26 0.02956316 
172 79 27 33 0.028491931 
641 100 95 149 0.0282933 
481 232 57 67 0.0282866 
866 399 26 32 0.028106298 
384 259 70 82 0.027926171 
155 283 26 33 0.02769808 
724 173 264 316 0.02760486 
198 273 28 36 0.027323011 
871 341 73 87 0.027113985 
126 312 67 83 0.026847372 
667 180 23 31 0.026669899 
156 124 27 36 0.026460178 
155 165 33 42 0.026172481 
541 381 68 101 0.025884083 
837 418 51 55 0.02581033 
678 51 116 175 0.025712125 
352 280 41 52 0.025334043 
-229 289 724 760 0.025162883 
460 199 21 27 0.02463844 
167 183 40 54 0.02370591 
583 297 66 82 0.023653565 
-70 531 360 354 0.023400879 
684 256 27 40 0.02334368 
68 244 56 62 0.023298357 
819 341 76 88 0.02323086 
481 187 39 50 0.023102455 
593 140 96 139 0.023102399 
229 356 20 26 0.023043318 
468 277 29 35 0.022996068 
104 93 114 130 0.02299279 
472 139 53 67 0.02280629 
805 374 44 51 0.022721812 
387 320 27 35 0.022696784 
527 305 45 61 0.02256825 
714 203 24 33 0.022508508 
839 376 45 54 0.022413384 
256 222 54 55 0.022240395 
-4 207 39 71 0.022200542 
846 408 29 34 0.022164274 
668 33 73 109 0.022134406 
614 106 30 37 0.02202953 
120 332 32 42 0.02201855 
846 385 23 29 0.02200808 
641 188 41 52 0.02195558 
407 261 26 34 0.021850033 
553 297 60 80 0.021678029 
800 275 55 60 0.021612924 
515 313 68 94 0.02160322 
778 287 82 80 0.021342304 
967 295 27 35 0.02105536 
72 282 56 62 0.021028234 
660 168 41 55 0.020997012 
832 293 102 108 0.02084015 
873 377 104 100 0.020768704 
38 224 54 68 0.020668026 
412 299 59 75 0.020636441 
900 230 21 28 0.020530622 
389 256 24 29 0.02051242 
128 244 77 86 0.020485466 
142 168 61 77 0.020394746 
798 347 48 53 0.020391868 
922 267 38 48 0.020239843 
659 163 73 119 0.020174744 
105 246 50 54 0.02017088 
648 206 103 142 0.020072171 
