21_Festival_Festival_21_225
116
751 283 47 59 0.9927664 
627 471 51 59 0.99234396 
843 306 50 64 0.989446 
665 211 47 58 0.9891312 
385 444 48 60 0.980205 
490 189 92 105 0.7094798 
580 444 39 53 0.32607585 
742 517 43 47 0.26879323 
271 715 32 39 0.22702098 
581 469 38 54 0.12844656 
611 691 27 35 0.12490855 
591 689 29 36 0.12472309 
956 237 29 48 0.10819397 
364 169 81 129 0.09891118 
176 672 26 33 0.09298878 
438 658 25 32 0.090437695 
350 688 30 39 0.085884206 
626 712 37 44 0.08282631 
263 627 51 61 0.07869595 
841 233 28 35 0.07401192 
697 705 28 35 0.07343424 
252 651 42 53 0.07226205 
607 698 41 48 0.071521774 
25 472 39 52 0.056518447 
507 683 23 31 0.05333779 
582 496 31 41 0.052650273 
105 52 172 204 0.047781523 
709 709 25 35 0.04638998 
980 351 40 59 0.0462827 
105 685 21 26 0.043954436 
273 584 32 37 0.04375874 
737 735 26 32 0.043542475 
440 642 26 34 0.043091152 
817 269 38 48 0.04198601 
275 652 34 44 0.04031222 
287 641 46 57 0.039169066 
198 114 45 60 0.038941003 
255 677 27 35 0.038306493 
586 269 39 51 0.038103193 
587 681 52 59 0.037553567 
271 609 34 40 0.03750869 
564 713 24 32 0.03726671 
583 662 28 35 0.03722136 
43 483 23 32 0.036939014 
277 680 29 37 0.034618158 
408 653 38 48 0.03440362 
819 287 56 68 0.03430554 
176 714 22 28 0.03320908 
281 522 38 50 0.032959197 
529 213 57 63 0.032310396 
396 197 66 94 0.03202707 
331 390 40 49 0.031624135 
107 719 20 25 0.031469334 
335 469 34 45 0.031423148 
158 679 33 42 0.031176103 
612 448 52 69 0.030947756 
133 713 21 27 0.030912558 
499 415 49 56 0.030906089 
302 551 68 87 0.030656446 
662 711 25 32 0.029981045 
50 535 30 36 0.029939834 
361 442 53 66 0.029634062 
464 735 25 29 0.029425023 
429 737 24 29 0.029375942 
211 714 22 27 0.029275315 
306 634 28 36 0.02903667 
499 245 63 62 0.028719818 
434 366 37 50 0.027929531 
225 343 77 106 0.027541494 
991 301 25 34 0.027275054 
465 719 21 25 0.027251057 
120 122 47 55 0.027192317 
157 711 22 28 0.026866114 
332 675 56 72 0.026299497 
390 234 60 79 0.0262717 
210 688 21 28 0.026142674 
419 644 48 61 0.025910499 
410 677 27 36 0.025768507 
47 507 26 34 0.025671445 
26 455 29 40 0.02540601 
1 435 27 38 0.025301108 
120 128 70 84 0.025296045 
281 652 64 80 0.025193734 
56 608 23 26 0.025107967 
505 666 24 32 0.024602152 
539 732 25 31 0.024504952 
529 165 69 84 0.02411046 
29 495 30 40 0.024102679 
511 708 22 28 0.024061402 
101 732 25 31 0.023692459 
293 507 36 49 0.023668407 
719 730 26 36 0.023525527 
300 476 28 37 0.023360385 
432 677 24 32 0.023334345 
710 682 35 49 0.023276292 
-2 93 49 95 0.022742093 
470 155 72 89 0.022558153 
489 715 20 26 0.022372564 
964 265 32 53 0.022247925 
545 717 21 27 0.022091243 
0 498 24 35 0.021983162 
426 428 29 39 0.021978226 
852 604 23 30 0.021932118 
386 1 26 27 0.021840286 
63 552 34 44 0.021471282 
43 32 76 95 0.021076435 
306 581 27 35 0.021066716 
969 237 20 31 0.021043023 
322 110 43 53 0.020734088 
561 689 57 65 0.020690586 
602 215 37 48 0.020588666 
406 151 64 100 0.020532608 
99 670 23 29 0.02036363 
432 397 39 53 0.020352239 
62 607 37 43 0.020218642 
567 500 32 42 0.02017697 
