21_Festival_Festival_21_107
526
171 224 63 74 0.20801245 
792 205 22 28 0.119046964 
571 203 20 25 0.10411019 
233 152 21 27 0.092809945 
204 468 45 52 0.09042843 
589 202 23 28 0.088142954 
458 170 25 31 0.086073555 
265 157 20 26 0.080857605 
489 200 21 25 0.07774858 
520 286 24 30 0.07530769 
348 314 45 56 0.07441314 
326 424 26 36 0.071609095 
264 213 44 55 0.07145468 
14 207 76 100 0.07057736 
385 174 20 25 0.069544874 
258 96 20 26 0.0694128 
693 77 26 32 0.06907791 
438 228 21 26 0.068885654 
459 462 38 56 0.06746364 
599 230 44 50 0.067368165 
392 210 19 25 0.06624263 
153 312 69 84 0.066064104 
516 155 17 23 0.06496019 
762 347 26 33 0.061219033 
391 158 19 24 0.061159924 
237 100 19 23 0.06099486 
597 182 20 24 0.060756393 
840 305 20 25 0.05924072 
359 307 62 79 0.058832876 
308 420 42 51 0.058535475 
48 103 29 36 0.057794493 
512 180 18 22 0.057751782 
233 132 19 24 0.05761622 
666 276 21 26 0.057283707 
561 249 22 25 0.05708012 
765 176 19 23 0.056280345 
566 179 19 24 0.05523223 
511 205 20 25 0.054190096 
751 176 19 23 0.052038692 
269 49 20 24 0.051679242 
276 463 25 30 0.051476624 
339 130 25 31 0.051373877 
439 127 72 88 0.050781894 
993 258 17 24 0.050677758 
825 71 155 196 0.050292857 
319 403 39 53 0.04976603 
606 201 25 30 0.04850892 
357 460 27 35 0.047927197 
693 232 20 24 0.04743186 
696 91 24 30 0.047347628 
545 175 19 22 0.04697609 
864 87 79 96 0.0467588 
305 449 42 52 0.046400946 
686 64 43 52 0.04623867 
97 124 21 29 0.045673992 
303 124 22 27 0.045022592 
738 227 19 24 0.04495933 
869 327 20 25 0.044827294 
300 209 44 56 0.044580836 
490 186 20 24 0.04441307 
151 149 62 72 0.043552246 
481 229 22 28 0.04340332 
54 16 38 51 0.043292273 
608 181 20 23 0.043259587 
406 252 18 22 0.043109227 
264 40 31 40 0.043006774 
489 249 22 28 0.042558085 
337 141 24 32 0.042538535 
368 280 20 25 0.042480126 
485 76 21 28 0.042471338 
452 410 45 56 0.04239684 
386 306 21 25 0.041765768 
84 124 25 33 0.041707326 
446 149 44 52 0.041404434 
354 102 19 24 0.041361976 
590 181 32 41 0.04118905 
459 20 21 25 0.041145146 
772 227 20 26 0.041130133 
259 196 39 51 0.040826984 
198 172 36 47 0.0406557 
541 159 19 23 0.040639013 
885 114 51 55 0.040410217 
830 181 18 23 0.040388465 
352 128 22 30 0.0402342 
487 133 19 23 0.040105365 
90 247 44 54 0.039704837 
145 135 47 57 0.03961668 
646 186 18 23 0.039557233 
722 230 20 23 0.03954271 
381 328 27 33 0.039537292 
343 102 21 26 0.039506696 
441 482 23 35 0.039349154 
157 45 20 26 0.03896005 
751 347 77 98 0.038581293 
924 181 21 24 0.038574412 
201 195 29 36 0.038538773 
380 284 18 24 0.038480796 
257 84 19 26 0.038123738 
356 143 23 29 0.037813406 
407 234 20 24 0.03772584 
404 210 20 25 0.03765298 
772 157 18 22 0.037493236 
73 138 41 53 0.037453838 
566 159 20 26 0.036953025 
437 377 78 90 0.036810253 
398 333 75 83 0.036726467 
581 435 44 50 0.036581222 
487 152 19 23 0.036561344 
723 208 17 20 0.03656005 
433 343 76 80 0.036237687 
410 309 19 23 0.03620569 
463 130 22 26 0.036172792 
238 85 18 23 0.036014616 
435 382 26 35 0.0360117 
385 346 30 38 0.035997044 
183 6 21 23 0.03595339 
432 406 28 37 0.0359394 
371 72 63 85 0.035915673 
364 287 109 118 0.035579953 
260 475 27 34 0.0355282 
287 439 68 85 0.0353326 
716 374 22 29 0.035314307 
642 327 66 83 0.035286106 
921 275 21 25 0.035264336 
333 178 25 34 0.035177756 
434 424 27 37 0.035148535 
678 282 116 126 0.03510362 
798 187 19 25 0.035090454 
318 467 41 53 0.03490338 
276 154 21 27 0.034898836 
35 83 56 70 0.034847416 
382 46 22 29 0.034719694 
174 287 67 92 0.034653965 
665 263 22 27 0.034587093 
699 427 107 114 0.034225076 
612 3 24 28 0.034133155 
382 27 22 27 0.034038536 
750 349 23 31 0.033905927 
278 214 64 81 0.033784144 
715 74 19 25 0.033609394 
229 142 35 46 0.033570074 
440 128 23 29 0.033551324 
342 116 38 49 0.033526026 
714 364 21 29 0.033517014 
377 396 28 37 0.03341108 
174 175 26 33 0.03330379 
875 313 20 24 0.03301463 
363 355 67 83 0.032753967 
697 309 23 27 0.032679986 
132 131 21 26 0.03267701 
673 227 19 23 0.032675166 
728 357 57 76 0.032587707 
263 178 20 26 0.032535143 
607 317 123 131 0.032457303 
274 247 28 34 0.032395642 
596 153 18 23 0.032357577 
259 147 33 44 0.032325976 
153 80 19 24 0.032219693 
693 362 55 69 0.032159936 
231 177 21 26 0.032030888 
642 198 20 24 0.031843446 
272 303 28 36 0.031795073 
181 194 60 76 0.031787965 
291 127 20 24 0.03170157 
28 118 23 29 0.03165678 
203 102 17 22 0.03165352 
743 329 53 63 0.031614073 
275 198 28 34 0.031583775 
391 256 18 21 0.031523336 
571 376 25 30 0.03147302 
153 96 19 24 0.031464472 
259 309 27 34 0.03143426 
590 235 65 76 0.0314268 
899 129 28 29 0.0313346 
696 252 21 26 0.031282064 
262 199 25 30 0.031244542 
491 101 18 24 0.031186607 
437 254 22 27 0.031181881 
249 449 57 69 0.031057486 
663 326 25 33 0.030942542 
309 185 58 82 0.030922571 
125 219 42 55 0.030912058 
775 209 20 27 0.030886143 
247 318 97 123 0.03055619 
597 0 23 28 0.030415416 
203 223 63 81 0.03039999 
390 229 19 24 0.030314092 
694 282 20 25 0.030291053 
641 234 21 25 0.030278575 
597 340 80 92 0.030210096 
359 226 19 25 0.030179622 
543 24 23 30 0.030090522 
446 444 77 107 0.03001804 
674 337 61 75 0.030005265 
69 58 116 157 0.02996331 
309 131 69 85 0.029929195 
596 132 19 22 0.029891076 
529 284 25 29 0.029868241 
64 155 46 56 0.029854484 
518 135 17 22 0.029847002 
431 374 44 54 0.029834181 
657 51 110 144 0.029826678 
540 207 19 24 0.029710319 
706 353 35 47 0.029676892 
841 185 19 23 0.029524066 
512 255 21 25 0.029367283 
561 176 32 40 0.029316008 
749 300 24 30 0.02930249 
314 320 68 82 0.029280173 
505 396 48 48 0.029144691 
308 31 21 27 0.029105874 
756 100 18 23 0.029084872 
312 476 28 37 0.029077582 
440 442 38 56 0.029071435 
748 154 19 24 0.02903102 
566 233 21 25 0.029021759 
746 131 18 24 0.029014183 
375 301 41 52 0.028953644 
641 361 22 29 0.028873298 
304 363 68 87 0.028750457 
595 296 78 95 0.02866267 
337 80 20 25 0.028631145 
692 19 29 32 0.028628767 
341 442 54 71 0.028548678 
304 4 22 24 0.028543027 
408 174 18 23 0.02854029 
674 205 18 21 0.028519038 
263 401 67 84 0.028452992 
792 217 22 30 0.028439958 
132 98 18 23 0.028439645 
378 166 34 45 0.028414104 
203 154 20 27 0.028384386 
622 373 538 578 0.028333824 
339 96 35 43 0.028281832 
338 385 71 80 0.028228926 
598 226 25 29 0.028224139 
590 407 24 29 0.028216124 
243 287 67 90 0.028212344 
407 155 19 25 0.028152516 
635 255 23 29 0.028121551 
746 280 23 28 0.028030815 
337 85 76 96 0.02796177 
413 49 20 24 0.027953885 
26 104 37 49 0.027797453 
469 73 19 24 0.027778761 
14 67 108 147 0.027773468 
405 454 23 30 0.02773096 
746 211 18 22 0.02767962 
382 145 35 46 0.027674675 
577 172 52 68 0.027620375 
567 410 24 28 0.027519511 
681 219 113 127 0.027492201 
359 229 124 135 0.02748875 
618 375 72 93 0.027468499 
427 309 74 82 0.02743517 
13 240 109 138 0.027418368 
694 37 78 97 0.027354565 
191 488 52 57 0.027307577 
582 3 56 71 0.027301025 
392 125 19 26 0.027294958 
293 162 63 79 0.027200188 
386 75 21 26 0.027152544 
900 143 25 28 0.027097182 
416 2 23 27 0.027027164 
153 132 23 28 0.026921429 
736 197 125 145 0.0268688 
668 305 22 27 0.02685775 
610 19 24 30 0.026800098 
596 21 23 30 0.026758276 
513 222 21 26 0.026733277 
11 336 114 135 0.026618807 
824 71 83 100 0.02650091 
468 231 22 27 0.026466118 
33 179 74 90 0.026439995 
742 384 22 29 0.026427712 
432 2 22 27 0.026395552 
696 361 25 32 0.026364261 
358 176 21 26 0.026339984 
560 24 21 29 0.026321279 
723 181 17 22 0.026238408 
361 422 29 39 0.026191788 
415 435 74 99 0.026191594 
478 477 27 38 0.026178498 
271 322 62 76 0.02617719 
670 182 17 22 0.026119726 
386 148 115 128 0.026104497 
617 388 20 26 0.02604451 
625 371 127 134 0.025985517 
263 129 18 23 0.025979875 
752 80 18 22 0.025961673 
364 405 28 38 0.025959302 
250 28 54 68 0.025956754 
248 157 59 76 0.025955139 
386 86 38 52 0.025939278 
772 131 19 24 0.025895184 
496 41 67 86 0.025848124 
464 6 23 26 0.025799874 
330 198 22 31 0.025696207 
543 134 18 23 0.025686895 
311 202 26 34 0.025643565 
493 186 50 63 0.025500495 
206 2 19 20 0.025450053 
278 277 26 32 0.02544628 
637 334 23 29 0.02543029 
369 36 39 48 0.025358025 
594 356 21 25 0.025355527 
901 180 19 22 0.025189687 
98 227 27 34 0.02517585 
415 285 19 23 0.025148522 
30 251 49 60 0.025135303 
267 29 18 22 0.025116814 
541 169 32 38 0.0250749 
520 408 45 47 0.025066484 
541 252 21 26 0.024986727 
284 120 33 42 0.024913186 
718 50 23 28 0.024872169 
690 6 25 27 0.024862215 
359 80 19 24 0.024806064 
312 419 108 131 0.024798771 
452 129 44 54 0.024761446 
638 307 21 26 0.024717193 
402 354 26 34 0.024683772 
464 51 20 25 0.024643818 
617 335 24 29 0.024639713 
142 213 60 73 0.024637036 
688 317 41 51 0.024470557 
558 183 52 62 0.024461731 
751 133 133 160 0.024441795 
385 77 113 142 0.0244296 
129 79 18 25 0.02433927 
265 223 26 34 0.02431901 
440 149 25 32 0.024302892 
460 276 23 28 0.024298726 
464 252 22 27 0.024287112 
511 284 39 49 0.024270574 
134 230 26 34 0.024244485 
438 210 20 27 0.024122557 
750 385 85 106 0.024111193 
360 209 19 24 0.024097871 
542 99 18 24 0.023945076 
85 121 78 100 0.023858592 
506 174 31 39 0.023816114 
662 364 43 56 0.023742296 
463 107 18 23 0.023742035 
572 332 72 83 0.02371049 
698 411 66 91 0.02369584 
612 155 19 22 0.023682171 
62 102 57 71 0.023631662 
501 411 68 71 0.023616105 
432 72 18 23 0.023600342 
593 329 24 32 0.023591977 
791 328 20 26 0.02358403 
709 396 37 51 0.02356575 
-2 263 76 100 0.023519099 
539 46 21 29 0.023503877 
717 327 21 28 0.02344243 
115 265 40 48 0.023433363 
42 130 48 61 0.023430746 
386 202 33 44 0.023391716 
925 262 21 25 0.02337771 
7 174 24 35 0.023305353 
671 378 23 30 0.023292905 
157 104 66 82 0.023288622 
309 42 21 27 0.023279255 
393 100 20 25 0.023245573 
230 51 16 21 0.023198783 
868 356 20 24 0.023180583 
411 23 22 27 0.02310494 
537 228 21 25 0.02310425 
653 318 44 55 0.023102969 
312 406 26 32 0.023094844 
389 2 21 25 0.023090804 
543 4 57 71 0.023053989 
231 93 32 41 0.023009682 
653 401 61 85 0.023004996 
719 253 20 26 0.022993615 
644 151 18 23 0.022982722 
609 401 24 31 0.022980848 
421 212 127 140 0.022974111 
713 309 23 29 0.02295771 
791 348 76 96 0.022937689 
239 285 22 29 0.022904659 
154 32 22 27 0.022855407 
509 147 32 41 0.022837916 
233 0 18 21 0.022822203 
481 427 27 33 0.022816997 
617 307 23 28 0.022799667 
384 459 25 32 0.022793096 
465 387 52 56 0.022770854 
226 123 35 46 0.02276772 
336 52 66 84 0.022723624 
239 427 93 116 0.02271315 
828 304 20 25 0.022685882 
586 382 21 27 0.0226493 
691 209 18 20 0.022574384 
733 58 138 146 0.022543905 
209 47 18 22 0.022501057 
365 28 21 25 0.022499792 
436 279 22 27 0.022488805 
956 277 20 24 0.02241952 
177 499 46 52 0.022377672 
901 276 20 25 0.022372503 
434 123 42 54 0.022355339 
384 383 29 36 0.022339206 
741 258 20 25 0.022338798 
797 153 19 23 0.022332244 
620 245 37 45 0.022331605 
509 279 76 86 0.022316795 
391 366 46 57 0.022273282 
156 616 25 31 0.022252347 
111 297 69 84 0.022244945 
69 24 26 34 0.022231579 
628 327 40 50 0.02219157 
437 108 20 25 0.022188613 
82 13 72 93 0.022170763 
432 53 19 24 0.022123063 
764 77 18 23 0.02209855 
203 130 18 23 0.022089664 
387 532 23 33 0.022053579 
515 69 63 84 0.022011213 
819 354 21 27 0.022007579 
328 458 24 32 0.0219952 
-205 267 724 768 0.021995103 
694 46 27 32 0.021992324 
358 312 25 31 0.021933328 
516 51 22 29 0.021930506 
141 175 65 81 0.021909503 
289 0 21 23 0.021904146 
586 348 41 48 0.02188442 
709 318 38 48 0.021848287 
402 303 37 49 0.021842081 
109 79 62 79 0.021816649 
519 10 56 69 0.021780126 
130 107 105 126 0.021774909 
914 126 24 28 0.021752354 
4 467 122 151 0.021703796 
610 267 27 33 0.02162455 
167 510 63 71 0.021580258 
679 442 160 167 0.02157948 
107 105 19 26 0.021563338 
279 179 23 30 0.02155801 
745 35 85 95 0.021551318 
923 227 19 24 0.02149717 
127 132 44 55 0.02147581 
866 145 21 24 0.021471068 
186 558 23 28 0.021427134 
309 177 24 31 0.021407885 
101 228 57 70 0.021362895 
871 71 27 34 0.021351447 
183 127 61 80 0.021301016 
676 413 58 84 0.021297308 
522 240 55 64 0.02128445 
565 102 18 23 0.021270113 
364 275 34 42 0.021264961 
139 288 67 81 0.021252384 
421 207 56 67 0.021250669 
654 238 67 79 0.021249613 
130 145 25 32 0.021231852 
563 362 118 127 0.021216277 
854 149 19 23 0.021153402 
477 175 37 44 0.021142246 
704 40 45 53 0.02113318 
696 326 25 31 0.02111021 
259 133 54 69 0.021102134 
417 83 61 79 0.021075042 
901 334 21 26 0.021069158 
664 357 23 31 0.021052618 
482 370 124 140 0.021052003 
693 157 20 25 0.020990327 
278 30 20 25 0.020982089 
572 196 69 81 0.020977344 
464 66 71 87 0.020924395 
876 182 17 20 0.020915907 
88 220 45 57 0.020914173 
478 61 38 49 0.020913754 
776 32 20 24 0.020907233 
24 610 24 29 0.020876272 
177 150 25 32 0.020865718 
103 619 24 27 0.020858271 
512 6 22 26 0.020813627 
214 152 58 74 0.020806335 
586 374 69 81 0.020805929 
302 20 35 45 0.020777935 
713 101 19 24 0.020759787 
692 173 18 23 0.020756306 
492 20 21 23 0.020710869 
399 394 41 51 0.020707648 
689 375 24 30 0.020702573 
322 108 109 125 0.020669335 
222 260 62 79 0.020661782 
402 477 115 153 0.020636663 
695 127 20 26 0.020609008 
567 77 19 26 0.020593204 
553 359 57 66 0.020565059 
996 203 16 20 0.020557096 
145 89 36 47 0.02054349 
350 257 77 96 0.020530805 
472 472 162 164 0.020515136 
774 50 19 24 0.020509157 
384 108 38 51 0.020503148 
481 260 58 68 0.020497493 
347 22 66 79 0.020468382 
481 86 38 50 0.020465186 
437 323 45 51 0.020463884 
126 619 24 29 0.020440217 
611 216 60 72 0.020422013 
281 103 21 28 0.020420957 
923 2 22 24 0.020377526 
510 20 20 26 0.020370288 
107 176 68 86 0.020356217 
388 504 63 82 0.020347308 
791 27 20 22 0.020335132 
722 126 20 25 0.020306159 
510 57 41 54 0.020301094 
901 355 21 25 0.020274496 
475 125 40 49 0.020248039 
211 30 19 22 0.020209255 
105 46 63 80 0.020201808 
188 100 19 23 0.02017956 
454 15 36 44 0.020174857 
549 285 77 94 0.02017271 
96 637 26 29 0.020110426 
517 71 22 30 0.020066096 
271 109 54 67 0.020043433 
76 76 22 30 0.020039748 
258 170 35 48 0.02001436 
