21_Festival_Festival_21_97
97
136 605 43 51 0.9021965 
236 39 45 62 0.6464727 
264 611 41 51 0.6282239 
513 588 28 36 0.27355236 
195 569 43 57 0.11136756 
824 527 47 50 0.10118089 
457 20 528 613 0.090497606 
819 581 63 73 0.08556624 
614 779 30 38 0.06527562 
357 2 27 31 0.05925676 
861 636 71 97 0.055761974 
465 655 22 29 0.0516393 
78 671 24 32 0.05112114 
361 615 20 25 0.05052802 
592 50 292 350 0.049826827 
807 614 52 59 0.047425874 
803 549 71 75 0.045862738 
386 620 20 24 0.043714494 
596 670 86 104 0.043680742 
854 591 44 60 0.043628424 
114 429 23 30 0.043531314 
202 597 31 45 0.038123433 
919 231 29 35 0.03801536 
124 554 27 33 0.03724048 
227 641 27 36 0.035585254 
118 650 42 64 0.03498305 
179 652 24 33 0.03347171 
202 559 28 38 0.033243675 
172 641 44 61 0.032300483 
222 575 32 41 0.031735722 
829 616 50 61 0.03160025 
247 29 59 81 0.03158548 
358 588 21 25 0.031320654 
389 589 20 23 0.031255085 
214 587 53 72 0.031020833 
103 550 37 45 0.030835278 
512 567 26 30 0.030720653 
203 27 65 80 0.030578122 
335 614 22 27 0.030532932 
178 553 41 49 0.030406887 
190 616 58 78 0.030112784 
502 574 48 60 0.029934268 
235 653 24 33 0.029699229 
181 640 25 32 0.029424064 
70 664 39 49 0.029227037 
220 614 55 72 0.029169338 
849 604 71 91 0.029164558 
484 668 19 23 0.02885424 
600 744 67 84 0.028743995 
148 334 64 89 0.028673608 
207 638 24 33 0.027684214 
415 641 21 26 0.027522048 
593 746 24 29 0.027140422 
588 691 23 26 0.026939088 
631 715 51 63 0.026842406 
143 590 36 44 0.026592739 
204 551 57 70 0.026293961 
386 634 22 26 0.025821442 
956 643 49 60 0.025373958 
642 669 25 28 0.024737451 
883 621 42 64 0.02412383 
482 696 21 25 0.023836274 
0 176 109 116 0.023652002 
103 0 130 150 0.023561938 
15 588 50 65 0.023484342 
493 617 21 27 0.023319263 
839 542 40 47 0.023162365 
892 657 66 87 0.023113003 
646 738 26 32 0.023108365 
834 552 72 85 0.022906182 
489 760 22 27 0.022782208 
88 640 56 77 0.02261864 
150 553 27 34 0.022554198 
524 950 20 24 0.022503652 
791 552 42 53 0.022428885 
378 107 74 88 0.022161165 
129 692 73 87 0.022141961 
810 608 101 126 0.022055816 
378 614 33 39 0.021731313 
586 732 42 49 0.021556599 
150 656 72 95 0.021274986 
440 660 21 25 0.021220613 
359 636 21 26 0.020967197 
470 696 20 25 0.020866988 
157 584 58 72 0.020667076 
574 674 74 80 0.02053761 
609 744 23 29 0.020536114 
639 688 25 29 0.020511301 
137 188 87 90 0.020431986 
224 606 30 39 0.020275386 
783 634 60 83 0.020273795 
123 10 76 97 0.020180924 
434 644 22 25 0.020177629 
387 668 22 27 0.020154744 
438 713 19 24 0.020144857 
102 31 71 97 0.020079283 
514 668 20 24 0.02004612 
