21_Festival_Festival_21_275
244
1 197 60 90 0.8149338 
134 281 55 69 0.2653951 
245 270 40 51 0.23324634 
119 312 42 59 0.17971376 
197 454 34 40 0.14827038 
151 294 33 41 0.10054268 
960 331 16 19 0.093367524 
303 332 30 40 0.08616974 
257 256 55 74 0.08457449 
274 281 25 33 0.08139862 
286 228 30 37 0.08124322 
236 277 30 39 0.0808373 
345 290 41 50 0.074915044 
289 222 46 58 0.07457565 
284 297 25 32 0.07111723 
726 335 18 20 0.067010604 
26 204 54 67 0.06608641 
100 279 66 89 0.05787563 
290 43 23 30 0.05698893 
383 278 26 33 0.05421264 
664 309 17 21 0.05299488 
969 335 15 20 0.05197174 
772 39 29 33 0.0515156 
146 326 26 34 0.049681637 
699 335 16 19 0.049418215 
547 534 18 23 0.049415432 
236 221 22 28 0.04930985 
416 240 70 80 0.04897632 
763 436 23 27 0.04808695 
723 307 17 20 0.047777463 
304 301 25 31 0.045599863 
845 338 18 21 0.045007333 
122 206 44 56 0.044916254 
668 44 33 36 0.04488766 
534 311 24 29 0.04383633 
919 355 17 21 0.043833494 
128 341 26 37 0.042497523 
363 657 22 28 0.04247718 
54 223 59 75 0.04237613 
364 639 19 22 0.041884612 
281 614 24 31 0.041485347 
320 282 60 75 0.041134134 
739 333 17 20 0.04098727 
695 313 16 20 0.040900502 
357 285 26 35 0.040816516 
367 261 55 68 0.040803406 
652 310 17 21 0.040561743 
412 272 25 31 0.04048868 
358 614 23 27 0.04017446 
567 335 20 24 0.039578672 
191 325 36 45 0.039374884 
291 461 21 26 0.039154667 
561 351 19 23 0.038576536 
624 338 17 21 0.038299106 
336 297 26 32 0.038249724 
84 78 90 102 0.03761675 
540 275 25 30 0.037190747 
511 563 19 23 0.037001077 
289 237 64 76 0.036483154 
675 277 18 21 0.03641297 
694 439 16 20 0.0361673 
725 84 20 25 0.036012013 
524 326 19 25 0.035420798 
171 298 30 38 0.035287138 
305 306 62 77 0.035241906 
435 272 26 32 0.035030633 
534 271 42 51 0.034811463 
905 354 16 20 0.034730673 
687 281 17 20 0.034724176 
237 587 22 28 0.03466291 
642 336 16 20 0.03428886 
129 280 27 37 0.03372227 
518 543 17 21 0.033357684 
394 264 65 82 0.03324124 
23 375 95 128 0.032989062 
870 338 16 19 0.032697134 
783 43 28 35 0.031383928 
995 357 16 23 0.031278353 
131 434 54 75 0.031157011 
366 509 20 24 0.031128574 
921 342 15 19 0.031013576 
596 302 17 21 0.030957928 
871 358 15 17 0.030739486 
483 515 18 21 0.030585686 
547 520 17 22 0.03048804 
283 246 29 38 0.030480782 
383 635 20 26 0.030227456 
487 276 19 24 0.030046627 
158 276 45 54 0.030033324 
847 355 15 18 0.029998394 
347 308 46 59 0.029974788 
303 460 20 26 0.029544845 
173 312 42 52 0.029315121 
85 415 81 106 0.029292809 
693 196 21 24 0.029145548 
251 228 23 29 0.029136272 
19 71 42 61 0.029091207 
237 599 56 83 0.029074978 
266 610 45 59 0.0289021 
83 206 56 74 0.028801352 
297 293 41 51 0.02878105 
513 284 90 93 0.028609084 
188 435 72 87 0.0283332 
92 315 61 87 0.028096884 
722 435 17 21 0.028003225 
664 441 17 21 0.027895246 
528 300 40 47 0.027723208 
260 173 20 25 0.027605776 
699 358 17 20 0.027318703 
648 467 16 21 0.027281258 
473 492 18 22 0.02727712 
65 370 136 178 0.02727389 
224 607 42 62 0.027259888 
408 259 41 51 0.0272365 
995 231 18 25 0.027163846 
667 361 16 19 0.027146291 
541 227 22 27 0.027070895 
471 256 168 176 0.02690897 
228 219 38 48 0.026822852 
333 277 26 34 0.026821673 
433 211 76 78 0.026807414 
173 325 111 130 0.02660023 
87 236 40 54 0.026537655 
670 334 16 19 0.026348265 
235 295 28 34 0.026037615 
377 591 22 28 0.025957514 
651 436 16 19 0.02594981 
901 344 16 19 0.025908086 
738 85 19 25 0.025791693 
462 272 22 29 0.025780143 
771 331 16 19 0.025760831 
76 247 27 36 0.02564817 
613 304 17 21 0.025580827 
797 96 19 23 0.025564864 
824 341 18 22 0.025561389 
164 244 45 54 0.02547381 
723 416 16 20 0.025148334 
231 611 25 37 0.0251291 
198 383 80 90 0.025118524 
414 298 22 30 0.02502141 
339 323 69 87 0.024879787 
719 354 16 21 0.024853038 
372 316 43 53 0.024794683 
363 592 23 28 0.024782866 
398 217 69 79 0.02476283 
380 513 17 21 0.024680225 
793 81 22 27 0.024664631 
703 58 63 75 0.024521546 
362 365 77 97 0.024514588 
447 257 42 52 0.024437636 
693 463 19 25 0.02437705 
181 332 53 65 0.024335718 
280 331 57 71 0.024320386 
390 257 24 30 0.02415419 
255 259 26 34 0.024143424 
3 -1 27 33 0.024014596 
518 314 34 41 0.023964914 
543 259 23 27 0.023866124 
745 308 16 20 0.0237425 
79 231 28 36 0.02369653 
337 483 20 26 0.023575649 
955 327 28 37 0.023474833 
414 492 18 22 0.023407938 
-61 513 354 361 0.023367533 
335 239 62 74 0.023261368 
217 249 64 82 0.023248574 
441 513 17 21 0.02324147 
726 96 20 25 0.023220435 
749 534 341 360 0.02318697 
457 245 68 83 0.023146655 
51 187 65 81 0.02314334 
819 50 26 34 0.023137167 
308 276 25 33 0.023104478 
614 459 17 21 0.02303127 
309 341 71 86 0.023022845 
115 244 93 122 0.023018967 
180 235 63 73 0.022870632 
-8 74 69 97 0.022868043 
993 404 17 23 0.022845367 
434 657 24 30 0.022729065 
618 353 19 23 0.022679223 
235 253 94 114 0.022596454 
409 536 20 24 0.022553012 
971 317 16 20 0.022500848 
956 316 18 21 0.02249936 
514 279 20 25 0.022439322 
283 454 33 41 0.022438692 
331 639 19 23 0.022387922 
315 433 22 30 0.022365974 
517 517 18 21 0.022309152 
407 335 24 33 0.02226225 
719 86 34 42 0.022155693 
80 355 59 92 0.022136686 
-205 295 697 748 0.02213288 
28 340 64 90 0.022008592 
469 513 18 22 0.021948967 
689 476 23 29 0.021897724 
614 441 17 21 0.021880634 
310 274 110 116 0.021879563 
110 231 67 87 0.02176534 
97 228 26 35 0.021756781 
202 305 25 31 0.02175196 
204 336 54 68 0.021665609 
696 232 18 22 0.021633595 
62 275 63 81 0.021610783 
474 261 39 50 0.021575022 
723 288 18 20 0.021569801 
561 280 22 26 0.021548085 
58 330 67 93 0.021464456 
544 528 30 38 0.021422941 
500 251 86 91 0.021337941 
382 344 84 98 0.021295756 
878 383 15 18 0.021235755 
414 513 17 21 0.021234604 
842 388 16 19 0.0211915 
130 395 102 131 0.021190405 
590 334 17 22 0.021147119 
281 188 66 84 0.021133764 
996 341 15 21 0.021131124 
761 28 51 59 0.021127077 
442 297 22 30 0.021108666 
285 484 20 24 0.021074498 
624 386 19 22 0.020999406 
747 411 16 20 0.020973584 
668 265 17 21 0.020951476 
75 52 82 89 0.020915782 
255 159 20 25 0.020817578 
643 485 18 22 0.020786706 
230 585 37 49 0.020780113 
194 469 77 100 0.020660914 
199 347 29 38 0.020539416 
359 488 21 25 0.020515032 
645 355 17 20 0.020508232 
36 127 60 73 0.020439759 
384 253 39 48 0.02042947 
597 463 16 19 0.020333378 
243 223 39 50 0.020288967 
533 222 38 43 0.020287078 
397 347 41 51 0.020214895 
378 298 28 36 0.020094093 
921 391 18 22 0.02008755 
128 320 59 80 0.020079682 
824 66 23 30 0.020050291 
394 189 160 167 0.020023383 
