21_Festival_Festival_21_193
513
336 455 49 68 0.77076346 
200 431 40 51 0.74358565 
31 488 54 73 0.30176902 
715 594 71 95 0.29292774 
4 359 22 35 0.263549 
379 404 23 27 0.25008562 
815 458 26 32 0.22256938 
635 439 25 34 0.21961355 
261 376 20 25 0.19118841 
469 388 20 24 0.18846883 
440 350 20 25 0.1802552 
584 413 19 24 0.16562153 
155 385 20 26 0.15736453 
234 407 21 27 0.153567 
711 458 25 30 0.15122822 
700 465 21 26 0.14909112 
533 427 23 31 0.14232177 
623 439 22 30 0.140208 
153 312 18 21 0.13733937 
333 357 19 23 0.13648123 
670 409 20 24 0.13646619 
414 390 18 23 0.13489512 
248 473 43 52 0.13467473 
573 416 20 25 0.13221125 
387 391 21 24 0.13116306 
484 476 28 36 0.12948243 
569 485 26 33 0.12655991 
46 330 20 24 0.124313965 
455 459 26 36 0.12414978 
791 440 21 26 0.12251173 
332 405 20 25 0.12168212 
207 411 27 32 0.11850421 
0 120 25 36 0.11719469 
800 455 23 29 0.11656574 
432 387 18 23 0.11422052 
764 384 22 26 0.11301383 
109 359 21 25 0.11163746 
948 459 27 37 0.11035908 
309 414 19 23 0.10648269 
260 365 19 24 0.10608415 
153 437 25 31 0.10548063 
16 481 47 69 0.104637325 
362 389 19 22 0.1027686 
842 447 29 37 0.10275119 
893 458 26 32 0.102418475 
368 407 20 24 0.101565 
279 385 18 22 0.10095195 
621 454 24 32 0.10043492 
150 328 19 22 0.09850412 
696 570 59 93 0.09836494 
486 384 18 23 0.097955994 
459 356 18 22 0.096538976 
465 439 22 29 0.09610806 
335 391 19 23 0.09596245 
672 429 21 27 0.09559427 
570 381 17 21 0.09549799 
699 479 22 28 0.094049014 
75 412 25 31 0.093738094 
774 431 23 29 0.09074448 
66 498 42 61 0.09035544 
334 432 25 33 0.090012774 
495 362 17 21 0.08787882 
328 435 40 57 0.087503605 
253 414 20 26 0.08748698 
727 357 17 22 0.086614184 
177 389 20 24 0.08585048 
401 457 26 33 0.085453786 
189 334 17 21 0.08531905 
308 428 22 28 0.08526055 
688 405 20 25 0.084160246 
405 483 27 34 0.08303516 
560 502 28 35 0.08182697 
869 430 27 36 0.08173677 
459 471 27 36 0.08120559 
534 385 19 22 0.0789168 
619 407 18 23 0.078329615 
870 410 20 24 0.07800046 
436 406 19 25 0.077956215 
288 410 21 26 0.07761916 
433 200 16 21 0.07757082 
236 387 18 23 0.07720331 
130 360 20 24 0.07713757 
570 430 22 28 0.07711228 
430 275 22 26 0.07698685 
482 434 21 27 0.07661578 
367 361 19 24 0.07610709 
127 309 17 21 0.07608885 
953 433 22 27 0.07375 
483 464 25 32 0.07372132 
310 384 18 22 0.07366468 
208 381 19 22 0.07274156 
595 358 16 19 0.07270347 
222 435 26 34 0.07262235 
81 306 19 24 0.07239268 
73 382 21 27 0.072075754 
584 431 22 27 0.07096322 
312 365 18 22 0.07066868 
103 461 25 33 0.06995515 
96 457 38 56 0.06949054 
30 406 23 31 0.06943785 
690 357 17 21 0.069213375 
80 478 55 82 0.068959914 
517 426 25 32 0.066853516 
135 383 20 24 0.06651957 
534 414 21 26 0.0663583 
57 380 22 27 0.06616014 
78 334 20 25 0.065683745 
667 385 18 22 0.06503624 
533 482 27 34 0.06495125 
850 435 26 33 0.06490948 
505 535 37 64 0.06472378 
544 355 17 20 0.06440361 
648 410 19 24 0.064186275 
174 499 40 53 0.06394602 
209 361 19 22 0.06371025 
271 484 32 39 0.062820286 
687 436 19 25 0.062759355 
619 388 17 21 0.062691435 
508 358 17 21 0.06252969 
445 463 24 32 0.062461175 
182 359 17 20 0.061853457 
408 500 28 36 0.06132956 
592 391 16 19 0.0606862 
667 365 17 21 0.05972421 
822 438 22 27 0.059611138 
292 329 18 22 0.058941416 
101 429 23 30 0.0589367 
890 432 23 30 0.05882943 
138 331 19 23 0.058561802 
467 403 21 25 0.05780436 
520 385 18 23 0.05752904 
75 249 20 25 0.057127103 
255 427 24 31 0.056775853 
772 405 23 27 0.056660432 
972 438 21 28 0.056379367 
868 386 17 21 0.05582114 
410 402 20 25 0.05516628 
820 411 19 22 0.054488007 
870 445 30 40 0.05439799 
588 455 22 28 0.053560495 
232 331 17 22 0.05337179 
11 473 93 110 0.053316906 
20 517 35 45 0.0530164 
151 452 23 32 0.053007264 
478 499 42 55 0.05276729 
643 363 18 22 0.05263077 
80 357 20 24 0.05257899 
36 332 19 25 0.052311383 
64 469 43 64 0.05165395 
517 412 21 26 0.051558003 
967 523 45 67 0.051477686 
724 385 18 21 0.051257063 
115 311 18 22 0.050789412 
284 432 24 29 0.05066035 
206 332 18 22 0.050430506 
50 479 33 47 0.050384022 
750 387 18 21 0.050311603 
648 383 18 22 0.04993289 
5 433 23 33 0.04983975 
621 360 16 21 0.049589112 
153 291 17 20 0.048825815 
952 409 19 22 0.04854177 
106 381 20 24 0.048515588 
29 280 21 25 0.048210584 
231 361 18 21 0.04820105 
671 182 18 22 0.047813825 
33 308 20 25 0.04759185 
901 412 18 22 0.047078997 
665 459 20 26 0.047056235 
302 312 17 21 0.047001228 
0 513 46 61 0.046848666 
694 388 18 23 0.046711985 
796 389 19 24 0.046386875 
746 456 23 30 0.046386566 
485 411 19 23 0.046116207 
361 465 46 62 0.045539558 
409 435 23 29 0.045241274 
719 438 23 28 0.045088205 
473 231 17 20 0.044927835 
110 332 19 23 0.04488493 
852 383 18 22 0.044864044 
104 413 20 25 0.044753484 
382 363 18 23 0.04461619 
127 288 16 20 0.04461314 
364 229 16 19 0.04454149 
541 502 27 36 0.044222716 
292 312 18 22 0.04413453 
263 340 17 20 0.04411432 
743 360 17 21 0.04410588 
154 360 18 22 0.043968614 
919 519 36 54 0.043902908 
566 455 22 29 0.043809734 
186 313 17 21 0.043236908 
723 409 19 24 0.04274776 
52 360 20 24 0.042446107 
305 229 19 22 0.042413745 
440 432 21 27 0.042366803 
110 286 17 22 0.041984323 
942 388 18 23 0.041933775 
302 331 17 20 0.041932497 
298 518 45 56 0.04190201 
8 221 23 33 0.041754223 
665 488 21 27 0.04172367 
695 344 17 21 0.041572187 
852 413 52 68 0.04155558 
419 362 17 22 0.041233465 
565 364 16 20 0.041177396 
290 281 17 21 0.041133624 
924 464 24 30 0.04104819 
360 214 17 20 0.04049843 
286 362 18 22 0.04020151 
23 357 18 26 0.04011248 
353 491 34 49 0.040030535 
45 312 19 24 0.040001206 
102 458 56 77 0.039215196 
51 410 22 30 0.039096683 
859 406 38 47 0.03892984 
930 389 18 22 0.038923558 
927 433 20 25 0.03875817 
940 446 48 63 0.038545072 
743 436 21 26 0.03853344 
641 479 22 32 0.03823265 
621 436 48 62 0.038063746 
393 472 46 59 0.038021907 
816 474 27 34 0.037998345 
969 491 44 66 0.037959263 
543 343 18 23 0.037864782 
385 457 25 34 0.03771173 
557 474 46 57 0.037270833 
657 495 36 49 0.037258733 
938 527 64 95 0.037000146 
679 544 61 90 0.036992934 
792 406 20 24 0.03675237 
72 417 36 47 0.03650635 
255 459 30 39 0.03640166 
687 495 39 54 0.03638761 
926 406 17 21 0.036312487 
847 366 17 21 0.03631245 
808 444 46 56 0.03628484 
2 337 20 29 0.036268212 
522 412 50 62 0.036158595 
853 410 20 23 0.03614378 
820 385 18 21 0.036032576 
637 491 37 48 0.035960708 
460 341 19 23 0.035944898 
643 564 62 83 0.035836898 
679 428 32 41 0.03570041 
181 402 24 31 0.03563518 
982 379 18 23 0.035585184 
472 469 48 60 0.035428792 
190 464 42 57 0.035411395 
72 462 27 37 0.03528503 
225 126 22 27 0.035145346 
51 455 40 54 0.035090264 
460 305 18 22 0.035053555 
235 314 16 20 0.034922365 
455 591 53 62 0.034812395 
338 339 18 23 0.034802143 
5 451 24 33 0.034764245 
434 334 32 41 0.034728225 
570 203 18 24 0.03453625 
25 384 20 29 0.03448723 
514 480 25 32 0.034299076 
537 455 26 33 0.034290735 
210 314 17 21 0.034288485 
23 427 24 33 0.034201905 
123 583 93 101 0.034072578 
513 340 17 22 0.034052324 
961 452 36 48 0.034037344 
590 229 19 25 0.033778857 
592 340 17 22 0.033640463 
170 384 33 41 0.033407412 
386 233 16 20 0.033201646 
856 583 96 103 0.033201344 
129 408 22 27 0.033110864 
480 377 29 37 0.033102687 
665 338 17 20 0.03308705 
49 517 35 47 0.032964744 
491 341 17 21 0.032904457 
903 386 16 19 0.032680523 
938 522 40 60 0.032651827 
560 373 32 40 0.032609608 
261 306 15 20 0.032584812 
410 235 16 20 0.032538883 
482 507 54 76 0.03236976 
367 328 22 25 0.032242823 
768 365 19 23 0.032235473 
531 376 30 38 0.032223888 
4 282 19 26 0.032101024 
302 493 44 52 0.032072138 
482 227 19 25 0.03203681 
28 302 31 41 0.031967353 
129 430 24 32 0.031888857 
587 209 19 24 0.031857885 
618 476 24 34 0.03160547 
380 478 27 36 0.031580348 
229 471 42 53 0.031554956 
623 337 19 23 0.031439852 
381 435 23 30 0.031399827 
188 491 43 56 0.0313163 
141 422 48 61 0.03130861 
328 349 30 39 0.03129276 
524 516 50 78 0.031137306 
965 467 39 54 0.031110324 
440 474 25 33 0.031040803 
152 263 15 19 0.030973224 
570 303 19 23 0.030698849 
392 253 16 19 0.03059028 
589 516 73 86 0.030530877 
455 463 47 57 0.030432416 
617 501 25 34 0.03040349 
641 335 20 23 0.030370805 
943 504 31 42 0.03027177 
145 309 30 37 0.030195326 
417 335 18 22 0.030085342 
-4 390 32 53 0.03002045 
375 494 39 50 0.030008538 
710 477 25 34 0.029937943 
52 431 24 32 0.029930362 
439 309 19 23 0.029712113 
604 481 63 75 0.029654019 
617 538 66 79 0.029638387 
15 457 38 53 0.029631756 
3 179 20 28 0.029630106 
152 491 41 56 0.029586626 
723 342 17 23 0.02946071 
381 327 20 24 0.029419377 
835 430 52 62 0.02937261 
819 583 66 86 0.029371373 
276 458 27 34 0.029296692 
359 381 30 40 0.029149644 
5 305 20 26 0.029119214 
7 126 78 90 0.029108675 
15 539 55 61 0.029108405 
143 471 40 54 0.028877176 
343 283 18 21 0.028796153 
0 102 124 184 0.028767996 
157 405 22 28 0.028763127 
437 451 45 55 0.028689519 
409 261 17 21 0.028641488 
575 495 37 49 0.028590692 
-3 537 45 59 0.028466295 
593 555 73 81 0.028345011 
125 459 25 33 0.02833023 
504 499 40 60 0.028266346 
83 282 19 25 0.028252978 
595 250 20 26 0.028186137 
742 473 39 50 0.028169837 
48 158 24 28 0.027766515 
685 449 46 58 0.02771322 
658 517 41 54 0.027651237 
-69 499 362 358 0.02763875 
814 558 45 57 0.027595038 
571 285 20 25 0.027427385 
977 414 18 23 0.02740835 
973 368 17 21 0.027359897 
618 302 21 24 0.027358731 
565 539 71 79 0.027265029 
714 547 71 95 0.027175805 
899 474 26 34 0.027147705 
772 594 83 95 0.027132617 
22 525 83 97 0.027129583 
746 408 19 23 0.02697512 
504 397 53 69 0.026965214 
673 201 17 22 0.02664614 
365 389 49 60 0.026644599 
312 468 42 51 0.026617385 
379 310 22 26 0.026575249 
22 144 49 54 0.026446614 
143 511 58 77 0.02643797 
23 270 34 42 0.026361613 
552 523 46 59 0.026298374 
563 397 50 62 0.026230393 
673 501 59 80 0.026178949 
520 472 49 59 0.02607934 
703 499 67 91 0.02607566 
675 551 153 174 0.026039343 
753 487 44 55 0.025936741 
795 469 36 44 0.025721371 
876 437 51 64 0.025619224 
654 555 41 54 0.025600579 
712 448 61 75 0.025513615 
17 385 47 68 0.025373597 
437 227 17 20 0.025338998 
845 333 18 22 0.025169374 
563 338 17 21 0.025135718 
616 255 22 27 0.025025928 
941 402 33 40 0.025014538 
25 145 147 186 0.025006697 
22 81 90 117 0.024991766 
826 361 17 19 0.024958406 
421 279 18 22 0.024891328 
420 203 17 21 0.024828587 
123 478 27 36 0.024725925 
290 263 17 21 0.024642568 
65 534 111 127 0.024574848 
-214 295 705 729 0.024559123 
425 548 42 60 0.024473272 
105 501 61 84 0.024424998 
936 493 53 73 0.02436849 
994 410 18 25 0.024282683 
96 505 27 40 0.024231745 
121 305 29 36 0.024203949 
594 431 92 113 0.02413905 
660 582 25 34 0.024086183 
615 278 21 24 0.024073876 
348 298 67 80 0.02405732 
427 378 29 37 0.024008015 
909 534 60 93 0.023942603 
545 379 102 116 0.023885973 
463 503 39 48 0.023872461 
386 213 16 19 0.023844365 
47 283 19 25 0.023814805 
764 483 27 36 0.023798244 
918 395 33 42 0.023704775 
465 611 55 59 0.023681402 
554 439 51 64 0.023675434 
539 307 18 22 0.02366467 
166 541 47 57 0.023630882 
32 155 23 26 0.023627216 
519 439 52 65 0.023611976 
361 435 25 32 0.023526292 
748 379 29 35 0.023523862 
231 381 30 39 0.023487885 
343 309 18 21 0.02337107 
510 449 36 44 0.023312746 
736 577 80 99 0.02324257 
132 262 16 19 0.023106817 
243 548 57 63 0.02307191 
924 468 33 44 0.023050478 
99 372 32 40 0.023047509 
810 530 41 51 0.02301105 
201 376 33 42 0.02297783 
272 392 50 62 0.022958653 
76 237 21 24 0.022898704 
552 524 110 130 0.02286837 
538 351 33 41 0.02283352 
186 518 48 57 0.022812266 
635 571 45 59 0.02273689 
871 366 17 20 0.022730878 
449 349 31 39 0.022596344 
577 439 50 62 0.022560524 
753 497 71 84 0.02255778 
471 575 48 60 0.02242887 
298 543 50 58 0.022424558 
151 581 120 119 0.022418242 
123 158 20 26 0.02241615 
760 448 64 77 0.022347646 
531 328 107 128 0.022347504 
349 509 44 62 0.022236027 
222 448 29 38 0.022218255 
-13 626 91 108 0.022189043 
213 126 21 26 0.022164164 
470 258 17 21 0.02213536 
11 432 244 246 0.022112248 
223 10 271 290 0.022085156 
636 377 490 568 0.022085033 
19 224 22 28 0.021999625 
954 362 18 21 0.021951167 
479 403 30 39 0.0219278 
182 326 30 37 0.02191608 
176 350 30 39 0.021895692 
761 416 48 60 0.021870054 
665 563 24 31 0.021866709 
815 494 37 46 0.021851243 
892 402 35 43 0.021828953 
66 567 163 164 0.021779852 
82 417 51 65 0.021666873 
9 411 47 64 0.021642925 
248 619 84 89 0.021619689 
441 300 73 85 0.021617612 
19 549 121 131 0.021537328 
38 627 91 100 0.021516064 
904 384 59 72 0.021382332 
392 447 46 57 0.021319583 
400 519 43 59 0.021314558 
617 210 20 23 0.021299377 
658 450 32 42 0.02129368 
465 287 19 24 0.021271 
785 381 32 38 0.021265982 
577 528 47 58 0.021248443 
485 194 81 86 0.021205407 
0 554 27 38 0.02113663 
80 152 19 23 0.021131877 
630 475 98 128 0.021057487 
746 341 17 22 0.020990232 
186 287 16 20 0.020969825 
113 158 20 25 0.02096508 
79 133 17 23 0.020959094 
304 287 17 21 0.02091589 
643 448 63 81 0.020841697 
362 313 22 27 0.020803768 
721 351 30 37 0.020802941 
797 335 17 21 0.020725772 
769 456 22 29 0.020642012 
563 450 240 267 0.020584978 
828 554 61 73 0.020572918 
539 208 16 20 0.020534212 
66 239 34 41 0.02052 
655 395 50 59 0.020519577 
709 572 37 58 0.020498749 
666 530 25 34 0.020347841 
693 582 30 46 0.020289868 
131 108 21 27 0.020242987 
554 189 84 87 0.020210128 
544 362 57 71 0.02015924 
782 515 59 72 0.020153074 
982 476 34 50 0.020134605 
273 548 52 58 0.020127095 
633 520 43 54 0.020122854 
26 123 28 33 0.020079164 
119 422 48 60 0.02002471 
875 388 60 75 0.020016462 
