13_Interview_Interview_Sequences_13_807
28
401 101 191 272 0.9997118 
150 194 80 87 0.076742545 
124 151 19 25 0.0418624 
27 427 45 53 0.04020577 
228 177 22 30 0.036992535 
166 490 71 88 0.03366157 
264 127 19 24 0.027951743 
248 256 26 36 0.027328061 
157 540 78 92 0.025593024 
112 339 41 50 0.025011394 
167 133 93 104 0.024290526 
181 299 76 89 0.024225932 
124 137 19 23 0.023407467 
-221 281 703 758 0.02280746 
54 288 22 29 0.022484172 
43 293 42 48 0.022442723 
103 69 162 190 0.021979732 
234 274 25 32 0.021652918 
197 301 46 53 0.021272069 
209 328 26 32 0.021058658 
138 231 74 88 0.021035 
761 511 340 373 0.020537099 
81 251 24 30 0.020477753 
99 148 150 205 0.020274702 
169 223 75 80 0.02022996 
230 161 18 24 0.02014258 
106 282 21 27 0.020071872 
102 176 19 26 0.020033227 
