13_Interview_Interview_Sequences_13_37
83
493 167 69 85 0.9992218 
796 194 59 73 0.99867505 
250 170 82 121 0.99582064 
357 121 41 47 0.34054548 
765 483 79 80 0.21419325 
523 107 37 46 0.20293328 
611 120 22 29 0.17661606 
581 179 41 57 0.1714399 
587 391 64 80 0.106947586 
686 138 30 36 0.09994753 
214 97 42 52 0.09644222 
747 472 63 79 0.092317715 
896 230 31 41 0.08971611 
220 204 70 76 0.07630669 
61 356 71 88 0.07350501 
286 109 24 29 0.07346624 
744 500 77 93 0.07330147 
817 508 94 88 0.06540634 
582 138 41 54 0.06516441 
625 184 40 51 0.06315317 
686 252 42 51 0.061512977 
212 101 27 35 0.05735353 
557 146 44 59 0.054497514 
598 186 42 54 0.054277074 
248 130 82 95 0.051887862 
232 94 76 88 0.05120188 
595 130 24 30 0.0509716 
283 121 23 31 0.04634597 
275 101 39 47 0.045755304 
740 526 105 106 0.044035908 
216 564 104 98 0.041133985 
615 111 22 29 0.03895563 
550 174 58 77 0.036858052 
518 105 26 32 0.035251897 
209 218 44 50 0.034812864 
723 445 56 79 0.03409218 
606 363 57 80 0.033582725 
609 420 34 42 0.03345043 
325 107 58 71 0.032827903 
215 153 76 95 0.032739963 
358 108 25 29 0.032726143 
372 132 37 46 0.032636095 
250 347 30 39 0.03238567 
210 109 72 90 0.03211426 
836 532 96 102 0.031319153 
638 121 23 28 0.03056158 
600 136 37 47 0.028473055 
563 125 25 32 0.0283909 
168 505 145 134 0.028317867 
747 219 38 49 0.028291883 
546 111 59 73 0.028265705 
436 141 38 50 0.028157648 
596 506 84 113 0.028034586 
589 203 55 70 0.0278767 
592 109 49 59 0.027118903 
350 124 57 82 0.02683042 
770 144 39 49 0.02667581 
270 101 63 75 0.026587516 
106 311 78 111 0.026490085 
243 96 46 56 0.026453657 
394 216 44 56 0.025550619 
678 222 39 51 0.025069244 
545 363 87 103 0.02462673 
350 183 43 56 0.024569886 
69 305 77 105 0.024558388 
223 252 52 62 0.024451127 
708 125 36 44 0.024438264 
224 244 35 41 0.024096359 
255 104 24 31 0.023589352 
742 478 35 47 0.02343764 
764 206 53 66 0.023299426 
181 549 172 158 0.023264961 
384 424 40 49 0.023141555 
302 200 63 81 0.022577623 
870 223 29 38 0.022414887 
585 421 36 42 0.022304649 
744 279 62 76 0.022187103 
202 528 88 81 0.022139248 
489 121 24 30 0.021689879 
287 136 69 106 0.020721655 
698 438 60 78 0.020438503 
675 122 48 57 0.020197947 
210 117 28 34 0.02015665 
