13_Interview_Interview_Sequences_13_31
18
664 254 141 198 0.99986005 
204 152 122 168 0.99932146 
93 468 73 89 0.034921143 
117 482 121 126 0.03350186 
188 478 64 75 0.028488241 
753 536 338 358 0.027105102 
149 518 49 65 0.026740178 
129 455 83 97 0.023604292 
12 464 53 65 0.023389246 
590 298 658 741 0.022841092 
95 408 79 94 0.022822483 
156 485 67 87 0.022597888 
125 532 85 105 0.022529699 
-218 322 688 730 0.022187248 
-3 477 66 88 0.02212055 
141 491 50 68 0.021566207 
848 340 75 87 0.02073998 
74 527 85 91 0.020597614 
