13_Interview_Interview_Sequences_13_7
113
635 192 40 51 0.9916332 
254 204 40 51 0.9780277 
476 242 28 36 0.74378574 
102 236 27 34 0.4581707 
379 256 30 38 0.3557247 
865 239 21 26 0.28225684 
892 285 22 28 0.19488925 
941 275 22 27 0.11468508 
917 252 20 25 0.11027395 
471 349 45 58 0.10841284 
945 214 20 24 0.09782483 
139 304 38 51 0.096135624 
100 270 34 43 0.09600649 
119 268 36 45 0.08884212 
409 120 24 31 0.08676854 
907 255 21 25 0.06681883 
949 262 22 27 0.0595455 
406 149 25 33 0.057504132 
716 229 24 31 0.05658931 
932 284 20 25 0.05632385 
-3 -1 47 51 0.053466156 
590 277 23 29 0.052975193 
55 253 24 31 0.052261148 
428 200 27 35 0.049394384 
559 281 22 28 0.049268886 
101 302 26 32 0.04910148 
409 250 28 36 0.04742821 
361 251 34 43 0.045053534 
545 151 22 26 0.04465212 
880 282 20 25 0.044476055 
329 207 26 32 0.04111604 
6 218 23 37 0.040748414 
743 349 23 29 0.04069385 
951 223 20 24 0.040043417 
920 236 19 23 0.039896872 
508 282 24 32 0.03863907 
583 256 23 30 0.03829443 
253 363 42 53 0.038073283 
566 200 27 34 0.038020324 
717 208 24 29 0.03687603 
198 225 27 38 0.036772404 
870 355 23 28 0.03620001 
4 249 22 35 0.035422083 
636 282 25 33 0.0352704 
770 279 22 28 0.034523703 
481 303 28 36 0.034477677 
546 278 22 28 0.034177534 
721 336 21 26 0.03363388 
770 308 19 25 0.033583578 
750 522 352 371 0.032513417 
355 225 26 35 0.03246689 
904 233 19 24 0.03205196 
926 297 24 29 0.030995402 
97 240 44 56 0.030728588 
214 302 22 30 0.030502701 
843 278 21 26 0.030492844 
305 301 26 34 0.030130392 
81 305 22 28 0.029911177 
587 118 26 33 0.029820098 
718 351 24 29 0.029093707 
120 258 25 32 0.028937064 
437 151 23 30 0.028831067 
23 275 21 32 0.02863616 
895 293 24 31 0.028236317 
21 223 20 30 0.028019898 
664 282 29 37 0.02774549 
463 300 27 34 0.027708007 
855 252 20 25 0.02732017 
25 304 22 35 0.027242996 
304 197 38 45 0.02702336 
312 279 27 35 0.026654728 
692 202 23 29 0.02588386 
83 280 23 30 0.025748743 
584 322 677 727 0.025657924 
572 257 22 27 0.025577728 
621 280 23 29 0.025479117 
28 257 21 30 0.02533423 
970 255 20 26 0.025216244 
99 327 25 33 0.024583656 
-229 332 701 737 0.02450637 
333 222 27 35 0.024180265 
872 206 19 23 0.02412898 
336 253 26 35 0.024086457 
-69 537 352 354 0.024085032 
851 308 21 27 0.023806555 
104 357 26 31 0.023680331 
825 277 21 27 0.023645408 
898 204 20 24 0.02331026 
905 243 50 59 0.02325837 
714 98 26 30 0.023216879 
95 286 52 65 0.023136 
722 311 20 24 0.022961168 
309 223 27 35 0.022871552 
819 228 23 28 0.02269816 
690 231 22 28 0.022683455 
561 151 22 30 0.022339456 
997 210 18 25 0.022251198 
181 277 23 28 0.021832375 
455 153 22 27 0.021480633 
429 254 24 32 0.021476278 
868 413 21 26 0.021476198 
900 177 24 27 0.021420732 
651 270 52 62 0.021058887 
973 431 25 35 0.021015674 
693 351 21 26 0.020857107 
628 269 49 61 0.020721585 
660 298 25 32 0.020635579 
132 319 29 38 0.020484 
870 305 19 24 0.02033551 
470 294 51 62 0.02012183 
12 211 32 52 0.020111999 
408 171 26 33 0.020094657 
7 276 21 33 0.020037148 
