13_Interview_Interview_Sequences_13_859
70
554 196 32 38 0.9080004 
472 108 41 49 0.90387964 
115 107 39 48 0.81929225 
229 198 30 39 0.79001933 
819 124 41 52 0.72598004 
254 159 34 45 0.58962417 
635 175 25 31 0.5586621 
721 153 21 28 0.55491555 
619 180 25 31 0.55276346 
704 205 24 30 0.40416676 
574 155 22 29 0.19024462 
513 221 26 35 0.1426101 
562 183 26 32 0.11893231 
723 171 22 28 0.09209527 
414 169 24 33 0.08089036 
670 205 22 28 0.058394536 
537 157 23 30 0.05624718 
542 178 23 30 0.056163095 
105 100 34 44 0.05490511 
513 360 28 37 0.05326392 
618 193 25 31 0.051736765 
673 224 22 29 0.051123016 
510 202 34 45 0.05064565 
664 182 20 26 0.048540138 
411 158 22 31 0.04541781 
612 166 47 57 0.041089617 
695 179 20 26 0.040701967 
185 221 24 30 0.03944365 
618 159 23 27 0.039236467 
271 167 27 36 0.03907317 
640 161 23 28 0.03824525 
617 222 23 31 0.038206615 
697 155 21 26 0.03775032 
586 178 22 29 0.037691064 
788 306 18 25 0.03717103 
777 309 20 25 0.036957692 
279 231 28 34 0.035359003 
737 176 22 28 0.03414705 
354 239 60 75 0.03399438 
586 133 20 25 0.0336171 
743 275 19 24 0.033176616 
721 324 24 31 0.032211322 
422 12 276 305 0.03171911 
719 135 20 26 0.031164903 
239 187 39 50 0.031104043 
694 195 40 52 0.029338289 
233 182 26 34 0.027712356 
830 153 43 55 0.027680721 
547 198 51 59 0.025908768 
520 28 21 25 0.024755852 
519 49 22 27 0.024695335 
822 107 28 35 0.023630274 
309 224 110 151 0.023617087 
735 155 20 26 0.023567643 
622 19 25 31 0.023339504 
597 378 44 50 0.02317749 
629 186 34 40 0.023150949 
569 129 21 25 0.0228216 
690 220 23 32 0.022523558 
180 210 24 31 0.022132898 
633 20 24 29 0.02209042 
889 312 23 26 0.0219343 
484 173 29 36 0.021791527 
386 255 24 31 0.02170126 
465 100 33 43 0.021214118 
636 249 37 46 0.020671053 
488 219 38 48 0.020587008 
508 341 57 70 0.020416707 
802 138 35 45 0.020151278 
134 113 37 47 0.020149881 
