13_Interview_Interview_On_Location_13_284
33
445 64 90 119 0.9996388 
668 78 23 28 0.20810612 
608 61 41 51 0.11953007 
124 108 86 125 0.05489047 
105 213 45 66 0.05314578 
7 6 43 54 0.04966283 
505 -1 69 70 0.04448805 
79 0 24 25 0.041780483 
618 99 25 31 0.03820663 
143 116 49 65 0.03800322 
684 81 22 27 0.03605899 
710 127 21 27 0.035314776 
25 161 102 168 0.033984143 
97 171 76 114 0.03392888 
34 88 108 173 0.03379131 
667 95 21 26 0.031544935 
153 126 29 37 0.031495277 
789 131 19 25 0.028732937 
80 144 73 103 0.028241249 
637 72 22 29 0.02787781 
746 132 21 25 0.026429249 
665 55 22 26 0.025429215 
227 484 89 102 0.025041731 
0 24 37 67 0.024661236 
87 103 134 216 0.024313046 
-10 90 106 179 0.02417904 
96 88 86 126 0.024136031 
19 208 74 95 0.022844698 
60 138 59 85 0.021964544 
7 22 187 300 0.021127645 
693 412 22 27 0.020824485 
71 203 68 89 0.020165948 
49 2 23 25 0.020152837 
