13_Interview_Interview_On_Location_13_554
63
282 96 302 445 0.9994641 
16 634 73 91 0.1916753 
20 43 64 81 0.078484304 
54 196 71 86 0.062830195 
58 45 65 78 0.05546036 
31 415 66 78 0.053944144 
27 81 64 92 0.05321376 
546 863 782 814 0.05317432 
57 85 65 84 0.052301407 
51 427 68 81 0.050849535 
27 492 68 84 0.050288595 
49 28 193 169 0.041554432 
31 224 71 85 0.040581815 
79 59 103 114 0.038287714 
34 451 69 80 0.038189184 
25 22 52 60 0.038012896 
760 -119 501 578 0.03793207 
28 260 71 84 0.037559427 
37 95 160 179 0.036966816 
83 181 95 100 0.036951132 
699 737 527 608 0.036188394 
45 112 67 89 0.034097787 
195 428 68 76 0.033269726 
36 126 44 60 0.033088274 
714 1211 63 69 0.03308711 
43 661 71 93 0.032083947 
24 156 68 88 0.031887844 
25 2 48 53 0.030419782 
120 274 79 86 0.03041023 
47 296 71 84 0.030007761 
735 171 481 570 0.028764302 
162 370 96 114 0.028673181 
564 1069 139 146 0.027968593 
617 1107 64 95 0.02714357 
100 18 81 77 0.02704288 
95 47 70 76 0.026355872 
65 36 47 53 0.026039425 
89 5 141 119 0.025381925 
717 438 499 594 0.025377724 
32 394 51 64 0.025220621 
7 419 57 72 0.025108682 
35 212 47 60 0.024768066 
950 67 37 48 0.024701204 
311 961 405 478 0.02425371 
615 1133 125 133 0.023826547 
-5 187 83 106 0.023672847 
193 14 95 91 0.023493974 
71 -2 41 42 0.023225818 
615 1051 57 87 0.023010775 
136 155 96 117 0.022910668 
541 -291 912 1024 0.022587232 
21 615 55 68 0.02242957 
1 -2 44 50 0.022161918 
25 343 64 78 0.021907477 
792 111 124 155 0.021900585 
10 36 108 126 0.021675041 
150 41 100 104 0.021251902 
8 217 35 49 0.021223724 
116 -3 74 66 0.020735046 
982 1396 31 44 0.020485481 
1 101 84 109 0.020391734 
936 435 63 86 0.020031527 
362 1237 65 68 0.020019408 
