13_Interview_Interview_Sequences_13_89
64
152 26 40 52 0.9220129 
714 312 45 55 0.9047842 
798 292 49 63 0.7786921 
369 232 40 60 0.571573 
829 295 40 52 0.3544879 
422 244 40 51 0.2363288 
398 231 51 72 0.18658577 
665 401 31 38 0.09184373 
794 283 34 47 0.07209408 
840 393 45 54 0.07158663 
508 223 25 31 0.06127984 
354 227 38 55 0.055402014 
721 317 58 77 0.054295886 
911 276 43 52 0.04625352 
765 288 60 72 0.038155288 
812 281 31 40 0.03779478 
340 235 36 49 0.037346154 
855 340 45 59 0.035954017 
412 248 30 42 0.035129473 
854 369 45 57 0.03480061 
0 1 24 28 0.03438998 
285 0 26 27 0.034373567 
456 253 24 31 0.033018764 
208 0 22 25 0.032716822 
793 311 34 48 0.032180175 
434 265 28 38 0.031009972 
230 113 39 54 0.030841867 
685 378 40 51 0.03062283 
824 449 64 84 0.030044382 
843 285 26 32 0.029094001 
993 223 20 29 0.029009588 
699 495 86 84 0.028566962 
949 178 22 27 0.028099995 
105 24 25 30 0.026365329 
844 380 35 45 0.025880186 
663 385 51 62 0.025557786 
357 1 24 25 0.025498683 
924 259 57 75 0.024924604 
950 276 24 31 0.024838703 
771 320 63 83 0.024777817 
862 302 24 31 0.02463836 
50 2 25 27 0.02453369 
208 443 81 85 0.024366666 
896 284 22 27 0.023765499 
207 25 25 31 0.023549229 
338 -1 22 24 0.023535725 
483 251 23 29 0.023255628 
195 253 57 77 0.023144186 
715 126 332 389 0.023086777 
920 206 22 27 0.022826958 
301 0 25 26 0.022732375 
257 -1 23 25 0.022698583 
722 294 352 378 0.022155873 
708 283 45 56 0.021771964 
837 413 52 62 0.021479873 
151 -1 41 50 0.021435907 
434 233 25 32 0.021291604 
263 392 70 81 0.021215841 
841 305 55 71 0.021144062 
762 192 39 48 0.020990148 
290 289 61 70 0.02080547 
226 407 79 80 0.020779185 
764 417 44 52 0.020416185 
220 419 53 54 0.020241618 
