13_Interview_Interview_Sequences_13_373
105
485 188 75 90 0.99957293 
326 48 24 30 0.3763577 
586 247 30 38 0.11056688 
558 447 30 41 0.10007649 
333 199 25 33 0.0743999 
584 467 42 57 0.07081606 
869 560 18 23 0.06299284 
565 99 23 27 0.06051331 
800 583 24 28 0.059380226 
852 565 19 23 0.05086694 
820 375 23 30 0.04871272 
933 611 21 24 0.046936702 
651 503 142 135 0.04578508 
205 240 20 25 0.04322261 
765 485 24 29 0.04296576 
723 228 23 29 0.04207798 
877 544 18 21 0.04030342 
706 531 51 59 0.040060926 
716 216 38 48 0.039674304 
548 438 72 80 0.039385818 
638 534 89 89 0.039241686 
644 515 58 71 0.038271096 
306 234 19 26 0.037310615 
621 229 24 31 0.03634961 
356 183 37 51 0.03606993 
772 539 23 28 0.03474504 
425 462 42 48 0.03436103 
708 192 44 59 0.032914717 
576 448 78 82 0.032494538 
704 161 42 54 0.031776324 
252 2 25 26 0.03144752 
644 562 29 35 0.031096444 
378 196 22 30 0.03091449 
786 551 40 48 0.0309097 
315 203 20 26 0.030826382 
595 493 81 85 0.030081686 
769 557 25 31 0.030058943 
757 475 39 47 0.02983318 
287 231 21 25 0.029700568 
337 183 23 29 0.029585363 
667 512 25 33 0.029186303 
678 520 65 75 0.028746266 
927 565 18 22 0.028197128 
845 541 18 23 0.028102111 
335 221 22 30 0.027996179 
898 533 17 21 0.02781867 
289 97 20 24 0.027554935 
536 415 60 74 0.027196186 
747 326 23 30 0.026970569 
749 278 19 24 0.026680754 
664 530 25 31 0.026491858 
309 149 20 26 0.026233524 
633 227 21 27 0.025838774 
-65 532 354 352 0.025783125 
840 328 28 33 0.025727332 
535 458 40 57 0.02572094 
214 621 44 58 0.02554753 
366 232 22 29 0.025513627 
765 546 41 49 0.025436455 
627 587 103 91 0.025285004 
637 566 169 136 0.024973938 
484 514 21 28 0.02481039 
712 287 23 27 0.024394238 
802 335 78 90 0.024228085 
1 564 23 34 0.024185432 
811 587 22 26 0.023900338 
739 513 23 28 0.023722654 
731 471 124 144 0.0237115 
306 249 19 25 0.023685828 
811 365 37 49 0.02345931 
723 515 25 31 0.023411166 
716 100 22 28 0.023214953 
823 538 21 24 0.023185352 
-216 334 705 728 0.023153884 
125 505 45 49 0.022996336 
338 656 27 31 0.022933217 
772 582 24 28 0.022665 
793 540 23 28 0.022478856 
600 483 45 58 0.022193467 
330 33 22 26 0.022046253 
625 622 51 49 0.02203973 
719 185 63 80 0.0219946 
994 605 17 25 0.02181669 
955 511 17 21 0.021772645 
407 471 39 44 0.021667095 
345 453 46 53 0.021427508 
314 183 19 26 0.021397762 
900 570 17 20 0.021389155 
710 299 24 31 0.021349126 
551 478 77 84 0.021341333 
768 512 23 27 0.02119422 
444 464 41 48 0.021190073 
871 536 33 38 0.02114516 
261 352 24 30 0.021108897 
338 589 100 93 0.021015825 
632 549 56 63 0.020881243 
402 496 41 48 0.020734305 
331 179 38 50 0.020690706 
285 208 19 23 0.020642364 
693 270 59 69 0.020443479 
820 562 21 25 0.020388696 
822 313 55 66 0.020371212 
971 403 21 34 0.020244937 
978 284 19 25 0.020179793 
900 521 18 23 0.020104598 
