13_Interview_Interview_Sequences_13_691
23
278 28 380 571 0.999905 
722 207 84 90 0.03531362 
910 441 42 52 0.026424132 
952 328 23 34 0.02603852 
850 78 78 100 0.025885312 
68 107 146 163 0.025805749 
963 -3 42 47 0.024986355 
976 133 36 62 0.02361168 
722 412 64 89 0.023334293 
872 403 26 35 0.023282608 
853 24 71 78 0.023154285 
772 16 85 86 0.02170365 
976 293 29 51 0.021608865 
925 353 19 28 0.021502607 
691 421 70 86 0.02146007 
788 37 128 149 0.021160595 
869 37 41 48 0.021126354 
90 162 79 95 0.020691942 
762 176 80 92 0.020543344 
881 23 42 45 0.020342622 
72 82 83 107 0.020274749 
751 355 66 87 0.020094573 
798 322 70 96 0.02003703 
