13_Interview_Interview_Sequences_13_35
34
621 497 45 64 0.8647602 
542 477 56 71 0.7842405 
353 274 51 68 0.5885291 
406 488 135 139 0.50400317 
472 74 43 61 0.18119511 
504 417 47 55 0.07953374 
465 490 103 109 0.07946919 
818 558 23 31 0.07196571 
259 13 33 42 0.04402718 
451 463 83 96 0.036280632 
551 397 73 71 0.03510004 
511 412 31 39 0.03405465 
503 445 78 94 0.030058436 
255 658 30 38 0.029764444 
517 489 70 94 0.029105356 
251 636 41 48 0.029004108 
743 176 23 26 0.027422478 
358 390 223 244 0.026951354 
596 468 85 110 0.026313985 
466 88 32 44 0.024172379 
527 428 31 37 0.024008958 
550 453 55 64 0.023887943 
320 80 54 59 0.023749618 
668 243 38 45 0.023488766 
824 545 21 28 0.023328116 
229 649 44 53 0.022905292 
299 76 52 60 0.022132395 
244 -5 74 79 0.021890968 
463 395 79 87 0.021686496 
533 412 27 34 0.021112073 
850 714 54 45 0.020806842 
261 648 43 51 0.020791166 
352 392 75 89 0.020438064 
348 86 45 51 0.020133622 
