13_Interview_Interview_Sequences_13_864
84
617 296 44 56 0.18486081 
607 132 42 53 0.16327667 
798 199 24 30 0.14666636 
523 82 49 57 0.12696004 
684 258 78 92 0.11834917 
498 289 48 62 0.09173453 
547 85 46 55 0.08642108 
6 18 82 118 0.08338179 
0 422 58 111 0.07562552 
516 90 29 38 0.070139475 
619 278 32 39 0.06472508 
490 387 46 55 0.051142387 
910 123 58 69 0.049074315 
737 253 23 29 0.04114303 
645 275 65 81 0.040637966 
639 245 38 51 0.04022559 
468 242 46 57 0.040085055 
0 354 25 40 0.037782766 
609 257 76 87 0.03529135 
515 610 39 48 0.034210045 
731 307 47 56 0.03277751 
707 184 44 55 0.032437913 
470 272 62 79 0.032211166 
775 145 23 31 0.031205948 
802 324 62 78 0.030543452 
992 2 23 36 0.030489761 
619 511 87 102 0.02983106 
462 332 27 36 0.029272709 
789 335 42 54 0.028950976 
506 317 34 44 0.028554427 
743 310 59 71 0.028547812 
48 20 33 36 0.028531792 
-66 493 371 376 0.028500324 
728 248 38 48 0.028466646 
592 321 29 37 0.028207196 
27 10 70 65 0.027546205 
383 384 51 61 0.027463406 
574 110 62 76 0.027068455 
588 141 61 78 0.026962042 
401 475 29 34 0.02661383 
604 267 152 148 0.025380202 
663 250 26 35 0.024978805 
645 239 55 78 0.024951464 
724 334 61 74 0.024914708 
833 321 41 54 0.024777472 
567 445 144 142 0.024767246 
458 225 43 55 0.024514796 
486 232 60 76 0.024368804 
526 511 168 142 0.024269698 
725 255 26 32 0.024257973 
503 218 41 55 0.024098985 
635 222 39 52 0.024079273 
552 422 66 75 0.02390645 
737 299 33 39 0.023754416 
512 303 51 66 0.02356175 
747 294 46 55 0.02353275 
477 267 32 40 0.023017554 
721 211 59 74 0.022922402 
733 378 46 52 0.02265121 
664 201 143 161 0.022484083 
612 250 40 49 0.022135058 
593 293 53 64 0.022128228 
659 388 91 96 0.02196936 
743 186 25 32 0.021896997 
569 89 41 50 0.021832446 
599 391 93 97 0.021619836 
512 63 97 111 0.021532482 
773 250 21 28 0.021148609 
703 398 82 100 0.021134483 
817 331 29 39 0.021132993 
-199 257 712 747 0.021111717 
599 320 87 94 0.021058118 
458 197 73 86 0.0210511 
650 367 50 54 0.020992901 
387 647 25 27 0.020875374 
50 5 27 29 0.020813398 
504 521 64 88 0.020813152 
488 352 66 79 0.020563332 
745 235 21 27 0.020392625 
476 402 52 61 0.02032635 
574 567 125 105 0.020233676 
721 275 51 60 0.02017257 
547 445 96 95 0.020136485 
586 174 30 37 0.020058878 
