13_Interview_Interview_On_Location_13_313
259
661 336 23 30 0.90249395 
557 359 24 30 0.84481716 
452 495 28 37 0.82384306 
776 331 21 27 0.8081241 
589 475 26 33 0.7921574 
362 350 22 27 0.75582844 
306 347 23 28 0.7302219 
878 319 27 34 0.70792377 
407 362 26 32 0.6874921 
295 479 29 37 0.68271303 
264 351 22 28 0.6520811 
829 329 24 30 0.65131694 
178 374 23 29 0.59323645 
214 355 21 27 0.5851805 
739 329 23 28 0.5760484 
596 374 25 31 0.56630945 
217 438 34 41 0.54178685 
657 464 27 34 0.46236774 
162 428 22 28 0.44094265 
491 356 27 34 0.42914936 
506 357 23 31 0.3835932 
30 354 25 30 0.2972638 
966 352 22 31 0.29694515 
928 348 22 28 0.27190933 
725 456 23 30 0.27188298 
952 349 22 30 0.26579672 
612 357 24 30 0.23981124 
638 335 23 29 0.23728757 
625 337 21 27 0.23695798 
201 338 23 28 0.22125928 
114 352 21 27 0.21819839 
785 326 22 29 0.20362478 
701 362 21 27 0.19927771 
159 337 20 25 0.19394505 
443 358 22 28 0.18699002 
536 308 19 26 0.16510893 
799 363 23 28 0.16169952 
159 353 21 25 0.15312737 
110 339 21 26 0.1523331 
263 340 21 27 0.13401671 
443 377 24 29 0.12729074 
111 485 23 29 0.124478765 
385 355 22 29 0.123257786 
50 354 26 31 0.1133185 
518 483 25 33 0.11103947 
457 358 21 26 0.10794602 
712 362 22 28 0.106406055 
801 314 23 29 0.10357133 
532 480 24 32 0.09556445 
536 325 19 27 0.09486092 
820 354 23 29 0.08827806 
565 337 21 26 0.083973005 
516 332 22 29 0.08273217 
776 558 20 23 0.081303544 
385 510 28 35 0.07732578 
121 336 21 26 0.07673367 
75 426 22 26 0.074882105 
568 485 22 30 0.07419013 
222 360 20 25 0.0741102 
413 338 22 27 0.073121116 
160 307 19 23 0.072429836 
453 383 21 26 0.071861826 
172 431 22 29 0.07064805 
698 327 20 27 0.06980536 
813 316 22 28 0.06842586 
213 378 20 27 0.06818401 
261 481 25 32 0.06786646 
120 490 22 29 0.067106575 
483 461 24 31 0.06509164 
485 338 49 62 0.06232206 
326 114 31 35 0.06199595 
487 481 25 31 0.06171477 
844 351 24 30 0.061669793 
282 334 20 27 0.060798828 
100 463 22 28 0.060057033 
774 351 20 26 0.057606336 
489 333 25 30 0.056478146 
591 302 19 26 0.056443132 
741 350 22 27 0.056304537 
362 379 23 29 0.054436736 
741 313 21 27 0.054298934 
131 381 20 26 0.053377446 
637 350 20 27 0.052844826 
283 464 35 44 0.0525052 
725 332 20 26 0.0524341 
132 439 20 25 0.05202804 
276 352 21 27 0.051069804 
775 608 24 29 0.050890643 
647 475 26 32 0.05055313 
611 560 28 34 0.050286025 
639 309 22 30 0.0496443 
969 342 21 27 0.048625182 
381 339 21 28 0.04855203 
385 383 23 29 0.04848618 
72 356 20 26 0.04827283 
561 370 24 31 0.04808387 
130 308 19 24 0.04790929 
361 457 24 31 0.04750354 
512 503 25 32 0.047497842 
527 303 31 42 0.046850875 
181 307 20 26 0.046427876 
224 388 22 27 0.04620236 
97 411 19 23 0.04584529 
234 332 20 23 0.04504183 
49 284 24 30 0.044380706 
503 326 37 47 0.043507516 
608 485 23 30 0.04218921 
74 377 21 26 0.042092822 
131 457 21 25 0.04201917 
693 314 20 27 0.04198958 
436 337 22 27 0.041973356 
479 328 43 49 0.040442694 
110 308 18 22 0.04040092 
0 329 20 28 0.040023856 
935 339 46 58 0.040001392 
540 288 19 25 0.03889534 
227 401 25 31 0.038576994 
734 437 26 32 0.03842174 
828 544 20 25 0.03808458 
132 407 18 24 0.037316706 
447 285 90 109 0.037284132 
722 307 21 27 0.036776047 
332 355 19 25 0.036689498 
31 338 24 30 0.036614113 
73 459 22 28 0.036445253 
648 287 21 27 0.036361467 
73 411 30 38 0.036204346 
591 336 18 24 0.036190353 
80 338 19 24 0.036041044 
724 440 24 31 0.035975687 
385 484 26 31 0.035656843 
691 457 20 26 0.035296064 
700 375 20 27 0.035198018 
645 453 45 55 0.03490083 
568 459 23 29 0.03488824 
285 402 21 27 0.03432632 
818 559 18 23 0.034005675 
50 338 24 30 0.03354507 
100 436 19 23 0.03352828 
358 431 23 30 0.033286832 
107 379 20 25 0.03297243 
280 490 35 45 0.03246287 
48 298 24 30 0.032269154 
749 534 350 364 0.03209931 
848 491 21 25 0.03200858 
1 508 18 26 0.031809933 
819 375 20 26 0.03135292 
464 430 24 30 0.031335976 
769 315 20 26 0.031304505 
309 97 57 60 0.03127962 
928 590 20 26 0.03123774 
523 470 45 56 0.031192731 
800 456 23 27 0.030958574 
196 345 43 54 0.030813064 
329 338 19 24 0.03037797 
775 547 20 24 0.030176599 
865 353 24 30 0.030089855 
793 564 18 21 0.030071143 
337 431 24 31 0.030037444 
826 322 41 52 0.029461103 
535 463 23 30 0.029223643 
564 577 25 32 0.029067384 
691 489 20 26 0.02896917 
568 309 18 24 0.02888717 
510 370 24 31 0.028869476 
537 344 46 58 0.028768327 
667 312 22 27 0.028702797 
577 467 42 55 0.02866127 
466 331 23 27 0.028658323 
27 333 39 46 0.028556636 
773 594 20 24 0.028499786 
25 439 21 25 0.028494755 
437 246 86 92 0.02848989 
414 634 51 46 0.028314147 
716 443 46 56 0.028224101 
406 426 27 35 0.028123697 
629 326 41 51 0.0277255 
179 407 23 27 0.027411576 
378 402 24 32 0.027366674 
591 363 44 55 0.027219178 
203 312 19 24 0.027168538 
995 359 18 25 0.027158935 
28 456 19 25 0.026956307 
439 649 46 46 0.02683154 
161 379 20 26 0.02662994 
409 486 26 33 0.026510758 
383 525 28 36 0.026496718 
74 486 22 29 0.026492251 
3 307 20 28 0.026356453 
55 372 24 29 0.02574613 
818 459 20 25 0.025575057 
299 465 28 34 0.025502866 
259 378 22 27 0.025455186 
60 460 21 26 0.025395617 
796 488 21 26 0.02530676 
714 374 21 27 0.025113087 
412 311 21 25 0.025094349 
183 332 20 24 0.02502017 
385 459 23 30 0.024934964 
995 385 17 26 0.024795588 
589 291 21 25 0.024656283 
160 417 21 27 0.024647469 
-68 526 360 359 0.024565361 
60 432 20 25 0.024208354 
27 409 19 24 0.024161292 
61 415 20 25 0.024080701 
747 562 17 22 0.024019077 
159 454 21 27 0.02397497 
100 340 43 55 0.023659306 
163 351 46 57 0.023589892 
235 310 19 24 0.023565715 
610 463 22 29 0.023486422 
332 455 26 34 0.023473803 
365 407 23 31 0.023300458 
740 407 22 26 0.023164738 
310 376 22 27 0.022983601 
184 288 18 24 0.022845006 
521 308 20 28 0.022431564 
461 323 41 46 0.022430666 
-223 311 703 740 0.022353852 
666 563 24 29 0.022289708 
580 318 671 730 0.022275506 
29 373 22 26 0.02222578 
210 408 22 29 0.022126067 
285 311 19 24 0.022062384 
799 437 22 27 0.02197587 
526 280 35 47 0.021888569 
328 484 27 34 0.021773359 
612 509 24 31 0.021722198 
742 545 19 24 0.021634275 
670 381 20 25 0.021580663 
461 305 25 28 0.021562133 
427 345 49 59 0.021554176 
460 227 109 147 0.021539468 
779 120 22 33 0.021378698 
516 463 24 32 0.021317208 
156 153 23 24 0.021150706 
329 311 19 24 0.02106174 
447 339 54 65 0.020943198 
721 478 22 29 0.020859824 
846 506 19 24 0.020829206 
451 296 48 57 0.020764545 
411 406 26 33 0.020739632 
641 409 21 28 0.020738615 
791 545 18 23 0.020602727 
131 290 18 23 0.020592911 
561 560 35 42 0.020563561 
400 361 45 53 0.0204774 
948 376 23 32 0.020460507 
205 529 24 30 0.020409891 
604 536 37 46 0.020347489 
284 438 24 29 0.020273075 
594 553 37 43 0.020124963 
511 291 53 69 0.02011975 
742 381 21 26 0.020112166 
257 531 24 31 0.020091431 
205 280 19 24 0.020052776 
488 507 23 30 0.020036113 
724 541 19 25 0.020030862 
