13_Interview_Interview_Sequences_13_868
160
286 90 35 45 0.11006045 
897 537 25 30 0.08359172 
208 466 24 30 0.07779048 
343 421 42 47 0.06636122 
884 125 81 106 0.055894982 
767 251 21 26 0.054745138 
731 38 67 72 0.053078108 
391 54 23 30 0.05280592 
285 127 27 35 0.05150687 
285 142 24 32 0.048591144 
365 256 22 26 0.04660583 
607 21 75 95 0.043443568 
717 522 38 46 0.04255075 
514 117 105 127 0.041470025 
895 41 29 35 0.040476125 
434 29 24 29 0.038455896 
412 25 23 28 0.03732106 
401 45 23 32 0.036973752 
392 282 22 28 0.036800113 
387 65 26 33 0.03663226 
734 533 24 31 0.036504414 
845 300 20 24 0.035914276 
976 287 34 49 0.03549353 
722 554 23 28 0.03425487 
859 122 63 101 0.034019336 
924 43 24 29 0.033864465 
436 42 25 32 0.033793997 
261 52 18 23 0.033768944 
336 122 21 26 0.033332497 
199 120 28 32 0.033243816 
382 131 81 102 0.033241343 
718 517 22 27 0.03320765 
403 287 20 26 0.033110503 
775 487 20 25 0.03309606 
567 104 86 95 0.033028744 
554 37 45 49 0.032420278 
762 34 61 74 0.03206181 
353 415 25 30 0.03196107 
923 539 23 28 0.031796467 
332 433 28 34 0.03157511 
438 105 70 75 0.031224363 
378 255 21 26 0.031160546 
383 75 115 144 0.031028086 
587 260 22 27 0.030895572 
388 129 22 28 0.03008376 
338 68 23 31 0.02902247 
876 236 19 25 0.028711695 
745 411 21 25 0.028699256 
771 405 18 23 0.028660074 
408 124 22 29 0.028459735 
717 150 79 90 0.028197704 
-141 415 525 555 0.028103478 
425 23 40 48 0.02799406 
569 540 22 26 0.027910665 
315 432 24 31 0.02783211 
744 429 20 25 0.027706914 
698 53 111 130 0.027610222 
769 467 19 24 0.02734536 
482 408 22 31 0.027323416 
526 5 123 140 0.0272851 
898 515 22 26 0.027101673 
403 159 44 55 0.026714168 
859 27 77 91 0.026420018 
414 6 21 25 0.026038447 
592 73 85 96 0.026012922 
990 298 22 32 0.025742937 
725 21 107 121 0.02573202 
342 55 21 26 0.025442602 
900 554 25 30 0.025388785 
129 185 25 31 0.025239497 
771 436 18 23 0.0251916 
696 513 20 24 0.025154097 
539 60 76 94 0.0248744 
352 143 128 162 0.02473146 
407 22 37 46 0.024714913 
721 55 24 29 0.024687154 
585 401 29 34 0.02463508 
636 0 42 48 0.024623908 
179 119 26 31 0.024215706 
496 127 73 95 0.023888787 
850 510 20 26 0.023855172 
460 128 27 33 0.023824701 
393 18 113 132 0.023812803 
918 558 22 27 0.023794388 
588 279 25 30 0.023747131 
357 32 20 24 0.023713337 
328 122 230 301 0.02359643 
437 127 25 32 0.023573505 
824 301 21 25 0.023559062 
458 59 47 53 0.02353861 
718 493 20 22 0.023503091 
459 146 26 33 0.023336275 
731 79 46 57 0.023206817 
382 28 52 67 0.023167845 
831 80 128 162 0.023155417 
786 49 24 31 0.023117095 
411 102 24 30 0.023024345 
928 487 22 29 0.022982733 
964 392 42 64 0.022965666 
705 41 65 77 0.022817334 
968 252 20 28 0.022748414 
383 151 21 27 0.02269589 
736 515 22 27 0.022675501 
356 127 21 26 0.02266448 
488 147 21 27 0.022643473 
463 404 25 30 0.02264288 
712 525 58 70 0.022636248 
466 32 217 255 0.02255476 
462 431 22 29 0.022393841 
570 254 22 25 0.022360053 
612 2 23 26 0.022338308 
718 67 26 32 0.022269437 
607 127 83 102 0.022241862 
823 26 27 30 0.022225019 
405 300 22 29 0.022190789 
419 24 63 74 0.022179406 
757 553 40 51 0.02214643 
337 413 24 28 0.02207664 
375 144 42 58 0.02197431 
384 1 20 22 0.02190451 
589 429 23 30 0.02190098 
766 560 23 30 0.021783741 
745 501 348 376 0.021724302 
760 50 31 38 0.021664193 
411 255 19 23 0.02161495 
570 64 145 170 0.021612348 
925 507 21 27 0.021599445 
360 510 21 26 0.02156887 
793 29 76 91 0.021516336 
957 254 21 27 0.021503616 
898 78 76 93 0.021432513 
388 30 19 22 0.02137861 
721 432 21 26 0.021279594 
431 121 43 51 0.021101058 
788 116 77 93 0.021061199 
797 383 21 27 0.02105418 
681 508 61 73 0.021035137 
615 25 27 32 0.020900462 
550 119 51 64 0.02089742 
677 139 70 97 0.0208949 
450 90 54 58 0.020819046 
491 258 23 27 0.020706967 
796 434 19 26 0.020694248 
771 481 32 42 0.020585874 
400 119 41 53 0.020529633 
818 458 20 25 0.020498551 
512 27 84 95 0.020467296 
698 271 86 104 0.020450903 
819 289 20 24 0.020382676 
434 6 21 25 0.020365328 
427 98 47 53 0.02032619 
892 488 20 25 0.020314218 
776 509 20 26 0.020297766 
917 100 25 31 0.020283347 
798 360 22 29 0.020253304 
902 523 50 59 0.020228539 
340 47 34 44 0.020226492 
733 397 40 47 0.020201363 
554 348 75 89 0.020064441 
751 257 20 26 0.020000381 
