13_Interview_Interview_2_People_Visible_13_254
47
453 28 98 133 0.9902839 
730 216 53 70 0.98028964 
381 151 87 134 0.9159288 
509 16 63 75 0.30665413 
624 2 83 72 0.2822503 
496 41 70 103 0.11617449 
683 103 32 41 0.0870961 
583 114 75 88 0.076469414 
242 0 127 110 0.06740672 
613 227 44 59 0.05437629 
409 54 110 142 0.05086885 
328 79 128 153 0.047545962 
334 192 60 69 0.03923453 
572 -5 42 44 0.037677508 
225 117 48 58 0.035569977 
359 122 73 95 0.034995254 
774 2 23 24 0.03366719 
766 155 37 49 0.033539932 
293 44 68 77 0.033013124 
710 149 42 54 0.03210816 
609 77 74 93 0.03084515 
612 47 75 80 0.030621743 
670 85 55 72 0.030278856 
413 179 80 99 0.03022766 
531 30 59 79 0.0301857 
208 11 65 74 0.029855862 
801 215 33 50 0.029780932 
718 158 26 33 0.029499754 
-66 126 350 351 0.028929502 
538 52 64 92 0.028340615 
406 93 72 89 0.02814807 
512 221 61 77 0.028061876 
275 45 129 140 0.02755644 
315 143 138 171 0.027279437 
560 -7 77 83 0.027004516 
539 6 60 67 0.026870359 
-224 -64 701 724 0.02666785 
610 8 57 54 0.02630836 
541 87 76 97 0.026188627 
662 14 74 76 0.025796235 
684 262 40 49 0.025768086 
748 114 343 368 0.02502013 
690 60 73 92 0.023322307 
234 35 72 100 0.021048289 
335 149 73 84 0.02074952 
730 149 57 71 0.020746944 
179 32 73 100 0.020711793 
