13_Interview_Interview_2_People_Visible_13_325
64
292 122 38 52 0.81645703 
373 638 30 36 0.28732738 
444 568 19 24 0.19859235 
258 76 26 34 0.13471434 
485 592 22 28 0.10068253 
57 485 24 28 0.07153322 
470 606 21 26 0.058531877 
482 602 22 28 0.057409097 
359 628 50 57 0.051176157 
738 721 363 378 0.049835164 
467 596 19 24 0.047958124 
364 655 26 30 0.044967357 
128 535 19 24 0.043869887 
337 667 23 28 0.039089035 
416 620 20 26 0.038954336 
424 128 70 73 0.035063103 
157 78 27 33 0.034971617 
179 522 18 23 0.031115277 
436 621 18 22 0.030739754 
442 636 18 23 0.030501928 
547 479 695 754 0.029835727 
152 93 26 34 0.028968329 
254 83 37 49 0.028803201 
182 534 19 23 0.02821135 
454 566 18 23 0.028172012 
308 557 20 23 0.02735708 
364 619 23 29 0.026933815 
379 621 25 29 0.026304629 
531 703 376 366 0.026255814 
411 634 20 26 0.025936302 
259 57 53 70 0.025807194 
341 735 364 339 0.025007099 
306 546 20 23 0.025004216 
-65 739 360 351 0.024193782 
231 23 23 27 0.024002807 
184 98 23 28 0.023870533 
277 95 40 56 0.023676235 
206 207 26 33 0.023499439 
432 102 26 31 0.023150232 
336 682 24 28 0.023129402 
717 485 351 411 0.02299765 
309 18 28 33 0.022942878 
-220 503 726 742 0.02282925 
437 129 29 34 0.022808803 
972 361 20 24 0.02269159 
209 542 23 30 0.022394197 
158 535 17 21 0.022333104 
305 73 26 32 0.022285458 
452 146 31 36 0.0222196 
459 636 19 24 0.022177368 
443 582 18 23 0.022102598 
291 283 23 27 0.022092035 
336 644 22 27 0.022027416 
439 545 19 23 0.021948168 
276 76 23 30 0.021780428 
333 563 19 22 0.021733508 
331 100 25 32 0.02102325 
644 184 18 22 0.02100362 
491 571 19 23 0.020993983 
417 566 18 21 0.020940294 
414 588 18 23 0.020701764 
176 530 34 39 0.02040414 
464 589 33 39 0.020091305 
573 206 18 23 0.020049116 
