13_Interview_Interview_2_People_Visible_13_223
349
653 317 36 47 0.6075505 
127 48 30 41 0.59783506 
123 314 38 48 0.571392 
457 376 27 37 0.53140897 
421 46 39 52 0.43428975 
297 380 25 32 0.3630228 
284 377 29 37 0.3195062 
696 67 27 36 0.2618478 
870 325 26 34 0.2548411 
107 316 37 48 0.24106799 
388 303 22 28 0.19851401 
545 356 21 27 0.16275606 
410 51 29 42 0.15964971 
108 54 23 32 0.15663195 
180 58 20 27 0.15166506 
795 299 24 29 0.14423591 
748 77 22 29 0.13407627 
59 33 21 25 0.13323727 
820 108 24 30 0.12973943 
712 44 27 32 0.12767047 
697 325 22 29 0.11887588 
178 70 20 25 0.11657071 
946 360 26 32 0.11380855 
902 328 22 28 0.110793 
149 323 26 35 0.09883117 
429 349 25 33 0.0969526 
694 50 26 32 0.093884654 
751 53 22 29 0.09382048 
17 26 22 25 0.09044641 
569 107 22 28 0.090074115 
797 334 22 28 0.08791024 
270 358 32 41 0.08770179 
874 310 24 30 0.08600403 
803 80 20 25 0.0857723 
282 109 25 32 0.08548133 
735 332 22 27 0.085339345 
57 349 24 28 0.08376638 
331 54 21 26 0.07933485 
207 357 20 25 0.078681536 
363 40 25 33 0.07825835 
505 328 21 28 0.077501155 
214 52 18 24 0.07740534 
260 75 22 29 0.07729798 
225 302 20 26 0.07684774 
264 351 24 30 0.07551925 
431 340 22 27 0.07404644 
54 49 21 27 0.07360802 
176 329 21 26 0.073121116 
280 55 24 31 0.0716916 
59 303 23 28 0.07144649 
840 355 22 29 0.071232505 
843 330 22 29 0.070596814 
882 54 20 26 0.0674588 
722 331 21 25 0.06739743 
211 83 19 24 0.06673441 
943 147 22 28 0.06664448 
466 52 25 32 0.065644644 
178 309 20 27 0.06333561 
916 332 19 25 0.06288481 
587 297 25 31 0.062297646 
561 72 21 26 0.06113123 
695 60 46 58 0.06096823 
775 305 20 26 0.06096769 
494 332 24 29 0.06070099 
583 106 22 28 0.060643695 
813 73 21 26 0.060615107 
830 359 20 25 0.059870403 
566 328 21 28 0.05983886 
922 79 24 30 0.059531055 
211 336 20 25 0.058388583 
750 410 28 35 0.058086745 
22 71 22 28 0.057468217 
944 185 27 33 0.05727288 
339 361 21 26 0.057060275 
796 351 20 25 0.05499085 
509 80 20 25 0.054194134 
746 91 21 28 0.054053817 
617 107 21 28 0.05335621 
238 158 21 27 0.053157333 
262 411 25 33 0.0521348 
69 303 24 30 0.05204087 
717 312 19 26 0.052030746 
8 50 19 26 0.05186356 
338 312 21 26 0.051438376 
815 152 24 28 0.05063717 
214 309 19 24 0.05060418 
813 114 35 44 0.050420824 
106 309 26 34 0.050266035 
565 446 47 53 0.049672846 
107 38 45 61 0.049666747 
952 337 20 24 0.049623404 
932 149 21 27 0.049499743 
801 96 20 26 0.04909443 
355 362 23 29 0.048678424 
55 72 21 27 0.048647195 
821 332 21 27 0.048609007 
762 49 20 27 0.048547767 
741 307 21 26 0.04837075 
848 304 21 28 0.048121314 
182 354 19 24 0.047124412 
153 385 21 29 0.046750836 
900 307 21 27 0.046624597 
617 121 20 25 0.046623282 
256 424 27 33 0.045732092 
419 351 24 30 0.045466408 
206 409 22 27 0.0453939 
205 94 19 24 0.04535933 
263 57 22 28 0.045307327 
840 105 21 28 0.045277886 
590 71 22 27 0.04512118 
146 51 25 33 0.04498203 
543 105 20 25 0.04489086 
437 363 46 59 0.044126358 
865 148 21 27 0.043667912 
309 75 20 26 0.043258198 
441 379 27 34 0.043246612 
543 329 21 27 0.043125182 
819 380 24 31 0.0431059 
890 50 19 26 0.04306906 
480 53 20 26 0.04305443 
971 355 26 33 0.043038704 
264 338 21 28 0.042704243 
386 325 22 27 0.04250162 
509 314 22 27 0.042187247 
225 53 19 25 0.041496795 
25 56 21 26 0.041389655 
70 30 21 25 0.041303232 
693 306 31 43 0.041089617 
230 356 19 24 0.040942274 
880 76 18 22 0.040843282 
22 308 18 23 0.040837456 
414 337 20 25 0.04082167 
365 74 20 25 0.040460873 
416 130 570 569 0.040386334 
233 105 21 26 0.040341295 
259 99 22 29 0.039971117 
23 338 18 24 0.039922487 
387 358 23 29 0.039903015 
229 337 19 24 0.039742075 
201 146 20 27 0.03960314 
461 364 26 34 0.039458755 
466 69 22 28 0.038912483 
229 80 19 25 0.03886585 
766 81 19 26 0.038824372 
495 95 21 26 0.03866222 
773 144 20 27 0.03859105 
586 56 24 30 0.038431887 
337 376 22 29 0.03831751 
569 309 21 27 0.0379194 
645 75 20 24 0.037900418 
1 201 22 32 0.03781393 
277 404 25 33 0.03777384 
370 38 37 48 0.037593488 
514 54 20 27 0.03757718 
718 34 24 28 0.037272245 
740 351 24 30 0.037268378 
586 353 21 28 0.037233584 
768 135 21 27 0.037204333 
772 94 19 24 0.037110787 
540 313 20 26 0.03691005 
237 173 22 28 0.036720823 
54 335 22 27 0.03664272 
899 384 23 29 0.036299385 
360 327 20 24 0.03621099 
8 299 18 26 0.036130708 
589 330 21 27 0.036122188 
816 58 20 25 0.036071338 
644 305 25 32 0.035881076 
718 174 23 27 0.03573863 
980 131 21 26 0.03557797 
975 339 21 28 0.03547969 
389 290 21 26 0.035094094 
129 32 25 32 0.03498847 
694 351 21 27 0.03497689 
262 372 32 42 0.034713555 
845 82 18 23 0.0345101 
871 23 21 26 0.034363706 
945 72 21 25 0.034327827 
278 27 22 27 0.03428209 
927 59 20 25 0.03387082 
873 425 24 32 0.03372973 
898 93 23 29 0.033723406 
179 30 18 23 0.033634737 
156 67 23 29 0.033518236 
73 151 24 32 0.033497732 
306 360 23 30 0.033329725 
332 70 18 23 0.03321223 
23 1 22 23 0.0331463 
385 367 37 46 0.033016153 
362 313 19 24 0.032683805 
491 78 19 25 0.032576516 
232 380 20 26 0.03256142 
442 36 52 67 0.032431096 
339 328 21 25 0.03242393 
509 96 19 25 0.032001525 
231 25 20 24 0.03192981 
918 311 19 24 0.031832833 
630 300 64 75 0.03179745 
769 287 19 25 0.03165834 
750 422 36 45 0.03135502 
805 144 39 46 0.031252146 
898 156 21 26 0.03122521 
462 332 22 28 0.030869877 
783 442 41 47 0.030510077 
545 76 19 24 0.030448658 
927 359 20 27 0.030207064 
774 328 20 25 0.030124666 
7 73 21 28 0.029996168 
919 91 25 31 0.029958386 
4 286 21 30 0.029941102 
818 173 23 29 0.029940736 
99 0 21 24 0.029889679 
410 339 46 57 0.029728223 
22 349 20 27 0.029708767 
902 284 21 26 0.029560566 
200 133 21 27 0.029248977 
975 145 20 28 0.02924229 
311 26 20 24 0.029216366 
10 335 17 24 0.029107638 
726 57 51 64 0.029018013 
234 123 20 25 0.028854145 
744 460 27 34 0.028797219 
74 407 23 31 0.028731843 
901 354 20 26 0.028659413 
619 333 20 26 0.028458491 
815 303 23 30 0.028394058 
495 309 23 27 0.028382543 
962 407 39 51 0.02836684 
362 96 19 24 0.028360117 
565 353 21 28 0.028293315 
947 134 21 27 0.028277848 
309 55 22 27 0.028177517 
277 336 22 28 0.02814606 
613 302 21 27 0.028065816 
840 316 47 57 0.027867675 
32 183 21 29 0.027393227 
106 172 26 30 0.02736542 
616 76 20 25 0.027353017 
877 99 20 25 0.026908869 
380 459 30 37 0.026905974 
592 411 21 24 0.026623435 
749 287 21 25 0.026610782 
875 287 20 26 0.026493134 
566 279 23 28 0.026456088 
871 346 24 31 0.026184225 
4 3 22 27 0.026133897 
589 382 19 25 0.026060298 
714 155 22 29 0.026029442 
537 158 23 30 0.025999634 
584 430 26 30 0.025798855 
853 152 22 27 0.025727836 
684 81 37 49 0.025697375 
686 338 37 47 0.025524916 
582 342 35 44 0.025524288 
671 74 21 25 0.025509702 
185 402 22 29 0.02546207 
637 52 22 28 0.025378222 
335 28 19 24 0.025372287 
771 200 24 29 0.025332712 
673 98 22 28 0.025323402 
803 57 20 26 0.025239166 
566 56 23 30 0.025086068 
950 311 20 25 0.025008772 
261 23 21 25 0.024951005 
619 355 21 27 0.024910977 
842 426 37 44 0.024816178 
603 291 35 44 0.02477065 
213 32 19 22 0.024759071 
185 383 21 28 0.024525821 
809 439 40 45 0.0244724 
562 435 24 30 0.024355114 
104 446 41 42 0.02429535 
25 278 20 26 0.024190934 
227 475 31 35 0.024164593 
104 29 21 27 0.024093771 
207 383 19 25 0.02409182 
897 174 21 25 0.024055684 
784 462 42 49 0.023881748 
927 168 54 64 0.023788642 
843 454 24 31 0.02366798 
204 261 21 26 0.02364303 
663 413 25 34 0.023600968 
311 103 23 30 0.023596069 
72 356 20 27 0.0235781 
566 255 24 28 0.023568187 
847 288 20 26 0.023549309 
476 315 51 63 0.0235267 
79 329 21 27 0.023421057 
928 131 21 25 0.02326818 
761 125 34 45 0.023196913 
247 452 42 43 0.023151798 
185 125 24 31 0.023133643 
726 352 21 28 0.023026833 
894 378 36 47 0.02297298 
490 353 23 30 0.022925861 
230 459 26 28 0.022890998 
881 313 49 59 0.02283334 
159 350 21 28 0.022824991 
620 52 22 28 0.022734847 
50 2 20 23 0.022726344 
357 172 23 29 0.022698909 
895 477 33 36 0.022586051 
232 289 21 26 0.022560393 
749 125 21 27 0.022553716 
800 153 21 26 0.022529516 
697 284 20 26 0.022413034 
919 282 20 24 0.022129746 
557 95 46 59 0.022110526 
358 371 25 33 0.022093603 
992 260 21 28 0.022059377 
74 97 22 30 0.022050872 
268 40 50 62 0.022012427 
713 126 23 28 0.021999935 
542 408 21 27 0.021985726 
847 122 22 28 0.021980338 
188 90 67 82 0.021830777 
401 368 36 46 0.021811653 
187 99 20 24 0.021806546 
848 29 22 25 0.021728484 
94 86 42 57 0.021715833 
404 306 19 25 0.021691903 
771 260 21 24 0.021612506 
870 227 24 28 0.021581464 
160 0 19 22 0.021547578 
820 261 21 25 0.021495918 
830 336 49 62 0.021411799 
756 447 40 45 0.021256015 
78 124 22 30 0.02123271 
329 106 22 28 0.02122983 
691 32 24 29 0.02118223 
541 463 25 30 0.021093834 
374 342 50 61 0.021054957 
52 291 47 58 0.021002762 
180 287 20 25 0.02088654 
977 258 24 30 0.02087633 
861 313 46 59 0.020827688 
816 281 23 29 0.020815529 
935 347 47 57 0.02077243 
459 363 52 66 0.020565875 
764 87 33 42 0.020553796 
707 167 37 43 0.02055059 
538 121 22 28 0.020398559 
325 243 419 408 0.0201843 
743 373 24 31 0.020167122 
709 268 380 404 0.020143015 
229 411 21 27 0.020104993 
965 133 35 48 0.020084852 
669 287 21 27 0.020056535 
257 115 36 45 0.020034648 
