13_Interview_Interview_On_Location_13_847
22
400 53 82 121 0.9997508 
148 129 86 130 0.9983651 
842 93 92 141 0.9980217 
632 143 78 117 0.9953785 
565 389 60 72 0.098897785 
29 738 155 140 0.0367057 
89 546 59 84 0.034825057 
921 538 27 32 0.03146633 
880 112 70 91 0.031089475 
841 60 80 103 0.030329805 
811 537 25 33 0.027948866 
911 110 57 74 0.026453542 
25 685 98 95 0.026283402 
508 474 37 54 0.023472438 
642 120 74 86 0.023310212 
793 491 55 69 0.023298526 
641 272 30 37 0.022675576 
102 577 28 42 0.021592086 
939 128 29 40 0.021248879 
812 554 25 33 0.020890543 
753 -11 83 92 0.020710308 
720 208 68 79 0.020101968 
