13_Interview_Interview_On_Location_13_636
39
190 40 57 73 0.9758974 
849 7 27 31 0.06493943 
721 109 39 48 0.047033843 
913 280 70 88 0.04573845 
803 123 22 29 0.042449273 
318 49 194 241 0.04243213 
978 5 23 28 0.03764871 
129 23 63 74 0.03391905 
941 30 23 31 0.033298567 
766 130 20 27 0.029560016 
812 125 23 28 0.027744154 
152 641 25 32 0.02713443 
690 123 20 26 0.025858417 
922 330 29 37 0.025328746 
72 5 28 29 0.025216905 
793 25 19 23 0.025096774 
533 194 253 310 0.02504078 
869 123 21 27 0.02488036 
718 105 25 31 0.02451245 
931 29 23 27 0.02431979 
736 48 256 347 0.023331944 
894 20 19 23 0.023050768 
865 256 43 53 0.023037717 
871 246 63 79 0.02204375 
876 271 76 96 0.021755613 
324 89 38 55 0.02122693 
867 19 21 25 0.021213321 
572 366 169 190 0.021149363 
850 125 20 26 0.02095356 
310 156 175 198 0.020858524 
901 314 66 81 0.020773645 
767 147 21 26 0.02074487 
486 108 119 171 0.020660399 
431 21 42 49 0.020356497 
713 87 66 81 0.020344902 
862 7 24 27 0.020277007 
640 163 271 341 0.02023156 
837 -5 55 56 0.020057576 
332 66 119 141 0.020043353 
