13_Interview_Interview_Sequences_13_541
27
483 247 26 33 0.16035005 
449 221 69 89 0.04434953 
414 204 22 27 0.035595205 
693 72 310 357 0.027737606 
461 465 160 152 0.02750359 
466 238 43 53 0.027257442 
570 251 23 30 0.026691524 
340 247 143 160 0.026491392 
745 101 25 29 0.025213566 
378 233 94 104 0.02471794 
463 200 21 28 0.023598503 
574 130 49 62 0.023582906 
200 182 35 53 0.023143318 
566 240 38 50 0.022478964 
409 194 35 44 0.022391366 
588 304 23 31 0.022277065 
336 279 22 26 0.022044845 
360 279 22 26 0.021584818 
126 255 20 26 0.021380158 
766 233 18 22 0.021143299 
513 412 146 163 0.021136863 
821 462 156 158 0.02108712 
53 207 22 28 0.020840429 
361 258 21 25 0.020746509 
354 330 144 170 0.020605447 
434 270 84 101 0.020188078 
435 250 23 30 0.020057125 
