13_Interview_Interview_On_Location_13_138
209
344 369 60 73 0.46816632 
42 326 88 102 0.3844147 
123 297 43 57 0.09335426 
85 298 79 100 0.08581632 
976 275 24 30 0.08437504 
23 530 24 31 0.08436501 
328 224 22 28 0.08122331 
152 589 21 26 0.0717695 
208 439 51 57 0.06888668 
159 145 22 27 0.066028535 
183 415 67 72 0.06464215 
284 420 50 61 0.059510354 
216 172 40 49 0.056474976 
96 606 45 46 0.056451898 
224 175 25 30 0.05549435 
671 364 19 24 0.052457076 
122 366 120 133 0.04884794 
211 177 25 29 0.048736975 
814 330 20 26 0.04773841 
366 257 17 21 0.04646853 
735 517 366 376 0.046437178 
162 334 114 130 0.043649815 
495 246 21 25 0.043246526 
259 155 22 27 0.04265008 
30 321 62 80 0.041944984 
924 409 19 23 0.041635856 
47 451 31 40 0.04112556 
51 485 26 36 0.04107694 
1 491 21 31 0.0409228 
55 503 20 26 0.040872775 
126 290 73 90 0.040029768 
331 275 19 24 0.03960489 
294 400 74 86 0.03939593 
330 573 29 34 0.039360702 
365 313 21 25 0.03924095 
308 151 20 24 0.03898157 
313 216 38 47 0.03864895 
439 305 23 30 0.036900092 
202 155 24 29 0.0367671 
669 272 22 28 0.036749072 
221 394 108 123 0.035706054 
412 251 18 23 0.035047054 
233 249 24 33 0.03485166 
62 414 53 63 0.034838084 
494 567 22 27 0.034682754 
717 314 19 24 0.03465039 
288 440 82 96 0.03440471 
56 350 108 123 0.033999752 
230 418 63 77 0.033781286 
207 185 40 51 0.0334942 
212 196 25 32 0.033477772 
252 147 36 44 0.03341126 
85 257 24 32 0.033208 
992 335 18 25 0.03293597 
232 156 25 30 0.032783695 
46 331 38 47 0.032581415 
118 615 27 31 0.032539237 
726 362 17 20 0.032455582 
916 -2 41 40 0.032072693 
179 151 21 26 0.031827554 
173 557 22 28 0.03180217 
418 346 580 580 0.031431 
144 581 36 41 0.031377807 
260 205 24 29 0.031363532 
51 1 25 26 0.031190291 
317 227 23 30 0.03115297 
45 466 41 59 0.031139757 
255 176 22 27 0.030934645 
448 209 155 196 0.030855928 
360 282 17 21 0.030786125 
67 267 44 55 0.030762864 
0 3 21 29 0.030658718 
130 333 92 108 0.030630946 
312 183 20 25 0.030616697 
127 158 19 25 0.030577261 
192 364 76 78 0.03020698 
198 150 39 46 0.029875219 
358 344 66 82 0.02942438 
72 531 21 27 0.029400153 
304 144 34 42 0.029224696 
242 171 41 50 0.028983891 
412 236 19 24 0.028851394 
945 2 27 30 0.028848987 
315 203 20 25 0.028759962 
214 225 55 76 0.02858688 
43 428 55 73 0.028556919 
566 438 25 30 0.028545095 
225 150 41 50 0.028437495 
250 195 40 49 0.028191866 
-70 522 366 360 0.027984433 
285 359 60 76 0.027886126 
224 196 26 32 0.027812302 
94 190 40 54 0.027791126 
331 209 22 27 0.027666403 
969 30 37 53 0.027146 
718 327 17 23 0.027032662 
-209 293 711 744 0.027021158 
433 301 39 48 0.026836 
299 190 62 78 0.026795952 
993 432 19 27 0.026762601 
173 400 53 62 0.026439752 
494 286 20 24 0.02602759 
336 513 30 36 0.02598896 
696 335 18 23 0.025882822 
133 588 23 27 0.025571695 
412 290 72 93 0.025474371 
752 333 18 22 0.025414146 
96 255 76 101 0.02539979 
617 229 20 24 0.025299134 
51 293 69 87 0.025282113 
382 378 60 73 0.025267815 
233 233 24 33 0.0252306 
102 291 43 58 0.02504097 
181 534 24 29 0.025026184 
991 278 19 26 0.024936825 
325 522 49 51 0.02490993 
46 497 37 48 0.024803048 
78 516 22 29 0.024770772 
179 446 79 81 0.024727052 
438 289 22 27 0.024670692 
174 441 51 55 0.024647035 
745 390 20 24 0.024646983 
137 405 67 80 0.024623714 
407 348 26 33 0.02454256 
28 517 20 28 0.02453074 
312 276 23 28 0.024526097 
257 224 23 30 0.024264121 
380 130 255 311 0.024231296 
923 391 20 24 0.024166217 
713 181 25 30 0.02410815 
408 336 23 29 0.024065724 
155 129 33 40 0.023948416 
232 356 70 80 0.023867987 
326 342 64 83 0.023858616 
206 180 68 87 0.023848701 
70 298 30 37 0.02378912 
894 368 19 23 0.023781199 
0 500 33 49 0.02348897 
280 328 28 35 0.023367941 
334 308 19 25 0.023061536 
363 234 19 23 0.023016024 
846 180 20 25 0.022969985 
695 400 20 24 0.022959063 
297 226 60 75 0.022881046 
345 310 60 75 0.02276088 
367 313 108 132 0.0227304 
48 431 29 37 0.022698468 
306 308 23 28 0.02259733 
900 480 30 36 0.022568934 
281 153 19 24 0.022534527 
359 394 67 78 0.02250544 
0 575 40 53 0.022502407 
311 558 59 61 0.022484276 
153 556 37 43 0.022475775 
819 587 26 27 0.022228872 
380 312 19 25 0.022144867 
946 246 22 27 0.022135114 
975 487 19 24 0.022055268 
297 36 174 188 0.022050261 
234 14 613 744 0.022035727 
176 618 23 26 0.021945598 
855 331 18 22 0.021894751 
286 308 24 29 0.02188142 
60 386 61 67 0.021795299 
638 339 20 24 0.021791898 
413 384 27 35 0.021706719 
66 398 126 145 0.021641253 
821 180 22 27 0.021639299 
-5 492 55 77 0.021621283 
253 121 37 46 0.021586245 
762 335 20 24 0.02157693 
238 135 58 71 0.021568159 
311 328 23 29 0.021559678 
743 360 18 20 0.02136115 
396 315 59 72 0.021312559 
23 391 109 144 0.02129558 
173 477 46 50 0.021256708 
851 203 22 27 0.021168806 
894 203 25 32 0.021144599 
948 308 19 22 0.021089625 
162 565 22 27 0.021087844 
300 572 41 44 0.021067407 
981 334 20 26 0.021014692 
819 313 18 23 0.020968523 
263 187 62 76 0.020855322 
296 346 44 57 0.020789975 
335 437 76 87 0.02076244 
447 273 96 120 0.020706763 
801 327 33 42 0.020674499 
897 378 19 23 0.020660957 
460 325 24 31 0.020640867 
307 178 36 44 0.020597788 
59 442 63 86 0.020589205 
514 306 23 27 0.020587873 
504 424 158 191 0.02058315 
334 181 22 27 0.020520281 
206 125 23 29 0.020516962 
461 338 43 56 0.020404879 
365 325 22 27 0.020401606 
316 441 47 64 0.020371508 
816 92 26 33 0.020358546 
316 256 23 30 0.020321656 
748 400 22 26 0.020318272 
844 159 20 25 0.02023606 
416 284 19 24 0.020231236 
865 65 39 50 0.020227995 
664 381 20 23 0.020164998 
405 428 44 55 0.020074502 
517 329 24 29 0.020028783 
