13_Interview_Interview_On_Location_13_610
22
301 147 198 261 0.9951251 
554 210 144 272 0.68953574 
432 105 235 380 0.06640177 
768 151 529 611 0.045654457 
776 -115 530 609 0.043336283 
334 1162 157 159 0.04192454 
395 195 183 268 0.041377716 
806 463 527 606 0.03854823 
820 794 525 587 0.0335748 
819 1134 536 557 0.03307803 
466 -306 1021 1129 0.032884438 
512 93 269 438 0.0327407 
583 243 97 145 0.028146995 
537 837 1069 1113 0.025008494 
628 187 38 44 0.022636816 
599 173 111 129 0.021659425 
899 -8 112 159 0.021223823 
455 296 149 217 0.021201061 
276 61 170 211 0.020866945 
925 -1 72 74 0.020785337 
568 334 145 199 0.020624846 
420 113 141 219 0.020554611 
