13_Interview_Interview_On_Location_13_56
48
469 201 97 136 0.99885285 
605 192 106 132 0.08903053 
727 17 174 164 0.08813676 
583 195 27 38 0.06423496 
558 270 74 88 0.056419756 
902 591 19 26 0.054018937 
871 469 20 24 0.046869926 
928 481 17 21 0.04543509 
902 607 18 22 0.04427132 
789 469 20 26 0.042669054 
720 565 27 30 0.03785111 
897 511 19 24 0.036841854 
927 633 20 25 0.03623862 
918 565 21 26 0.03573915 
925 620 18 24 0.03522067 
687 96 152 156 0.03515325 
928 468 17 22 0.034778778 
721 103 21 25 0.033387862 
557 175 57 78 0.032513686 
761 56 83 115 0.030319652 
618 -33 294 297 0.029404372 
579 242 107 122 0.029135345 
921 583 20 25 0.027782341 
944 516 17 23 0.026652506 
904 563 21 25 0.025961347 
774 480 21 26 0.025512371 
797 509 19 21 0.024685793 
826 483 19 23 0.02451951 
799 612 24 30 0.024398021 
640 127 121 150 0.024185475 
873 478 20 24 0.02408949 
932 515 17 21 0.023948377 
734 583 23 28 0.023826485 
794 662 20 24 0.023797313 
776 543 20 24 0.023446335 
777 465 21 25 0.023107551 
190 83 157 214 0.023106111 
544 170 110 148 0.022822578 
873 585 20 25 0.022504367 
698 73 19 24 0.022331674 
875 516 19 24 0.022148564 
899 491 17 21 0.022097105 
795 638 24 29 0.02163329 
925 534 18 24 0.021253124 
871 532 19 26 0.020732796 
669 181 65 91 0.020556657 
630 245 99 116 0.020403372 
734 567 22 27 0.020213027 
