13_Interview_Interview_Sequences_13_111
34
596 33 40 53 0.9269382 
758 112 35 43 0.9215876 
213 151 39 47 0.88196546 
290 173 25 32 0.84267956 
121 208 25 32 0.67304367 
386 219 26 35 0.64669603 
509 176 23 30 0.09382338 
536 126 28 39 0.052888397 
266 333 22 28 0.049858656 
180 203 24 31 0.04099297 
154 257 23 32 0.037331037 
639 142 39 58 0.03597892 
543 205 22 34 0.0356989 
286 162 23 30 0.031488992 
459 256 22 30 0.030655857 
542 264 27 43 0.02680003 
530 131 40 59 0.026245987 
800 297 22 29 0.02606412 
653 162 38 58 0.025899796 
286 191 26 34 0.025895419 
777 225 54 85 0.024985302 
760 128 38 49 0.024446562 
543 441 22 26 0.02407599 
158 527 26 31 0.023812002 
400 228 22 29 0.023808716 
335 305 22 28 0.023285381 
511 195 22 30 0.02247969 
309 532 29 32 0.022135517 
185 223 22 28 0.021937396 
659 149 26 39 0.02184783 
491 203 22 28 0.021156758 
688 238 59 83 0.020762363 
539 354 21 27 0.020528752 
659 184 38 57 0.02001651 
