13_Interview_Interview_Sequences_13_937
18
214 220 527 756 0.99970406 
876 773 77 131 0.15865466 
916 16 92 111 0.07984988 
841 629 58 70 0.03764562 
797 28 94 124 0.035296783 
52 969 115 122 0.03238689 
931 647 37 46 0.03167247 
747 34 95 119 0.030639907 
2 567 49 81 0.027494594 
856 33 112 146 0.026852317 
859 718 88 125 0.02532709 
885 81 121 163 0.022224873 
779 -1 157 189 0.021319196 
856 619 77 98 0.021124505 
837 699 79 118 0.021002013 
913 644 100 146 0.020384258 
33 11 51 71 0.020383783 
711 18 104 108 0.020223802 
