35_Basketball_playingbasketball_35_433
18
527 169 113 147 0.9962387 
561 125 98 115 0.046508912 
661 325 750 874 0.034368888 
651 -230 776 854 0.03272055 
603 132 57 72 0.03162896 
730 618 40 49 0.030089272 
411 162 61 77 0.030066332 
775 156 511 586 0.026867073 
776 795 502 579 0.024733258 
775 1080 525 559 0.024728145 
577 116 48 61 0.024323216 
622 126 66 88 0.023326432 
673 196 86 118 0.021830058 
517 804 1006 1079 0.021670396 
785 297 101 134 0.021422032 
647 192 42 56 0.020935547 
759 252 166 228 0.02070736 
599 160 96 120 0.020160276 
