35_Basketball_playingbasketball_35_588
33
594 161 66 84 0.98292774 
154 1 55 50 0.20953882 
595 467 156 198 0.08520298 
422 779 47 50 0.07330897 
209 65 172 161 0.05668352 
315 4 76 79 0.052955627 
49 24 64 66 0.045542914 
589 390 214 216 0.04074009 
114 -4 94 85 0.035739046 
180 0 39 40 0.031514253 
114 43 60 67 0.029426426 
417 747 87 91 0.02579657 
704 345 76 96 0.025616735 
680 0 35 34 0.025107581 
-2 14 41 60 0.02466654 
130 -1 42 44 0.024483941 
514 0 36 33 0.024440072 
65 10 85 84 0.024317011 
621 324 316 324 0.024291176 
6 2 31 40 0.023346607 
257 38 109 120 0.023088746 
453 232 207 235 0.022975164 
246 136 122 123 0.022731323 
490 330 209 224 0.022003125 
584 111 81 100 0.021751981 
98 0 37 40 0.021648495 
520 172 327 360 0.02158633 
296 426 112 136 0.021442607 
484 109 193 223 0.021257939 
379 294 212 243 0.021246778 
676 464 228 227 0.020913506 
24 61 135 180 0.020386524 
29 5 34 40 0.020060128 
