35_Basketball_basketballgame_ball_35_478
184
129 415 68 94 0.9977877 
473 156 16 19 0.095406525 
309 203 18 22 0.09216566 
559 155 15 18 0.08227522 
228 155 20 26 0.07664131 
393 161 17 19 0.07041997 
547 60 18 23 0.06801279 
340 181 16 19 0.065517135 
483 154 16 19 0.06490321 
796 78 18 21 0.06425277 
621 129 17 21 0.06280688 
406 160 15 18 0.06065668 
361 203 19 22 0.060602535 
337 157 14 18 0.060511276 
552 158 16 19 0.05895927 
330 255 21 28 0.05642324 
311 190 16 19 0.05570438 
313 133 16 20 0.05525166 
278 153 16 19 0.053769745 
263 201 20 24 0.05291528 
619 151 16 19 0.0484914 
226 174 22 28 0.04845199 
546 70 18 22 0.047492374 
597 187 18 21 0.047410898 
283 33 19 23 0.046937898 
438 130 17 20 0.04640899 
316 153 14 17 0.045948714 
263 102 18 22 0.045462083 
746 197 21 26 0.044718478 
611 189 17 21 0.044609565 
267 153 16 20 0.044409174 
257 232 22 28 0.044171736 
410 273 23 26 0.04411254 
802 348 22 29 0.04394589 
356 189 16 19 0.043396685 
391 177 17 20 0.0428341 
314 110 17 21 0.04274818 
382 205 19 23 0.04230357 
653 154 16 19 0.04153163 
380 274 26 29 0.041463874 
770 232 23 25 0.041429047 
440 185 17 21 0.041292578 
266 277 189 167 0.040903714 
261 81 17 22 0.04075053 
519 132 15 17 0.039896525 
316 257 22 29 0.039879926 
337 238 18 23 0.039514627 
258 131 17 21 0.03933453 
386 261 26 29 0.03904217 
438 261 20 24 0.038777325 
775 182 18 21 0.03815461 
813 348 22 28 0.03812774 
313 232 20 25 0.038003404 
104 181 17 21 0.037701793 
789 236 20 24 0.03763916 
513 156 16 20 0.036422506 
219 163 36 46 0.036378715 
570 132 15 18 0.036090944 
613 232 20 25 0.035550624 
107 223 21 28 0.03490531 
279 103 17 21 0.03483201 
315 276 23 31 0.034791823 
743 187 19 23 0.034749128 
441 154 16 19 0.034691222 
370 246 71 74 0.034475353 
493 101 16 19 0.034133952 
594 156 14 18 0.034129746 
541 128 15 18 0.0340254 
740 156 16 19 0.033778664 
497 83 17 20 0.033383235 
773 35 19 21 0.033300243 
363 155 14 18 0.03295409 
800 201 18 22 0.032857604 
748 523 350 373 0.032722875 
300 194 33 39 0.03236558 
691 183 18 22 0.03202021 
487 134 15 17 0.0313012 
662 155 16 20 0.031085007 
358 229 21 26 0.030804165 
469 134 16 19 0.030720407 
241 141 76 95 0.030407732 
408 179 17 20 0.029890446 
544 106 16 20 0.029882476 
-217 298 713 742 0.029853558 
437 231 20 23 0.02963365 
281 257 24 30 0.029533386 
255 191 36 45 0.02952972 
263 187 16 20 0.029496806 
467 175 18 22 0.029461833 
246 219 40 48 0.029318113 
321 259 32 46 0.029225353 
126 250 24 33 0.029081753 
440 111 17 21 0.028623702 
435 277 19 23 0.028577229 
624 75 17 20 0.028523237 
239 133 19 23 0.028183792 
410 203 19 22 0.028175645 
437 201 19 23 0.028149022 
768 202 19 24 0.02797928 
803 105 18 21 0.02794972 
-63 516 357 363 0.027895741 
217 157 18 23 0.027872266 
283 206 19 23 0.027747728 
623 110 17 21 0.02758132 
107 212 19 24 0.027520303 
73 184 19 25 0.027315278 
730 158 15 18 0.0271831 
388 230 22 24 0.026670726 
645 204 19 24 0.026553996 
766 252 25 29 0.026335867 
232 163 103 123 0.026322594 
412 230 21 24 0.026019068 
286 77 18 22 0.025879595 
126 232 21 28 0.025748704 
775 160 15 17 0.025537092 
643 228 21 26 0.025446458 
574 107 16 19 0.025073284 
281 136 16 20 0.025033876 
749 229 22 26 0.024970403 
643 256 22 27 0.024823703 
328 517 376 356 0.024686377 
510 52 16 20 0.02454711 
816 200 19 23 0.024534544 
458 262 19 24 0.024477359 
133 529 361 350 0.024384659 
336 206 17 21 0.024328582 
804 331 35 44 0.024252057 
589 131 16 19 0.02418316 
552 304 695 734 0.023869442 
283 231 21 27 0.02371369 
853 160 17 21 0.023650486 
216 175 19 25 0.023625523 
670 255 22 26 0.023471162 
518 179 18 21 0.023469388 
545 179 18 22 0.023326509 
285 272 23 29 0.023284625 
717 329 19 25 0.023252074 
330 174 31 37 0.023197912 
336 136 16 20 0.023077952 
331 339 182 169 0.023075897 
509 82 16 20 0.023048138 
327 235 134 155 0.023007222 
388 130 17 20 0.02294903 
816 127 18 22 0.022943567 
559 60 18 22 0.022795225 
231 202 64 76 0.022753231 
768 130 15 18 0.022707902 
819 187 17 21 0.022465827 
258 142 31 41 0.02243186 
795 383 21 27 0.022328272 
768 47 17 21 0.022283843 
721 53 18 21 0.022222064 
339 186 115 128 0.022197543 
850 229 23 27 0.021949792 
696 232 23 26 0.021679137 
116 220 36 47 0.021628728 
287 186 16 19 0.021543037 
101 213 35 46 0.021499563 
419 254 41 45 0.021397866 
71 200 18 24 0.021371262 
483 201 21 26 0.021369848 
689 35 18 21 0.021315694 
850 180 18 21 0.021238428 
383 171 30 36 0.021228572 
612 200 19 22 0.02116741 
798 185 16 20 0.021117182 
290 139 82 96 0.021080904 
586 105 16 19 0.020957522 
433 48 18 23 0.0209349 
295 183 76 90 0.020747583 
142 243 38 49 0.02066392 
801 151 16 19 0.020630443 
264 204 58 72 0.020487731 
160 279 723 703 0.020438328 
847 353 21 27 0.020382974 
334 105 17 21 0.020287296 
804 130 18 22 0.020202523 
491 227 22 26 0.020199666 
941 48 20 26 0.020135194 
620 58 17 21 0.02013351 
463 228 20 24 0.02009073 
83 97 20 26 0.020046426 
98 102 20 24 0.020036448 
309 74 17 20 0.020031262 
