35_Basketball_basketballgame_ball_35_662
201
479 82 53 66 0.9837959 
598 46 48 61 0.98109573 
205 144 49 58 0.97188807 
66 102 42 51 0.9618346 
244 64 34 43 0.9605898 
378 66 31 40 0.9423538 
109 62 37 48 0.7997695 
801 128 47 60 0.779542 
361 138 36 43 0.65812474 
429 10 30 39 0.64831704 
284 129 39 49 0.6419462 
61 34 34 43 0.5618062 
687 122 46 56 0.5336567 
172 1 30 33 0.5153968 
309 95 34 42 0.44452813 
685 42 31 39 0.4089302 
663 2 29 30 0.3439627 
759 2 28 31 0.30542663 
69 233 57 76 0.24367496 
732 130 43 54 0.24101004 
664 115 44 57 0.22677363 
436 90 31 41 0.22398834 
275 21 26 30 0.20223159 
111 90 38 49 0.1968198 
-3 0 23 28 0.17760146 
-1 169 27 39 0.17632887 
276 0 25 26 0.17391796 
19 44 35 45 0.1664603 
181 13 28 33 0.1559096 
458 15 35 45 0.13655955 
511 1 26 29 0.13499907 
532 2 27 30 0.13172893 
801 8 45 45 0.12782045 
330 3 22 26 0.12533662 
460 87 41 55 0.12357135 
870 141 35 52 0.11947843 
634 1 27 29 0.10963873 
116 115 33 40 0.109041594 
149 23 25 29 0.10008878 
713 84 31 41 0.095340356 
846 77 26 33 0.09479498 
307 1 23 26 0.09136245 
405 144 40 52 0.0910967 
58 0 25 28 0.08665503 
20 64 27 36 0.08655121 
136 28 23 28 0.08628063 
22 30 23 30 0.08419992 
160 0 27 28 0.083698206 
764 74 24 30 0.082758725 
487 -1 27 28 0.08088192 
409 119 31 40 0.08051198 
262 0 24 27 0.077328764 
760 16 28 31 0.07566624 
3 45 33 45 0.07524804 
825 111 57 77 0.07500409 
745 68 33 42 0.07474992 
57 28 27 32 0.07446141 
560 26 27 33 0.072945245 
844 86 40 53 0.071808 
458 1 24 30 0.071234204 
529 151 41 56 0.06647067 
842 194 28 36 0.0659973 
563 0 25 28 0.06381046 
707 129 41 53 0.063338555 
753 139 42 55 0.06096748 
689 0 25 27 0.059218988 
306 49 26 33 0.05693061 
668 45 36 43 0.056825425 
587 -1 23 25 0.055997584 
414 15 27 34 0.055971608 
330 144 37 47 0.05550144 
284 518 20 24 0.054044455 
263 21 25 29 0.053531084 
397 62 37 49 0.051874325 
764 53 24 30 0.051684774 
198 21 25 30 0.051238034 
659 66 29 39 0.05111409 
411 98 30 39 0.05006295 
737 90 38 48 0.04995386 
154 119 33 40 0.04987258 
468 270 46 52 0.049665622 
200 2 23 28 0.049435798 
803 36 39 45 0.049025122 
413 1 26 30 0.048955165 
327 508 18 24 0.047474515 
799 47 27 32 0.047470763 
214 123 47 59 0.046814024 
358 2 23 27 0.046528973 
306 74 26 31 0.04648086 
180 53 25 33 0.046400633 
745 57 24 31 0.045604534 
231 26 22 27 0.045386344 
784 244 41 48 0.04534206 
331 21 24 29 0.044891126 
473 20 37 42 0.044545826 
230 -1 21 24 0.044240426 
687 59 38 48 0.042362723 
621 -1 24 26 0.042085726 
370 629 40 47 0.041890573 
210 44 26 33 0.040795382 
538 47 34 46 0.04046078 
1 153 27 39 0.040233474 
239 137 46 55 0.0398187 
283 41 26 34 0.039307702 
104 505 20 24 0.039068837 
721 216 44 52 0.038436294 
358 508 19 22 0.037567627 
538 16 27 32 0.037147235 
385 0 24 28 0.03705276 
148 52 27 34 0.03684894 
606 27 43 54 0.03656943 
689 26 30 34 0.036498863 
103 491 20 25 0.03569949 
335 44 26 32 0.03549792 
308 21 23 27 0.035437193 
330 546 19 24 0.035402536 
869 4 22 25 0.035072044 
867 74 25 31 0.035025872 
27 -3 21 24 0.035000674 
148 101 29 37 0.034803037 
758 85 38 48 0.034769736 
358 18 24 28 0.034598645 
95 109 39 48 0.034378063 
5 65 26 36 0.034024805 
765 269 42 51 0.03382985 
361 638 32 36 0.032673437 
216 511 20 25 0.032661125 
795 1 33 33 0.03232604 
926 0 25 24 0.03223209 
712 1 23 27 0.03203989 
991 -1 24 28 0.031233897 
65 62 40 50 0.031046735 
639 115 42 55 0.030725801 
102 -1 22 24 0.030485792 
146 483 25 31 0.030241705 
764 242 43 52 0.030088505 
133 0 21 23 0.030055294 
754 519 349 370 0.02964976 
149 67 30 38 0.029643971 
30 119 29 38 0.028789291 
121 53 29 38 0.028717302 
361 543 17 20 0.028510908 
873 22 24 27 0.028064955 
871 53 23 28 0.028064083 
471 35 41 53 0.027208734 
361 65 35 42 0.027132729 
875 125 25 35 0.0264482 
844 141 31 41 0.026204119 
135 510 23 26 0.026015537 
762 290 31 41 0.025750136 
382 93 30 37 0.025497906 
433 546 20 24 0.025396911 
100 27 22 27 0.025303155 
867 100 27 36 0.025139391 
840 0 28 29 0.024962911 
826 180 54 67 0.024903752 
656 242 38 50 0.024805054 
578 317 690 732 0.02468367 
750 2 49 54 0.024330953 
621 44 43 54 0.02428397 
234 490 19 23 0.024018014 
391 509 18 21 0.024017962 
795 97 27 34 0.024000652 
711 188 57 67 0.023864167 
845 56 24 29 0.023781344 
503 266 42 50 0.023767883 
707 233 61 72 0.023657564 
557 88 42 55 0.023579508 
371 123 35 44 0.02343695 
811 100 41 54 0.023424644 
513 18 27 32 0.023316804 
767 165 31 39 0.023255948 
591 25 28 34 0.023206098 
551 114 40 51 0.023102524 
318 544 19 23 0.023043564 
0 118 26 38 0.022826511 
605 302 64 78 0.022664811 
508 81 54 70 0.022362467 
325 114 39 49 0.022319961 
391 546 18 22 0.022312053 
608 263 63 71 0.022058412 
3 24 23 31 0.02204295 
402 50 30 38 0.021827996 
263 10 47 53 0.02179899 
751 33 51 63 0.021795452 
709 264 42 52 0.021639477 
459 513 18 23 0.021608135 
386 22 26 31 0.021555154 
135 485 24 29 0.02145587 
435 74 29 39 0.021408612 
228 49 35 46 0.021289237 
760 195 40 50 0.02126444 
260 560 21 26 0.021184973 
632 244 47 58 0.021159353 
795 299 29 36 0.020896351 
193 264 45 50 0.020587074 
354 493 19 25 0.020543838 
80 514 19 24 0.020417355 
385 612 25 29 0.020380564 
132 535 20 24 0.020210855 
-4 177 37 54 0.020208348 
