35_Basketball_basketballgame_ball_35_827
53
371 394 222 316 0.9998288 
715 913 233 322 0.9783272 
548 1337 164 169 0.77265364 
441 1370 164 146 0.13135226 
485 1311 77 95 0.12203137 
426 1428 101 98 0.11637246 
24 1441 97 93 0.10552204 
381 1403 116 119 0.08845857 
758 1125 180 170 0.08734924 
23 1375 159 144 0.063011855 
728 150 486 573 0.061384328 
723 932 161 179 0.06005644 
346 1312 66 88 0.052574404 
641 -175 743 839 0.04524232 
431 1336 112 141 0.038471214 
612 1403 90 107 0.03643474 
486 1450 49 61 0.03593182 
449 1239 245 236 0.035922155 
310 1277 120 134 0.032512095 
622 1331 88 105 0.030608227 
634 1275 143 179 0.030064091 
386 1302 99 117 0.029349428 
519 1412 97 99 0.028950132 
372 -12 138 119 0.028027866 
344 1261 180 185 0.02769883 
461 1295 141 148 0.026769536 
62 1477 55 64 0.026768027 
729 837 450 508 0.026436917 
838 1270 117 154 0.026426869 
817 1198 145 172 0.025593141 
763 458 501 612 0.025355352 
31 1474 62 67 0.025134277 
583 45 99 149 0.024905875 
651 1338 49 61 0.024521466 
308 1331 174 170 0.024077863 
480 1404 81 95 0.023440566 
367 1177 63 70 0.023259081 
403 -3 86 67 0.023143174 
101 1280 73 90 0.022517594 
776 898 119 150 0.022394022 
767 1071 507 535 0.02221732 
344 1437 72 73 0.021709923 
453 1416 54 64 0.02159772 
136 1280 66 82 0.02114513 
683 1167 138 177 0.021082267 
460 -12 202 222 0.020997414 
65 1273 74 95 0.020978944 
373 1300 57 71 0.020807806 
865 1151 111 156 0.020600444 
497 1419 43 54 0.02042592 
399 1355 89 113 0.02020202 
375 1460 86 83 0.020195428 
333 1338 65 91 0.020094607 
