35_Basketball_playingbasketball_35_582
100
678 115 45 53 0.775511 
425 110 44 69 0.65115845 
514 121 49 54 0.54010606 
429 25 68 73 0.29507998 
437 105 59 84 0.15309349 
515 96 43 54 0.122576565 
495 67 40 51 0.11165796 
467 56 65 76 0.10187708 
840 100 67 90 0.08609735 
379 22 26 31 0.08055841 
455 62 33 43 0.07848945 
472 43 48 53 0.07450803 
434 37 39 47 0.07371049 
475 96 63 83 0.067536905 
664 99 47 60 0.060853127 
709 214 43 57 0.06029545 
405 91 46 69 0.053779017 
401 14 64 76 0.049854323 
507 55 25 31 0.049732022 
448 81 50 73 0.0483683 
362 15 56 68 0.045172688 
250 126 63 81 0.044977397 
488 49 29 33 0.044782706 
841 120 32 47 0.042599954 
510 141 62 70 0.040507976 
531 81 26 32 0.04019511 
643 115 35 46 0.03895682 
450 118 33 49 0.038177583 
412 27 26 32 0.035499733 
868 122 30 40 0.03486491 
641 98 25 33 0.034150872 
799 117 23 32 0.033452757 
534 31 23 27 0.033216886 
686 234 41 54 0.033183716 
356 119 29 38 0.03297308 
203 51 81 106 0.032586902 
488 87 32 43 0.031890396 
618 118 23 32 0.031796653 
818 109 65 97 0.030841943 
711 104 28 37 0.03005376 
707 120 30 39 0.029493626 
563 254 42 53 0.029423388 
26 218 286 339 0.02917658 
451 285 81 91 0.028059645 
586 383 52 81 0.027621672 
824 120 27 39 0.027440134 
601 222 63 78 0.027404206 
956 0 52 45 0.0272952 
343 188 66 88 0.026923208 
461 273 27 31 0.026824938 
326 46 24 29 0.026650665 
405 56 47 62 0.026556103 
360 50 43 59 0.02654469 
278 167 69 88 0.026158024 
815 530 156 178 0.025988938 
188 368 76 85 0.025766877 
543 133 42 49 0.025343055 
375 41 29 37 0.025287496 
381 133 42 54 0.024861861 
567 78 22 27 0.024839094 
294 63 64 86 0.024282942 
631 232 39 52 0.024122238 
526 23 41 45 0.02399067 
-53 475 356 381 0.023868438 
386 120 27 37 0.023803385 
650 207 57 70 0.023538426 
537 47 23 27 0.023385573 
920 125 20 25 0.023177024 
694 131 45 54 0.023130223 
269 160 49 68 0.023079198 
430 97 34 51 0.023009818 
677 147 45 60 0.022606676 
974 109 21 26 0.022575602 
665 237 41 50 0.022554658 
515 181 62 85 0.022514133 
415 121 69 93 0.021995444 
773 425 39 53 0.021984395 
570 213 63 85 0.021982582 
382 8 23 27 0.021894842 
365 46 27 35 0.021866228 
314 36 39 49 0.021757338 
771 102 23 31 0.021689424 
455 148 45 61 0.02163896 
639 121 60 73 0.0216041 
475 138 64 81 0.021520292 
459 91 29 42 0.021516366 
889 -27 152 187 0.021483574 
947 -13 76 81 0.021438072 
616 105 23 32 0.021404138 
821 103 24 33 0.021066507 
846 105 27 38 0.02083515 
346 106 50 64 0.020723905 
7 99 279 316 0.020654503 
294 150 42 54 0.02060548 
111 521 371 352 0.02059043 
364 26 25 29 0.020496327 
687 150 67 86 0.020472836 
871 105 24 31 0.020355774 
486 27 25 27 0.020351889 
620 390 65 94 0.02017897 
