35_Basketball_playingbasketball_35_818
32
431 106 87 115 0.961354 
583 172 66 90 0.49969384 
554 172 63 85 0.20912978 
624 191 68 97 0.1478161 
648 174 62 92 0.13445652 
691 169 51 78 0.1071971 
310 98 112 125 0.103422 
212 128 57 70 0.0693419 
196 175 86 113 0.05584731 
429 260 103 126 0.05043715 
646 234 57 83 0.04103521 
202 144 71 97 0.03929097 
402 162 99 127 0.0382493 
613 156 61 89 0.037947793 
366 189 157 189 0.03788084 
200 145 165 192 0.03522027 
365 137 105 134 0.032466393 
374 88 167 206 0.02642185 
691 304 49 69 0.026342118 
504 241 101 123 0.025682408 
380 286 95 115 0.025231546 
357 80 94 116 0.024626462 
276 139 113 122 0.024569847 
604 221 88 120 0.024167808 
519 135 87 108 0.023969123 
441 350 117 135 0.02222968 
464 41 34 37 0.022217054 
656 220 42 61 0.022099137 
211 221 96 117 0.021838149 
204 182 43 54 0.021126859 
287 74 104 110 0.020633738 
325 60 96 104 0.020498546 
