35_Basketball_basketballgame_ball_35_192
198
749 124 124 176 0.99815637 
558 604 132 162 0.91906655 
148 481 43 55 0.7395803 
24 560 50 59 0.29717347 
54 418 50 58 0.26401913 
234 477 65 72 0.23943393 
186 627 49 63 0.21878791 
1 930 37 58 0.19907904 
86 754 54 75 0.12455591 
261 631 100 99 0.113493875 
90 755 85 112 0.09064245 
332 324 33 46 0.08288909 
228 579 79 110 0.08003322 
241 143 49 66 0.069350384 
309 311 42 57 0.06923043 
218 686 48 64 0.0655783 
329 193 41 54 0.062127627 
100 739 30 41 0.058133263 
303 190 48 59 0.057739276 
339 474 48 68 0.05647141 
152 92 112 127 0.054620445 
1 261 31 51 0.05460772 
56 302 47 62 0.05446502 
173 532 51 64 0.053122558 
938 1137 49 72 0.050260592 
137 592 72 86 0.04885237 
177 262 50 60 0.048712976 
100 226 48 61 0.048042078 
128 921 35 46 0.04786446 
12 226 43 68 0.04769332 
372 211 25 33 0.047384422 
414 404 55 75 0.044016264 
201 649 53 72 0.043435927 
128 749 81 100 0.042501368 
236 297 52 64 0.04218457 
206 376 52 64 0.03981571 
363 204 40 53 0.039371744 
288 658 96 97 0.03922843 
243 514 86 106 0.037964106 
220 192 46 62 0.037963137 
143 256 51 63 0.037250217 
11 831 55 69 0.037230197 
242 115 48 63 0.036086164 
201 128 143 156 0.03588201 
201 259 52 63 0.035761196 
276 281 88 103 0.035334162 
165 758 57 67 0.035197824 
393 266 48 64 0.03362222 
30 728 49 65 0.033334393 
221 636 81 100 0.032986928 
87 801 63 77 0.032964386 
205 135 73 98 0.032934576 
414 266 48 60 0.032878052 
347 217 98 106 0.032423895 
290 169 97 106 0.032178625 
64 1017 50 68 0.032155167 
121 799 69 78 0.0318218 
373 442 81 110 0.031729046 
82 462 50 65 0.031603206 
374 191 25 33 0.0314102 
129 499 48 60 0.030878166 
116 701 134 159 0.030850232 
101 244 29 37 0.0305529 
327 222 49 64 0.030438753 
405 364 30 40 0.03041252 
273 293 49 61 0.030228464 
0 1000 44 81 0.030097462 
28 217 30 44 0.029873675 
127 129 88 117 0.029837219 
41 801 82 91 0.029633656 
274 217 94 105 0.02944956 
128 217 73 92 0.029276192 
98 62 129 128 0.029267343 
455 1162 37 43 0.029226743 
137 328 52 65 0.028992709 
87 143 92 113 0.02895815 
44 90 88 112 0.028913854 
140 636 70 86 0.028899945 
305 142 147 159 0.028518522 
296 226 54 68 0.0284266 
389 317 47 63 0.028317465 
4 1005 27 42 0.028253667 
156 619 129 154 0.027948722 
137 926 53 66 0.027660914 
883 881 421 438 0.027553206 
483 134 82 103 0.027370142 
306 592 79 123 0.027338132 
8 547 45 55 0.027134394 
58 402 39 47 0.026955819 
243 699 95 106 0.026781943 
255 177 78 96 0.026331013 
399 188 78 100 0.02628515 
391 224 100 108 0.026266456 
164 506 47 61 0.026187187 
463 350 50 61 0.02600694 
353 168 63 84 0.025956813 
171 74 73 86 0.025945507 
176 376 58 67 0.025810475 
-1 419 37 58 0.025762413 
291 262 55 72 0.025670178 
85 608 43 57 0.02565812 
238 323 39 51 0.0256507 
205 577 177 203 0.025509803 
-10 888 83 122 0.025446689 
433 366 76 98 0.02544595 
368 365 31 43 0.024863457 
432 128 98 116 0.02485015 
233 345 51 63 0.024814954 
371 283 48 64 0.024694921 
172 289 52 63 0.024665894 
361 484 39 53 0.024650097 
399 240 47 60 0.024511183 
346 472 68 104 0.024492318 
426 399 38 49 0.024475519 
0 1144 29 58 0.024349734 
319 294 59 75 0.024246935 
897 639 402 463 0.024227595 
424 419 76 101 0.024206212 
285 558 82 117 0.024146197 
366 181 39 53 0.024141245 
905 387 404 460 0.024037104 
216 363 37 46 0.023982173 
487 426 80 97 0.023910107 
34 423 35 49 0.023908071 
168 150 57 82 0.02388244 
2 956 42 70 0.023874894 
148 921 35 45 0.023778757 
266 672 76 77 0.023740474 
28 627 51 68 0.023651818 
207 291 52 62 0.023377137 
668 640 819 874 0.023283737 
45 723 68 87 0.023065249 
362 226 48 62 0.022987004 
430 217 26 34 0.022981685 
125 861 90 107 0.022973165 
47 214 68 92 0.022854934 
86 186 128 152 0.02279962 
139 293 55 66 0.022796558 
407 350 73 89 0.022711627 
198 214 73 87 0.022640971 
29 523 35 43 0.02258917 
63 244 27 36 0.022523705 
340 159 26 34 0.022513753 
141 734 55 71 0.022509607 
233 260 58 69 0.022497302 
77 784 176 218 0.022468105 
108 563 74 92 0.02243226 
52 762 88 103 0.022385214 
41 658 50 59 0.022384409 
116 341 68 82 0.022379158 
16 574 63 80 0.022326138 
75 181 84 110 0.022247745 
33 426 61 78 0.022191942 
288 334 88 107 0.022150796 
115 662 86 106 0.02214479 
156 891 30 36 0.022137782 
400 383 51 76 0.022022039 
116 601 50 62 0.021955837 
210 113 30 40 0.021908896 
338 374 47 70 0.02184004 
32 696 35 45 0.021807652 
194 520 70 89 0.021662567 
151 735 33 43 0.021542786 
33 861 138 171 0.021521237 
424 242 34 41 0.021365084 
882 -94 407 454 0.02135193 
-7 257 64 95 0.021271171 
60 214 28 36 0.0212291 
899 133 409 454 0.02122549 
3 595 47 61 0.021181582 
112 246 51 66 0.021103362 
245 542 38 50 0.021054411 
25 263 31 47 0.021033369 
139 360 74 86 0.020982511 
357 363 65 96 0.020973152 
206 612 42 57 0.020972101 
424 367 31 40 0.020928947 
115 655 47 62 0.020927193 
376 133 140 156 0.020874573 
977 191 45 77 0.020864503 
199 671 188 219 0.020845663 
143 131 306 322 0.020649068 
0 453 29 44 0.020643536 
1 218 76 114 0.020612974 
134 957 52 66 0.020508591 
127 329 32 42 0.020476338 
362 385 34 51 0.02045077 
79 249 48 65 0.020420607 
129 511 73 91 0.020402461 
82 156 60 75 0.02037642 
156 249 28 37 0.020333264 
317 256 147 153 0.020276437 
209 316 127 140 0.02026174 
26 596 39 50 0.02023709 
145 196 49 66 0.020227892 
255 162 47 61 0.020131994 
214 147 33 46 0.020119345 
397 482 79 113 0.02006837 
