35_Basketball_Basketball_35_635
142
483 323 26 32 0.96454144 
813 304 29 37 0.9620007 
455 279 27 32 0.92926973 
278 313 30 39 0.85317093 
356 331 26 32 0.78297156 
565 449 30 38 0.7553292 
508 477 30 36 0.71137065 
696 344 27 35 0.6899759 
419 320 26 34 0.6576248 
596 260 26 34 0.6397131 
624 307 28 35 0.58722055 
543 293 26 34 0.56942505 
313 450 27 36 0.53825814 
685 300 23 31 0.5232315 
769 375 32 38 0.43919358 
748 320 28 35 0.38959467 
276 278 27 33 0.38202348 
370 406 26 32 0.29475716 
756 310 28 36 0.29383776 
451 424 26 33 0.2545101 
335 306 22 30 0.21183088 
721 404 25 31 0.16466628 
339 326 24 30 0.16378486 
234 313 24 28 0.1597047 
209 324 23 31 0.15962334 
801 306 25 32 0.13642289 
710 350 22 29 0.1225749 
713 336 22 30 0.10729161 
230 322 22 29 0.10223633 
379 326 21 28 0.09129951 
514 297 23 29 0.08422785 
384 308 20 26 0.074054874 
428 312 27 34 0.0735998 
673 300 23 30 0.07310718 
868 305 19 25 0.070573635 
392 529 42 42 0.06785699 
357 312 22 28 0.063023925 
597 377 24 31 0.060068194 
608 269 26 33 0.05985444 
444 413 26 34 0.058271978 
454 295 26 33 0.057297565 
841 306 23 29 0.057137907 
212 389 23 27 0.05293542 
646 402 24 29 0.052264903 
408 433 25 31 0.04994997 
566 550 25 32 0.04922814 
429 378 24 31 0.049056116 
359 460 25 33 0.048954125 
463 563 32 40 0.04853737 
793 324 25 32 0.0483474 
670 462 27 33 0.046845417 
769 362 28 34 0.046402924 
361 394 46 57 0.045279082 
334 291 19 23 0.04520337 
820 289 25 31 0.04489489 
416 379 23 29 0.044721298 
359 343 25 33 0.04465588 
330 353 22 29 0.043787505 
894 301 20 26 0.0434403 
506 487 36 46 0.042840395 
392 357 22 27 0.042737216 
329 437 23 30 0.042103954 
123 300 24 30 0.042047385 
407 644 25 31 0.041551795 
584 306 24 31 0.041428495 
556 288 24 31 0.041384436 
491 432 23 30 0.041105967 
260 303 33 44 0.040774606 
577 437 28 35 0.03897132 
366 389 23 28 0.038930353 
482 381 23 29 0.038196627 
900 328 21 26 0.035618372 
483 285 21 27 0.035269756 
178 305 23 29 0.035043776 
404 359 22 29 0.035034817 
723 305 22 29 0.03494698 
893 291 20 25 0.034401074 
387 289 20 25 0.033987444 
358 476 26 34 0.033594217 
206 308 32 39 0.033371132 
920 329 22 26 0.03312991 
533 502 27 35 0.032560043 
464 332 23 30 0.03250627 
257 397 24 31 0.032488495 
756 347 50 59 0.03226171 
226 407 22 26 0.032147277 
594 513 25 34 0.03148366 
749 378 23 27 0.031275664 
479 563 27 34 0.031018598 
485 406 21 28 0.030640176 
404 514 30 37 0.030363167 
670 289 21 27 0.030097641 
872 291 20 24 0.029956067 
746 356 25 30 0.029599631 
509 332 22 28 0.02958834 
420 525 40 45 0.029555164 
584 531 26 32 0.029176751 
1 326 27 34 0.028232746 
778 349 35 44 0.028036766 
459 264 22 28 0.027950138 
222 299 46 58 0.027945265 
224 388 21 25 0.02774095 
265 284 21 29 0.02764722 
383 514 28 33 0.02738821 
607 381 23 29 0.027246583 
103 301 22 27 0.027093472 
157 286 22 27 0.026955549 
445 281 23 30 0.026668945 
506 432 24 30 0.026256885 
156 299 25 31 0.026188409 
566 477 26 35 0.026153687 
298 307 25 34 0.026045961 
487 535 24 29 0.025979374 
227 454 26 33 0.025654968 
176 327 24 29 0.025566261 
412 409 23 31 0.02552278 
650 357 22 28 0.02529641 
367 426 25 32 0.024919923 
344 322 41 50 0.024890555 
328 474 33 43 0.02466625 
211 402 22 27 0.024451636 
410 454 24 31 0.023485698 
540 457 25 32 0.023256922 
378 386 25 31 0.02283215 
232 432 22 27 0.022520553 
428 561 65 73 0.022042653 
479 527 39 48 0.021882094 
282 380 25 32 0.021756718 
795 295 41 51 0.021647727 
467 572 44 51 0.021644287 
123 327 24 30 0.021629222 
230 354 21 26 0.02131062 
563 349 25 31 0.021075219 
664 330 23 30 0.020780854 
409 287 22 28 0.020614728 
261 589 21 27 0.020494767 
921 312 20 24 0.020322539 
488 349 24 31 0.020261671 
125 289 21 26 0.02019544 
872 325 20 27 0.020155096 
359 287 18 22 0.020091789 
564 631 22 28 0.020091167 
