35_Basketball_basketballgame_ball_35_429
17
423 219 245 344 0.9997155 
471 1175 117 106 0.08211281 
783 1073 536 581 0.050029863 
467 524 136 155 0.04951257 
504 780 1038 1095 0.039079115 
295 1262 95 140 0.032032344 
749 770 514 585 0.031378813 
73 772 63 93 0.02886941 
462 1196 163 148 0.026801586 
636 366 726 834 0.025656126 
683 378 43 66 0.025277482 
146 1033 105 130 0.022658361 
879 1028 119 160 0.022123251 
120 1257 102 153 0.021968497 
498 576 152 162 0.0218826 
490 1009 123 142 0.021762656 
466 1060 121 141 0.021095503 
