35_Basketball_Basketball_35_801
68
873 217 66 100 0.116217405 
481 274 158 154 0.105057746 
353 185 411 331 0.090721205 
849 530 169 153 0.079681985 
82 35 74 100 0.04322605 
517 220 22 29 0.042847354 
304 165 662 570 0.04180653 
487 286 395 341 0.040875092 
522 288 206 167 0.039369002 
543 302 80 92 0.036863312 
914 243 76 96 0.036769617 
847 237 116 140 0.036067426 
899 244 51 78 0.0357654 
280 24 85 118 0.035040136 
833 216 79 84 0.035002608 
487 332 117 136 0.033533663 
641 280 23 31 0.033527303 
172 65 518 541 0.031807348 
495 301 66 93 0.03139094 
-139 410 515 560 0.031001361 
593 349 20 27 0.03076746 
250 192 313 335 0.02948833 
688 360 24 29 0.028189238 
546 474 388 378 0.028077725 
579 335 40 50 0.028004762 
895 147 22 30 0.027574578 
710 186 266 290 0.027569296 
518 311 20 27 0.027227657 
642 291 36 49 0.027203709 
-7 257 751 738 0.026866263 
735 485 334 366 0.026555732 
631 278 62 79 0.026334817 
152 2 26 27 0.02623481 
580 305 69 79 0.02597804 
611 288 134 112 0.024993353 
689 156 24 30 0.024695856 
568 309 22 26 0.024653345 
55 21 124 152 0.024247458 
570 334 22 27 0.024033792 
590 338 22 29 0.023314822 
39 119 224 310 0.023203613 
613 336 21 26 0.023132132 
-13 160 154 205 0.02303097 
720 300 278 325 0.022759633 
557 301 49 57 0.022590622 
534 310 20 25 0.022297164 
177 131 87 93 0.022259353 
541 311 662 689 0.022207845 
125 476 92 102 0.02194374 
507 317 41 57 0.021910949 
515 329 21 29 0.021870242 
536 360 75 95 0.021802217 
277 165 195 218 0.021561569 
871 230 31 39 0.021402294 
175 250 197 225 0.02139228 
917 247 27 41 0.021365209 
173 61 123 134 0.021223506 
599 323 41 49 0.021177517 
250 54 90 110 0.021150183 
20 4 30 31 0.02102805 
166 161 181 208 0.020874662 
677 325 77 83 0.020794932 
1 199 21 31 0.02075956 
848 109 20 24 0.020723872 
16 312 149 209 0.020319209 
905 254 114 145 0.020287 
139 296 287 302 0.02023914 
895 206 22 28 0.020120624 
