35_Basketball_playingbasketball_35_431
20
456 43 90 88 0.8876113 
446 140 46 61 0.12354797 
502 49 74 82 0.07500029 
463 271 27 32 0.070073806 
532 65 65 85 0.042636286 
433 104 73 96 0.041973088 
793 100 29 34 0.038422763 
779 142 42 65 0.03809715 
510 401 28 36 0.027508395 
811 137 62 97 0.027160719 
772 146 28 42 0.026751608 
432 137 113 146 0.026007025 
418 80 68 86 0.02565502 
786 113 45 56 0.025642585 
163 88 277 382 0.025573364 
458 185 45 58 0.025526367 
452 72 82 104 0.025074484 
457 235 65 76 0.022508958 
382 475 31 38 0.02150862 
528 64 37 48 0.020672249 
