35_Basketball_playingbasketball_35_585
17
247 219 205 272 0.9999089 
635 221 187 298 0.9995203 
661 174 140 199 0.10759209 
9 635 63 91 0.037326716 
97 397 75 89 0.035971962 
816 1126 557 559 0.035751827 
820 809 529 581 0.035273723 
55 363 100 120 0.034841884 
28 335 91 128 0.028658602 
805 -111 513 604 0.027391817 
836 481 515 600 0.025367644 
513 819 1084 1103 0.024519496 
711 314 156 194 0.022107963 
618 332 121 165 0.021575192 
812 167 493 573 0.02064538 
3 311 37 58 0.020187728 
676 121 119 165 0.02014267 
