35_Basketball_Basketball_35_529
117
564 180 26 34 0.91049725 
505 156 32 43 0.86562186 
639 174 30 38 0.85894555 
379 176 26 33 0.8139816 
694 214 31 40 0.7400489 
440 169 26 33 0.70106274 
764 241 27 37 0.38957345 
273 218 25 31 0.12808967 
787 334 26 33 0.1184313 
721 272 26 32 0.11674714 
742 236 37 49 0.099905215 
330 175 25 32 0.09380083 
640 106 80 93 0.093218215 
383 198 24 31 0.090022676 
367 175 23 30 0.085483626 
265 212 25 32 0.08217543 
452 173 25 33 0.070894204 
309 175 22 29 0.06849454 
580 179 24 31 0.06330417 
333 151 24 28 0.061148483 
632 158 49 61 0.058071945 
307 162 37 49 0.05615525 
350 155 51 65 0.048974708 
314 150 57 71 0.044703286 
385 159 24 29 0.04460674 
354 153 23 29 0.043773167 
640 152 30 38 0.042797573 
704 258 60 74 0.03980134 
433 331 39 43 0.03951039 
710 301 46 56 0.038153805 
714 243 38 47 0.037111387 
314 149 21 28 0.035777748 
344 148 39 51 0.034971084 
718 286 65 80 0.034704216 
339 200 21 26 0.034424618 
363 206 21 27 0.034215286 
565 161 23 30 0.03400941 
253 206 46 60 0.033731755 
313 143 36 47 0.033310235 
805 330 69 88 0.032136526 
586 294 25 34 0.03208256 
312 205 20 26 0.031702276 
331 132 22 26 0.031380452 
472 415 88 95 0.03100479 
717 306 28 33 0.030595073 
362 216 319 328 0.030462047 
228 230 21 29 0.030074693 
686 141 34 44 0.029684886 
584 226 31 42 0.029597277 
289 176 21 27 0.02938664 
263 361 171 187 0.029327627 
556 169 42 54 0.029216463 
736 326 26 32 0.028837794 
309 225 21 27 0.028438862 
433 300 41 47 0.028165475 
411 153 22 30 0.027972493 
280 261 39 52 0.0279639 
462 334 78 78 0.027851174 
330 377 176 179 0.027841067 
775 320 56 71 0.027433654 
608 299 27 33 0.026962087 
386 223 23 29 0.026957896 
418 374 158 157 0.02686397 
742 310 23 29 0.026802512 
307 437 78 82 0.026479254 
270 242 37 51 0.026205424 
314 131 21 26 0.02607655 
683 194 53 64 0.026068546 
510 329 76 80 0.025631355 
665 146 65 83 0.025527112 
586 199 23 29 0.02548985 
619 173 25 32 0.025192274 
617 148 23 31 0.025146078 
732 167 40 52 0.024973556 
454 154 25 31 0.024811922 
221 221 36 48 0.024697583 
552 281 54 68 0.024673121 
236 231 280 304 0.024545917 
532 330 41 45 0.024382018 
536 176 24 32 0.024273101 
616 132 23 28 0.024189156 
818 376 32 40 0.024016116 
300 242 39 50 0.023958221 
762 257 37 50 0.023939071 
775 332 26 33 0.02383632 
440 301 25 28 0.023711085 
641 128 27 34 0.023452835 
411 208 22 30 0.022952205 
651 98 53 66 0.022863943 
284 411 73 101 0.022339331 
331 184 36 47 0.022162072 
661 127 32 38 0.022154309 
594 284 51 63 0.022131054 
639 303 25 31 0.021916837 
352 62 535 563 0.02164938 
557 334 26 33 0.021645445 
493 155 27 38 0.021615788 
286 136 123 143 0.021611016 
612 330 28 35 0.021541933 
237 179 85 101 0.021523977 
708 210 26 33 0.021349082 
245 130 96 104 0.02121468 
390 315 160 165 0.021177644 
197 344 48 50 0.021096546 
452 369 88 93 0.021043044 
666 280 23 30 0.02094142 
652 161 107 132 0.020842303 
686 123 32 41 0.020780686 
428 158 47 58 0.020708181 
635 121 46 57 0.020559248 
439 284 22 29 0.02047881 
308 190 35 48 0.020438917 
578 269 49 66 0.020284424 
402 359 322 311 0.020262366 
367 181 46 58 0.020154538 
495 332 44 44 0.020135093 
460 130 22 28 0.020081468 
