35_Basketball_basketballgame_ball_35_565
455
865 499 27 35 0.5887501 
880 357 19 23 0.50407654 
786 476 22 29 0.45813033 
779 385 18 22 0.42835006 
804 430 22 27 0.41498598 
791 333 19 23 0.39322114 
826 381 20 25 0.39178556 
713 485 27 37 0.38184488 
768 457 24 31 0.38052633 
871 486 24 31 0.3518993 
739 357 18 23 0.3176072 
703 387 18 24 0.24939129 
983 438 20 26 0.24396773 
650 363 19 24 0.22751023 
790 388 18 23 0.22499599 
866 428 21 27 0.22356017 
761 442 22 29 0.22192174 
314 430 22 28 0.22018766 
925 488 21 28 0.20726466 
949 356 18 22 0.20397103 
877 465 23 29 0.20164403 
800 413 18 23 0.19520776 
673 454 20 27 0.17910464 
266 458 19 23 0.178378 
870 415 20 25 0.1725906 
589 388 17 20 0.17186493 
752 286 17 21 0.16338012 
945 480 20 25 0.16203092 
696 483 29 38 0.16165952 
899 289 17 21 0.15875179 
716 462 22 29 0.15657963 
711 385 18 24 0.14873762 
447 436 17 21 0.14757207 
741 340 18 21 0.14697981 
661 364 18 23 0.14552401 
585 415 18 23 0.1429969 
844 186 19 23 0.14217588 
585 429 18 23 0.14021291 
779 332 17 21 0.1396259 
724 361 17 21 0.13438307 
691 498 32 40 0.13014397 
824 366 18 22 0.12889329 
897 486 24 30 0.1286079 
903 412 19 25 0.12784319 
574 419 17 21 0.12601045 
930 391 19 24 0.12563479 
612 342 15 18 0.12370423 
888 464 22 26 0.123404026 
947 388 18 24 0.12115084 
456 441 18 23 0.11881308 
874 212 18 22 0.11806581 
536 438 17 22 0.117791735 
697 482 47 60 0.11775822 
855 432 19 24 0.11256807 
841 388 17 23 0.109940395 
791 466 23 29 0.10976221 
614 406 18 23 0.108174734 
569 358 15 19 0.10797701 
673 443 19 25 0.1058219 
790 311 18 22 0.105594106 
392 408 16 20 0.1054115 
622 304 16 18 0.1047898 
489 410 18 21 0.1046543 
610 489 25 30 0.104601204 
520 430 18 22 0.103549466 
849 414 18 23 0.101800755 
924 261 17 22 0.10169152 
538 384 16 20 0.100849114 
601 338 14 17 0.099508874 
346 358 17 20 0.09788292 
613 391 17 22 0.09784797 
897 503 25 31 0.097035736 
441 416 16 20 0.09677826 
713 304 16 22 0.096225694 
542 337 16 20 0.09603985 
701 360 16 21 0.095364854 
752 441 20 26 0.09478876 
817 337 18 22 0.09441368 
574 430 17 22 0.091745734 
704 306 16 19 0.090800814 
515 419 18 22 0.08969456 
696 340 15 20 0.08893995 
662 289 16 19 0.08727621 
923 276 17 21 0.08689838 
715 288 17 20 0.08622443 
328 434 22 27 0.086119615 
645 309 16 19 0.085478075 
591 481 23 28 0.084970646 
665 307 16 21 0.084274806 
825 208 16 21 0.08342433 
591 363 16 18 0.08193433 
745 304 16 21 0.08178843 
413 442 15 20 0.08109318 
496 360 16 20 0.08046318 
466 454 17 21 0.08035694 
777 312 16 21 0.080269866 
290 381 17 21 0.07986842 
697 405 19 23 0.07921277 
900 430 20 24 0.07864024 
950 341 18 23 0.07845525 
801 284 16 21 0.077909924 
457 304 16 21 0.077565305 
276 461 17 23 0.077132955 
673 337 16 19 0.07604773 
816 266 17 21 0.07553 
818 413 19 23 0.07503465 
925 405 19 24 0.07380637 
648 378 20 25 0.07339775 
949 402 19 24 0.07285485 
949 469 20 25 0.07281678 
722 438 19 25 0.07235996 
290 440 17 21 0.0723302 
591 469 20 25 0.07177297 
462 384 16 20 0.070325986 
240 405 18 22 0.0702985 
613 435 18 23 0.07024735 
848 200 17 23 0.06971766 
904 253 16 20 0.06958054 
654 288 16 18 0.06889256 
775 228 16 20 0.068395935 
773 512 22 29 0.067224964 
417 456 17 21 0.066767834 
877 339 17 22 0.0662493 
855 255 15 18 0.06598447 
978 384 19 26 0.06549312 
818 277 18 22 0.064996175 
617 355 16 20 0.06497691 
804 261 17 20 0.064199515 
542 416 16 19 0.063796856 
974 363 17 23 0.063366294 
923 338 17 22 0.06334936 
687 563 29 37 0.062686436 
696 460 22 29 0.0625694 
572 384 17 20 0.062478345 
736 485 21 28 0.06246659 
982 278 17 22 0.062092762 
993 285 17 22 0.061704427 
391 491 17 21 0.06150929 
931 239 17 21 0.061002586 
974 404 18 24 0.060667038 
901 237 16 21 0.060649864 
881 285 17 21 0.06047475 
716 406 19 23 0.060024604 
773 365 16 21 0.05878111 
693 256 17 20 0.058403097 
889 360 18 23 0.05835383 
690 438 19 25 0.057694234 
450 308 15 18 0.05757196 
315 419 20 25 0.05753999 
973 263 17 21 0.05642361 
871 224 17 21 0.056294177 
927 466 19 24 0.05628479 
749 262 16 20 0.055944555 
568 342 15 18 0.055918723 
235 461 18 22 0.05569006 
701 289 16 19 0.05566206 
846 363 17 21 0.055060808 
848 336 16 21 0.054877695 
243 338 18 22 0.054741878 
518 386 17 21 0.054697394 
975 199 20 25 0.05466121 
773 406 18 23 0.05446187 
928 358 17 22 0.054166093 
763 285 16 21 0.053224694 
646 334 16 19 0.05287443 
491 390 17 21 0.052602053 
826 225 16 20 0.052595094 
617 291 15 19 0.052228402 
915 123 23 30 0.052217804 
509 362 16 20 0.05195218 
440 457 16 20 0.05192785 
725 338 17 20 0.051251665 
464 489 16 19 0.05113935 
797 358 17 22 0.05111077 
944 233 17 21 0.051019214 
977 331 17 22 0.0508992 
823 479 21 26 0.05085138 
573 304 14 17 0.050462462 
617 252 16 19 0.05041594 
666 225 18 20 0.049968924 
534 254 17 21 0.049849756 
879 383 19 24 0.049712528 
862 480 44 58 0.0491897 
489 434 18 22 0.049127135 
664 377 18 23 0.04908147 
671 505 24 33 0.04896383 
234 441 17 21 0.048808124 
410 493 17 21 0.04862249 
444 389 16 18 0.048526138 
695 229 17 20 0.048438895 
901 299 17 22 0.048137568 
463 412 17 20 0.04776727 
705 521 39 48 0.04764368 
672 488 22 30 0.04762428 
953 286 16 21 0.047309317 
391 466 16 21 0.046622176 
870 256 15 18 0.046254627 
205 441 17 20 0.046248656 
746 411 17 22 0.046155497 
925 435 19 24 0.04568397 
260 386 17 21 0.045654576 
744 380 18 23 0.04540732 
685 521 43 54 0.045222018 
793 230 16 19 0.045187827 
252 409 18 22 0.04476517 
209 455 16 20 0.044190448 
467 366 16 20 0.043984763 
353 543 20 24 0.04357299 
490 339 16 19 0.04354571 
850 233 15 19 0.043524608 
878 305 17 21 0.04326078 
955 259 16 19 0.04314374 
409 416 15 18 0.0430338 
822 311 17 21 0.042915326 
848 307 17 22 0.042801082 
189 410 18 23 0.042750105 
979 453 20 27 0.04263716 
745 228 16 20 0.042512026 
259 363 17 21 0.042507987 
795 213 15 19 0.04205648 
592 308 14 17 0.042036258 
101 441 19 24 0.041906692 
645 258 16 20 0.04184188 
291 584 23 29 0.04173108 
484 461 16 20 0.041634593 
750 456 21 27 0.041530497 
917 501 21 28 0.04146983 
995 385 18 26 0.04128142 
257 443 18 22 0.04118741 
948 436 19 23 0.041026097 
203 413 16 20 0.040960092 
573 226 16 20 0.040925674 
720 209 16 20 0.0409116 
719 261 17 20 0.04068951 
671 213 19 23 0.04056913 
771 257 15 19 0.04039016 
721 153 21 26 0.040319785 
336 511 19 23 0.04026626 
336 493 18 23 0.040194657 
897 389 18 23 0.039744582 
488 490 17 21 0.039660826 
719 229 16 20 0.039611872 
463 290 16 20 0.03956104 
820 462 21 27 0.039518405 
545 356 16 20 0.03943372 
898 209 17 21 0.039242726 
189 439 17 21 0.039181393 
644 405 19 24 0.039147843 
775 214 16 20 0.039089594 
338 539 19 24 0.038687248 
596 287 15 18 0.038396377 
588 228 16 20 0.038371157 
690 214 17 20 0.03833605 
570 489 19 23 0.038273323 
758 448 43 54 0.03819818 
493 288 16 20 0.038015254 
386 395 16 19 0.038009487 
952 305 17 20 0.03791228 
669 258 16 20 0.03783896 
443 486 16 20 0.037748326 
443 337 15 19 0.037477627 
107 385 17 21 0.03744913 
492 306 16 19 0.037207037 
357 490 18 22 0.03714427 
667 555 38 45 0.036942948 
828 186 17 22 0.036846064 
618 466 19 24 0.036829956 
746 212 16 20 0.036224615 
972 187 21 27 0.036159348 
304 382 16 21 0.03597407 
533 456 18 21 0.035955776 
567 290 14 18 0.035821754 
857 507 21 29 0.03577503 
439 361 15 18 0.03541946 
800 562 23 29 0.03541325 
541 313 15 19 0.035328545 
671 409 18 23 0.034977064 
623 209 15 20 0.034955706 
307 362 16 20 0.034851693 
642 438 18 23 0.03479988 
922 307 17 21 0.03474008 
737 509 22 30 0.034521803 
850 485 20 27 0.034114454 
523 457 17 21 0.03390074 
132 439 16 21 0.033852663 
134 459 18 24 0.03381201 
187 456 17 21 0.033410784 
619 237 16 20 0.033384968 
271 454 28 36 0.033254758 
109 415 17 22 0.03301112 
668 530 23 29 0.032923166 
848 461 19 25 0.03286456 
722 180 18 22 0.032811027 
363 410 17 21 0.032432847 
288 367 17 20 0.0322747 
599 256 15 19 0.03217181 
996 228 15 20 0.03210192 
332 453 20 25 0.031989653 
525 254 17 21 0.031963535 
389 509 18 21 0.031945728 
391 336 15 17 0.031748455 
356 435 17 23 0.03150738 
569 213 17 21 0.03134973 
328 416 19 22 0.031265806 
984 312 16 20 0.031177795 
408 336 15 18 0.031140303 
198 444 153 157 0.03103674 
341 340 16 20 0.031032935 
394 439 15 20 0.030944658 
922 205 16 20 0.030936493 
251 339 17 21 0.03090446 
592 484 51 62 0.030488232 
314 453 20 25 0.030465666 
312 545 20 22 0.030434368 
339 568 21 24 0.030345578 
970 486 20 26 0.030072521 
766 465 45 55 0.02976574 
420 330 288 327 0.029366277 
310 561 20 24 0.029363314 
536 238 16 20 0.029362923 
588 213 17 22 0.029310567 
651 230 16 19 0.029258518 
365 336 15 18 0.029160306 
206 363 17 22 0.029156268 
239 391 17 22 0.029132562 
288 433 30 36 0.029122556 
76 410 17 21 0.029010262 
418 284 16 18 0.028868005 
439 286 14 17 0.028866349 
978 225 19 24 0.028862016 
340 352 28 34 0.028826205 
518 307 16 19 0.028825823 
876 183 17 21 0.028490359 
126 473 35 52 0.028443513 
849 561 25 33 0.028432636 
353 558 20 24 0.02840303 
413 307 15 19 0.028315594 
362 515 18 22 0.028239386 
468 334 15 19 0.028175123 
388 557 21 24 0.028118856 
663 526 37 49 0.027981782 
975 512 21 27 0.02796199 
235 481 19 23 0.02791369 
522 337 15 18 0.027870553 
486 514 19 25 0.0278349 
996 333 15 20 0.027788254 
956 201 19 22 0.02756601 
413 384 14 17 0.027529836 
570 465 17 22 0.027446013 
357 315 16 20 0.027288105 
259 558 22 25 0.027227545 
770 532 24 30 0.027025629 
849 284 16 20 0.026982095 
669 489 53 65 0.026971381 
288 412 17 21 0.026931865 
340 386 17 19 0.026717806 
126 416 17 22 0.026698709 
227 445 90 106 0.026658595 
716 471 46 60 0.02659622 
642 487 20 25 0.026533782 
358 463 18 23 0.026122263 
343 313 16 20 0.02607968 
305 417 50 61 0.026033182 
770 182 16 19 0.025996424 
791 509 21 28 0.025924655 
995 307 15 21 0.025914157 
208 491 18 21 0.025826508 
466 516 17 21 0.025658246 
363 387 16 19 0.025656516 
76 437 17 22 0.025581283 
664 184 19 23 0.025521573 
643 509 22 29 0.025487477 
25 441 20 23 0.025386441 
492 235 14 18 0.025238182 
309 493 18 22 0.025229136 
595 506 23 29 0.02512868 
417 362 15 18 0.025091164 
993 453 19 27 0.025087245 
194 479 94 95 0.024931934 
645 209 16 20 0.024905566 
516 490 19 22 0.024858914 
583 382 28 34 0.024759386 
616 178 18 24 0.024680043 
151 502 23 31 0.024588443 
151 462 18 22 0.024528528 
519 238 16 19 0.024318075 
710 556 26 33 0.024309335 
457 446 29 35 0.024292016 
391 286 17 20 0.024181385 
443 519 17 22 0.02412979 
486 205 16 19 0.024107218 
746 180 16 20 0.023919506 
639 464 19 24 0.023895513 
770 563 24 28 0.02379738 
286 483 17 22 0.023791635 
996 359 16 22 0.023773575 
358 0 26 27 0.023671675 
561 508 20 25 0.023619665 
229 437 31 40 0.023612691 
565 181 19 24 0.023596494 
900 334 18 21 0.023553982 
382 587 22 27 0.023465194 
737 335 27 36 0.023338934 
332 506 31 39 0.023263302 
214 0 45 45 0.023237757 
149 488 21 29 0.023220804 
390 615 27 36 0.023156766 
545 284 16 18 0.02309137 
92 431 78 98 0.022937786 
569 258 14 18 0.02291935 
491 256 15 19 0.022887344 
955 185 21 25 0.022825843 
444 431 28 34 0.022739142 
283 374 29 37 0.022683611 
645 535 22 29 0.022583948 
308 341 16 20 0.02256637 
995 261 15 20 0.022538658 
182 387 18 23 0.02251812 
360 587 22 27 0.02244812 
486 533 21 28 0.02244576 
225 518 25 28 0.022417048 
286 568 20 26 0.022396617 
516 287 16 19 0.022322975 
408 511 18 21 0.022300959 
692 129 23 27 0.022273341 
510 413 28 36 0.02199181 
334 581 21 25 0.021741483 
305 511 18 22 0.021584697 
289 336 17 21 0.021582643 
897 529 29 36 0.021513093 
865 542 40 55 0.021478351 
644 561 23 29 0.021468544 
464 259 16 20 0.021296404 
211 513 25 28 0.021274976 
24 459 20 25 0.021198185 
187 488 18 23 0.021161113 
140 477 36 48 0.021152448 
848 159 18 23 0.021049341 
727 606 41 49 0.020998955 
911 473 46 59 0.020916954 
995 205 16 21 0.020880843 
793 535 21 27 0.020873975 
221 363 258 270 0.02082657 
155 439 16 19 0.020759664 
438 260 16 20 0.020590521 
318 203 285 348 0.020543557 
921 182 18 23 0.020378446 
279 420 53 64 0.020377275 
214 513 44 47 0.020349247 
839 179 30 38 0.02031966 
691 182 17 20 0.020160465 
873 157 18 22 0.020153204 
390 360 14 17 0.020145677 
924 108 21 26 0.02010799 
390 256 16 21 0.020069554 
