35_Basketball_basketballgame_ball_35_479
303
672 717 25 31 0.12534398 
234 505 19 24 0.09386243 
210 490 20 25 0.08913519 
381 615 19 23 0.08569076 
21 515 17 21 0.08566815 
211 507 19 24 0.073616214 
599 518 14 18 0.0629976 
597 597 18 21 0.06257071 
611 597 18 23 0.061672885 
182 516 16 20 0.061256476 
443 603 65 76 0.060908962 
612 606 19 24 0.06063687 
129 507 17 20 0.05973601 
615 516 16 20 0.05835056 
459 543 17 21 0.05778089 
548 589 18 21 0.057548884 
461 564 18 22 0.055532582 
643 571 17 22 0.055125386 
109 507 16 20 0.054401077 
159 517 15 19 0.054299377 
126 495 18 22 0.05412173 
489 587 18 21 0.05397955 
980 269 23 32 0.053349074 
510 587 16 19 0.05303633 
26 535 17 21 0.052536666 
641 589 18 22 0.05152707 
209 542 17 22 0.050870255 
562 593 17 21 0.050633065 
564 565 16 20 0.05062127 
641 517 17 21 0.050312765 
594 607 18 23 0.04988208 
491 566 17 20 0.04887737 
463 587 19 23 0.047596037 
867 657 27 32 0.047356106 
442 565 14 18 0.046824712 
683 720 21 26 0.046239235 
618 566 17 20 0.04594583 
515 565 17 20 0.045702238 
20 612 23 27 0.045627236 
442 541 17 20 0.045045447 
228 494 20 25 0.044596825 
76 535 17 22 0.044483688 
789 356 24 28 0.043716203 
56 539 18 21 0.04247479 
79 517 17 20 0.0424102 
177 233 17 20 0.042149287 
566 546 15 18 0.04202462 
386 515 18 21 0.041771572 
615 535 16 20 0.041430436 
265 593 17 21 0.041427348 
494 548 16 19 0.04104585 
0 281 21 28 0.040786285 
311 561 16 21 0.040462703 
419 616 17 20 0.040148616 
150 536 20 25 0.040116552 
253 511 17 21 0.040083706 
109 493 17 21 0.040078036 
28 596 21 25 0.03989757 
136 539 20 25 0.039656166 
767 200 22 27 0.03913294 
420 597 15 18 0.039068893 
797 661 23 30 0.039047368 
122 710 26 32 0.03865158 
643 533 16 20 0.03863756 
152 583 19 26 0.038566943 
30 560 17 21 0.038514838 
665 568 17 23 0.038333766 
53 493 16 19 0.038151447 
365 514 17 20 0.037470497 
565 608 18 23 0.037321825 
234 542 17 21 0.037078653 
189 488 17 21 0.03696523 
466 513 15 19 0.036882333 
414 517 18 22 0.036847644 
260 538 16 21 0.036840033 
599 536 16 19 0.036695894 
384 597 17 20 0.036656395 
389 562 16 19 0.03649214 
796 260 20 24 0.036456797 
258 491 17 21 0.036296174 
899 254 18 23 0.036075335 
54 512 16 20 0.036023866 
208 208 17 20 0.036023654 
207 557 17 21 0.035903815 
110 562 19 23 0.035545982 
289 460 17 21 0.035419624 
414 483 18 21 0.035229072 
594 567 17 21 0.035084646 
234 563 15 19 0.03463612 
260 570 16 20 0.03447447 
444 591 15 18 0.03418193 
187 212 17 20 0.03357875 
87 699 50 53 0.03342261 
182 539 19 23 0.033240717 
336 538 16 19 0.033055604 
229 591 16 21 0.0329851 
335 567 15 19 0.032780472 
721 716 19 22 0.03274687 
285 607 20 24 0.03263235 
208 470 18 21 0.03257554 
519 548 15 19 0.03253427 
285 595 19 24 0.03249268 
536 512 14 17 0.032308258 
821 564 22 31 0.032239433 
898 663 23 28 0.032141816 
827 361 19 23 0.031768125 
543 568 16 20 0.031604588 
150 564 23 29 0.0314829 
136 584 20 23 0.031451248 
1 558 18 24 0.031344723 
307 545 17 20 0.031216241 
84 468 18 22 0.031150753 
572 363 18 22 0.03105541 
30 494 16 18 0.03095221 
687 260 20 25 0.030951379 
392 539 16 20 0.030718626 
360 594 16 19 0.03070359 
212 258 18 21 0.030657664 
621 646 38 49 0.03042631 
620 640 24 30 0.030407874 
672 586 18 23 0.030398848 
212 588 18 22 0.03033951 
341 593 15 18 0.030300543 
180 621 17 22 0.030267308 
536 544 16 20 0.029882314 
389 489 17 21 0.029735608 
749 637 21 26 0.02972666 
421 550 105 134 0.02967723 
307 594 17 21 0.029632594 
260 610 17 22 0.029620197 
546 613 18 22 0.029583193 
342 515 16 20 0.029441388 
427 493 112 142 0.029415095 
821 580 23 31 0.02908607 
6 539 18 24 0.028916309 
12 516 19 24 0.028910007 
741 719 21 24 0.028879626 
437 517 17 20 0.028859824 
767 636 21 25 0.028810166 
163 238 18 22 0.028766623 
562 642 22 25 0.028761478 
104 499 30 37 0.028654834 
417 567 14 18 0.02858524 
695 182 23 27 0.028539421 
58 563 17 21 0.028363062 
492 514 15 17 0.028335387 
799 614 21 28 0.028133933 
130 534 38 45 0.02794559 
411 467 18 23 0.02793135 
640 611 19 23 0.02789292 
572 517 14 17 0.02785374 
464 618 25 28 0.02783011 
511 618 18 22 0.02782815 
411 534 18 21 0.027811795 
178 560 20 25 0.02775802 
82 485 16 20 0.027700469 
159 489 16 20 0.02768209 
161 616 18 23 0.027538288 
509 640 21 27 0.027167706 
615 491 18 24 0.027148997 
993 156 18 24 0.027035642 
876 259 18 22 0.026996529 
480 618 22 28 0.026970858 
664 485 18 23 0.026618848 
306 516 16 20 0.026602417 
735 735 23 28 0.026534632 
725 738 22 26 0.02651646 
289 564 17 20 0.026496666 
896 290 19 24 0.026468992 
123 622 18 22 0.026440306 
723 588 20 26 0.026374584 
3 387 18 24 0.026257386 
232 226 17 20 0.026159044 
307 608 18 23 0.02614799 
135 563 22 26 0.026089566 
588 359 17 23 0.025989542 
362 227 18 21 0.025960261 
231 715 23 28 0.025917763 
212 230 17 20 0.025748605 
160 636 22 26 0.025740238 
290 515 16 19 0.025737474 
742 684 22 28 0.025680693 
364 209 17 20 0.025571045 
433 431 19 24 0.025512822 
288 544 16 19 0.025510095 
436 488 17 22 0.025167234 
109 541 19 23 0.025138086 
1 690 27 40 0.025087954 
280 639 20 24 0.024970189 
236 614 17 21 0.024845332 
108 622 20 26 0.024799956 
604 598 32 39 0.024767974 
441 617 19 22 0.024736138 
262 639 19 23 0.024680192 
618 360 20 24 0.02466524 
770 185 23 29 0.024512917 
828 568 40 53 0.024487797 
536 718 26 29 0.02435485 
154 713 25 28 0.02429378 
645 490 19 23 0.024241287 
693 689 20 25 0.02412836 
178 715 27 28 0.02411514 
922 634 24 29 0.02410309 
140 553 40 48 0.024048772 
213 181 16 20 0.02404328 
826 330 17 22 0.023974434 
538 121 23 27 0.023946315 
208 498 30 38 0.023895625 
360 569 15 18 0.023820642 
109 691 46 50 0.023794843 
817 657 21 27 0.023655768 
922 209 19 23 0.023609763 
438 464 19 24 0.023502285 
870 645 26 31 0.023376752 
827 717 23 27 0.02337129 
123 695 27 30 0.023367282 
255 717 23 27 0.023296924 
767 617 22 28 0.023275409 
315 184 18 22 0.023230335 
818 644 23 29 0.023188865 
636 581 30 38 0.023100829 
540 684 24 28 0.023093821 
440 154 21 25 0.0229583 
674 613 20 25 0.022874733 
668 509 17 21 0.022873357 
518 514 14 18 0.022805711 
688 611 20 28 0.022775918 
229 696 22 26 0.022729108 
177 635 22 27 0.022695739 
230 214 17 20 0.022518381 
365 616 18 21 0.0224922 
725 124 21 27 0.02245745 
957 183 19 22 0.022428054 
130 525 75 94 0.02236976 
616 333 20 23 0.022289257 
634 642 25 30 0.022280296 
595 334 18 23 0.022256505 
716 430 22 28 0.022247178 
595 491 18 24 0.022233551 
258 693 23 26 0.022216411 
103 588 17 22 0.022140156 
510 361 20 24 0.02211942 
374 609 30 37 0.022115711 
691 669 21 26 0.022107737 
233 638 19 23 0.022077363 
410 431 19 24 0.022073902 
671 120 22 26 0.022059213 
617 384 21 25 0.021988599 
413 641 19 23 0.021966947 
329 237 19 22 0.021962417 
776 639 56 69 0.021931924 
594 591 29 36 0.021841522 
947 591 25 28 0.021833356 
160 203 18 21 0.02180423 
121 503 32 40 0.021722104 
741 632 61 75 0.02171593 
103 467 17 20 0.021711908 
179 733 28 31 0.021668278 
184 469 16 20 0.021637337 
183 583 18 23 0.021526199 
340 614 17 22 0.021523591 
49 384 19 23 0.021462778 
898 642 25 30 0.021322759 
744 628 38 50 0.021208104 
442 546 62 79 0.021198217 
127 582 83 98 0.021195086 
464 493 16 21 0.021148711 
593 664 22 28 0.021108646 
537 494 18 21 0.021084432 
206 714 25 29 0.021039871 
799 642 21 28 0.021006875 
135 683 69 73 0.020974675 
570 381 19 25 0.020972503 
461 631 29 33 0.020901982 
948 356 21 26 0.02089927 
737 670 37 46 0.020885583 
606 594 69 87 0.020873494 
314 488 16 19 0.020866537 
314 203 18 21 0.020837449 
402 500 81 101 0.020783862 
954 232 18 22 0.020780712 
516 490 18 21 0.020730782 
334 490 17 19 0.02072364 
403 659 23 30 0.020529196 
691 537 19 25 0.020494187 
177 693 27 28 0.020490943 
797 736 22 28 0.020448096 
52 615 19 24 0.020413836 
621 409 21 25 0.020360747 
364 491 17 21 0.020352341 
993 304 20 29 0.020344341 
81 587 17 22 0.020309808 
672 540 17 20 0.0202855 
672 604 31 43 0.020271601 
153 692 25 28 0.020232702 
490 432 19 24 0.020230344 
202 660 23 27 0.020221628 
687 120 20 25 0.020154105 
695 514 19 23 0.020144854 
722 563 18 23 0.020095887 
535 734 28 32 0.02007469 
677 261 19 23 0.020059997 
606 387 83 97 0.020013371 
