35_Basketball_basketballgame_ball_35_375
443
971 225 25 30 0.6976759 
794 72 19 24 0.17420499 
698 122 18 22 0.123549454 
635 233 17 20 0.11357654 
875 689 22 27 0.104815975 
695 112 18 21 0.10152059 
534 263 16 19 0.096119314 
823 681 21 26 0.086988926 
9 97 20 26 0.079488635 
848 558 23 28 0.07750448 
674 102 16 20 0.0771883 
792 691 19 24 0.076660134 
611 75 17 20 0.07604622 
746 213 18 23 0.07568609 
667 85 16 20 0.07445068 
878 509 22 27 0.07438707 
984 531 19 26 0.073025 
979 486 19 24 0.07195567 
950 102 19 23 0.071257204 
699 77 16 20 0.069607645 
866 613 20 27 0.06906039 
796 567 24 28 0.06885326 
540 164 17 20 0.06845431 
547 212 15 19 0.0680613 
577 183 15 18 0.06579533 
855 617 19 24 0.06499893 
516 206 16 20 0.06478742 
955 563 21 27 0.06413677 
893 695 20 26 0.06411966 
507 228 17 21 0.06269229 
972 567 20 29 0.06209418 
868 562 19 24 0.062050886 
846 249 18 23 0.062030133 
976 123 20 25 0.0613886 
903 540 20 24 0.061339874 
562 207 15 18 0.061115064 
546 229 15 18 0.060662143 
433 180 17 21 0.05948056 
820 535 27 32 0.057730455 
674 231 17 22 0.057580933 
850 238 19 24 0.05737272 
525 261 17 20 0.055585034 
893 512 18 25 0.054979116 
973 103 21 26 0.05496366 
518 181 16 19 0.0538992 
614 209 16 20 0.053892102 
421 177 18 21 0.053806346 
801 211 16 20 0.05364805 
918 132 16 21 0.053462874 
902 556 18 24 0.05279189 
922 105 18 21 0.05214743 
389 1 23 24 0.052085683 
592 229 15 18 0.05194573 
797 580 21 24 0.051354114 
679 255 17 21 0.051033456 
823 260 18 23 0.049996432 
379 80 17 21 0.049982723 
569 261 16 20 0.049835436 
746 598 23 25 0.049543332 
645 82 16 18 0.049403597 
567 282 17 21 0.049065534 
32 50 16 20 0.04870158 
848 638 18 24 0.04853961 
639 107 15 18 0.048503965 
979 512 20 27 0.04840949 
74 569 19 23 0.047955006 
751 684 22 27 0.0477134 
511 77 17 22 0.04741757 
601 80 17 19 0.04737577 
973 213 23 29 0.04732159 
566 234 15 18 0.046676643 
816 208 18 22 0.046549283 
840 540 24 27 0.046482667 
952 585 22 27 0.046420928 
764 593 20 24 0.046271987 
669 212 16 21 0.046239763 
993 670 21 30 0.0458897 
471 181 15 19 0.045757264 
394 157 16 19 0.04574615 
598 214 16 19 0.04566804 
620 255 16 20 0.04542762 
949 179 18 23 0.04518938 
228 5 21 21 0.045060053 
823 283 21 27 0.04498313 
770 212 16 20 0.04491115 
945 610 23 28 0.0446629 
984 153 19 25 0.043912165 
499 229 17 21 0.043875024 
671 129 15 19 0.043873094 
794 671 21 26 0.043668237 
817 230 18 23 0.043292567 
584 337 20 25 0.043267194 
109 536 18 23 0.04318065 
793 181 15 18 0.04283261 
287 83 17 22 0.042684987 
898 711 19 23 0.042568814 
74 536 18 21 0.042488 
22 102 16 21 0.04220652 
791 262 23 27 0.04182393 
899 376 24 32 0.041438553 
823 585 21 24 0.041219406 
537 57 20 23 0.04121559 
80 69 21 24 0.040997714 
765 687 20 24 0.040926196 
-2 660 28 44 0.040824946 
544 71 20 22 0.040670708 
824 641 21 26 0.040231008 
621 182 17 20 0.039573092 
828 180 17 20 0.039465975 
798 534 25 28 0.03923312 
922 593 18 22 0.039182942 
593 262 16 19 0.038878635 
544 109 17 21 0.038649164 
489 129 17 20 0.038588423 
818 665 33 40 0.03855495 
80 581 20 25 0.03850531 
434 236 17 21 0.038392004 
794 713 20 23 0.038383845 
953 159 17 21 0.038333252 
802 228 19 22 0.03781443 
876 186 17 20 0.037797745 
592 103 17 20 0.037537444 
27 538 17 21 0.03726211 
786 682 33 37 0.03720988 
649 209 17 21 0.037176393 
904 593 17 22 0.03700351 
345 186 17 21 0.036625132 
846 585 18 22 0.03658245 
687 254 16 21 0.036568996 
976 637 21 28 0.03633304 
667 157 16 20 0.03619606 
948 544 18 23 0.03604015 
0 154 19 26 0.035988286 
919 541 17 22 0.035826836 
539 279 17 21 0.03570906 
818 558 24 29 0.03570384 
719 81 16 20 0.03569171 
795 62 18 23 0.035366975 
993 157 17 23 0.035127357 
848 608 33 41 0.03503229 
467 203 15 18 0.034464724 
920 612 21 26 0.034245215 
369 77 18 21 0.033974063 
356 182 17 19 0.03377509 
545 124 15 19 0.03369318 
749 84 17 20 0.033628426 
909 133 17 22 0.033601023 
586 184 15 18 0.03346845 
877 154 15 18 0.03340441 
545 311 18 22 0.03329493 
949 275 21 27 0.033037562 
818 517 26 29 0.033031154 
691 211 16 20 0.032739352 
696 58 15 19 0.0326834 
118 372 42 50 0.03265144 
870 713 19 23 0.03260268 
924 562 18 22 0.03260093 
801 154 15 19 0.032572914 
103 587 20 25 0.03253535 
844 183 16 21 0.032306787 
917 694 21 26 0.032300647 
903 209 19 23 0.03227432 
61 535 18 21 0.032268073 
517 159 15 18 0.032098994 
390 259 21 24 0.032018658 
777 180 15 18 0.031972844 
256 186 21 25 0.0317843 
982 78 18 23 0.031639453 
792 617 21 26 0.03152395 
647 155 16 19 0.031381547 
769 230 18 22 0.031376544 
904 614 21 28 0.03133446 
488 182 14 18 0.03132142 
795 532 42 46 0.031310674 
846 152 16 20 0.03126072 
873 485 22 25 0.031185295 
741 561 20 23 0.03117194 
315 161 16 20 0.031142335 
920 149 17 20 0.031094605 
743 101 17 22 0.03104048 
902 150 16 20 0.03102971 
843 515 21 26 0.030993583 
917 304 19 23 0.030943131 
646 131 15 19 0.030836267 
776 566 21 26 0.03079534 
687 235 17 20 0.030761445 
869 205 17 21 0.030728461 
928 186 17 22 0.030727977 
106 560 19 24 0.030684095 
704 595 88 88 0.030402517 
560 81 16 19 0.030349266 
824 609 20 25 0.030270468 
721 102 16 20 0.0301194 
843 684 20 26 0.029918993 
412 232 17 21 0.029730685 
412 159 16 20 0.029693719 
490 264 17 22 0.029688112 
27 517 17 21 0.029684281 
643 183 16 21 0.029219342 
833 547 38 44 0.029119052 
522 281 16 20 0.029076705 
875 592 17 22 0.029047292 
9 511 17 22 0.029014869 
768 666 23 29 0.028906291 
360 384 23 29 0.028878395 
620 106 17 20 0.0288048 
922 492 20 25 0.028724233 
465 157 14 18 0.028713685 
927 22 22 25 0.028700525 
569 305 18 22 0.028538547 
799 733 25 30 0.028477808 
158 563 18 23 0.028398566 
948 635 23 29 0.028351452 
433 72 18 21 0.028338414 
439 256 16 19 0.028285632 
922 79 17 20 0.028264813 
61 565 18 21 0.028116468 
848 128 18 20 0.028067445 
569 359 24 28 0.028012319 
735 593 39 39 0.027871037 
873 671 21 26 0.027765416 
757 655 37 47 0.027714418 
874 258 21 24 0.027681954 
898 633 22 28 0.027646506 
928 259 19 23 0.027627384 
815 637 39 49 0.0276271 
465 52 17 20 0.027608456 
874 535 20 26 0.027605416 
618 156 15 19 0.027547099 
920 506 19 25 0.02743367 
755 587 37 39 0.027386814 
222 524 107 137 0.027318347 
855 204 17 22 0.027149936 
572 156 14 17 0.027146151 
844 106 19 22 0.027134495 
215 151 17 20 0.0271301 
837 634 35 44 0.02700678 
715 644 22 28 0.026876932 
816 715 20 23 0.026808925 
388 617 18 23 0.026797025 
392 134 16 19 0.026789188 
493 210 15 18 0.02667841 
996 380 19 29 0.026631597 
358 159 15 18 0.026611362 
257 196 23 27 0.026532434 
822 298 23 28 0.026374863 
951 489 20 24 0.02628134 
163 61 17 22 0.026159393 
853 717 19 23 0.026149223 
765 634 22 30 0.026066104 
285 588 19 25 0.025985654 
640 255 17 20 0.02598463 
841 669 20 26 0.025973069 
540 329 20 25 0.02596166 
567 46 16 19 0.025942555 
992 490 17 24 0.025870271 
713 132 17 20 0.025754146 
868 128 16 20 0.025683435 
746 668 23 28 0.0256775 
897 486 20 24 0.025615294 
287 97 16 20 0.025566675 
958 228 21 27 0.025566103 
78 60 21 24 0.025545912 
586 312 18 21 0.025454108 
954 127 18 21 0.025445594 
961 566 32 45 0.025371674 
878 276 21 25 0.025266359 
407 262 18 21 0.02525874 
440 205 17 19 0.02525506 
951 212 49 60 0.02520124 
617 60 17 20 0.025179354 
669 179 16 20 0.025162416 
290 470 57 86 0.025114993 
825 156 16 19 0.02505047 
829 106 17 21 0.024986656 
363 733 24 30 0.024984222 
564 106 15 19 0.024960693 
724 609 21 25 0.0248076 
755 678 34 39 0.024749521 
466 259 16 19 0.024724685 
57 517 18 23 0.02467994 
921 48 20 24 0.0246684 
317 23 17 20 0.024615727 
792 633 22 27 0.024591798 
358 227 19 25 0.024588533 
361 127 15 19 0.024586115 
439 160 16 18 0.024545155 
103 527 33 43 0.024540134 
926 282 19 22 0.024521329 
309 596 18 22 0.024457311 
873 107 17 21 0.024453081 
786 705 35 38 0.024442902 
992 639 20 27 0.02442124 
788 661 35 44 0.024413755 
216 83 17 20 0.024249172 
724 206 16 19 0.024245981 
489 276 17 21 0.024191674 
995 587 18 26 0.024093928 
768 151 17 20 0.024069112 
697 179 16 19 0.024024505 
774 258 22 25 0.023992822 
562 36 17 19 0.023958944 
767 612 19 23 0.02393498 
495 152 14 17 0.023863176 
595 55 15 19 0.02385883 
25 561 18 23 0.023810567 
415 105 16 19 0.023805153 
57 98 18 22 0.02374326 
741 8 19 22 0.023696372 
796 517 23 29 0.023688147 
359 401 25 32 0.023674214 
694 639 21 26 0.023638917 
328 718 23 29 0.023612449 
889 702 33 38 0.023574276 
317 107 16 19 0.023560772 
67 528 32 39 0.023543872 
872 234 19 23 0.023504429 
720 592 22 24 0.023498852 
434 60 19 23 0.023445178 
130 25 19 20 0.023430824 
923 202 17 22 0.023390194 
91 423 83 111 0.02337855 
412 131 16 19 0.023317983 
788 570 38 42 0.023310797 
350 377 41 51 0.023206132 
894 529 32 41 0.023161447 
714 657 24 30 0.02312233 
777 648 59 70 0.023057174 
112 101 17 20 0.023051733 
924 711 19 24 0.022982668 
808 546 42 47 0.022961559 
518 101 16 20 0.022944067 
311 177 16 20 0.02294072 
546 33 18 21 0.02293413 
330 106 16 20 0.02292538 
68 559 32 39 0.022918765 
516 133 15 18 0.022912016 
77 469 102 125 0.022911426 
340 405 21 27 0.022836812 
898 434 18 21 0.022796903 
254 495 75 99 0.022697356 
136 465 21 28 0.022684554 
833 570 38 49 0.022669606 
228 156 17 20 0.022580521 
796 541 74 84 0.02257909 
913 603 33 40 0.02256561 
128 592 19 26 0.022554234 
128 433 19 26 0.0225335 
79 518 17 22 0.022502316 
566 131 15 18 0.022434426 
716 598 43 44 0.022373661 
954 52 16 20 0.022352194 
386 348 25 32 0.022319078 
772 78 16 21 0.022242365 
130 71 17 21 0.022228561 
30 78 15 19 0.022224128 
74 572 32 41 0.022208745 
992 77 18 24 0.022188842 
904 104 18 21 0.022143561 
801 627 65 78 0.022142045 
870 328 22 26 0.022074614 
900 79 17 20 0.022046823 
724 255 16 20 0.022007555 
767 711 22 25 0.021969642 
720 183 15 19 0.021965249 
953 82 17 20 0.021952948 
415 59 18 22 0.02193249 
254 582 20 26 0.021880165 
178 60 17 21 0.021874908 
256 103 16 20 0.021866541 
629 227 27 33 0.02183483 
695 288 16 20 0.021821696 
699 156 17 20 0.021804063 
905 307 20 23 0.021764949 
770 135 18 23 0.02174265 
290 607 20 27 0.02171902 
149 3 21 22 0.021688608 
591 153 16 18 0.021681204 
959 492 49 68 0.021677498 
386 178 16 19 0.02166976 
943 21 19 22 0.02165077 
688 612 23 26 0.021649871 
954 508 19 25 0.02159443 
646 279 17 20 0.021566609 
235 541 65 80 0.02156476 
901 185 16 20 0.021548288 
740 655 38 51 0.021511737 
57 22 20 21 0.021503361 
-1 457 20 33 0.021494864 
896 226 19 24 0.021484807 
390 232 18 21 0.021475345 
620 131 16 19 0.021473702 
128 402 26 34 0.021470185 
755 625 36 47 0.021459805 
725 235 16 20 0.02143554 
615 279 16 20 0.02142146 
191 565 111 133 0.021404076 
261 157 18 20 0.021402176 
56 81 17 21 0.021387437 
130 61 17 21 0.021336215 
385 20 20 22 0.021296863 
22 470 107 133 0.021293912 
773 264 179 187 0.021243159 
588 280 15 20 0.021224579 
418 75 17 22 0.021218902 
59 135 17 21 0.02118505 
207 135 16 20 0.021184765 
158 70 16 20 0.021176666 
517 60 19 22 0.021095484 
54 8 20 21 0.021057816 
878 81 17 20 0.02104604 
865 704 33 39 0.021029767 
365 280 22 25 0.020971686 
848 457 21 24 0.020939749 
992 125 18 24 0.020930147 
104 76 17 21 0.020929458 
993 278 19 27 0.020840632 
279 592 41 50 0.020727923 
989 227 19 27 0.020713579 
251 566 23 30 0.020688204 
182 552 71 87 0.020666728 
671 57 15 18 0.020614475 
310 130 15 18 0.020593122 
312 58 17 20 0.020589594 
832 590 57 71 0.020578876 
56 592 18 23 0.020547759 
360 256 20 23 0.020544559 
311 416 20 24 0.020506198 
807 706 36 41 0.020445598 
675 614 67 78 0.020437792 
721 5 19 21 0.020434558 
723 55 17 20 0.020386418 
100 549 35 44 0.020372188 
943 9 21 23 0.020369846 
981 468 17 23 0.020362863 
583 351 21 27 0.020362241 
995 433 18 28 0.020302074 
611 308 18 21 0.020183101 
995 2 18 21 0.020159237 
751 154 16 19 0.020115023 
131 534 20 27 0.020102512 
177 155 17 20 0.02006598 
945 718 20 25 0.020015648 
