35_Basketball_basketballgame_ball_35_254
178
612 287 76 98 0.5078775 
531 133 93 118 0.48522604 
8 144 66 96 0.411886 
188 303 70 93 0.40709808 
5 22 94 131 0.33961758 
251 2 94 84 0.2703094 
644 315 55 69 0.25254732 
11 49 110 187 0.17872165 
487 199 69 99 0.13718848 
35 151 62 80 0.11784622 
-6 172 54 85 0.11557186 
361 293 71 93 0.11374483 
309 280 52 74 0.11254251 
334 181 76 89 0.11034067 
373 -2 79 70 0.10730611 
590 268 73 88 0.07824507 
502 590 74 85 0.076608166 
190 346 68 83 0.07316689 
197 138 76 94 0.07173982 
520 185 78 104 0.0710972 
112 0 84 78 0.070290215 
218 337 61 74 0.07020424 
494 245 54 77 0.06631712 
629 320 43 57 0.061447218 
558 296 57 77 0.061185546 
821 240 28 35 0.056209877 
154 147 72 90 0.053754345 
96 131 83 106 0.052072104 
973 986 27 39 0.050985064 
434 52 86 94 0.048952553 
677 345 47 60 0.0489233 
376 316 88 102 0.048736975 
468 709 53 64 0.048606344 
235 146 88 90 0.04805351 
67 121 80 105 0.0465694 
668 320 45 57 0.04653166 
243 994 83 122 0.044719435 
626 287 44 56 0.042608913 
270 40 91 104 0.04174772 
292 167 90 97 0.041365575 
399 15 92 90 0.04059515 
340 216 89 99 0.03953555 
474 266 63 94 0.039269127 
107 300 51 71 0.03823043 
567 201 92 113 0.03684058 
872 -104 408 453 0.03651525 
525 595 42 49 0.036193036 
61 15 134 159 0.035821132 
500 281 36 55 0.035510316 
500 150 86 110 0.03548948 
236 333 74 93 0.03500549 
873 868 415 433 0.034826927 
473 691 80 107 0.034154717 
242 82 92 110 0.03399324 
498 619 55 84 0.03379987 
426 436 56 69 0.0335666 
937 77 77 123 0.033464354 
643 -274 817 874 0.03309718 
467 61 81 101 0.032511678 
601 139 84 109 0.03229007 
11 81 66 100 0.03224036 
143 291 73 98 0.032186467 
578 25 79 87 0.03201259 
259 277 61 81 0.03167959 
669 629 808 864 0.031472724 
268 1104 32 37 0.031132987 
877 136 394 454 0.03111007 
43 51 94 110 0.031092465 
273 96 98 109 0.031045701 
461 298 60 83 0.030998068 
219 27 87 89 0.030959431 
20 148 41 58 0.03055626 
551 49 88 102 0.030149782 
197 259 62 85 0.029605582 
236 955 85 106 0.029545262 
404 139 54 65 0.029535308 
304 525 46 61 0.029505381 
431 667 70 84 0.029125497 
219 281 56 84 0.028875653 
123 106 74 92 0.028641537 
377 473 70 89 0.028440828 
486 47 58 70 0.028373752 
151 22 83 94 0.028146524 
474 124 51 66 0.027832732 
525 -6 54 51 0.027694723 
565 87 94 121 0.027408492 
548 111 68 93 0.027279248 
336 130 86 94 0.027039608 
389 226 90 109 0.027027998 
329 26 83 86 0.027016757 
302 444 82 89 0.026985712 
483 292 38 57 0.026909154 
557 249 55 74 0.02666107 
302 216 83 92 0.02651607 
183 31 83 95 0.02640206 
273 322 79 95 0.02634751 
831 254 48 60 0.026232084 
555 195 151 188 0.026123019 
114 337 48 64 0.026044557 
497 301 54 75 0.025880465 
533 636 88 105 0.025778314 
0 421 43 99 0.025771169 
316 312 81 96 0.025736634 
0 1029 40 61 0.02559199 
541 94 150 183 0.025591584 
598 282 44 53 0.025378548 
284 486 80 104 0.0253438 
832 237 29 36 0.025056977 
476 88 116 142 0.025027953 
446 687 31 40 0.02465462 
119 366 50 69 0.024602272 
546 263 33 44 0.024545101 
71 318 72 86 0.024500856 
-2 -2 90 95 0.02435933 
146 191 83 103 0.024302755 
325 310 40 54 0.024287213 
875 375 394 453 0.024181342 
289 391 84 99 0.024021072 
473 736 35 44 0.02388448 
162 98 76 94 0.023866406 
275 1050 53 67 0.023865774 
400 444 72 88 0.023790924 
873 617 397 451 0.023778612 
413 63 67 76 0.023738882 
157 96 125 144 0.023648694 
426 303 70 86 0.023621762 
310 81 95 105 0.023599468 
129 960 23 29 0.023384701 
373 66 66 75 0.023352943 
568 291 39 52 0.023318905 
174 1100 57 60 0.023196947 
147 1019 47 54 0.023168257 
232 376 91 109 0.02290105 
336 449 78 92 0.022896262 
360 17 84 85 0.022730421 
1 43 54 79 0.022681832 
562 677 55 65 0.022619078 
258 1087 54 58 0.022491643 
933 277 77 116 0.022484979 
406 347 80 95 0.02222855 
300 7 71 73 0.022094758 
105 256 61 82 0.022092305 
412 387 76 93 0.022066915 
74 1064 52 58 0.021946074 
510 1089 22 29 0.021898821 
70 1007 43 54 0.021877762 
385 156 69 80 0.021771858 
74 1035 47 56 0.021746159 
35 1043 25 37 0.021518556 
372 956 24 29 0.021514174 
483 691 32 42 0.021505687 
692 374 32 42 0.021374276 
440 10 90 89 0.021358913 
455 717 33 41 0.021209123 
128 57 81 94 0.021206126 
799 913 43 50 0.02111119 
521 63 86 104 0.020985559 
549 9 88 83 0.020951312 
313 215 157 189 0.020833982 
192 278 117 140 0.020791564 
671 165 750 855 0.020743767 
531 268 69 92 0.020721184 
838 963 28 36 0.02068685 
247 306 314 379 0.020614728 
440 206 77 96 0.020614456 
86 20 81 84 0.020582974 
427 115 66 84 0.020541225 
251 306 57 79 0.020523913 
550 512 83 92 0.02049491 
932 220 78 109 0.020440327 
808 252 44 54 0.020431058 
151 -7 68 61 0.020363735 
796 318 52 60 0.02035114 
600 26 39 44 0.020323798 
97 194 85 105 0.020310024 
431 687 27 35 0.020286635 
154 241 84 105 0.020136937 
55 857 73 105 0.020007286 
