35_Basketball_playingbasketball_35_78
76
423 460 72 91 0.9269065 
578 741 83 103 0.9237911 
630 472 77 92 0.9235789 
141 526 81 106 0.704495 
174 539 85 101 0.3193959 
138 299 82 91 0.3112402 
112 277 137 139 0.12938035 
206 566 66 81 0.12851092 
183 970 185 209 0.09931425 
638 502 91 112 0.09929623 
250 834 66 85 0.06653576 
953 797 36 49 0.06407911 
114 210 246 251 0.055503316 
570 256 82 97 0.05461109 
217 2 294 252 0.051332586 
391 480 70 93 0.051070187 
694 573 63 89 0.049098924 
351 904 94 120 0.04884054 
291 869 98 125 0.04512771 
316 550 48 64 0.044724204 
248 850 96 120 0.041193455 
423 1215 224 198 0.040585812 
161 343 110 119 0.040007982 
828 1144 546 563 0.03863565 
237 823 56 70 0.038171247 
835 174 521 597 0.036798783 
118 45 395 371 0.034937378 
283 810 80 105 0.034697875 
847 490 522 597 0.03454682 
830 -132 532 596 0.033523988 
839 813 527 588 0.03293202 
284 908 131 154 0.03220067 
183 302 52 69 0.031849742 
470 553 65 81 0.030960778 
77 470 123 153 0.0302556 
442 1050 200 227 0.02993683 
544 -359 1059 1147 0.029853066 
345 530 58 79 0.029843286 
188 173 186 197 0.028906558 
541 838 1083 1128 0.028892906 
209 816 164 188 0.02848804 
611 572 107 120 0.02726833 
227 437 76 89 0.0272539 
382 937 102 125 0.026473522 
647 769 64 92 0.026346106 
17 232 265 283 0.026301384 
462 686 67 88 0.025786834 
254 996 121 131 0.025568873 
105 544 88 100 0.025515594 
254 1054 131 160 0.02447058 
209 98 205 205 0.024419341 
533 776 95 116 0.024252277 
364 1038 193 229 0.02390972 
506 1012 143 166 0.023884166 
565 205 1003 1141 0.023767369 
651 553 90 115 0.023746531 
681 485 63 79 0.023717755 
72 272 107 131 0.023411568 
620 432 70 87 0.023188908 
553 916 117 136 0.022736296 
342 567 58 78 0.022587838 
48 659 123 138 0.022301234 
490 1130 182 193 0.022201456 
223 783 115 134 0.021992195 
522 1027 213 251 0.02143308 
391 1201 136 152 0.021315355 
265 574 60 74 0.021219634 
336 955 174 212 0.021130914 
152 273 53 66 0.021073299 
402 1284 124 135 0.020998916 
458 1287 138 125 0.020811174 
388 863 101 126 0.020731648 
210 366 83 86 0.02057556 
306 827 47 63 0.020501966 
461 804 63 80 0.020202575 
446 505 87 106 0.020167617 
