35_Basketball_basketballgame_ball_35_64
278
588 209 66 86 0.99978286 
479 223 59 78 0.9988869 
295 240 55 73 0.99791104 
126 284 54 74 0.99772066 
693 223 68 81 0.9976393 
951 180 64 102 0.99726105 
101 200 40 51 0.9809312 
37 249 47 56 0.97549033 
95 124 27 36 0.9639168 
386 68 27 34 0.9277946 
652 103 39 49 0.8983572 
537 20 23 29 0.8982787 
236 243 36 45 0.8968409 
802 181 40 50 0.8964051 
150 130 27 35 0.8561117 
433 107 34 41 0.849458 
615 23 32 40 0.8078147 
270 122 30 37 0.7896493 
-2 244 31 44 0.76923376 
902 177 53 70 0.72267854 
30 148 29 37 0.7154309 
411 14 24 29 0.6166982 
274 3 25 29 0.54113877 
869 62 26 33 0.5397118 
591 80 29 36 0.5269356 
719 93 38 46 0.5254 
443 3 24 27 0.4962714 
208 103 26 33 0.46550316 
335 0 22 23 0.46475974 
528 93 30 38 0.44601184 
253 73 24 30 0.43317872 
1 105 24 34 0.3989549 
183 79 23 29 0.3857405 
461 55 27 33 0.3595644 
346 151 30 37 0.35563633 
207 6 21 25 0.34292278 
393 482 63 103 0.30686438 
31 71 22 29 0.29768348 
489 158 29 37 0.29225138 
47 52 23 28 0.2890171 
156 3 20 23 0.2747471 
395 145 27 34 0.26340038 
236 187 36 45 0.254712 
189 214 35 45 0.25451243 
-2 302 29 44 0.24111253 
725 107 43 50 0.2180184 
84 49 20 26 0.21800047 
183 99 23 30 0.20581326 
878 512 51 63 0.19941369 
671 414 45 51 0.19184943 
138 102 24 32 0.18473607 
578 120 36 45 0.17744842 
803 392 57 65 0.17403013 
539 158 27 34 0.17108956 
259 95 29 36 0.16751277 
210 118 27 33 0.16309078 
924 83 23 28 0.15025865 
487 2 22 27 0.1380021 
567 -1 21 25 0.13751854 
201 49 20 25 0.13333009 
694 192 60 77 0.12710896 
537 7 23 29 0.1253536 
632 27 26 33 0.123875864 
100 32 19 24 0.121811405 
926 160 65 100 0.11896736 
49 63 25 32 0.11643057 
242 171 29 38 0.1149789 
189 51 20 25 0.11319023 
487 17 22 27 0.10557894 
84 33 18 23 0.1027592 
619 2 26 32 0.10177342 
99 108 26 33 0.101553924 
35 56 20 25 0.101339586 
536 81 26 33 0.10075841 
274 98 27 34 0.0984114 
439 16 22 28 0.097668156 
355 0 21 23 0.09576497 
689 58 22 30 0.090744175 
52 34 19 25 0.08562563 
223 98 25 33 0.084936716 
180 1 18 22 0.08359056 
301 82 23 30 0.08251868 
72 1 18 22 0.08249952 
335 160 35 42 0.081019 
386 -1 19 22 0.08057017 
283 80 24 31 0.07915535 
520 27 20 26 0.07884609 
523 112 36 46 0.07795938 
714 77 30 37 0.07792701 
107 2 19 23 0.07674862 
62 0 19 22 0.07665686 
205 147 28 36 0.076248735 
304 0 21 23 0.07573826 
303 95 24 31 0.07465088 
258 57 21 27 0.074429125 
81 200 40 49 0.074271284 
274 216 44 59 0.072520524 
228 6 19 24 0.07206382 
558 22 21 27 0.07195499 
337 44 21 27 0.07172112 
456 17 24 29 0.06943146 
220 123 26 34 0.06916011 
495 162 37 46 0.06821477 
235 75 22 28 0.06768953 
204 18 21 26 0.06702184 
714 1 21 25 0.06664894 
536 44 23 30 0.06652236 
157 50 21 25 0.0664229 
160 23 19 23 0.06616079 
848 49 23 29 0.064887725 
383 22 21 26 0.06478942 
-4 264 38 54 0.06461371 
813 5 25 29 0.06460731 
666 28 20 26 0.064404204 
98 44 19 24 0.06264324 
715 50 24 30 0.06251201 
184 27 17 22 0.060699895 
7 80 21 29 0.05956972 
767 74 28 34 0.0591001 
404 71 25 32 0.05704977 
758 91 38 48 0.05588648 
178 124 21 28 0.055574097 
518 49 22 29 0.053805638 
182 148 24 32 0.053094145 
433 75 24 31 0.052834824 
280 17 23 26 0.051447127 
330 25 22 26 0.051317137 
919 91 23 29 0.050531365 
847 26 21 25 0.05028081 
735 602 52 64 0.050258957 
603 136 41 51 0.049761515 
102 137 26 35 0.04876483 
244 258 45 54 0.047495298 
561 76 24 32 0.04725598 
892 507 77 82 0.047145844 
129 3 18 22 0.046245303 
52 194 28 35 0.045773216 
405 50 23 28 0.045709357 
312 26 21 24 0.045381103 
950 77 20 26 0.04518153 
737 75 30 37 0.04516139 
695 0 19 22 0.044900835 
480 54 24 31 0.04450811 
32 26 20 26 0.044013675 
231 23 19 23 0.043526925 
335 98 24 30 0.04282297 
205 80 22 28 0.041900977 
441 53 22 27 0.041666705 
671 51 21 28 0.041566227 
486 70 23 30 0.040849525 
34 54 32 39 0.040763948 
793 606 41 52 0.040701777 
514 78 25 32 0.040600855 
364 22 20 25 0.040568735 
852 252 46 54 0.039830603 
706 609 63 78 0.03940115 
157 77 20 27 0.038731128 
26 129 24 32 0.03831622 
634 6 22 27 0.038256463 
692 27 19 25 0.03823973 
516 0 19 24 0.03712611 
973 2 22 26 0.0367142 
74 68 22 27 0.036443867 
412 103 27 35 0.03632431 
668 3 18 23 0.035808463 
816 19 24 28 0.03529059 
49 130 26 31 0.03516723 
868 128 26 32 0.035038687 
743 49 25 31 0.034743275 
717 25 22 26 0.034561425 
660 436 45 50 0.03438348 
449 102 29 36 0.03436394 
307 48 21 27 0.033927217 
823 47 23 28 0.033750232 
352 167 28 34 0.033432774 
26 168 28 35 0.033297203 
128 28 18 22 0.03281553 
278 203 33 41 0.032690503 
503 156 26 34 0.03189488 
40 167 38 46 0.031674463 
1 154 24 32 0.031673346 
690 181 43 57 0.031403005 
895 130 23 29 0.031252086 
488 101 25 31 0.031197542 
385 88 26 34 0.031193255 
913 214 31 39 0.030852612 
565 55 21 28 0.030813403 
584 -1 22 28 0.030586552 
675 613 68 81 0.029825334 
847 444 109 129 0.029751696 
556 173 39 51 0.029668067 
173 235 42 55 0.02957775 
840 510 58 75 0.029211361 
184 207 29 36 0.029054118 
555 432 34 42 0.028943805 
916 524 84 87 0.02887753 
185 170 25 33 0.02887679 
765 55 22 29 0.028569058 
487 122 28 35 0.02827697 
595 26 24 32 0.028236905 
94 233 45 58 0.028059362 
283 51 22 27 0.027875341 
367 73 22 28 0.027824372 
5 205 26 34 0.02777276 
686 65 34 43 0.027455432 
307 123 24 30 0.027097749 
24 97 23 31 0.02702863 
105 78 21 26 0.026952768 
873 23 22 25 0.026577022 
728 172 48 61 0.026465077 
869 506 37 53 0.026442239 
897 445 89 96 0.02602932 
387 132 24 31 0.025847109 
129 82 21 26 0.025700646 
309 666 19 24 0.025476065 
360 54 20 26 0.025438689 
333 492 60 92 0.025341572 
84 504 64 89 0.02529065 
79 28 30 38 0.025209485 
137 118 32 43 0.025185952 
950 55 20 26 0.025118522 
789 456 27 37 0.025088897 
820 411 55 64 0.024746863 
642 594 63 76 0.02471772 
861 44 43 57 0.024706177 
232 54 20 27 0.024692267 
10 223 49 65 0.02459202 
893 52 20 26 0.024576584 
728 129 46 56 0.0243986 
415 113 35 41 0.02436968 
617 197 51 67 0.024305351 
599 64 38 48 0.024134101 
439 196 31 38 0.023878666 
264 19 22 26 0.02383655 
590 536 74 85 0.023728848 
872 6 22 25 0.023519104 
129 50 20 25 0.023431392 
847 5 21 25 0.023358148 
40 38 49 59 0.023350192 
53 99 24 29 0.023103809 
562 100 27 34 0.02304727 
203 240 41 52 0.022766167 
338 244 42 54 0.02264311 
628 409 65 69 0.022532599 
0 19 23 32 0.022452112 
56 -3 29 35 0.022439377 
593 45 25 33 0.022331662 
981 152 41 56 0.022220343 
834 438 48 60 0.022071078 
2 171 23 32 0.022034494 
715 608 33 43 0.0220328 
761 593 61 78 0.022011932 
310 433 53 64 0.021972923 
610 124 31 38 0.021655524 
338 77 21 27 0.02157911 
628 179 45 55 0.021573327 
75 106 23 29 0.021530045 
772 683 24 29 0.021484481 
406 501 34 51 0.021360273 
198 494 61 84 0.021324199 
809 422 41 46 0.021264203 
796 49 21 27 0.021150757 
565 191 41 56 0.021113815 
860 477 49 61 0.020964695 
689 606 42 54 0.020841964 
78 448 42 50 0.020716256 
789 79 23 29 0.020654714 
64 33 48 60 0.020637253 
910 152 44 61 0.0206155 
403 4 44 54 0.020608228 
971 78 18 23 0.02048977 
597 171 51 67 0.020433802 
24 1 21 26 0.020428738 
669 75 25 30 0.020338157 
121 633 45 47 0.02015625 
781 434 55 71 0.02011787 
772 627 65 82 0.020031167 
524 158 50 60 0.020011371 
