35_Basketball_basketballgame_ball_35_542
42
315 257 46 57 0.8677281 
550 254 46 56 0.72098917 
571 268 163 127 0.06769529 
79 224 199 148 0.055926736 
389 330 54 56 0.045966294 
668 667 18 22 0.04233029 
392 252 53 55 0.04135727 
611 329 69 65 0.038084924 
837 280 56 58 0.037383746 
413 266 51 53 0.03646437 
583 102 25 28 0.03463178 
753 739 349 365 0.03366143 
631 313 85 74 0.032205522 
842 304 78 77 0.031872846 
837 323 49 52 0.030643148 
186 253 76 83 0.030599978 
418 338 51 52 0.03057304 
143 259 55 60 0.029819496 
617 255 26 29 0.028287718 
583 532 687 738 0.028238462 
-65 727 353 362 0.027045853 
631 345 34 36 0.026470358 
854 270 89 83 0.02599917 
877 325 53 54 0.025039794 
382 250 29 33 0.024955206 
328 53 18 22 0.024933552 
612 268 49 52 0.024400832 
647 246 83 90 0.023974862 
614 343 37 40 0.023853485 
664 346 33 34 0.023355002 
612 249 45 47 0.02326076 
846 346 30 34 0.02277923 
438 288 48 55 0.022168051 
83 259 51 56 0.022066241 
352 288 144 135 0.022054026 
810 244 147 139 0.02162546 
-218 513 696 745 0.021278828 
366 49 18 21 0.021056952 
281 47 19 24 0.020525558 
132 741 364 350 0.020457102 
500 52 18 22 0.020265963 
524 188 249 236 0.020072047 
