35_Basketball_Basketball_35_737
73
842 18 84 106 0.9965514 
56 36 56 81 0.9261743 
775 24 82 95 0.619066 
693 35 65 71 0.23270136 
232 313 25 32 0.17768733 
202 334 27 34 0.13916163 
956 430 23 29 0.089990474 
941 456 24 31 0.08385299 
660 6 84 80 0.07378685 
907 26 77 104 0.06556268 
234 361 24 31 0.06551765 
15 29 72 100 0.05782652 
210 309 53 64 0.052380852 
23 218 93 96 0.05182865 
768 48 51 67 0.045021556 
803 1 94 116 0.040214747 
216 333 56 70 0.039875362 
946 50 56 70 0.03983294 
46 321 52 60 0.039644558 
754 162 69 81 0.039221484 
722 231 64 87 0.037687004 
386 277 18 21 0.035757616 
356 304 21 26 0.035286162 
-2 16 58 88 0.033721294 
361 279 20 24 0.031154847 
800 63 52 66 0.03109328 
3 236 79 95 0.029545434 
864 -2 74 81 0.029415654 
959 354 41 65 0.029043023 
889 223 45 49 0.028903231 
13 294 77 91 0.028446823 
-9 110 107 132 0.028374668 
65 182 86 99 0.027141996 
638 42 25 35 0.027134374 
380 264 20 24 0.027102599 
706 10 73 77 0.026982723 
75 56 64 84 0.026670014 
209 308 25 32 0.026551431 
-66 534 355 348 0.026082126 
74 310 28 32 0.025912652 
5 114 57 82 0.02587534 
-1 117 37 65 0.025530333 
626 227 64 76 0.025364123 
16 280 51 60 0.025084715 
3 67 75 106 0.024933001 
635 79 41 53 0.024602473 
509 208 22 26 0.024540648 
615 269 60 69 0.024369022 
329 531 359 353 0.024351818 
238 322 37 49 0.023995759 
672 427 512 553 0.023959948 
767 82 74 94 0.02381736 
365 260 23 27 0.023729218 
-217 307 714 737 0.023541143 
667 507 134 148 0.023445426 
182 308 63 71 0.023298357 
755 75 48 65 0.023179093 
762 131 67 79 0.023054507 
792 -6 71 79 0.02250118 
26 172 29 39 0.022376329 
645 248 62 75 0.02230831 
874 184 70 89 0.022076879 
187 330 26 33 0.022063674 
255 284 21 25 0.021296868 
18 158 48 65 0.020983197 
248 309 23 29 0.020655999 
728 124 72 84 0.020553978 
-2 278 42 58 0.020449959 
810 496 87 94 0.02034324 
107 181 60 80 0.020258892 
388 100 26 27 0.02021702 
379 96 44 47 0.020142902 
390 -1 83 84 0.020049077 
