35_Basketball_basketballgame_ball_35_153
22
417 240 159 206 0.9997557 
77 6 119 150 0.9993887 
71 241 142 202 0.9932407 
710 301 151 191 0.99066097 
605 712 146 161 0.39543104 
879 413 78 97 0.31129935 
830 1139 545 569 0.03710546 
670 288 122 158 0.034515515 
561 835 1074 1136 0.03365208 
809 46 116 160 0.030783845 
296 250 78 109 0.03008916 
838 -5 80 66 0.02928579 
844 815 526 585 0.028775577 
826 -118 514 593 0.025920538 
101 729 79 81 0.025655124 
841 487 526 589 0.024226822 
833 358 140 184 0.023702802 
822 9 120 105 0.022842642 
876 46 115 148 0.021167524 
579 164 970 1126 0.020984871 
233 1388 34 40 0.020514015 
648 49 119 141 0.020091377 
