35_Basketball_basketballgame_ball_35_998
538
351 315 42 55 0.97566354 
39 390 41 47 0.94757557 
688 73 34 53 0.8736748 
913 281 44 57 0.8481463 
587 41 31 40 0.8286463 
66 277 34 42 0.79115885 
371 105 46 59 0.77213377 
36 202 35 46 0.6431565 
-2 308 26 39 0.6124232 
6 426 31 39 0.53512573 
514 49 24 29 0.5322414 
592 25 28 33 0.4474736 
461 99 30 38 0.4086893 
443 141 34 46 0.37304485 
770 25 24 30 0.3609161 
118 285 40 51 0.35444334 
781 84 39 50 0.3412831 
251 50 24 29 0.3307645 
507 19 25 29 0.3201235 
668 26 23 29 0.3006334 
821 91 35 45 0.28514674 
456 2 26 29 0.28376082 
274 89 27 35 0.28000906 
721 436 26 32 0.2620812 
639 97 26 34 0.24203357 
772 44 30 39 0.22711244 
407 17 23 28 0.21547058 
842 220 27 36 0.2134836 
747 509 27 35 0.21031062 
567 2 22 25 0.20754904 
355 112 38 47 0.20610254 
402 114 30 39 0.20406443 
169 359 43 50 0.18816416 
702 80 36 50 0.1658258 
175 123 28 34 0.16369177 
645 27 22 28 0.16200256 
689 19 22 28 0.16048877 
432 50 22 29 0.15685816 
257 73 26 32 0.15412402 
508 337 35 44 0.14807649 
108 115 26 33 0.14488515 
329 107 41 54 0.14480484 
533 348 26 33 0.13870394 
567 138 35 45 0.13586268 
175 130 39 49 0.13524057 
476 429 27 32 0.13375393 
663 41 23 34 0.12405109 
153 24 26 28 0.12262227 
536 514 24 29 0.121477365 
4 408 29 36 0.1210254 
903 198 47 57 0.1208028 
648 41 24 32 0.11952913 
775 63 36 47 0.11938236 
365 56 21 26 0.117953524 
507 7 23 27 0.11527698 
710 143 28 35 0.11474797 
640 482 27 36 0.10937738 
129 66 21 26 0.10842406 
55 147 25 31 0.10551748 
804 321 44 54 0.1028402 
559 412 22 28 0.102667175 
589 5 24 28 0.10155511 
690 5 23 27 0.09908185 
153 3 28 28 0.09567706 
826 425 47 53 0.092956536 
589 485 24 31 0.09258347 
442 0 26 28 0.091532856 
866 91 25 33 0.091433175 
241 50 21 27 0.087391734 
259 30 21 23 0.086537406 
565 124 30 37 0.08559514 
469 220 44 47 0.08374481 
305 582 28 33 0.08361392 
494 19 23 28 0.083564766 
336 526 25 31 0.081414424 
515 461 25 31 0.08118125 
461 19 22 26 0.08105177 
605 22 22 28 0.08051214 
311 141 34 47 0.07961682 
206 96 25 31 0.07956226 
567 534 22 27 0.07892441 
739 370 28 36 0.07809884 
643 459 24 35 0.077822186 
930 276 40 51 0.077482544 
99 74 20 25 0.076430194 
26 171 25 32 0.0758108 
441 661 25 29 0.07446419 
288 3 22 24 0.07436603 
457 117 35 46 0.07314124 
582 125 27 34 0.07304484 
491 5 25 27 0.07253224 
190 118 41 49 0.072430864 
720 53 24 31 0.07210285 
280 25 19 23 0.07108595 
224 118 29 37 0.07093526 
662 436 26 34 0.070435636 
641 0 21 25 0.070431165 
614 398 23 32 0.07003801 
329 101 29 38 0.069138795 
790 27 23 29 0.067808576 
471 95 37 44 0.06779018 
847 76 28 35 0.06630336 
713 0 19 22 0.06432254 
771 7 22 26 0.06398419 
670 1 23 26 0.06394899 
456 534 20 25 0.063815966 
119 108 22 27 0.06366704 
314 120 26 35 0.06325162 
533 50 21 27 0.06300108 
357 23 20 23 0.06286582 
241 164 40 48 0.062371027 
848 2 24 27 0.061391007 
155 143 24 34 0.060480017 
24 158 23 29 0.060382415 
535 25 20 24 0.06005679 
336 22 21 24 0.059185047 
210 82 22 28 0.059135593 
566 21 22 26 0.05910119 
595 567 22 29 0.059074085 
643 153 29 36 0.057657707 
537 120 34 42 0.057580672 
404 588 20 24 0.057374507 
382 53 21 26 0.056994922 
612 6 22 25 0.056345783 
457 482 22 27 0.05611622 
488 591 21 27 0.05609901 
566 511 21 27 0.05596407 
73 131 22 29 0.054543477 
466 79 24 30 0.0543405 
-1 255 22 31 0.05419607 
484 460 25 31 0.054037426 
96 103 50 60 0.05346907 
141 174 33 45 0.053241916 
514 539 25 31 0.053041667 
179 108 25 31 0.05293846 
295 311 39 52 0.0528772 
301 2 22 25 0.052847166 
897 44 24 31 0.052559964 
975 274 22 30 0.051879864 
649 437 24 30 0.051760785 
517 555 24 30 0.051481 
435 124 35 48 0.05142102 
332 5 22 24 0.05107673 
411 77 23 30 0.050608203 
615 503 21 29 0.050277747 
568 50 24 30 0.049989685 
591 358 23 31 0.049853727 
993 302 22 33 0.049845055 
4 0 27 31 0.04965581 
226 188 43 49 0.049575306 
624 366 39 49 0.04954287 
391 20 22 25 0.049465947 
330 298 52 67 0.04904364 
943 3 23 25 0.049014974 
509 367 37 47 0.048908234 
316 50 19 25 0.048891183 
236 28 21 24 0.04845959 
363 138 31 40 0.04819361 
718 28 19 24 0.047963828 
262 660 24 29 0.04761158 
253 3 22 24 0.047109343 
589 503 21 27 0.046994425 
163 131 22 28 0.046719935 
417 51 21 26 0.0467043 
238 33 51 61 0.046693426 
588 59 28 37 0.04651922 
559 426 24 30 0.04619975 
225 250 68 74 0.046185054 
767 147 25 33 0.04612956 
57 134 22 26 0.046051472 
251 61 47 61 0.045943856 
716 125 29 37 0.04567377 
479 146 35 44 0.045469344 
643 123 27 34 0.04537229 
275 148 26 34 0.04522957 
87 77 20 25 0.045101304 
432 70 23 29 0.045047272 
386 75 24 29 0.04493605 
360 70 23 28 0.044888057 
61 141 37 47 0.04480282 
5 209 24 33 0.044747084 
565 563 23 30 0.044629432 
658 12 46 58 0.044442244 
976 45 30 50 0.043631986 
564 377 22 29 0.04355463 
101 376 27 37 0.043547608 
969 293 30 47 0.043363225 
441 515 24 29 0.043335978 
539 5 20 24 0.043253027 
104 353 27 34 0.043178722 
991 279 21 29 0.043019395 
443 532 21 26 0.04296998 
395 592 20 25 0.042717185 
307 25 19 23 0.042687908 
3 280 24 32 0.042584844 
493 356 24 31 0.0423675 
537 95 35 46 0.042358544 
738 96 25 34 0.04222768 
458 385 22 28 0.041884717 
336 80 21 27 0.041614722 
849 22 23 27 0.04061415 
355 251 29 36 0.0405384 
254 147 37 45 0.04051463 
685 456 23 31 0.040420387 
870 46 25 31 0.040233336 
817 27 21 26 0.040201996 
230 172 34 42 0.04014311 
767 123 27 36 0.039988976 
763 16 47 61 0.0399392 
746 31 21 26 0.039546315 
726 568 21 27 0.03951358 
438 101 24 30 0.039324854 
736 567 20 26 0.03931816 
714 205 27 33 0.039301686 
691 55 26 36 0.03926807 
596 408 21 28 0.039215896 
184 362 48 52 0.039035786 
770 94 30 38 0.038910314 
942 78 26 36 0.038559217 
669 77 44 62 0.03847586 
465 419 48 55 0.038287055 
364 618 20 24 0.038262803 
22 282 24 33 0.038261645 
606 46 24 32 0.0382071 
736 485 37 49 0.03801508 
942 295 31 40 0.037836358 
329 51 20 26 0.037829097 
389 5 25 28 0.037818596 
590 463 23 30 0.037782248 
198 160 42 51 0.037761834 
531 529 24 31 0.037414905 
836 406 35 40 0.036863863 
23 350 26 35 0.036842123 
206 24 22 25 0.03669481 
790 368 37 50 0.036686625 
587 658 33 35 0.03658059 
132 177 26 34 0.036541626 
633 86 50 61 0.036338206 
439 484 24 29 0.03617386 
731 349 52 63 0.03613888 
920 44 23 32 0.036051814 
755 348 42 52 0.035977386 
459 617 19 24 0.035889994 
491 568 20 25 0.035819665 
620 462 24 32 0.03581523 
195 140 34 43 0.035673693 
75 209 24 31 0.035646584 
672 411 24 30 0.03564546 
593 375 23 31 0.03553665 
56 394 40 49 0.035535064 
785 663 26 31 0.035535052 
617 381 25 36 0.035527628 
515 405 22 28 0.035481077 
694 361 20 23 0.03536961 
511 475 26 31 0.03515176 
758 320 45 54 0.035043646 
619 485 23 33 0.03492949 
658 445 33 44 0.034868512 
620 356 22 31 0.034695383 
463 48 20 26 0.034496516 
469 410 22 27 0.034445558 
867 277 23 30 0.03408461 
724 660 37 42 0.034079734 
654 116 37 48 0.033900462 
97 273 49 63 0.033895332 
478 123 27 34 0.03382182 
742 45 23 31 0.033809096 
321 129 39 53 0.03334382 
894 474 43 55 0.03322833 
514 326 50 62 0.03322287 
202 547 35 42 0.03295148 
710 21 32 42 0.032951016 
501 220 44 50 0.032918192 
358 633 20 24 0.03289661 
236 2 22 24 0.032867335 
439 25 23 27 0.032679647 
442 565 19 24 0.032622855 
564 490 23 29 0.03255139 
636 359 23 29 0.03248602 
312 105 24 32 0.032449044 
280 49 21 25 0.03238506 
897 98 21 28 0.032160215 
154 42 22 27 0.03213278 
159 103 20 24 0.032118477 
664 379 22 27 0.03186983 
753 532 349 367 0.03182218 
739 124 26 34 0.031770144 
694 380 20 25 0.03171614 
518 125 24 32 0.03167477 
596 430 21 27 0.031567972 
590 537 19 25 0.03154429 
437 157 39 51 0.031288214 
428 434 24 29 0.03122367 
384 611 20 25 0.031180283 
196 658 43 43 0.031033134 
922 402 30 37 0.030957734 
747 526 23 29 0.030943325 
762 298 40 49 0.030827848 
535 379 24 30 0.03080005 
466 456 24 30 0.03036239 
203 191 41 49 0.03032128 
490 376 24 30 0.0301222 
534 235 43 50 0.030119594 
225 216 47 56 0.030053414 
589 579 25 31 0.029972998 
489 538 20 25 0.029733447 
929 2 25 27 0.029698446 
454 517 22 27 0.029688403 
792 4 20 25 0.029649414 
479 414 25 30 0.029643413 
185 88 54 68 0.02944509 
157 250 27 35 0.029440397 
9 590 18 27 0.029359398 
899 204 30 39 0.029345367 
403 132 40 51 0.029336572 
482 171 28 36 0.029297717 
850 65 51 61 0.029202953 
928 22 24 28 0.029144544 
488 329 38 47 0.0290313 
438 384 24 31 0.02893242 
384 214 36 43 0.0289277 
249 390 39 48 0.02891708 
0 342 34 45 0.028894747 
175 158 39 53 0.028891621 
102 402 24 35 0.028862001 
820 221 38 49 0.028846864 
917 246 43 54 0.028822502 
871 29 23 26 0.02877699 
784 215 39 55 0.028704645 
632 467 45 59 0.028683113 
89 344 49 60 0.028532242 
252 23 34 37 0.028521968 
126 188 36 44 0.028459756 
868 2 23 25 0.028348217 
809 298 46 59 0.028342122 
172 2 26 28 0.028184498 
871 554 23 30 0.02814189 
462 564 18 22 0.028079445 
309 105 46 64 0.027985448 
488 478 23 28 0.027879424 
791 336 44 54 0.027801305 
744 78 23 30 0.027791575 
608 563 20 26 0.027728748 
547 394 50 62 0.027531626 
617 534 20 26 0.027529525 
649 140 34 43 0.02749273 
973 314 34 54 0.02747673 
514 305 27 33 0.027454019 
706 -4 31 38 0.027422432 
-149 430 533 550 0.027399138 
220 139 43 53 0.027341302 
966 498 32 40 0.027261918 
25 594 20 26 0.027098427 
440 646 22 27 0.027057199 
542 407 21 27 0.027003163 
212 337 53 55 0.026996851 
896 2 23 26 0.026908247 
514 512 24 29 0.026661525 
688 439 23 30 0.02659227 
848 52 24 30 0.026562402 
604 663 25 30 0.026515923 
155 116 49 63 0.026511565 
863 228 23 29 0.026395649 
131 1 22 23 0.026395326 
27 128 20 25 0.026358925 
501 32 47 58 0.026352 
70 316 38 47 0.026276216 
490 606 21 26 0.026271531 
359 7 21 24 0.026220195 
639 27 49 62 0.02618128 
177 21 24 26 0.026179658 
485 664 22 26 0.026008481 
686 102 37 51 0.02586882 
723 363 22 28 0.025827864 
123 400 36 48 0.025777604 
587 645 28 30 0.025705926 
170 382 43 55 0.025576862 
510 612 20 23 0.025574042 
645 561 20 25 0.0255716 
508 102 23 30 0.025542846 
664 365 21 25 0.025527189 
384 568 19 23 0.025457753 
733 436 24 30 0.02545573 
542 77 22 29 0.025451174 
495 7 45 54 0.025421223 
142 295 40 51 0.0254046 
824 443 62 75 0.02537551 
104 178 24 30 0.025287753 
951 263 46 62 0.025258258 
930 77 24 33 0.02525774 
818 1 21 24 0.025248244 
513 66 23 30 0.025232486 
172 298 41 50 0.025211751 
936 251 40 52 0.025146699 
860 471 43 55 0.025092192 
816 409 31 38 0.02503249 
101 19 24 28 0.025006607 
630 388 38 50 0.02499476 
764 200 38 54 0.024987016 
692 482 24 33 0.024922194 
564 359 23 29 0.024792254 
131 151 25 32 0.024723409 
204 1 23 26 0.02458256 
514 589 21 26 0.024570467 
991 52 23 37 0.024524307 
288 323 30 37 0.02452189 
302 397 38 51 0.024501355 
720 414 24 29 0.024477534 
533 168 39 48 0.024469635 
408 571 19 23 0.024435725 
208 109 52 62 0.024413314 
428 400 35 43 0.024380345 
431 456 24 30 0.02436489 
913 387 55 64 0.024332233 
142 6 52 56 0.024325855 
646 664 25 29 0.024283914 
919 290 59 75 0.024207842 
414 512 21 27 0.024168827 
881 29 56 67 0.024116883 
864 176 37 48 0.024099581 
506 144 35 44 0.024009991 
413 435 26 32 0.02386223 
534 131 53 63 0.023816772 
432 517 50 60 0.023741925 
613 430 22 27 0.023725 
813 75 35 47 0.023712985 
530 561 23 30 0.0236969 
109 530 21 25 0.023573894 
311 44 31 41 0.023564983 
760 511 24 32 0.023545958 
178 52 22 26 0.023467442 
181 72 21 25 0.023399815 
973 1 19 22 0.023370504 
129 620 22 25 0.023325553 
483 77 23 29 0.023289476 
915 204 63 77 0.02319284 
191 322 53 54 0.02319195 
172 328 44 52 0.0231374 
4 439 35 45 0.023117444 
502 171 41 49 0.023000022 
222 97 36 46 0.022954011 
76 177 23 29 0.022883153 
339 642 21 26 0.022815883 
809 79 63 79 0.022773448 
871 120 23 31 0.022720765 
640 358 56 67 0.0227051 
192 173 104 123 0.02270329 
274 374 45 57 0.02264741 
588 104 25 31 0.022616684 
481 202 33 40 0.022483874 
640 78 25 32 0.022444014 
947 261 24 31 0.0224291 
606 374 51 66 0.022279684 
571 319 692 740 0.022240514 
728 446 35 44 0.022211388 
202 216 42 49 0.022138767 
743 175 24 31 0.022104185 
466 591 19 23 0.022066703 
538 484 23 28 0.022057861 
855 36 55 64 0.022056483 
965 341 35 55 0.021990683 
511 642 19 24 0.021920286 
619 95 32 43 0.021914633 
175 581 24 30 0.021796936 
706 437 46 58 0.021754721 
223 306 67 68 0.02173111 
608 609 23 29 0.021718102 
816 148 39 48 0.021697545 
456 663 23 27 0.02168548 
565 579 24 32 0.021681976 
620 338 20 27 0.021628605 
616 124 22 29 0.021566823 
387 636 21 24 0.021548385 
896 76 22 29 0.021506704 
995 209 19 26 0.021494333 
408 641 20 24 0.021492707 
666 568 21 27 0.021476131 
205 281 76 73 0.021459023 
118 369 37 47 0.021456284 
995 226 18 25 0.0214342 
941 20 23 28 0.021418493 
743 3 19 23 0.021332122 
890 354 56 71 0.02127333 
438 584 18 23 0.021163149 
19 585 34 44 0.02111794 
795 393 36 47 0.02111023 
559 99 37 47 0.021066964 
156 75 20 25 0.021050014 
939 397 40 51 0.021042306 
53 98 18 24 0.021010133 
806 370 41 50 0.020985097 
798 530 24 30 0.020961402 
446 617 17 22 0.020905806 
724 377 23 29 0.020904116 
591 338 20 26 0.020902634 
577 470 48 61 0.02086256 
412 451 26 31 0.02086028 
869 256 23 28 0.020830045 
673 440 47 60 0.020801125 
385 98 62 77 0.020733329 
191 383 47 57 0.020721655 
587 220 111 139 0.020694 
926 61 49 64 0.02064199 
362 238 54 65 0.020607255 
125 226 26 32 0.020590603 
172 118 101 118 0.020578831 
686 410 21 26 0.020568768 
392 -3 48 53 0.020535246 
200 358 32 35 0.020521898 
494 49 21 26 0.020511055 
976 288 41 64 0.02049674 
80 18 26 30 0.020481134 
865 22 38 41 0.020471795 
793 506 27 35 0.020422515 
513 436 22 27 0.020401623 
895 29 24 28 0.020391317 
689 75 63 78 0.020384958 
566 70 25 33 0.02034991 
532 458 25 32 0.020326871 
120 161 51 64 0.020284945 
673 73 27 39 0.020283926 
920 381 28 40 0.020266175 
64 114 54 65 0.020222217 
491 645 19 24 0.020192713 
463 358 23 29 0.02019001 
890 297 60 76 0.02017482 
22 299 24 34 0.02016974 
148 216 37 50 0.020160329 
886 251 60 79 0.020120598 
273 111 36 49 0.020065622 
765 372 28 37 0.020064596 
771 45 60 74 0.020061344 
381 574 51 63 0.020057658 
654 130 67 77 0.020055952 
767 224 24 33 0.020055821 
769 532 22 28 0.020055015 
144 293 65 81 0.02002894 
962 253 34 45 0.020003024 
