35_Basketball_basketballgame_ball_35_446
42
469 333 105 133 0.97872263 
544 119 107 110 0.41554877 
796 891 29 35 0.088995814 
863 815 32 43 0.0760235 
862 795 28 38 0.048291214 
790 925 32 41 0.047444295 
817 888 28 33 0.040546916 
820 810 30 38 0.04015921 
816 795 29 38 0.039075553 
757 829 25 32 0.0384058 
412 352 102 121 0.03767206 
601 81 101 134 0.037574153 
726 888 30 40 0.035624202 
744 892 28 36 0.03522867 
801 793 27 33 0.03343146 
794 870 26 31 0.032333855 
619 886 34 44 0.030852808 
755 857 25 29 0.030832179 
828 750 24 29 0.030807596 
513 148 106 124 0.030764898 
2 0 41 46 0.03041219 
721 858 26 32 0.0294596 
866 895 27 33 0.029243914 
469 267 110 137 0.028344585 
679 914 34 44 0.026568308 
717 833 25 32 0.026031945 
6 1180 63 98 0.025906201 
784 914 52 66 0.024382064 
405 298 106 124 0.024184901 
685 897 31 39 0.023356022 
210 792 88 125 0.023185521 
189 114 120 130 0.02273782 
597 145 115 143 0.02238906 
869 847 29 37 0.02174593 
414 592 118 132 0.021736892 
471 98 87 121 0.021622367 
761 791 23 29 0.020753542 
714 782 24 31 0.020746285 
663 846 89 117 0.020426711 
373 378 100 113 0.020169472 
688 855 25 32 0.020098064 
861 927 30 37 0.02009249 
