35_Basketball_Basketball_35_549
38
716 366 54 65 0.9409032 
537 77 135 138 0.16007724 
699 346 30 36 0.07531061 
445 230 35 42 0.053864174 
185 363 102 102 0.05335895 
666 390 30 38 0.048689287 
699 356 45 58 0.04225304 
8 31 549 554 0.04008955 
592 112 105 121 0.039543815 
998 522 29 50 0.034537785 
371 246 71 81 0.03259546 
342 607 82 101 0.03202117 
440 4 298 233 0.030936753 
296 68 410 405 0.03041846 
569 61 75 88 0.027416905 
995 499 30 48 0.026307106 
654 376 54 68 0.02614069 
494 507 66 90 0.025563698 
434 490 86 104 0.024767527 
1 561 24 33 0.024742126 
227 420 82 96 0.024531322 
205 854 63 83 0.024139784 
353 226 67 84 0.024136843 
626 -36 312 272 0.023876712 
512 38 124 138 0.023558838 
503 122 184 198 0.022734735 
594 947 66 86 0.022245849 
597 69 52 59 0.022177206 
702 909 75 97 0.021927517 
620 159 95 127 0.02189738 
637 879 20 26 0.02166285 
151 987 97 94 0.021585321 
560 15 166 162 0.021146903 
638 387 38 52 0.02106181 
542 104 355 406 0.020935457 
534 496 76 99 0.02077558 
552 448 86 97 0.02057256 
933 634 29 36 0.020201294 
