35_Basketball_Basketball_35_180
132
442 176 26 34 0.9543344 
285 189 31 39 0.94804174 
385 194 28 36 0.94376826 
221 176 28 35 0.9043996 
476 222 29 36 0.8322052 
610 356 31 39 0.7440683 
533 160 23 28 0.6782444 
415 400 30 38 0.63462687 
607 162 23 29 0.56328744 
383 276 37 43 0.5296968 
688 166 21 28 0.4606561 
336 192 25 32 0.4553003 
701 441 118 148 0.23639247 
353 199 23 31 0.19991581 
491 106 21 26 0.19373262 
478 303 30 36 0.18844357 
695 472 71 88 0.17781332 
329 82 23 27 0.1752629 
537 452 120 127 0.17488743 
529 228 27 33 0.17445391 
425 232 31 39 0.15006958 
599 170 24 30 0.12765887 
465 126 22 27 0.12555309 
279 76 23 28 0.12547168 
381 72 22 26 0.1221656 
401 200 23 31 0.12047546 
530 245 27 34 0.11669301 
491 155 21 27 0.11244281 
517 159 22 28 0.103816845 
486 124 20 25 0.095245704 
481 210 28 33 0.09512131 
694 268 41 48 0.0869805 
609 250 27 34 0.08583776 
610 69 22 27 0.06944016 
460 105 20 25 0.060580317 
613 231 26 32 0.05951576 
482 283 28 33 0.0568638 
563 151 22 28 0.05245454 
489 172 24 30 0.05177709 
669 280 22 27 0.051265832 
459 153 23 28 0.048542142 
862 70 23 27 0.048369512 
600 283 42 52 0.04817563 
814 77 23 28 0.045945678 
533 208 24 30 0.045941703 
416 231 25 32 0.045915846 
422 371 36 48 0.04354724 
383 62 21 25 0.04337269 
605 276 26 33 0.04335413 
230 190 27 33 0.042155802 
413 385 30 38 0.0417948 
670 159 22 28 0.04134703 
459 281 26 33 0.039658938 
594 257 26 33 0.039301198 
493 82 19 23 0.038678985 
566 73 20 25 0.038402416 
438 157 25 31 0.0383265 
273 272 36 46 0.038261972 
612 331 30 38 0.038042773 
641 320 37 50 0.037663765 
565 179 22 29 0.036135573 
174 447 168 152 0.035463855 
569 60 19 24 0.035131264 
409 418 36 45 0.034522377 
672 173 22 29 0.034294073 
993 74 21 29 0.033332985 
506 107 20 26 0.032988794 
168 218 38 49 0.032335497 
710 71 23 28 0.03104203 
596 241 46 57 0.031009799 
665 420 53 70 0.0309086 
428 359 29 39 0.030869093 
708 255 26 31 0.030534854 
409 151 24 31 0.030121615 
516 205 22 28 0.02960404 
442 108 20 25 0.029326458 
642 153 20 26 0.029087296 
618 436 25 32 0.02900395 
408 180 22 29 0.028912257 
636 355 23 31 0.028266221 
462 310 39 46 0.027907126 
685 448 25 32 0.027690664 
616 335 51 66 0.027590258 
707 342 225 282 0.02752759 
439 193 25 32 0.026970893 
385 217 28 35 0.026710117 
618 410 55 74 0.026403243 
695 414 70 92 0.026295278 
575 482 57 71 0.025928365 
412 242 35 44 0.025706338 
587 396 36 46 0.025387375 
711 203 20 25 0.025306612 
178 210 24 31 0.025036344 
338 348 33 43 0.024966666 
589 382 26 35 0.024463229 
659 323 25 35 0.0241562 
545 444 69 95 0.024034252 
600 482 71 85 0.023918277 
439 124 22 28 0.02371442 
517 222 44 55 0.023637285 
460 208 25 31 0.023104154 
352 350 24 31 0.023024892 
662 70 21 25 0.022903332 
581 412 63 76 0.022868408 
534 459 22 29 0.022834718 
692 247 63 80 0.02263986 
596 429 67 92 0.02263925 
904 69 23 29 0.02254513 
383 257 29 35 0.022388414 
712 58 22 25 0.022218822 
382 123 25 31 0.021872962 
513 380 23 32 0.021563157 
656 490 128 151 0.021429438 
512 79 18 22 0.021390447 
381 97 24 29 0.021351578 
227 82 19 23 0.021313543 
519 441 56 79 0.021253698 
227 159 27 33 0.02111935 
545 384 190 221 0.021076897 
697 58 22 26 0.021068294 
410 352 40 52 0.020873867 
662 58 21 25 0.020724421 
564 427 21 28 0.020630483 
539 134 21 26 0.02051847 
334 155 22 28 0.020450816 
410 126 23 29 0.020383287 
700 201 22 27 0.020349272 
505 302 25 32 0.020289 
642 182 21 28 0.020237476 
212 440 70 86 0.020173317 
290 507 23 27 0.02009092 
592 293 30 40 0.02000633 
