35_Basketball_playingbasketball_35_764
77
491 247 27 35 0.8763481 
305 188 28 36 0.1439404 
414 255 25 30 0.11215357 
483 366 21 27 0.07648437 
638 407 20 24 0.058194675 
431 259 23 30 0.05553107 
596 360 21 26 0.049815025 
278 336 57 79 0.04790888 
677 380 17 21 0.0469886 
640 285 27 32 0.046689298 
437 361 25 31 0.04435849 
671 330 19 23 0.04389445 
617 281 23 29 0.041753363 
442 234 20 25 0.04002579 
303 217 38 51 0.04002386 
311 243 28 36 0.039831534 
465 375 19 24 0.039720323 
889 312 22 31 0.038090073 
699 360 17 21 0.0363346 
294 178 47 59 0.035035003 
671 364 16 21 0.034332797 
429 273 23 29 0.033130642 
587 306 23 29 0.033039458 
698 338 18 23 0.030877052 
413 269 35 38 0.030846002 
596 413 18 22 0.030541519 
102 31 75 99 0.030094756 
713 353 17 21 0.030040748 
814 356 17 22 0.029369392 
648 358 16 19 0.02898212 
751 533 348 365 0.02895238 
871 366 18 23 0.028696377 
458 233 20 24 0.028340785 
456 365 32 40 0.02803682 
438 425 22 28 0.027821984 
617 410 18 22 0.027754236 
486 269 26 33 0.027593274 
-66 514 351 367 0.026938051 
126 94 29 39 0.025875382 
927 363 17 21 0.025655724 
778 331 17 22 0.0256149 
644 392 17 20 0.025479542 
608 361 20 24 0.025223045 
83 64 84 119 0.025160192 
289 182 25 33 0.025149552 
359 249 24 29 0.025078047 
132 524 364 354 0.024846785 
226 17 64 87 0.024734726 
577 326 683 732 0.024701009 
587 330 23 29 0.024560815 
102 85 48 58 0.024424795 
666 307 23 28 0.02418817 
465 255 20 26 0.024011081 
604 268 55 59 0.023637759 
590 284 22 28 0.022903068 
285 194 24 33 0.022775982 
714 343 18 22 0.022425335 
591 302 80 97 0.022258254 
612 384 18 22 0.022188788 
420 245 50 57 0.022185056 
694 310 19 24 0.021917101 
503 237 24 28 0.021883752 
659 283 23 28 0.02166786 
-219 278 695 767 0.021624863 
687 379 17 21 0.021494282 
324 250 25 32 0.021391895 
794 386 18 22 0.021257697 
573 306 20 26 0.021219248 
134 3 68 89 0.021161687 
498 260 38 44 0.021065727 
361 234 23 28 0.021045184 
426 409 36 43 0.020925958 
796 335 19 23 0.020766115 
644 336 18 23 0.020595346 
108 97 27 34 0.020094376 
22 75 142 194 0.02008435 
331 529 366 350 0.020062244 
