35_Basketball_basketballgame_ball_35_287
226
979 386 23 34 0.368747 
820 363 19 23 0.1782561 
844 390 20 24 0.16595937 
776 443 18 21 0.13643803 
846 401 19 24 0.11679308 
793 436 16 20 0.10475152 
767 455 18 22 0.09760182 
951 354 19 25 0.09049297 
802 416 16 20 0.08318083 
648 483 17 20 0.08157258 
670 378 17 21 0.07729779 
929 362 18 23 0.07209386 
61 378 20 26 0.067005016 
790 508 20 26 0.066588804 
688 332 15 19 0.06546094 
971 211 23 31 0.06495826 
743 438 15 18 0.06161612 
28 251 20 26 0.05899766 
895 435 19 24 0.05869453 
743 466 17 20 0.057662223 
680 336 16 19 0.056796044 
723 310 18 21 0.054348197 
777 383 16 19 0.053619258 
825 304 18 22 0.05351414 
879 363 19 23 0.05232942 
771 414 16 19 0.050729904 
927 379 20 24 0.050203625 
11 427 21 29 0.048745133 
142 215 45 54 0.048155714 
878 377 21 26 0.048124265 
22 385 18 23 0.04698698 
749 410 16 19 0.046960853 
509 335 23 28 0.0465912 
827 379 18 23 0.046417806 
926 408 18 24 0.04611546 
673 367 17 21 0.045907203 
313 360 19 23 0.04496335 
793 386 16 20 0.044228196 
647 468 16 18 0.043860726 
790 329 18 22 0.04379963 
693 434 16 19 0.043277193 
741 484 17 20 0.042961325 
798 459 17 22 0.042867493 
723 389 16 19 0.0428515 
673 438 15 19 0.04254304 
768 488 17 21 0.042469494 
569 309 18 22 0.042399727 
338 391 18 22 0.04180571 
724 410 15 18 0.041782256 
972 362 19 25 0.04171004 
588 307 18 21 0.04150785 
20 412 17 23 0.041302405 
617 289 18 21 0.040303327 
415 380 19 23 0.039912082 
726 434 16 19 0.03980796 
972 312 21 26 0.039597455 
799 283 18 22 0.03879947 
187 407 19 22 0.03836376 
616 438 16 20 0.03812711 
640 439 17 20 0.0380909 
647 389 17 21 0.03800342 
692 382 16 20 0.037947264 
777 328 19 22 0.03788735 
722 331 16 20 0.03771101 
641 407 17 20 0.037407123 
798 492 18 22 0.037375715 
726 484 18 20 0.037216578 
953 341 19 23 0.037191972 
719 363 16 19 0.037162866 
844 363 18 22 0.037104044 
827 334 18 22 0.036442492 
383 390 18 22 0.036207426 
201 467 21 24 0.035934262 
494 333 21 26 0.035850152 
537 546 18 21 0.0356882 
794 312 18 23 0.035585027 
922 439 21 25 0.0353707 
691 312 16 20 0.03521368 
821 490 19 25 0.034472868 
648 311 16 21 0.034424264 
385 404 17 21 0.0343602 
623 408 17 20 0.034184787 
746 361 16 19 0.03356266 
923 339 18 21 0.0330863 
305 417 17 22 0.032999318 
972 328 20 24 0.03288556 
809 503 72 87 0.032822546 
816 410 18 22 0.032688055 
595 289 18 22 0.032610085 
698 364 15 19 0.032311663 
378 616 29 34 0.032271806 
892 379 18 23 0.03206375 
0 330 19 29 0.03205387 
614 305 17 21 0.03193545 
847 431 20 24 0.03180708 
955 307 18 22 0.031752728 
670 465 14 17 0.031372823 
947 182 19 24 0.031158531 
336 287 18 22 0.030845916 
211 436 17 21 0.030746307 
340 403 18 22 0.030696264 
845 253 18 22 0.030479878 
824 532 22 28 0.030148108 
743 519 18 21 0.029856747 
433 314 19 22 0.029706277 
707 562 28 31 0.029666185 
746 387 17 20 0.029585801 
728 467 16 20 0.029446436 
882 435 19 23 0.029408019 
431 176 23 28 0.029255891 
803 360 17 20 0.02904451 
234 411 17 22 0.02881302 
801 262 18 22 0.028744087 
-147 434 527 550 0.028726377 
965 374 40 58 0.028652396 
847 336 16 20 0.028591262 
511 284 20 23 0.02851916 
515 304 20 23 0.02846772 
236 431 17 22 0.028408887 
680 417 493 553 0.02837618 
204 404 18 23 0.028275594 
545 312 18 22 0.028264826 
364 386 17 20 0.028149374 
415 466 15 18 0.027964273 
893 364 17 21 0.027814968 
466 303 18 21 0.027787067 
365 363 16 19 0.027588166 
901 414 18 23 0.02710623 
593 352 19 24 0.027097248 
644 334 16 20 0.026946865 
898 310 18 21 0.026867686 
618 336 17 19 0.026867157 
228 279 20 24 0.026695713 
694 416 16 19 0.026600396 
722 517 19 23 0.02648576 
665 484 16 19 0.026450926 
713 536 21 24 0.026321309 
690 285 16 19 0.025964443 
278 389 17 20 0.025851486 
746 234 19 22 0.025842037 
824 512 21 26 0.025813399 
874 356 32 39 0.025676778 
202 390 22 25 0.025631582 
256 437 16 19 0.025520397 
877 340 17 20 0.02543941 
670 521 18 21 0.025437992 
416 409 16 19 0.025430797 
618 357 18 21 0.0253789 
643 365 16 19 0.025213502 
776 314 18 23 0.025189314 
818 461 19 23 0.02508043 
919 309 17 22 0.025051186 
876 409 18 22 0.024655983 
677 285 16 19 0.02449494 
669 415 15 18 0.0244595 
186 391 20 24 0.024413696 
9 385 18 24 0.024245873 
304 430 18 22 0.024237748 
129 223 27 36 0.024218189 
846 461 20 25 0.024177745 
946 407 20 25 0.024098137 
573 229 18 22 0.0240083 
693 490 16 19 0.023879282 
335 308 17 20 0.023799641 
389 331 17 20 0.023762014 
994 361 17 24 0.023726981 
543 557 20 23 0.02372629 
511 510 17 20 0.02354567 
387 361 17 19 0.023442477 
25 357 18 23 0.023437476 
723 288 18 21 0.023283094 
772 362 16 20 0.023222474 
778 514 18 21 0.023140268 
313 480 19 23 0.023127802 
58 305 23 27 0.023098921 
419 441 15 18 0.02302648 
436 507 19 22 0.022995837 
589 335 19 22 0.022936868 
622 490 16 21 0.02289059 
542 539 359 347 0.022843504 
692 259 16 20 0.022788959 
880 206 19 23 0.022716688 
773 435 29 36 0.022701133 
601 440 16 20 0.022545919 
292 437 18 22 0.022540305 
54 283 23 26 0.022489233 
292 414 17 19 0.022376778 
619 510 17 20 0.022325234 
24 331 19 25 0.02230633 
570 330 19 23 0.022228593 
416 363 19 23 0.0221973 
-1 234 19 28 0.02212289 
56 362 20 27 0.022121415 
458 354 20 28 0.02206409 
538 330 21 25 0.021944718 
974 282 22 26 0.021878343 
620 391 17 21 0.02186886 
563 437 16 19 0.021830136 
336 362 17 19 0.021803528 
618 458 16 19 0.021737669 
744 113 271 316 0.02170088 
185 431 17 20 0.021677865 
925 454 23 27 0.021553006 
784 499 34 45 0.021463735 
497 327 43 49 0.02145163 
784 430 29 37 0.021384105 
695 232 17 21 0.02134535 
691 463 14 17 0.021283556 
950 383 19 25 0.021199914 
643 287 15 18 0.02115271 
824 291 18 22 0.02113234 
924 356 31 38 0.021120923 
565 256 18 22 0.021037454 
671 533 20 23 0.020720886 
30 239 20 26 0.020569418 
52 256 22 27 0.02054083 
819 518 43 53 0.020535188 
842 307 18 22 0.020504726 
771 287 18 22 0.020459697 
929 212 20 25 0.020437153 
544 285 17 20 0.020433636 
819 438 19 23 0.020421488 
437 359 21 26 0.020383889 
880 306 17 20 0.020353394 
233 259 21 25 0.020252706 
387 330 683 712 0.020060629 
