35_Basketball_basketballgame_ball_35_82
520
286 257 45 54 0.8864063 
439 194 44 54 0.8546079 
149 153 21 27 0.6498584 
793 402 24 32 0.57936954 
711 310 20 25 0.44203568 
228 159 17 21 0.25094977 
743 389 21 26 0.23159008 
29 283 19 24 0.22775047 
188 235 20 24 0.21926768 
658 404 21 26 0.21886897 
111 182 19 24 0.21255316 
50 260 20 23 0.21067685 
125 282 22 27 0.20868945 
100 257 18 22 0.20504574 
608 406 20 25 0.2006892 
649 403 20 25 0.1955748 
31 178 18 24 0.18530002 
228 180 17 21 0.18124732 
389 157 22 25 0.17969735 
191 126 17 22 0.17059554 
109 201 19 23 0.16576244 
8 100 18 24 0.16027625 
253 71 20 25 0.15890554 
181 251 21 26 0.15533593 
149 212 19 25 0.15454175 
80 201 18 24 0.15239061 
252 204 18 24 0.1519367 
636 208 18 23 0.150202 
786 330 23 28 0.14869086 
35 135 17 22 0.14171809 
238 123 20 24 0.14021958 
647 388 20 24 0.1383775 
233 251 20 24 0.13825217 
187 285 21 27 0.13743764 
540 158 19 24 0.1343436 
518 160 19 23 0.13343228 
60 157 19 22 0.13135377 
431 131 19 22 0.12734564 
237 277 20 25 0.125201 
358 301 26 35 0.12354577 
560 402 21 28 0.12249553 
105 153 18 23 0.12238542 
2 177 19 27 0.12234968 
263 159 17 21 0.12187996 
199 232 19 24 0.11986494 
591 173 17 22 0.11981214 
99 330 20 23 0.118914194 
774 404 22 28 0.11868241 
386 173 26 30 0.118446484 
241 202 17 22 0.118064076 
111 282 19 24 0.11696003 
36 261 18 22 0.11633142 
690 232 19 24 0.1159455 
235 236 18 23 0.11472294 
201 202 16 20 0.11334473 
622 305 19 24 0.10990843 
289 202 21 27 0.10924135 
46 127 20 24 0.10880326 
152 223 18 23 0.10871672 
255 181 19 23 0.10865773 
24 32 23 27 0.10678207 
73 153 18 22 0.10601768 
617 176 17 21 0.10374211 
79 336 18 22 0.10320318 
51 234 18 22 0.10223129 
58 175 18 23 0.10181124 
33 151 17 21 0.10066611 
30 336 18 24 0.100294486 
235 43 17 21 0.099821396 
563 159 17 22 0.098981105 
619 161 17 21 0.09878456 
130 208 18 22 0.0983327 
106 233 17 22 0.098083325 
62 359 18 23 0.09543327 
235 104 18 23 0.0950855 
109 311 19 22 0.09477084 
675 236 19 23 0.093255356 
215 181 17 21 0.093254365 
747 326 18 23 0.09302585 
594 334 18 23 0.091189235 
139 230 17 21 0.09067447 
410 278 26 33 0.089762695 
231 35 18 22 0.08917945 
77 185 18 23 0.088803366 
405 157 19 24 0.08842741 
618 387 19 23 0.08836541 
384 195 28 35 0.08770219 
156 261 20 25 0.08691532 
106 72 18 22 0.08617545 
427 335 26 33 0.08615825 
190 200 17 22 0.085233 
764 182 20 25 0.085035354 
126 113 18 23 0.08411336 
621 360 20 26 0.08396019 
35 233 17 21 0.082947634 
107 55 17 21 0.08166361 
3 376 19 27 0.08115003 
60 337 19 23 0.08073332 
106 128 17 23 0.080491275 
154 133 19 22 0.08016658 
589 161 16 21 0.07965656 
744 277 18 23 0.07906278 
718 186 18 22 0.07904097 
27 383 18 23 0.07889322 
672 173 16 20 0.07836979 
132 119 19 24 0.077889524 
751 182 19 25 0.077804185 
136 257 19 24 0.077404015 
564 175 19 23 0.07657663 
594 285 20 25 0.07626335 
720 201 18 23 0.07555609 
186 187 16 22 0.075229354 
623 207 21 25 0.07482967 
80 261 17 21 0.07450029 
597 305 17 21 0.07433511 
3 229 18 23 0.074214235 
50 277 21 25 0.07419515 
640 310 19 23 0.07415064 
199 126 19 23 0.074037984 
80 308 17 21 0.07316813 
617 289 20 24 0.073157676 
746 315 18 22 0.07271122 
747 130 17 20 0.07255455 
126 180 18 25 0.070875235 
697 209 17 22 0.070659116 
32 357 16 21 0.07046444 
776 388 21 28 0.06962676 
207 84 17 22 0.06954293 
214 158 18 22 0.069307186 
672 162 17 22 0.06926857 
80 230 17 22 0.06925457 
419 133 17 20 0.069235496 
799 226 20 26 0.068685085 
263 229 20 27 0.06836084 
198 282 21 27 0.06815038 
642 179 15 19 0.06773057 
638 361 20 25 0.067666575 
205 101 17 21 0.06752945 
660 389 21 25 0.06670853 
143 377 40 48 0.06593503 
619 329 21 25 0.065755785 
77 284 17 21 0.06562531 
237 80 17 22 0.06551359 
86 79 17 21 0.06536608 
205 47 16 21 0.06457153 
74 354 19 24 0.064157076 
204 254 19 25 0.06282643 
190 52 17 21 0.06273356 
127 300 20 24 0.0627235 
515 173 18 23 0.06259861 
723 151 16 19 0.06241189 
591 135 17 20 0.062286906 
10 284 18 23 0.06176543 
916 104 91 142 0.06050716 
149 394 43 51 0.06033699 
108 360 20 25 0.060225513 
616 134 17 19 0.05943843 
48 34 18 22 0.059141755 
663 311 18 22 0.059084654 
54 208 18 22 0.058917925 
303 207 20 25 0.05795645 
721 261 18 22 0.05762267 
671 207 17 21 0.05751925 
1 157 18 25 0.05742269 
777 150 19 23 0.057022035 
98 382 21 25 0.05692538 
641 326 20 25 0.056898817 
383 135 17 21 0.056861382 
748 400 21 27 0.056688815 
562 200 19 26 0.05663143 
724 280 19 23 0.056163426 
744 226 17 23 0.05607175 
773 235 17 22 0.055801857 
696 181 16 20 0.05542117 
748 205 18 24 0.054863483 
32 300 19 25 0.054673903 
690 277 18 23 0.0546501 
460 300 23 30 0.054343406 
187 299 21 27 0.05415639 
130 75 17 21 0.054024007 
746 150 17 21 0.05398969 
690 158 16 21 0.053632356 
257 61 18 22 0.05336306 
160 102 17 21 0.053288307 
796 209 19 25 0.052964576 
543 172 20 25 0.052890275 
153 276 20 26 0.05287885 
775 356 19 23 0.052288588 
694 253 19 23 0.05199302 
34 202 17 22 0.05142309 
26 407 20 26 0.051305458 
669 363 19 22 0.05094255 
81 131 18 22 0.050714638 
491 105 17 22 0.050694235 
747 262 17 23 0.05056493 
458 155 19 24 0.049798556 
877 26 25 32 0.049722433 
391 103 17 21 0.04949131 
56 105 18 22 0.04917303 
648 160 16 20 0.048314217 
974 -3 37 47 0.04817349 
670 329 17 21 0.04788094 
260 334 26 33 0.047770415 
494 157 19 22 0.047756206 
741 110 17 21 0.047736727 
644 81 19 22 0.047579266 
188 109 16 21 0.04737336 
640 437 19 23 0.04720266 
200 300 21 27 0.047020283 
773 106 19 24 0.04677615 
50 44 19 23 0.04647521 
132 56 16 20 0.04643242 
101 35 16 19 0.04609951 
489 127 17 22 0.04573074 
139 26 15 20 0.045410067 
639 224 19 23 0.04539771 
128 361 20 26 0.04534636 
728 108 16 21 0.045007616 
58 380 19 24 0.044851657 
1 363 18 26 0.04482986 
464 75 20 25 0.04416967 
505 330 23 29 0.043872155 
49 83 17 22 0.043668184 
80 385 20 26 0.043666977 
724 133 16 19 0.043637075 
671 284 19 22 0.042995248 
173 419 30 38 0.04290602 
158 328 22 26 0.042783882 
489 181 21 27 0.042682663 
252 130 18 22 0.04264405 
233 306 22 28 0.042443763 
256 345 80 83 0.042432267 
438 147 20 24 0.042335413 
151 308 20 25 0.042010166 
154 83 17 22 0.041917298 
511 100 17 22 0.041683804 
688 130 15 18 0.041559506 
88 28 15 19 0.041471977 
212 32 18 22 0.041312676 
260 6 17 20 0.0412112 
768 129 18 22 0.04115483 
675 129 15 18 0.041073404 
640 288 19 24 0.041067813 
8 44 21 28 0.040798377 
416 332 27 34 0.04073098 
722 230 17 23 0.04052166 
774 255 17 22 0.040474214 
22 103 17 20 0.04006925 
277 159 17 22 0.039854042 
541 129 17 20 0.039313193 
367 124 17 21 0.03913475 
458 284 26 34 0.0389855 
436 185 29 35 0.038253736 
430 479 24 29 0.03825241 
794 280 18 23 0.038152616 
51 304 19 24 0.03813269 
696 383 19 24 0.038101997 
667 251 19 23 0.038016304 
137 379 22 28 0.037539463 
767 204 20 24 0.037331842 
787 151 20 24 0.03726691 
913 20 44 46 0.03722959 
264 329 44 52 0.037007287 
28 454 20 27 0.036768835 
110 111 18 22 0.036655065 
400 192 38 47 0.03660552 
80 105 16 20 0.036516223 
7 78 18 25 0.036506042 
8 259 17 21 0.03623537 
485 308 21 26 0.03606018 
2 334 18 25 0.03605822 
2 201 18 25 0.03605679 
861 484 74 97 0.035996195 
519 84 16 21 0.03575568 
8 30 21 28 0.035669543 
26 439 21 27 0.035437237 
874 43 26 33 0.03514842 
572 331 18 24 0.035096373 
2 410 19 27 0.03499998 
31 3 19 22 0.034962427 
774 314 18 22 0.034739982 
870 248 24 30 0.03464481 
385 376 38 49 0.03460661 
621 222 21 26 0.03453195 
150 28 16 19 0.034531236 
156 424 28 35 0.034522694 
185 151 17 22 0.03433545 
648 251 19 23 0.03404487 
184 4 18 21 0.033892494 
467 129 17 21 0.03388064 
698 359 18 22 0.03383028 
621 300 31 39 0.033696968 
405 173 22 27 0.033519022 
465 321 35 44 0.033518877 
139 398 68 74 0.033501953 
224 152 27 35 0.033366513 
186 28 16 20 0.03307361 
512 313 21 26 0.03283826 
747 363 19 23 0.032689363 
690 109 16 19 0.032543115 
570 434 20 26 0.0325092 
789 54 20 23 0.03248054 
2 305 19 25 0.03226808 
624 53 19 22 0.032152463 
570 281 20 25 0.032082327 
105 306 30 39 0.031976994 
822 283 20 24 0.03190375 
894 83 73 96 0.03189176 
537 34 20 21 0.03164156 
715 326 20 26 0.03131983 
137 6 17 21 0.0312653 
48 2 18 20 0.031237192 
599 207 19 23 0.031104505 
818 227 21 27 0.031102967 
336 208 21 27 0.031081975 
542 200 20 25 0.030773856 
622 507 22 27 0.030756805 
34 257 28 37 0.030729916 
569 133 16 19 0.030687034 
792 314 20 23 0.030569907 
257 24 16 19 0.030432092 
523 52 18 21 0.030078085 
536 48 19 22 0.030077266 
306 379 71 84 0.030047592 
595 390 18 23 0.02999859 
118 293 31 40 0.029844929 
283 186 19 24 0.02976751 
86 57 16 20 0.029694956 
570 305 18 23 0.029631553 
358 287 23 30 0.02952358 
4 528 24 35 0.029497528 
346 291 46 59 0.02948642 
554 151 28 37 0.029472288 
591 254 21 26 0.029221775 
692 764 43 48 0.029190918 
790 353 22 27 0.0291813 
485 332 24 29 0.029141117 
300 232 39 51 0.029140253 
84 4 17 21 0.029066417 
203 3 18 20 0.02885699 
336 409 61 71 0.028840479 
383 254 26 33 0.028826313 
610 292 66 79 0.028667228 
201 423 26 34 0.028601753 
394 169 36 46 0.028482202 
613 255 19 24 0.028358268 
162 378 46 53 0.028149033 
335 227 23 29 0.028099898 
621 433 19 24 0.028077886 
27 76 18 22 0.027917225 
773 277 19 24 0.02789217 
277 368 77 83 0.02784272 
1 433 19 26 0.027696908 
591 353 18 25 0.027690932 
445 288 53 64 0.027431367 
26 329 29 39 0.027265761 
204 381 27 34 0.027224924 
721 386 20 25 0.02720282 
776 54 20 24 0.02717677 
327 428 44 51 0.027155465 
127 435 23 29 0.027141606 
646 98 19 22 0.027032401 
700 327 19 24 0.026990434 
588 435 19 25 0.026937215 
275 230 27 32 0.026924469 
549 406 21 26 0.026920376 
645 130 17 20 0.026790451 
517 203 20 25 0.026679523 
899 412 25 31 0.026568932 
543 252 22 28 0.026467882 
362 255 21 27 0.026450457 
564 255 22 27 0.026369166 
154 176 20 24 0.026358351 
331 293 37 48 0.02619643 
596 228 20 25 0.026109055 
4 128 18 23 0.026091395 
821 305 21 25 0.025992017 
746 30 22 26 0.025957627 
515 130 17 21 0.025946423 
129 332 20 25 0.025925988 
747 79 17 21 0.025898175 
188 402 39 48 0.025896689 
153 51 16 20 0.025766363 
436 529 31 37 0.02574136 
309 181 20 25 0.025729522 
875 3 23 28 0.025688292 
773 79 18 22 0.0256625 
416 323 45 57 0.025620604 
231 227 29 39 0.025602972 
150 358 26 30 0.025486847 
67 345 31 39 0.025410537 
296 431 66 78 0.025271293 
328 449 26 33 0.02522957 
395 487 62 75 0.025155902 
819 254 19 24 0.025091754 
482 286 21 26 0.025089411 
637 55 17 21 0.02505256 
594 298 30 39 0.02502066 
662 82 15 18 0.024988636 
670 466 17 22 0.024901044 
797 255 18 23 0.024884248 
260 252 22 29 0.024804221 
53 373 31 38 0.02468252 
846 279 22 29 0.024635088 
154 490 23 29 0.024533588 
755 176 32 41 0.024532545 
237 196 27 35 0.024528174 
643 244 31 38 0.02451849 
75 303 30 39 0.02445239 
547 385 22 27 0.024390692 
745 691 82 92 0.024390573 
4 3 20 25 0.024357995 
623 76 19 23 0.024318922 
280 31 17 20 0.024306018 
117 415 57 69 0.024193801 
851 256 21 27 0.024085857 
393 262 50 62 0.024083065 
279 52 17 20 0.02399394 
134 221 28 37 0.023983037 
517 284 20 24 0.023926437 
252 299 35 47 0.023924662 
765 696 23 27 0.023795808 
672 109 15 18 0.023743274 
195 199 28 37 0.023740135 
617 317 33 42 0.0236748 
434 515 26 32 0.023671491 
476 305 37 43 0.023605892 
184 216 50 61 0.023418767 
408 347 33 44 0.02335097 
189 80 17 21 0.023284517 
587 167 27 37 0.023256598 
364 108 18 23 0.023235094 
366 30 18 21 0.023223259 
592 326 28 37 0.023210995 
595 6 18 20 0.0230281 
714 356 20 23 0.023006124 
294 484 88 97 0.022973698 
398 443 62 71 0.022964891 
409 512 25 33 0.02294703 
150 5 16 20 0.022635339 
8 276 30 38 0.02263501 
383 398 30 39 0.022515854 
259 392 78 86 0.022512764 
464 272 58 72 0.022382408 
30 127 28 35 0.022377644 
544 107 17 20 0.022367131 
889 512 77 96 0.022363618 
177 331 22 27 0.022332082 
770 660 22 25 0.022229882 
104 405 23 28 0.022216078 
76 404 21 27 0.022215456 
287 315 64 76 0.022215147 
756 690 41 46 0.022156598 
313 155 20 26 0.022147331 
857 181 45 57 0.022134282 
798 459 27 32 0.022122119 
634 491 19 22 0.022056725 
237 331 21 27 0.022013659 
103 346 67 78 0.022006901 
845 225 23 28 0.021963777 
434 109 20 24 0.02193813 
613 174 30 39 0.021925572 
352 433 26 33 0.021919044 
510 256 21 26 0.021912778 
615 2 18 21 0.021885287 
745 54 19 24 0.02187884 
410 473 44 51 0.021840489 
365 5 19 21 0.021823365 
944 91 66 90 0.02176814 
435 77 19 24 0.021767002 
537 307 20 25 0.021762587 
844 49 24 29 0.021630146 
747 726 354 367 0.021613447 
410 108 18 23 0.021593949 
415 540 46 55 0.021581344 
10 17 47 58 0.021530893 
372 178 50 62 0.02152527 
367 48 18 23 0.02143891 
622 494 21 25 0.021410039 
963 150 52 89 0.02132202 
616 190 51 62 0.021291694 
175 484 24 31 0.021239005 
468 106 18 22 0.021230843 
138 435 78 80 0.021161743 
670 433 19 24 0.021134177 
289 349 51 54 0.021113027 
162 540 78 83 0.021086652 
397 151 30 40 0.021077726 
621 102 19 22 0.020915916 
596 168 109 129 0.020911315 
538 280 21 26 0.020797925 
810 289 76 95 0.020796463 
127 397 37 46 0.020787213 
435 214 33 39 0.020785838 
628 231 58 68 0.020749712 
764 390 67 79 0.020742172 
256 154 29 37 0.020707997 
819 182 20 26 0.020687483 
614 153 30 40 0.020482888 
872 120 92 107 0.020462163 
420 424 44 53 0.020412106 
444 26 19 23 0.020399032 
38 24 32 38 0.020367041 
619 29 18 20 0.020347312 
546 386 48 60 0.020343333 
593 108 16 20 0.020313034 
323 434 121 126 0.020312967 
90 519 58 74 0.02026477 
102 225 29 37 0.02025356 
816 233 74 91 0.020220248 
644 459 18 22 0.020216225 
364 407 62 77 0.020159481 
21 433 33 45 0.0201352 
-8 75 74 95 0.020109234 
157 349 56 67 0.020088911 
407 301 26 33 0.020088425 
595 393 43 53 0.02005481 
875 71 27 33 0.02005242 
420 509 44 49 0.020051207 
605 324 68 83 0.020006532 
