35_Basketball_basketballgame_ball_35_50
77
410 208 23 30 0.42698193 
943 270 43 52 0.39511696 
216 277 41 52 0.363895 
202 289 41 53 0.21087442 
580 120 49 54 0.16968313 
276 168 21 28 0.1521547 
190 305 37 49 0.07393768 
167 335 44 57 0.06949588 
128 308 22 29 0.069463395 
405 266 30 35 0.06567899 
580 44 41 49 0.06558741 
615 207 27 36 0.052317586 
184 322 28 35 0.050148223 
194 261 71 78 0.049536552 
188 309 24 31 0.048718896 
914 330 41 51 0.04776062 
925 102 19 24 0.044344496 
389 208 20 27 0.043970156 
388 257 23 29 0.041568622 
150 340 41 56 0.040196676 
107 359 45 56 0.03323936 
97 200 281 304 0.031295877 
268 173 21 28 0.02967001 
152 330 26 32 0.029386843 
155 258 171 187 0.029181749 
975 106 17 25 0.029070726 
994 58 19 28 0.029044326 
919 293 28 35 0.028323129 
598 127 46 62 0.028201541 
252 357 36 45 0.027869895 
305 209 23 27 0.027853942 
63 180 186 217 0.027649013 
414 187 21 26 0.02755437 
388 228 21 27 0.027230954 
751 525 346 366 0.02717512 
359 294 37 46 0.027096609 
954 102 18 24 0.02701029 
927 282 27 35 0.026561465 
7 81 20 27 0.026268957 
103 302 36 45 0.02606249 
127 320 24 32 0.025459882 
131 285 22 30 0.025032131 
239 117 276 315 0.024858506 
149 289 82 81 0.024618277 
230 264 53 71 0.024560312 
902 301 25 32 0.024378365 
232 352 24 32 0.024346858 
638 7 23 25 0.024211895 
928 80 18 21 0.02420506 
259 377 26 32 0.024104536 
154 309 21 27 0.024037069 
830 381 101 140 0.023910247 
611 117 59 85 0.023617392 
213 366 63 74 0.023559052 
86 283 92 104 0.023230651 
116 294 50 66 0.02313836 
577 321 677 730 0.023120077 
22 276 229 336 0.022618093 
394 246 51 57 0.022281861 
891 459 26 36 0.022236343 
874 99 19 23 0.02199094 
750 389 37 49 0.021904232 
161 347 68 82 0.021550199 
230 257 28 38 0.02146154 
949 260 32 39 0.021414166 
265 157 24 30 0.021367501 
223 309 39 53 0.0213601 
789 216 36 49 0.021135636 
273 251 185 193 0.02107939 
307 355 60 75 0.020907048 
899 99 18 23 0.020705804 
264 368 36 48 0.020639433 
915 281 55 66 0.020460883 
67 355 52 59 0.020417687 
147 304 36 49 0.020202707 
386 202 33 43 0.02020184 
206 258 27 38 0.020157993 
