35_Basketball_playingbasketball_35_283
47
11 220 173 242 0.7765645 
6 223 109 160 0.3641773 
563 725 62 79 0.1330676 
220 297 43 50 0.047667816 
522 176 96 119 0.047000434 
129 198 210 209 0.040973235 
807 1107 535 556 0.03991136 
964 2 41 46 0.03789413 
47 1114 32 41 0.03628683 
540 803 1058 1112 0.035974376 
49 264 116 131 0.03420234 
715 410 51 61 0.03381564 
729 351 39 47 0.033753898 
672 299 757 878 0.033008218 
233 1 39 39 0.03241259 
776 142 511 588 0.031225007 
772 -101 506 573 0.028595101 
465 193 29 38 0.028301787 
814 775 515 585 0.026847396 
456 231 32 42 0.026676763 
40 333 157 220 0.026015604 
419 189 31 38 0.025948677 
415 230 34 41 0.025564512 
0 722 33 44 0.02462262 
98 278 174 206 0.024454564 
174 264 104 113 0.024262084 
357 267 128 125 0.024237813 
143 191 38 48 0.024209399 
396 238 36 43 0.024143208 
420 113 31 37 0.023354804 
266 1179 40 50 0.022534825 
667 74 345 509 0.022506494 
30 221 51 70 0.022434661 
90 193 103 125 0.02197175 
350 281 385 456 0.021743039 
521 -305 986 1071 0.02158185 
436 164 168 179 0.021511408 
166 101 205 223 0.02140996 
91 264 67 81 0.021224383 
196 294 45 54 0.021224378 
371 204 93 111 0.021159848 
536 694 101 125 0.020701693 
847 60 211 358 0.020613853 
121 260 114 127 0.020569362 
44 111 310 390 0.0202257 
46 164 99 127 0.020112313 
230 183 206 205 0.020108564 
