35_Basketball_Basketball_35_449
37
973 410 18 25 0.053365916 
847 412 18 22 0.041968465 
492 248 22 27 0.041283835 
901 417 18 21 0.035878323 
954 456 18 22 0.033247523 
350 332 21 26 0.030118452 
875 435 17 21 0.028490506 
131 417 18 22 0.02818893 
899 430 18 22 0.027593022 
486 12 85 88 0.027200367 
288 389 19 24 0.02687032 
0 488 22 31 0.026569594 
457 408 26 30 0.026528554 
954 440 18 22 0.025880745 
338 120 22 29 0.025375132 
828 457 18 21 0.024031598 
463 -14 155 174 0.023780085 
975 429 17 22 0.023749894 
489 307 20 26 0.023477973 
113 430 18 23 0.023401683 
316 431 20 24 0.023371553 
395 336 17 22 0.023212358 
546 265 91 88 0.022251945 
216 439 18 22 0.022224283 
514 287 22 27 0.022115981 
487 282 21 27 0.021888362 
849 391 18 21 0.021631083 
958 411 18 23 0.021454113 
824 444 16 21 0.021268204 
284 407 19 24 0.021234166 
150 409 17 21 0.02100193 
904 392 16 20 0.020944744 
452 22 72 91 0.020749792 
489 331 23 29 0.020701982 
404 331 19 23 0.02039653 
461 63 88 104 0.020138394 
-20 54 153 185 0.020088226 
