35_Basketball_basketballgame_ball_35_276
169
670 128 65 81 0.99872166 
492 129 53 66 0.9967243 
16 0 58 56 0.99654996 
280 167 52 72 0.9961888 
950 29 60 88 0.9911299 
62 173 64 78 0.9825686 
232 -2 61 55 0.98186064 
934 154 65 73 0.9731329 
13 108 54 82 0.6092466 
745 7 42 48 0.4980038 
340 1 62 58 0.38024414 
408 19 35 41 0.35237223 
748 304 59 87 0.29070914 
742 88 52 70 0.2542579 
502 214 65 76 0.19420077 
582 0 29 33 0.19030657 
174 -2 47 42 0.16146311 
139 0 48 45 0.15048346 
340 244 49 69 0.13373968 
568 0 30 31 0.12642168 
972 -1 39 48 0.12422791 
113 90 48 65 0.10797102 
170 134 42 54 0.10088082 
138 163 41 59 0.09975264 
347 72 40 53 0.099221155 
391 120 41 51 0.09672135 
393 139 49 57 0.09153183 
512 59 36 48 0.091425106 
71 146 53 74 0.08500607 
399 299 64 74 0.083944745 
885 12 39 51 0.081963755 
432 59 42 50 0.07930285 
818 568 32 39 0.078292504 
512 44 30 38 0.07153498 
640 10 42 48 0.06657443 
612 160 46 56 0.06471468 
945 500 27 33 0.06398877 
488 552 27 36 0.06283833 
452 0 45 42 0.060377434 
496 98 46 64 0.059702754 
730 114 64 78 0.058509953 
568 373 27 32 0.05485674 
561 429 33 39 0.052239 
426 208 46 65 0.05115435 
839 15 29 35 0.048485488 
380 271 68 92 0.047330793 
126 123 46 71 0.045729283 
590 67 23 30 0.04404639 
942 481 37 46 0.04214942 
753 96 33 43 0.041919474 
454 74 29 36 0.040747993 
979 555 22 29 0.040509775 
666 79 21 26 0.040165726 
837 1 30 33 0.040092494 
940 558 21 28 0.039851725 
750 65 46 63 0.03971733 
511 28 31 37 0.038954105 
752 30 44 59 0.03887316 
295 4 54 56 0.0383312 
116 178 56 75 0.03809398 
374 15 36 41 0.037638407 
54 104 65 81 0.037137415 
588 15 31 37 0.036655992 
478 16 29 34 0.036588058 
462 380 69 86 0.0360996 
1 605 21 34 0.03606335 
871 20 30 38 0.035821006 
482 62 35 49 0.035764255 
422 167 44 54 0.035643116 
554 405 47 57 0.035489723 
488 177 72 89 0.03526706 
240 21 54 60 0.035166923 
38 116 35 51 0.034314264 
974 335 37 47 0.03414539 
890 36 29 41 0.03393307 
894 3 28 33 0.033691272 
793 22 27 35 0.0324431 
-2 314 28 52 0.032277137 
990 1 25 33 0.03221267 
639 -1 28 30 0.031672627 
792 176 35 44 0.031631123 
411 319 65 81 0.031500794 
410 4 28 33 0.03088974 
591 49 26 33 0.030863136 
527 71 26 32 0.030596418 
440 306 59 74 0.030586405 
641 558 29 32 0.030571848 
607 25 29 34 0.029742213 
528 238 39 49 0.029720712 
528 47 27 35 0.029614495 
564 103 26 33 0.029512316 
761 68 26 34 0.029263698 
568 71 23 29 0.029094696 
472 254 43 57 0.028750531 
477 224 65 78 0.02851914 
0 149 41 65 0.028409459 
540 0 24 27 0.028333325 
220 242 44 62 0.028162971 
442 363 69 83 0.027876064 
57 28 46 60 0.027856015 
255 587 25 32 0.027469149 
976 545 20 27 0.02743745 
878 162 44 56 0.027428301 
3 94 27 39 0.026973614 
680 60 57 75 0.026852105 
430 50 33 39 0.02666134 
603 176 60 74 0.026196871 
-2 84 56 79 0.02607026 
235 539 20 24 0.025998648 
383 586 24 30 0.025948271 
872 39 29 38 0.025871847 
818 22 25 30 0.025843477 
132 0 32 36 0.025688855 
779 87 42 57 0.02560198 
412 527 26 35 0.025579661 
827 5 50 57 0.025371877 
660 76 35 45 0.025237104 
551 113 38 50 0.025196835 
618 71 22 27 0.025187142 
613 45 25 32 0.02509385 
879 407 62 83 0.024931226 
370 68 38 51 0.024264233 
576 140 46 58 0.02381411 
316 8 62 71 0.023743507 
693 72 23 27 0.023742378 
697 57 22 28 0.02365706 
259 557 22 27 0.023552133 
186 164 43 52 0.023353029 
994 459 17 24 0.023338847 
256 544 22 26 0.023124613 
526 219 68 88 0.023007233 
349 164 41 54 0.022937248 
457 376 26 33 0.022912957 
456 127 31 41 0.022831969 
198 244 47 60 0.02279963 
5 176 58 81 0.022750886 
224 629 26 32 0.02270607 
792 94 26 36 0.022704495 
696 88 62 76 0.02254431 
978 457 21 25 0.022332333 
54 -1 44 41 0.022328941 
-222 323 699 737 0.022128131 
1 195 36 54 0.022084514 
407 256 68 82 0.022038348 
367 31 44 51 0.021795288 
949 -1 25 29 0.021665966 
377 258 52 67 0.02160327 
387 374 31 40 0.021547137 
788 37 38 52 0.021502417 
613 147 35 44 0.021399915 
298 29 46 55 0.021382233 
339 75 28 37 0.021340018 
450 209 47 69 0.02132307 
612 0 25 28 0.021250932 
276 560 19 25 0.021207253 
437 -1 31 32 0.021094201 
216 283 56 87 0.02108921 
485 362 65 75 0.021038966 
826 622 47 49 0.020812718 
945 460 24 28 0.020797884 
544 243 69 97 0.020797357 
770 53 64 87 0.02045228 
336 84 41 59 0.020401094 
332 543 20 27 0.020265518 
-61 530 346 351 0.020198062 
399 24 52 62 0.0201821 
766 516 333 364 0.020116929 
348 97 46 64 0.020115906 
-2 69 37 52 0.02008071 
