35_Basketball_playingbasketball_35_276
28
439 69 59 75 0.9949184 
535 219 87 92 0.6707294 
452 412 39 47 0.069744825 
545 189 79 83 0.041743074 
730 513 366 383 0.041742355 
781 295 172 166 0.03668439 
847 313 73 83 0.035237513 
491 179 58 76 0.033229604 
989 617 24 29 0.03235208 
541 293 701 722 0.031496704 
406 52 58 78 0.02699933 
893 187 88 99 0.02590775 
106 687 27 30 0.023873888 
-65 529 358 352 0.02289625 
539 508 371 365 0.022753907 
870 283 78 98 0.022532739 
267 55 63 98 0.022314215 
519 189 64 69 0.02229877 
820 343 86 94 0.022104794 
851 194 76 93 0.02161467 
738 388 103 106 0.021270802 
117 38 137 169 0.02125758 
499 228 121 145 0.02122081 
550 176 57 60 0.020699596 
753 397 53 62 0.020487018 
842 205 138 146 0.0204467 
-223 333 704 719 0.020431215 
433 191 79 101 0.020034963 
