35_Basketball_playingbasketball_35_632
42
129 440 21 26 0.1403708 
248 164 70 74 0.07817565 
907 484 21 27 0.047821585 
951 127 23 28 0.04704287 
456 456 25 35 0.044990525 
959 198 39 51 0.042948302 
836 86 42 49 0.040234078 
128 455 20 24 0.038755003 
34 175 19 26 0.03873272 
127 483 20 26 0.037455074 
436 294 75 97 0.034129556 
313 489 75 81 0.033726413 
161 228 23 29 0.033395972 
132 532 19 24 0.030252585 
287 467 19 24 0.030008664 
483 345 22 29 0.02923199 
969 223 28 40 0.027470844 
471 328 38 47 0.027302157 
134 517 20 25 0.02607957 
948 203 33 41 0.026052497 
863 38 41 44 0.025773033 
459 275 43 50 0.025670003 
300 432 85 106 0.024961041 
812 92 41 45 0.024761356 
909 211 49 66 0.023988008 
388 304 123 155 0.023453197 
811 107 48 54 0.022933632 
901 225 37 49 0.022836894 
445 268 68 80 0.02210422 
311 435 19 24 0.021933947 
723 514 22 30 0.021770936 
943 193 68 90 0.02165418 
823 92 69 77 0.021624556 
104 565 20 26 0.021250129 
860 84 46 57 0.021013709 
842 81 25 31 0.020999597 
919 202 25 33 0.020852726 
111 461 18 24 0.02045258 
30 510 16 22 0.020241302 
991 232 20 28 0.020151094 
303 464 20 26 0.020093461 
483 277 23 28 0.02004994 
