35_Basketball_basketballgame_ball_35_904
149
256 121 60 76 0.92763233 
569 110 57 62 0.7296285 
445 115 59 69 0.69933623 
547 114 55 64 0.56488955 
322 111 56 66 0.4632795 
293 116 58 70 0.24079712 
512 542 29 33 0.09962631 
169 124 57 74 0.09591856 
252 98 49 63 0.08118044 
333 538 28 33 0.081135295 
272 145 68 85 0.06722174 
537 123 40 52 0.06449312 
228 112 58 77 0.05718917 
411 541 24 29 0.052311454 
186 118 68 94 0.050702106 
495 106 64 76 0.05012687 
256 541 23 30 0.046916734 
643 271 67 73 0.04556406 
179 128 36 46 0.04515816 
352 535 42 45 0.04506896 
630 138 45 57 0.044770144 
552 614 42 51 0.044769753 
172 362 131 144 0.04413019 
596 115 43 52 0.04337642 
329 280 83 78 0.04296522 
133 140 77 94 0.04031355 
44 213 50 62 0.039183278 
598 157 47 61 0.0377305 
642 325 69 91 0.037019968 
503 619 25 29 0.03613354 
272 93 40 52 0.03611493 
384 616 28 31 0.035942115 
282 71 30 39 0.03574303 
440 67 68 81 0.035173833 
196 136 35 48 0.03470629 
126 117 35 47 0.03357408 
464 409 26 31 0.03355945 
125 203 89 107 0.03341475 
459 140 70 83 0.0330339 
746 505 23 29 0.03249082 
638 143 69 84 0.03224365 
400 83 62 81 0.0316806 
407 477 39 45 0.031405702 
375 541 29 34 0.031195654 
130 145 38 51 0.03105733 
431 91 55 69 0.03094884 
254 177 69 79 0.03094457 
669 313 45 59 0.030403579 
230 102 28 36 0.030361837 
326 95 43 53 0.030255228 
490 40 69 81 0.030129021 
712 225 87 90 0.030122876 
698 258 73 79 0.030040266 
567 532 22 28 0.029903784 
511 131 70 83 0.029020585 
434 536 20 25 0.028527386 
544 617 29 35 0.028269123 
616 432 20 25 0.028264878 
293 68 46 54 0.028153079 
768 482 39 46 0.028130855 
660 617 26 33 0.027643302 
706 131 81 101 0.027386507 
666 344 63 92 0.0272076 
241 334 87 105 0.027176164 
490 20 56 53 0.027098592 
169 431 102 104 0.026739236 
622 303 77 84 0.026448965 
73 206 27 35 0.026280988 
673 148 64 85 0.025921557 
620 538 20 25 0.02591424 
59 285 50 65 0.025780959 
59 201 48 57 0.025764735 
636 125 29 37 0.025718043 
126 165 41 53 0.025656378 
94 150 148 182 0.025490412 
143 139 48 61 0.025454568 
44 193 255 314 0.025371933 
460 51 71 78 0.025152907 
210 160 72 102 0.025141766 
451 361 64 72 0.025052968 
562 342 80 89 0.02505009 
693 611 36 42 0.024995796 
469 390 41 48 0.024933228 
729 172 113 130 0.024869591 
744 483 36 45 0.024793034 
323 156 46 66 0.024547499 
741 273 87 84 0.02453241 
589 435 21 26 0.024198025 
383 427 92 97 0.02412239 
592 455 25 30 0.024080412 
587 123 70 82 0.023381362 
461 424 29 35 0.023368204 
169 157 81 108 0.023233082 
588 507 23 28 0.02311838 
832 240 42 55 0.023115382 
288 284 86 88 0.023091836 
770 504 25 30 0.022876779 
751 155 65 77 0.022820376 
458 93 58 71 0.022797007 
477 36 52 55 0.022650031 
409 410 22 28 0.022526056 
401 400 38 50 0.022494165 
346 150 49 67 0.022464307 
705 163 45 64 0.022440197 
586 533 21 26 0.02239665 
555 20 47 49 0.022299876 
590 169 30 38 0.022138545 
792 443 96 90 0.022123067 
475 192 49 65 0.022022331 
575 173 65 85 0.022020206 
212 416 103 110 0.022011213 
789 271 67 85 0.021982694 
620 172 61 74 0.021901177 
885 422 49 54 0.02185986 
449 1 84 82 0.021839635 
30 249 69 90 0.021801896 
690 188 77 96 0.021797195 
563 601 55 67 0.02155946 
322 532 53 59 0.021457102 
736 136 46 61 0.021454096 
348 135 37 46 0.02142165 
82 180 64 82 0.021402571 
525 92 62 78 0.021382753 
489 145 69 81 0.02136572 
147 150 29 38 0.021338155 
392 525 52 59 0.021319034 
227 677 26 33 0.021298256 
696 95 46 49 0.021286298 
662 237 71 80 0.021252 
224 88 55 70 0.021249715 
749 441 89 95 0.021204323 
676 113 51 54 0.020974264 
487 509 24 29 0.02097172 
304 539 21 27 0.020864062 
391 382 93 100 0.020828359 
823 428 149 139 0.020811833 
116 322 259 265 0.020753086 
782 474 45 53 0.020718636 
482 26 32 33 0.02060294 
514 26 65 76 0.020574454 
537 478 42 47 0.020518523 
780 149 38 49 0.020449635 
211 216 73 94 0.0203757 
463 536 19 24 0.020368153 
782 304 51 61 0.020250758 
467 454 69 78 0.020143827 
486 381 25 31 0.020132033 
319 272 60 62 0.020044683 
591 409 21 28 0.020033885 
