35_Basketball_basketballgame_ball_35_681
124
453 34 93 118 0.99747014 
380 -4 64 63 0.22034653 
954 457 22 27 0.08970467 
598 91 161 165 0.07633884 
690 160 90 91 0.06955708 
973 286 37 60 0.056875255 
126 292 24 36 0.055622544 
4 362 23 33 0.047613077 
26 461 23 31 0.045631483 
25 381 24 28 0.04559913 
125 211 25 30 0.045451023 
184 432 22 25 0.04348885 
178 417 20 24 0.042419855 
925 493 21 27 0.0414734 
125 405 21 27 0.04129433 
178 312 23 27 0.041068893 
176 286 20 22 0.040463023 
5 377 23 32 0.038072743 
27 401 24 30 0.036955494 
712 370 39 49 0.03660514 
22 363 23 29 0.036337875 
161 439 19 22 0.03621128 
714 402 77 86 0.034929026 
738 421 46 54 0.03450444 
956 441 21 26 0.034259155 
968 454 21 27 0.03422403 
681 387 64 84 0.033779465 
103 384 20 27 0.033632603 
591 341 39 50 0.03335522 
128 438 19 24 0.03279628 
225 305 38 46 0.03234802 
111 276 50 70 0.03190463 
157 461 19 22 0.030695388 
-64 520 353 365 0.030662213 
190 292 75 78 0.030599037 
106 403 21 29 0.030555706 
80 222 25 32 0.030394379 
941 214 42 51 0.029989893 
73 615 24 30 0.029435674 
-224 309 700 748 0.029166544 
687 362 43 57 0.028784197 
143 278 74 84 0.028750215 
741 525 353 368 0.028507253 
258 282 21 26 0.028302992 
401 -1 74 78 0.028162148 
209 252 20 24 0.028049752 
977 280 27 39 0.028024621 
154 256 18 23 0.027983334 
-2 317 109 154 0.027974349 
99 363 21 27 0.02768604 
651 334 46 56 0.027597174 
967 442 20 27 0.027532773 
205 311 22 28 0.027224313 
826 309 20 26 0.027164407 
642 437 67 82 0.02698281 
11 356 43 54 0.026923712 
27 333 22 27 0.026683347 
158 285 18 25 0.02651641 
958 450 33 46 0.026299698 
130 391 21 26 0.02617969 
288 408 20 24 0.026049258 
73 273 26 34 0.026041111 
16 385 44 52 0.02595708 
74 257 25 32 0.025877772 
4 221 22 34 0.025830423 
799 510 23 29 0.025789116 
782 441 45 57 0.025614683 
993 296 20 35 0.02555196 
158 304 20 26 0.025198868 
164 413 18 23 0.02519286 
643 459 27 33 0.024930798 
616 602 52 56 0.024805766 
82 410 20 26 0.024766859 
78 529 24 31 0.024715975 
185 433 74 84 0.02438157 
282 436 19 23 0.024281574 
251 309 22 28 0.024157133 
693 409 25 33 0.024093317 
665 424 76 99 0.02394369 
99 213 37 45 0.023850314 
55 511 22 29 0.02383965 
210 281 19 23 0.023736354 
848 463 19 24 0.023730932 
110 298 25 35 0.023577143 
756 169 83 100 0.023543915 
848 147 57 77 0.023467794 
780 457 73 87 0.02324666 
77 208 22 28 0.023065003 
17 330 42 55 0.02262944 
65 248 42 51 0.022593128 
788 308 20 27 0.022577802 
6 401 23 30 0.02251626 
108 283 23 31 0.022393722 
941 248 25 34 0.022340372 
134 253 21 27 0.022275414 
27 435 22 27 0.022255726 
745 584 25 30 0.022228427 
713 550 24 29 0.022216432 
16 458 37 54 0.022181498 
748 405 48 54 0.022115236 
106 438 22 28 0.021877058 
108 195 53 61 0.02181315 
82 363 22 28 0.021812495 
934 295 75 103 0.021799346 
82 183 87 101 0.021678457 
865 238 73 104 0.021677315 
278 12 86 89 0.021529602 
200 438 23 27 0.021438554 
237 432 21 24 0.021289147 
13 354 72 81 0.021251498 
690 425 21 29 0.021095442 
26 208 21 28 0.020958299 
793 451 25 33 0.020854346 
4 331 21 29 0.02056485 
25 223 23 31 0.0204566 
704 198 54 62 0.020400634 
191 336 76 84 0.0203362 
52 358 123 153 0.020285124 
46 383 21 24 0.020264495 
781 123 115 141 0.02025515 
63 274 66 76 0.020178756 
133 535 361 344 0.020076983 
794 497 41 48 0.020031245 
743 564 22 27 0.020000912 
