35_Basketball_Basketball_35_653
59
598 24 56 73 0.999025 
735 47 51 68 0.9978173 
366 46 58 79 0.99770594 
265 45 56 70 0.99716127 
870 34 52 68 0.9958758 
461 70 52 71 0.99135756 
810 278 49 63 0.9901337 
99 35 50 67 0.99009037 
920 275 55 73 0.98867 
532 292 59 74 0.98715335 
650 270 50 71 0.9859504 
90 268 57 76 0.982118 
207 316 48 63 0.96069354 
376 289 57 77 0.95412666 
799 139 48 61 0.46539447 
721 359 49 57 0.20891902 
953 111 47 60 0.13280301 
970 263 38 58 0.09798066 
321 366 45 57 0.058947627 
33 339 41 50 0.05445991 
295 137 42 52 0.053160373 
434 59 63 80 0.053109314 
987 271 31 44 0.050825495 
0 507 20 32 0.050108764 
167 392 41 50 0.044842776 
270 448 49 51 0.040026467 
860 322 33 43 0.038486037 
946 101 34 42 0.036870833 
951 131 60 80 0.034856614 
22 285 44 56 0.032724474 
729 14 52 70 0.032162048 
465 372 45 53 0.029355569 
33 137 51 57 0.029194877 
30 333 29 35 0.028238546 
27 352 28 34 0.027651373 
33 362 43 51 0.027070722 
752 531 349 365 0.027028946 
608 374 41 51 0.026978541 
-2 266 36 52 0.026770534 
-150 422 533 554 0.026756905 
225 311 55 72 0.026573574 
170 289 40 53 0.025140872 
879 62 57 72 0.024959357 
355 219 63 67 0.024811696 
737 -1 43 48 0.024790972 
826 300 48 63 0.02389232 
342 366 41 54 0.023801068 
976 140 38 54 0.022301806 
305 497 83 88 0.021670016 
10 146 63 74 0.021418808 
569 589 22 26 0.021342523 
3 347 66 82 0.021101391 
462 191 64 86 0.02099172 
455 413 55 74 0.020847095 
486 224 60 69 0.020773582 
-10 272 58 77 0.020609181 
42 274 44 53 0.020465644 
345 323 63 81 0.020396154 
574 314 688 738 0.020395093 
