35_Basketball_Basketball_35_209
179
417 100 37 45 0.5780658 
505 137 30 42 0.2669426 
743 232 20 27 0.20922703 
874 178 18 22 0.096968524 
976 214 20 26 0.09093325 
837 260 22 27 0.08348764 
360 245 24 30 0.08288927 
804 154 20 23 0.08120045 
616 260 21 25 0.078964286 
465 175 23 30 0.07064289 
520 233 22 28 0.06960592 
952 253 22 27 0.06404582 
616 83 24 31 0.06320527 
641 259 16 20 0.060331233 
542 99 22 28 0.06009131 
668 186 20 24 0.058287706 
616 238 18 23 0.055315286 
839 211 17 21 0.054728188 
929 181 17 21 0.05307258 
511 103 21 27 0.052476972 
896 183 17 21 0.051752977 
588 257 20 25 0.051372506 
925 234 18 23 0.05097557 
872 239 18 23 0.050945107 
419 209 37 49 0.050658848 
672 232 17 20 0.050470117 
407 71 23 30 0.05039635 
803 177 20 25 0.050246272 
608 275 20 24 0.049667943 
979 178 17 23 0.048969302 
462 157 23 30 0.048225608 
647 130 21 25 0.04707824 
649 232 16 21 0.046727452 
951 177 18 22 0.046322588 
308 226 21 25 0.04580465 
841 228 18 20 0.045799743 
974 149 17 23 0.045133255 
491 182 21 27 0.044780914 
256 197 23 26 0.044752415 
673 202 17 20 0.04467861 
921 157 16 20 0.04465208 
725 236 17 22 0.044461522 
490 230 21 27 0.044122327 
854 162 16 20 0.04398644 
870 162 17 20 0.04397206 
335 231 23 29 0.043516707 
662 126 20 24 0.043388076 
621 205 18 22 0.04336675 
697 259 17 21 0.043270268 
562 101 24 31 0.042806074 
252 230 21 27 0.042647686 
492 200 20 27 0.041731544 
213 186 20 22 0.04145475 
240 313 36 51 0.04097631 
691 235 16 19 0.04066056 
813 156 19 22 0.04031225 
334 208 21 27 0.040079977 
930 252 19 23 0.039718904 
491 106 19 24 0.039527267 
467 74 19 25 0.038682114 
181 228 20 25 0.038521063 
216 317 63 82 0.038272392 
854 176 17 20 0.038242377 
599 278 20 24 0.038169134 
826 229 18 21 0.038167432 
907 158 15 18 0.0381136 
981 133 18 23 0.036941048 
956 231 19 23 0.035992187 
930 204 17 21 0.03597419 
339 98 21 25 0.03573484 
542 85 19 24 0.035153206 
239 228 18 24 0.03501509 
814 180 19 23 0.034610666 
994 174 17 25 0.034587916 
592 235 19 23 0.034307264 
717 203 16 20 0.034248635 
954 209 19 23 0.03383066 
641 207 17 21 0.033246562 
4 279 36 62 0.033150367 
926 287 19 24 0.032402635 
925 132 17 21 0.032216385 
994 109 17 22 0.03174022 
204 225 19 25 0.03151447 
519 82 17 22 0.031341355 
696 206 15 18 0.031243565 
957 160 16 19 0.03083772 
993 223 17 23 0.030641934 
406 56 21 26 0.03052935 
697 153 19 23 0.030496372 
798 96 19 25 0.030275503 
39 469 57 54 0.029852523 
518 55 17 22 0.029413953 
953 112 18 22 0.029157829 
993 127 16 22 0.02892302 
289 144 24 27 0.028881816 
276 257 22 27 0.02885949 
265 179 64 76 0.02877636 
953 125 17 21 0.028702037 
588 207 19 25 0.0285198 
489 258 22 28 0.028445914 
7 180 21 30 0.028394012 
284 224 22 26 0.02788541 
6 224 20 29 0.027817445 
311 208 21 26 0.027515989 
159 207 18 20 0.027354596 
128 252 17 23 0.026960984 
676 280 18 22 0.02688527 
300 134 23 28 0.02681853 
587 101 23 33 0.026796749 
978 106 18 23 0.02662192 
570 49 21 26 0.026501045 
484 83 17 22 0.026446678 
896 204 17 21 0.026412923 
334 250 22 29 0.026237678 
748 212 17 22 0.026170311 
177 205 17 21 0.025998453 
639 277 18 22 0.025362564 
719 249 17 22 0.025155433 
825 129 17 21 0.025114702 
903 232 17 22 0.025034953 
301 213 37 45 0.024888009 
133 237 17 22 0.024820436 
337 129 21 26 0.024726305 
366 149 22 28 0.02465834 
993 212 17 24 0.02457059 
248 217 35 44 0.024419427 
797 135 18 22 0.02426748 
154 227 19 23 0.024109768 
2 354 25 35 0.023991648 
361 101 20 26 0.02391281 
305 78 20 25 0.023813853 
647 184 84 101 0.023802973 
110 307 21 25 0.023748444 
279 141 40 46 0.02367769 
583 107 35 47 0.023671672 
750 126 18 22 0.023614671 
11 199 20 29 0.023271495 
673 256 17 20 0.02319272 
718 187 17 20 0.023108145 
383 107 21 28 0.023018679 
176 188 18 21 0.022914072 
485 250 35 46 0.022656655 
511 201 20 25 0.022637095 
300 147 22 27 0.022588432 
163 186 18 21 0.022560058 
263 250 22 28 0.02231823 
286 195 66 77 0.02220247 
612 189 83 102 0.022186324 
637 100 20 25 0.022093592 
447 138 50 65 0.022066688 
508 175 23 31 0.02201509 
460 104 21 28 0.021956434 
459 253 24 33 0.021937735 
848 126 17 20 0.02193702 
494 125 21 29 0.021912355 
358 204 21 27 0.021902526 
488 113 50 68 0.021893742 
516 250 22 28 0.021868443 
877 202 18 22 0.021657424 
690 276 18 22 0.021553058 
19 299 23 37 0.021365985 
252 307 28 38 0.020994235 
745 184 16 20 0.020977814 
338 83 20 24 0.020886712 
195 283 118 136 0.020817995 
969 251 21 28 0.02077793 
440 51 20 24 0.020772088 
803 232 17 22 0.020769982 
641 146 20 25 0.020616353 
873 133 17 20 0.020494485 
767 130 17 21 0.020478567 
337 218 53 65 0.020457326 
547 88 49 60 0.020455776 
698 184 16 21 0.020453855 
632 30 269 321 0.020224206 
63 235 266 293 0.020121733 
587 228 33 40 0.02004044 
6 3 24 28 0.020028407 
263 334 69 87 0.020026494 
