35_Basketball_playingbasketball_35_795
326
57 272 61 93 0.7424113 
222 75 22 28 0.41450408 
52 269 43 57 0.38535863 
851 92 25 31 0.25418597 
82 37 25 32 0.25241458 
135 106 20 27 0.13756035 
891 216 31 41 0.124214455 
956 74 23 28 0.12329767 
48 382 28 37 0.11519294 
571 564 19 21 0.113526106 
91 267 42 55 0.097720236 
105 272 24 29 0.09251228 
859 93 37 49 0.09091579 
70 313 34 47 0.08600209 
813 71 22 27 0.08231986 
472 513 19 23 0.08108571 
664 46 23 27 0.07948515 
181 348 26 35 0.079116195 
943 321 58 68 0.077934854 
78 303 49 67 0.07321203 
930 593 17 21 0.069648355 
840 72 49 62 0.06805826 
570 77 24 32 0.06710121 
639 10 20 24 0.06502653 
967 71 21 29 0.064588204 
535 567 20 25 0.06427741 
870 122 27 33 0.063158 
848 619 17 21 0.06302419 
170 326 41 53 0.062989384 
903 640 20 24 0.06272005 
300 253 25 34 0.061022952 
586 562 18 21 0.059949487 
152 305 24 31 0.058707032 
290 255 23 32 0.058079794 
-2 -2 70 83 0.05677256 
184 260 22 28 0.055101823 
483 511 16 22 0.054772444 
8 456 24 30 0.054032996 
50 260 25 32 0.053096708 
640 120 26 31 0.053015757 
690 559 15 19 0.05268656 
25 350 26 33 0.051331133 
691 546 15 20 0.051292993 
132 81 20 24 0.05097738 
919 613 18 21 0.050412614 
721 585 17 21 0.050400533 
687 610 19 22 0.050198082 
916 431 21 29 0.04983451 
695 594 17 21 0.048832886 
211 317 52 59 0.048124153 
919 80 20 26 0.04743905 
787 105 26 32 0.04712705 
924 100 20 26 0.046217058 
135 119 20 28 0.04593066 
569 543 16 19 0.04530281 
772 103 26 30 0.0451195 
820 57 20 24 0.044780765 
134 205 25 29 0.0434663 
858 102 57 69 0.042998504 
849 595 16 20 0.042741336 
884 191 53 70 0.042609464 
594 541 17 20 0.04241368 
930 127 23 30 0.042384878 
560 50 20 23 0.042137846 
725 570 16 19 0.04194505 
863 79 23 29 0.04192365 
128 226 24 29 0.04177365 
147 102 19 23 0.041096408 
76 220 24 31 0.040673357 
142 301 39 51 0.04034625 
614 543 17 21 0.040288586 
693 47 19 25 0.040038075 
563 92 40 53 0.0396823 
189 108 19 24 0.039538074 
80 94 23 28 0.039312776 
611 559 17 22 0.039220095 
802 74 23 28 0.039159235 
515 542 16 20 0.038692895 
645 107 23 29 0.038639348 
957 616 19 23 0.03847717 
554 89 73 80 0.038154412 
793 643 18 20 0.0377412 
724 620 19 21 0.03750379 
878 642 18 20 0.037396025 
199 119 21 26 0.037349384 
145 338 40 53 0.037228286 
190 124 21 27 0.03709689 
952 49 21 26 0.037015438 
184 326 65 76 0.03681937 
130 309 58 74 0.036778957 
725 537 16 20 0.036574077 
77 131 37 50 0.036568914 
685 642 22 26 0.03651446 
897 80 22 27 0.03644594 
25 329 36 48 0.036360808 
949 334 32 37 0.036266237 
778 531 17 21 0.0360771 
643 19 19 21 0.035901543 
579 102 40 51 0.03588279 
694 95 26 32 0.035661917 
153 83 18 22 0.035577614 
378 208 27 31 0.035461012 
873 136 41 52 0.03540244 
56 295 28 38 0.03537809 
152 287 20 25 0.035309065 
902 620 17 21 0.034964528 
204 109 20 27 0.034801193 
946 587 17 21 0.03453545 
462 507 34 41 0.034394637 
949 24 24 26 0.034170017 
181 77 18 23 0.03414507 
108 320 62 75 0.034064543 
846 108 39 47 0.03405398 
879 588 16 20 0.0339224 
197 367 45 55 0.033838548 
66 216 40 54 0.03382767 
914 639 20 23 0.033284858 
133 153 21 27 0.032754984 
35 270 35 45 0.03202822 
433 533 22 26 0.031857546 
255 243 68 82 0.03184427 
847 634 18 21 0.03180726 
75 254 25 31 0.03179444 
744 540 15 19 0.031522952 
154 454 78 92 0.031496517 
130 108 33 46 0.031347383 
994 101 18 27 0.031125825 
766 113 38 43 0.03093555 
747 71 25 30 0.030663865 
733 10 66 78 0.030487752 
512 490 15 20 0.030256566 
950 97 22 29 0.030198105 
541 541 16 19 0.030050308 
57 541 25 31 0.029764019 
953 427 21 27 0.029717917 
493 495 16 21 0.02947116 
77 82 22 27 0.029446531 
582 81 21 28 0.029309638 
891 100 25 31 0.029161522 
520 511 16 20 0.02915166 
151 128 19 24 0.029021464 
671 562 16 20 0.028861402 
804 56 52 63 0.028832082 
80 5 20 24 0.028811034 
746 7 24 26 0.028794598 
130 267 59 75 0.028729683 
861 165 44 53 0.028622832 
518 563 19 25 0.028568938 
26 359 56 68 0.028526388 
96 260 63 78 0.028516449 
317 101 19 23 0.028453138 
205 385 26 32 0.028228156 
595 519 17 21 0.028174292 
468 588 21 25 0.028127592 
941 130 23 31 0.028105447 
874 657 23 27 0.027901992 
150 327 27 36 0.02787848 
563 63 54 70 0.027683776 
947 459 20 26 0.027615486 
51 544 41 50 0.027590824 
32 253 19 25 0.027556425 
904 121 63 76 0.027532697 
361 81 17 20 0.027485415 
876 621 17 20 0.027467787 
466 493 18 22 0.027451735 
929 132 39 48 0.027409775 
67 26 46 58 0.027372526 
260 221 26 34 0.027315006 
144 279 35 46 0.027303932 
756 146 41 46 0.02728909 
520 465 17 21 0.027087517 
125 347 28 36 0.027056394 
866 511 146 216 0.02703603 
764 6 23 25 0.026916582 
942 483 20 26 0.026900992 
647 561 17 20 0.026660921 
945 59 48 62 0.026572784 
862 125 69 84 0.026475089 
156 149 19 26 0.026264517 
572 195 89 77 0.026252575 
95 31 22 26 0.025969971 
671 544 16 19 0.025968641 
824 639 17 21 0.025966207 
915 95 35 46 0.025905643 
820 122 24 32 0.02586164 
845 51 21 25 0.025732182 
372 359 65 81 0.02568471 
138 329 73 88 0.025632368 
540 512 17 20 0.025524203 
665 34 20 23 0.025410302 
95 46 21 27 0.025340341 
995 78 18 25 0.025232624 
674 212 38 48 0.0251776 
225 231 24 31 0.02512875 
541 428 18 22 0.025096409 
312 44 24 26 0.025023734 
799 622 16 19 0.024962591 
566 518 16 20 0.024957871 
482 589 19 23 0.02493412 
548 127 92 94 0.024885846 
434 558 23 26 0.024881084 
722 634 22 25 0.024801267 
177 483 80 92 0.02472258 
75 96 37 47 0.024572136 
18 335 55 68 0.024556566 
556 256 28 30 0.024552597 
720 522 17 21 0.024542965 
486 107 19 25 0.024536336 
552 47 34 41 0.024447883 
103 226 22 27 0.024377355 
26 231 21 28 0.024368139 
228 58 21 25 0.024368038 
180 443 89 94 0.02435466 
766 75 24 29 0.024195448 
255 203 27 33 0.024182493 
224 302 32 38 0.024147203 
862 188 39 51 0.024043698 
209 280 22 28 0.02397791 
974 52 21 28 0.02394352 
981 272 30 46 0.023943413 
968 248 34 48 0.023926701 
873 55 20 24 0.023913203 
230 128 20 25 0.02388824 
767 582 18 21 0.023786271 
975 121 23 34 0.023718417 
931 484 20 26 0.023708422 
976 7 24 26 0.023643637 
828 621 17 19 0.023632083 
888 125 26 33 0.023563938 
96 207 23 28 0.023557955 
153 374 23 34 0.023458496 
977 99 22 31 0.023452684 
183 58 19 23 0.023435391 
570 115 26 36 0.02334985 
127 139 35 47 0.023338756 
970 429 22 28 0.023228236 
979 223 22 31 0.023202239 
285 231 75 86 0.023088047 
94 328 44 61 0.023087231 
978 487 20 25 0.023057673 
736 125 41 45 0.023027575 
17 250 127 164 0.022971738 
36 378 70 94 0.022770124 
212 58 20 25 0.022691643 
227 283 23 29 0.02266089 
594 30 19 21 0.022589317 
547 217 103 103 0.022572415 
28 248 35 47 0.022569079 
127 494 61 80 0.022564553 
181 273 22 28 0.022546854 
253 105 18 24 0.022426222 
818 563 17 20 0.022402192 
204 62 44 54 0.022351068 
152 258 19 25 0.022340769 
193 249 74 90 0.022196235 
129 77 32 42 0.02217007 
462 566 19 22 0.022155982 
171 318 105 123 0.02210079 
133 176 23 29 0.02209704 
974 18 25 29 0.022094015 
95 127 23 30 0.022047969 
366 101 18 22 0.022039164 
996 592 16 21 0.021986365 
490 124 19 24 0.021907771 
-62 515 349 355 0.021874145 
186 148 21 28 0.021817494 
565 583 19 23 0.02177762 
103 348 27 36 0.021648563 
148 226 21 26 0.021641236 
120 363 41 53 0.02159563 
720 51 20 25 0.021589898 
140 82 71 88 0.021567417 
434 519 21 26 0.021549882 
330 104 19 23 0.021533238 
129 332 28 36 0.02143608 
968 613 19 25 0.02140142 
746 566 16 19 0.021365976 
695 521 15 20 0.021347957 
799 657 23 28 0.02134184 
35 280 21 27 0.021333093 
460 534 19 23 0.02130448 
177 82 78 93 0.02130418 
177 359 39 52 0.021299852 
879 97 39 51 0.021270584 
902 87 56 72 0.021268895 
550 50 19 23 0.021206986 
46 490 42 50 0.021193143 
388 5 21 22 0.021178612 
27 160 21 25 0.021154616 
817 89 36 43 0.021136263 
163 297 57 71 0.020939674 
105 102 20 25 0.020919474 
137 97 33 42 0.020906752 
692 33 18 21 0.02089332 
129 57 19 24 0.020879827 
351 199 59 68 0.020871924 
364 205 29 34 0.020847112 
42 516 58 69 0.020835333 
613 173 76 78 0.020812485 
293 130 98 115 0.020810585 
655 176 60 77 0.020808162 
225 152 23 28 0.020807821 
1 368 38 47 0.02075157 
112 272 37 47 0.020721236 
515 169 162 174 0.020693682 
615 74 21 25 0.020674717 
711 123 41 46 0.020643856 
5 381 21 27 0.020638729 
770 642 19 22 0.020616753 
896 596 16 19 0.020587359 
992 412 21 28 0.020554528 
589 87 54 69 0.020543708 
894 652 25 30 0.020507062 
646 543 15 19 0.020390468 
32 171 23 27 0.02037591 
94 146 27 34 0.020358754 
617 517 16 19 0.020349747 
875 153 66 82 0.020318879 
7 345 36 45 0.020191567 
660 101 23 30 0.020157566 
540 8 20 23 0.020114852 
917 281 24 32 0.020103138 
824 593 17 21 0.020101722 
408 7 20 22 0.020073915 
221 327 69 76 0.020041779 
102 5 21 23 0.020032987 
