35_Basketball_basketballgame_ball_35_736
19
477 190 67 87 0.99892706 
385 152 70 100 0.9986873 
716 157 72 112 0.99803215 
338 158 67 114 0.5076869 
558 249 40 58 0.093236245 
474 320 62 74 0.06815697 
304 137 40 53 0.04912035 
308 174 63 84 0.036106322 
895 175 20 25 0.03608914 
945 310 19 24 0.033052966 
312 130 29 37 0.030952223 
354 162 38 56 0.030037617 
666 433 516 552 0.02760847 
-228 328 704 739 0.027297689 
-68 534 352 357 0.026821967 
870 175 22 28 0.026654132 
302 154 47 66 0.024706604 
597 590 109 98 0.023408325 
315 192 72 105 0.021184396 
