35_Basketball_basketballgame_ball_35_391
101
534 83 78 100 0.9996946 
373 102 79 102 0.99924314 
206 56 82 105 0.9990721 
699 94 85 112 0.9959026 
237 408 93 112 0.7726601 
479 334 55 61 0.20484558 
48 69 21 26 0.19484234 
121 324 46 56 0.18407638 
981 127 22 31 0.1290788 
613 100 30 41 0.12255389 
934 135 40 50 0.10284959 
641 169 60 73 0.1003872 
641 330 47 55 0.099342704 
103 343 42 56 0.07063177 
237 397 30 40 0.06883933 
231 387 60 82 0.06427269 
942 132 24 30 0.06326322 
52 60 21 27 0.06048873 
788 120 26 35 0.057050783 
991 130 21 32 0.05336015 
456 60 48 58 0.05243774 
653 352 46 54 0.05050283 
879 581 52 54 0.049086645 
591 84 60 76 0.048209995 
978 105 20 28 0.044017088 
479 72 28 36 0.040534526 
80 170 25 34 0.039750285 
128 142 39 50 0.039407704 
909 270 58 88 0.03932542 
963 113 48 72 0.03925279 
103 364 28 42 0.038687773 
470 70 48 62 0.03830486 
617 96 61 77 0.038046952 
123 171 28 38 0.037163876 
133 55 22 27 0.037084557 
409 52 78 87 0.03702861 
9 371 33 45 0.035734948 
28 205 24 34 0.034558937 
157 97 24 32 0.034427464 
971 99 34 51 0.0335619 
939 230 55 84 0.03353169 
383 376 43 66 0.03292104 
976 170 23 32 0.032576226 
930 148 25 31 0.032311924 
78 154 26 33 0.031676114 
986 295 37 64 0.03125394 
930 116 66 99 0.030457033 
142 154 50 68 0.029277736 
967 152 37 56 0.029051406 
846 232 89 111 0.02875582 
638 260 47 55 0.028613497 
260 398 47 66 0.028562656 
37 75 17 23 0.028052261 
23 363 23 30 0.027409969 
964 240 31 53 0.027402554 
146 151 28 37 0.02729422 
871 155 22 28 0.027275255 
277 402 24 31 0.026523765 
629 288 65 80 0.026285166 
49 178 23 30 0.026148252 
129 67 21 28 0.026061775 
793 270 61 76 0.026040787 
446 74 72 99 0.025813496 
941 165 28 38 0.025329104 
900 563 24 29 0.025165431 
148 47 22 27 0.024901612 
131 127 27 34 0.024582138 
2 330 22 32 0.024446787 
891 604 35 38 0.024034163 
930 532 19 24 0.023951652 
977 142 22 32 0.023905912 
72 199 24 31 0.02364701 
877 210 70 101 0.023585465 
899 154 20 27 0.023568109 
2 176 21 31 0.023414854 
32 258 20 30 0.023297342 
102 104 23 28 0.023222236 
43 209 38 55 0.023122171 
103 175 26 34 0.022864003 
918 568 22 27 0.022812255 
28 327 21 29 0.022757163 
629 97 30 39 0.022540355 
247 388 30 37 0.0223763 
71 329 64 77 0.02234722 
969 233 21 30 0.022230884 
36 69 29 39 0.022175165 
144 325 32 40 0.021782264 
994 231 19 27 0.021642251 
28 272 18 27 0.021583328 
639 104 64 82 0.021350857 
825 580 76 98 0.021313673 
971 78 20 27 0.021303233 
786 185 44 58 0.021013038 
34 332 62 76 0.020831691 
30 308 19 27 0.020596297 
27 206 35 58 0.02056674 
866 636 24 32 0.02043331 
868 595 47 56 0.020345245 
274 400 65 85 0.020230222 
286 62 71 95 0.020220753 
879 584 26 30 0.020001566 
