35_Basketball_Basketball_35_304
21
686 246 56 81 0.27065638 
755 328 67 73 0.18133982 
704 272 54 69 0.07040042 
730 27 99 106 0.06841368 
862 345 58 73 0.053535182 
772 344 68 79 0.034641396 
694 253 33 48 0.030293882 
733 46 62 67 0.028433647 
812 376 32 41 0.027789382 
754 45 100 135 0.025983589 
761 329 40 47 0.024573121 
783 317 98 121 0.023068622 
847 320 29 37 0.022717662 
804 347 48 56 0.022173703 
703 259 134 175 0.021861568 
708 256 30 39 0.021074805 
793 311 68 75 0.020943562 
768 270 26 32 0.020880373 
817 356 27 33 0.020539492 
676 285 64 85 0.020461619 
801 257 62 78 0.020421997 
