35_Basketball_basketballgame_ball_35_290
251
636 112 40 51 0.9490652 
407 252 38 47 0.9005368 
472 175 33 45 0.66249865 
907 132 35 46 0.5741263 
52 202 23 29 0.34301144 
564 185 23 28 0.21272342 
567 233 25 32 0.18619539 
486 135 25 32 0.1840075 
766 280 28 38 0.15653376 
282 285 23 29 0.1378744 
481 144 35 47 0.11670418 
210 315 20 26 0.10710819 
226 256 20 26 0.08038023 
155 301 19 24 0.08010435 
482 273 29 37 0.07911221 
553 188 33 42 0.078012355 
364 204 21 26 0.07756467 
31 156 19 22 0.076454334 
211 258 20 24 0.06870268 
308 276 24 30 0.06755344 
110 234 19 25 0.06723113 
260 285 22 28 0.06688717 
516 206 23 31 0.0667027 
184 256 18 22 0.06631774 
58 222 22 29 0.0641035 
819 202 24 30 0.05851683 
594 282 27 32 0.057725076 
404 355 27 36 0.056937378 
594 301 26 32 0.056158703 
188 201 18 22 0.056113917 
28 249 18 23 0.05474285 
157 290 18 23 0.05373756 
2 313 19 25 0.05329566 
486 259 25 34 0.05282282 
746 153 22 28 0.052795492 
6 101 18 26 0.052474897 
694 176 26 32 0.051254284 
173 432 32 39 0.05109596 
563 244 24 30 0.050460864 
185 187 19 23 0.0503552 
329 278 25 31 0.049656846 
452 349 25 32 0.048663456 
518 225 23 30 0.047936827 
480 298 28 36 0.047162283 
133 150 17 20 0.047075007 
205 201 18 22 0.04693717 
916 221 33 40 0.04690793 
128 237 17 22 0.046479646 
390 254 29 37 0.045855295 
283 380 27 35 0.045067668 
132 329 21 27 0.044750962 
156 158 15 20 0.043138012 
531 221 34 44 0.04309359 
378 204 21 26 0.04302237 
459 307 26 33 0.042947043 
34 285 18 23 0.042827554 
209 279 19 24 0.042429663 
931 189 48 59 0.041195244 
253 201 20 24 0.040913995 
52 189 20 24 0.04019641 
323 331 41 49 0.040166497 
4 276 18 23 0.0398597 
553 216 48 60 0.039627 
108 207 19 22 0.038640182 
10 196 20 26 0.038484298 
439 206 21 28 0.03842178 
847 202 23 28 0.038355526 
362 279 23 32 0.038127054 
33 304 18 23 0.037810512 
440 332 25 31 0.037474662 
608 305 25 31 0.03746164 
635 281 23 30 0.03726232 
384 351 37 48 0.036776863 
869 132 24 30 0.03673886 
238 162 18 23 0.036614086 
155 233 17 20 0.03650928 
235 207 17 21 0.036411956 
463 272 34 43 0.03627342 
948 182 26 35 0.03625307 
229 328 20 26 0.036249965 
455 329 27 33 0.036055177 
538 202 24 31 0.036043067 
267 391 67 77 0.03592458 
300 403 51 52 0.035902448 
156 257 18 22 0.035888202 
72 228 22 31 0.0357969 
413 330 23 30 0.035190396 
186 283 17 21 0.03514099 
22 183 18 22 0.034968816 
611 281 25 30 0.034876727 
383 225 24 31 0.034393307 
255 253 20 25 0.03424531 
286 209 19 23 0.034239523 
327 300 27 34 0.033551745 
305 259 21 27 0.033514947 
31 237 17 22 0.033466496 
665 222 24 31 0.033409026 
752 531 349 368 0.033340696 
160 176 17 21 0.033228174 
270 269 48 61 0.03284286 
790 333 22 29 0.03250389 
309 299 37 43 0.032251805 
354 334 28 34 0.03221259 
339 338 56 62 0.032180466 
307 200 19 23 0.03199696 
252 292 35 44 0.031830482 
286 228 20 25 0.03169649 
58 251 20 27 0.03144584 
181 308 19 24 0.031364147 
288 258 20 25 0.031223005 
646 123 45 58 0.030939708 
279 319 36 46 0.030920852 
312 346 40 49 0.030874113 
201 187 18 23 0.030863551 
104 224 31 42 0.030813014 
25 199 18 22 0.030714354 
180 413 24 28 0.03067505 
136 255 18 23 0.030670524 
878 249 23 30 0.030322498 
251 318 36 46 0.029908046 
330 149 19 24 0.029839065 
73 246 22 30 0.029747277 
153 337 21 25 0.029623004 
435 294 36 47 0.029571977 
914 289 37 52 0.029320028 
183 236 17 21 0.029303228 
228 313 20 26 0.029254325 
583 180 21 27 0.029135788 
257 181 19 24 0.029036846 
350 366 45 50 0.02896972 
41 178 71 92 0.028869435 
238 173 18 23 0.028843405 
367 152 19 23 0.028790921 
71 208 21 26 0.028646966 
6 259 19 25 0.028621314 
301 380 46 51 0.02845083 
667 194 69 80 0.027951183 
685 197 43 51 0.027944818 
472 266 51 64 0.027928794 
128 207 16 20 0.027670823 
580 229 22 29 0.027662773 
212 232 17 21 0.027609196 
312 146 19 24 0.02757703 
693 201 26 32 0.027488666 
367 225 22 28 0.027344663 
208 241 48 63 0.027323423 
815 176 40 49 0.026991826 
386 269 28 39 0.026927274 
581 314 36 44 0.026898319 
821 179 24 28 0.026804697 
184 192 33 39 0.026787596 
332 254 23 29 0.026728157 
90 209 53 72 0.02668712 
237 414 77 94 0.026666315 
131 138 18 20 0.026440255 
156 136 15 18 0.026323685 
129 279 18 23 0.026249966 
836 191 37 44 0.026224319 
-66 535 352 356 0.026003784 
661 213 40 49 0.02597211 
231 233 17 21 0.025744947 
801 203 22 27 0.025734631 
429 320 51 67 0.025635354 
824 158 22 27 0.025604554 
356 349 30 37 0.025559047 
310 187 18 24 0.025503565 
461 253 22 28 0.025458071 
229 276 20 26 0.025412954 
586 288 51 60 0.025239525 
330 229 21 26 0.02522312 
6 327 19 26 0.025098562 
66 231 35 51 0.02500067 
611 202 23 28 0.02492891 
107 185 17 20 0.024758609 
420 354 56 69 0.024744622 
-224 319 717 740 0.024744142 
129 386 21 26 0.024476567 
51 285 18 24 0.024390781 
581 306 682 744 0.024308793 
110 150 18 21 0.024141625 
408 232 28 37 0.024075458 
753 266 47 60 0.024002897 
0 232 18 24 0.023980333 
340 202 19 24 0.023843192 
48 306 20 26 0.023717118 
120 228 29 37 0.02370134 
385 371 26 34 0.023659468 
1 451 20 32 0.023627734 
247 357 76 86 0.023620497 
468 190 28 38 0.023563877 
711 199 27 33 0.023503127 
281 357 28 36 0.023373878 
4 154 18 22 0.023262264 
195 298 49 62 0.023220707 
394 341 47 62 0.023150316 
366 316 59 73 0.023117052 
876 457 26 32 0.023091715 
203 349 68 83 0.02296842 
964 281 40 61 0.0229628 
100 385 18 22 0.022935914 
296 264 48 58 0.02291388 
181 248 30 38 0.022880392 
251 373 39 49 0.022770809 
135 311 20 25 0.022752782 
358 302 24 32 0.022672106 
384 291 37 48 0.022658212 
841 158 22 27 0.022654895 
920 103 26 32 0.02263443 
680 142 38 50 0.022582475 
593 201 22 26 0.022544436 
151 282 31 39 0.022529049 
204 412 21 26 0.022295548 
428 270 27 36 0.022282455 
283 149 18 23 0.022077382 
156 350 22 28 0.021964977 
204 267 30 41 0.021876324 
280 401 26 31 0.021846322 
316 292 51 61 0.02181095 
158 209 16 21 0.021721415 
634 207 57 71 0.021681897 
183 159 16 20 0.021611758 
847 125 23 28 0.021547308 
101 202 34 43 0.021413878 
584 194 34 43 0.021397907 
49 156 17 21 0.021200825 
215 291 52 67 0.021128736 
992 515 23 32 0.02107271 
696 233 49 58 0.020984583 
178 334 20 27 0.020955697 
361 257 22 30 0.020952892 
918 204 31 36 0.02080074 
244 335 57 72 0.020794796 
529 239 34 43 0.020778777 
248 193 31 40 0.020696986 
80 182 17 22 0.020690843 
740 141 36 47 0.020678611 
108 251 19 25 0.020621253 
242 132 18 21 0.020453917 
411 453 50 54 0.020416075 
311 0 143 162 0.020409927 
771 258 27 34 0.020384459 
106 135 17 20 0.020318955 
872 147 21 28 0.020310348 
281 199 33 41 0.020306183 
367 185 19 24 0.020290172 
208 384 21 25 0.020271238 
114 309 51 63 0.020257102 
134 529 366 351 0.020199237 
114 230 56 70 0.020099826 
26 336 18 23 0.02006256 
252 295 67 79 0.020018965 
