35_Basketball_basketballgame_ball_35_389
137
503 226 38 50 0.9680066 
370 170 44 51 0.3894737 
333 269 27 34 0.27081376 
452 312 36 45 0.23423928 
621 587 18 22 0.19654909 
255 486 25 29 0.13764223 
373 305 53 62 0.12915847 
964 583 37 46 0.124950565 
640 583 21 24 0.113408804 
10 594 20 26 0.10015277 
341 266 40 49 0.09947986 
818 302 29 37 0.06800955 
938 227 26 32 0.06663505 
312 392 36 46 0.06609779 
3 403 24 36 0.06295933 
147 610 21 25 0.06288033 
291 565 18 22 0.06240183 
255 563 18 21 0.05735084 
352 259 29 36 0.05582711 
429 297 56 71 0.05548737 
178 400 26 34 0.052056044 
184 567 18 23 0.051615555 
305 567 17 21 0.050670188 
99 324 44 44 0.049512733 
314 594 18 21 0.049036045 
615 604 22 28 0.048600182 
238 560 17 20 0.048389126 
313 607 21 25 0.04698017 
328 293 38 50 0.045876447 
19 595 17 22 0.045607086 
340 559 19 23 0.044372693 
151 597 17 19 0.043570843 
226 610 20 25 0.04298705 
50 558 19 25 0.042037494 
262 500 27 32 0.041315265 
717 237 22 29 0.036502033 
213 610 20 24 0.036351588 
264 596 16 19 0.03416009 
271 320 38 43 0.03402898 
155 562 17 21 0.033987902 
21 463 184 204 0.03391427 
231 595 15 19 0.03323602 
23 518 18 24 0.032964956 
184 587 16 19 0.032516193 
617 579 31 35 0.03200936 
380 609 21 25 0.031799607 
851 86 21 26 0.03138458 
156 333 26 32 0.031108119 
395 300 41 52 0.030917061 
652 287 46 55 0.030898686 
611 209 24 29 0.030888285 
434 587 16 20 0.030309033 
442 610 20 24 0.030239789 
6 602 23 31 0.029904544 
8 392 42 57 0.029693492 
185 259 20 25 0.029281115 
510 591 16 20 0.029204398 
273 509 23 29 0.029169647 
101 569 19 24 0.028604582 
135 568 17 22 0.028336661 
766 586 19 25 0.02832205 
640 569 21 25 0.028163519 
342 287 59 71 0.02804022 
364 611 21 24 0.027772652 
783 268 70 82 0.027459469 
563 586 18 21 0.027113536 
154 538 18 23 0.027096944 
418 590 17 19 0.026457349 
214 595 16 19 0.026411008 
494 593 16 20 0.02638708 
304 465 21 27 0.02636429 
283 590 16 20 0.02632627 
620 572 18 21 0.026230942 
137 591 17 20 0.026177702 
493 607 20 26 0.026008256 
205 537 19 22 0.025566947 
257 468 21 25 0.025521738 
334 590 18 21 0.025476012 
518 287 64 86 0.025402222 
558 612 21 25 0.02529665 
460 99 22 27 0.025144592 
746 235 90 86 0.025128717 
666 588 16 20 0.024814297 
337 38 69 74 0.024797976 
311 540 17 21 0.024701796 
80 611 21 25 0.024555616 
382 158 29 36 0.02439333 
156 281 22 27 0.024265582 
181 613 20 23 0.024231229 
387 560 19 23 0.023952344 
231 439 19 23 0.023880398 
989 590 22 30 0.023690023 
275 345 40 46 0.023324609 
260 609 20 24 0.023304414 
-7 383 76 97 0.023064947 
308 314 37 47 0.023025347 
33 559 18 25 0.022919934 
766 607 21 26 0.022907687 
315 309 22 30 0.022825837 
55 332 21 24 0.022687584 
233 544 18 23 0.022677965 
594 587 18 21 0.022677563 
200 403 22 30 0.022552656 
751 584 19 23 0.022384161 
470 559 19 23 0.022321789 
120 328 27 32 0.022297284 
157 400 26 34 0.022099167 
308 431 21 28 0.022079902 
770 563 22 29 0.02203511 
329 610 21 25 0.021912394 
341 543 18 22 0.021877034 
43 547 31 42 0.021677256 
693 586 18 22 0.021641618 
664 283 28 36 0.02163212 
28 531 20 26 0.021630948 
69 291 89 85 0.021592237 
542 307 57 63 0.021522181 
163 328 40 43 0.021514714 
201 252 22 29 0.021480206 
4 82 27 35 0.021458065 
746 607 21 26 0.02145136 
667 567 17 21 0.021363461 
547 613 19 23 0.021286173 
688 243 41 49 0.021266548 
82 483 19 25 0.02122287 
372 203 43 58 0.021036066 
155 309 22 26 0.020794662 
712 244 129 145 0.020758942 
187 538 18 23 0.020653853 
822 319 26 35 0.020360198 
437 304 33 43 0.020350179 
355 319 70 83 0.020319587 
143 249 40 46 0.020188473 
740 564 21 27 0.020166142 
385 592 18 20 0.020146647 
660 275 64 78 0.020088404 
162 378 51 63 0.020067858 
