35_Basketball_basketballgame_ball_35_689
474
593 229 17 20 0.32095313 
441 123 18 23 0.29340297 
391 208 18 22 0.27590525 
556 327 25 32 0.27489465 
512 154 16 20 0.25684234 
516 136 17 21 0.20521207 
439 211 17 21 0.20450854 
637 196 17 22 0.20174092 
549 203 15 19 0.18662316 
641 190 17 21 0.18507266 
88 158 19 24 0.1703521 
625 204 17 20 0.14280692 
573 55 16 20 0.1391409 
635 312 17 22 0.13783994 
621 184 17 21 0.13415073 
588 212 16 21 0.13401529 
691 178 16 21 0.13264248 
487 106 17 21 0.12614962 
723 182 17 20 0.124944896 
613 161 16 20 0.12392628 
228 132 17 21 0.12343132 
564 205 16 19 0.12092762 
107 107 18 22 0.120743655 
587 182 14 19 0.11979818 
546 253 17 21 0.119300306 
388 226 18 22 0.11888497 
854 23 20 23 0.11875924 
599 83 17 22 0.11654667 
543 54 16 20 0.115918346 
676 311 17 21 0.11519097 
441 108 18 22 0.114632756 
646 235 18 22 0.112369694 
817 279 19 25 0.110869125 
767 195 21 27 0.108341835 
543 4 17 20 0.10764871 
233 98 16 20 0.10600118 
341 156 17 20 0.10463674 
438 223 18 22 0.10301962 
96 159 21 26 0.10274348 
674 182 16 19 0.10185802 
487 128 16 20 0.101519756 
627 314 19 24 0.100364074 
305 155 16 20 0.10021828 
649 151 16 19 0.09929494 
409 155 17 21 0.09821721 
751 288 18 23 0.09771767 
217 130 17 21 0.09583337 
138 76 17 19 0.09573436 
517 78 15 18 0.09551754 
231 82 16 20 0.09536777 
670 366 20 25 0.09394656 
543 76 16 20 0.088916644 
210 79 16 19 0.08862138 
548 187 14 18 0.08861113 
507 257 18 23 0.08833267 
647 250 19 23 0.08666267 
663 235 19 22 0.08664455 
358 60 16 20 0.08628283 
518 105 16 19 0.08611951 
611 81 17 21 0.085893966 
467 257 19 23 0.084274866 
280 105 18 22 0.0822335 
469 233 17 21 0.08204056 
586 58 16 20 0.08199109 
546 238 15 18 0.08072977 
570 187 15 18 0.07988138 
441 186 16 19 0.07943561 
487 82 15 18 0.079404674 
130 147 21 25 0.07890682 
719 206 17 21 0.078627475 
560 312 22 27 0.07742714 
675 329 18 22 0.07740943 
865 25 18 22 0.07730294 
673 204 16 20 0.07695851 
313 200 18 21 0.07615202 
414 181 16 19 0.076081164 
289 154 16 20 0.07565763 
650 84 16 21 0.074713394 
390 45 17 20 0.07397288 
387 103 15 19 0.0733227 
715 229 17 21 0.07258292 
981 149 21 31 0.07227809 
24 152 19 24 0.072159074 
599 160 15 19 0.071791254 
512 176 15 18 0.071491934 
663 160 15 19 0.06931261 
543 308 21 27 0.06927459 
592 97 18 21 0.069180556 
492 160 16 20 0.06914636 
371 131 16 19 0.06893535 
689 326 17 20 0.06864506 
233 146 17 21 0.06864116 
263 151 16 19 0.0686122 
262 106 16 19 0.06756578 
516 57 15 18 0.06735083 
687 316 17 21 0.06685877 
340 233 16 19 0.06682255 
101 43 17 21 0.06597488 
514 234 15 18 0.065897316 
383 130 15 18 0.06530746 
312 185 17 21 0.06484574 
671 288 16 20 0.064653434 
665 249 18 24 0.06421671 
203 260 21 27 0.06399423 
412 131 17 20 0.06291851 
258 56 16 20 0.06272716 
616 230 16 20 0.062283956 
489 258 18 22 0.061859243 
213 104 16 20 0.061764777 
518 208 14 17 0.061663944 
409 206 16 21 0.061339978 
588 314 18 23 0.06109263 
340 177 17 19 0.061060984 
392 2 19 20 0.061009057 
386 86 16 19 0.060924 
180 130 15 19 0.06088209 
700 159 16 21 0.06085666 
973 51 17 21 0.06052254 
388 186 17 20 0.060458846 
696 203 16 19 0.060268953 
767 282 17 22 0.060058203 
611 280 17 22 0.059937388 
81 51 16 19 0.059718177 
592 2 17 20 0.059373047 
546 158 15 18 0.05929605 
6 29 18 24 0.05877832 
338 55 17 20 0.058117606 
441 262 18 21 0.0581161 
129 136 19 23 0.05756977 
695 60 17 21 0.057549626 
895 84 21 25 0.057117503 
162 126 17 20 0.056441963 
264 132 16 19 0.056020528 
389 33 18 20 0.055585884 
490 209 15 18 0.0555545 
979 101 18 23 0.055239834 
972 77 18 22 0.055156406 
545 29 15 19 0.054423418 
970 28 16 19 0.054173153 
338 137 15 20 0.054135237 
335 207 16 19 0.054095015 
616 129 16 19 0.053757835 
416 83 16 20 0.05372598 
411 104 16 18 0.05326701 
57 102 19 22 0.05317873 
636 330 19 23 0.052894194 
645 99 16 20 0.052740823 
106 128 17 22 0.052559722 
56 135 17 20 0.052016206 
617 97 17 20 0.051761918 
470 80 16 19 0.05122288 
491 178 16 20 0.050943542 
954 26 16 19 0.05074901 
880 132 17 21 0.050496336 
282 77 16 20 0.050040875 
178 52 16 19 0.049835887 
495 31 15 19 0.049486175 
647 132 16 20 0.049419492 
818 55 18 21 0.04914313 
313 103 16 20 0.0489363 
106 35 18 21 0.048915155 
360 182 17 20 0.04885086 
183 158 15 19 0.04880979 
539 101 16 20 0.048427023 
206 238 17 21 0.048384085 
33 56 17 21 0.048291203 
285 57 17 20 0.047659773 
570 232 15 19 0.047657534 
460 45 16 21 0.04749629 
438 84 18 21 0.047404885 
741 153 17 20 0.047386702 
511 31 14 18 0.04716058 
803 281 17 21 0.04699868 
468 177 15 19 0.04667212 
569 80 16 19 0.046652466 
183 109 15 19 0.04660922 
464 387 16 22 0.04627919 
851 4 21 23 0.046100385 
206 274 23 31 0.04608043 
389 156 16 19 0.04589857 
160 111 17 20 0.04566439 
227 23 16 19 0.04564519 
600 281 18 22 0.04561379 
494 47 15 19 0.04548725 
771 262 17 22 0.045392748 
338 101 16 19 0.045265816 
262 209 18 22 0.045261506 
464 105 17 20 0.045109693 
84 136 17 20 0.04488577 
747 301 17 22 0.044875775 
561 159 16 19 0.044829726 
228 207 16 20 0.04463196 
692 19 15 19 0.04456196 
365 71 16 20 0.044306915 
291 27 16 19 0.04398018 
314 131 15 19 0.04396174 
644 47 17 20 0.04374126 
824 206 17 22 0.043661226 
207 185 15 19 0.043299224 
161 48 17 20 0.043250125 
362 155 16 20 0.043078847 
699 70 18 22 0.042478416 
151 80 16 19 0.042407207 
562 256 16 20 0.04240141 
641 32 19 21 0.042052627 
797 262 17 21 0.042014237 
791 197 18 24 0.041997485 
970 271 36 51 0.041964576 
214 203 16 18 0.041892592 
239 59 16 19 0.04145092 
487 231 16 19 0.041428857 
435 31 17 20 0.041411333 
54 151 18 22 0.041400027 
262 180 17 20 0.041284367 
465 211 15 19 0.04112409 
56 55 16 19 0.04099241 
103 81 16 19 0.040754553 
722 154 17 20 0.04063434 
470 2 17 18 0.04057929 
281 128 18 20 0.04035662 
462 129 15 19 0.040194757 
647 284 16 21 0.04007044 
134 57 16 19 0.03998173 
745 180 16 21 0.039970666 
468 161 17 20 0.039949745 
718 134 17 21 0.03963885 
263 76 16 19 0.039550427 
820 263 20 25 0.03938565 
565 1 17 19 0.039343655 
849 309 18 24 0.039274786 
334 385 18 21 0.0392256 
413 230 17 21 0.03877436 
595 129 16 19 0.03864087 
619 59 16 19 0.03860652 
665 76 16 20 0.038496442 
669 127 16 21 0.038430702 
611 260 17 20 0.038379334 
675 55 15 20 0.03831795 
360 25 16 18 0.038222376 
750 232 17 22 0.038097613 
752 206 17 22 0.037900828 
515 1 16 18 0.037822492 
278 211 18 22 0.03772979 
405 3 18 21 0.037672315 
23 107 17 21 0.03763796 
695 10 17 21 0.037452355 
230 183 15 19 0.037253954 
279 228 16 21 0.03721463 
567 29 15 18 0.037101515 
571 102 16 20 0.036831193 
364 260 18 22 0.036793526 
693 130 17 21 0.036708705 
625 326 18 23 0.036670055 
599 256 17 21 0.036618724 
789 189 18 22 0.03650088 
267 230 17 20 0.03642296 
365 203 16 19 0.036363695 
282 285 18 23 0.03635459 
771 153 16 20 0.036126893 
316 80 16 20 0.03609497 
922 32 18 21 0.03600592 
852 157 17 20 0.035913803 
749 257 17 21 0.03584351 
464 33 16 20 0.03573402 
694 286 15 18 0.035713546 
869 4 19 20 0.035549123 
925 45 18 22 0.035430618 
802 78 18 21 0.03540643 
316 52 17 20 0.035352204 
409 280 19 22 0.035139333 
855 205 18 22 0.03500599 
896 54 18 22 0.03499448 
262 30 16 19 0.03488143 
127 106 17 21 0.034751832 
957 79 17 21 0.03472704 
915 665 66 74 0.03463228 
441 46 17 21 0.03461191 
931 129 16 19 0.034519486 
330 406 18 24 0.034426786 
24 133 18 21 0.03442038 
312 313 18 23 0.034370713 
484 2 16 18 0.03432373 
188 78 16 19 0.03428929 
586 327 18 24 0.034259316 
27 72 17 21 0.034220845 
746 333 19 23 0.034101583 
364 236 16 20 0.03373635 
563 285 18 22 0.03373269 
699 231 16 19 0.033648603 
872 153 18 22 0.033516526 
873 185 17 21 0.033492472 
212 150 16 20 0.033353377 
439 279 19 23 0.033316717 
980 174 21 29 0.033222426 
56 79 17 20 0.03290681 
853 183 17 21 0.03280585 
693 255 17 21 0.032772597 
52 5 19 20 0.032768045 
538 130 16 21 0.032687243 
365 108 15 18 0.032618564 
337 5 18 20 0.03260541 
721 287 17 21 0.03257627 
946 258 22 27 0.03254915 
416 257 18 21 0.03243926 
819 75 19 23 0.0324153 
291 6 17 20 0.032401077 
312 330 18 22 0.032341048 
336 260 17 21 0.032175757 
542 313 45 57 0.032151815 
924 83 17 21 0.032087825 
50 27 16 18 0.03202412 
335 75 16 20 0.031959962 
598 360 18 23 0.031852897 
314 281 17 21 0.03175989 
877 51 18 21 0.031705298 
185 177 18 19 0.031700052 
688 578 23 29 0.031622436 
32 34 16 19 0.031422175 
822 228 18 22 0.03139645 
992 104 18 24 0.031306703 
879 101 18 21 0.031137245 
829 127 18 21 0.03110758 
845 80 18 22 0.03106783 
362 274 20 25 0.031030018 
175 206 19 22 0.03095211 
84 168 22 27 0.030809661 
133 3 17 19 0.030587496 
438 4 18 20 0.03048962 
377 79 534 554 0.030472342 
414 51 16 20 0.03041356 
992 284 22 32 0.030372541 
976 8 17 20 0.030317733 
878 332 22 27 0.030311795 
851 277 19 23 0.030304434 
287 177 16 20 0.030005097 
945 130 16 21 0.02992981 
672 108 17 21 0.02992681 
594 26 16 18 0.029884966 
867 201 17 22 0.029863793 
994 51 16 21 0.029816644 
441 387 19 25 0.029599508 
83 31 16 18 0.029349402 
950 278 22 27 0.029328069 
892 131 18 22 0.029208062 
655 230 31 38 0.028890913 
690 107 17 21 0.028886272 
338 365 18 22 0.028630197 
766 102 17 21 0.028555362 
568 126 16 20 0.02847463 
82 105 17 22 0.028384883 
309 5 17 20 0.028380306 
982 128 18 24 0.028203143 
721 254 16 19 0.028053762 
218 26 16 18 0.027931074 
213 57 15 19 0.027868299 
181 31 15 17 0.02768959 
179 231 19 23 0.027644692 
715 173 29 36 0.027521865 
722 306 16 20 0.027498363 
185 2 16 17 0.02746352 
309 27 16 20 0.027454972 
880 80 18 22 0.027165595 
745 134 16 20 0.026973333 
825 184 16 19 0.026805403 
73 204 23 28 0.026673364 
797 151 16 19 0.026463816 
844 130 17 21 0.026462087 
753 104 17 21 0.026353052 
386 278 19 23 0.026293606 
925 99 17 21 0.026113734 
644 1 19 20 0.026084054 
315 264 16 20 0.026052576 
724 28 18 20 0.026044978 
774 4 19 22 0.025965448 
436 105 30 38 0.025936153 
670 29 16 19 0.025541041 
625 197 26 34 0.02543583 
953 102 17 21 0.025379837 
956 50 16 20 0.025347792 
331 278 18 23 0.02534319 
26 171 19 24 0.025148278 
74 6 18 20 0.025077673 
221 123 30 37 0.025042268 
851 262 19 22 0.025005162 
819 300 19 25 0.025003213 
544 286 18 23 0.024944415 
227 8 17 20 0.02483846 
307 364 20 25 0.024837626 
830 696 66 58 0.02483489 
442 152 16 21 0.024793353 
773 21 17 21 0.024741014 
158 3 17 18 0.024608137 
510 278 19 24 0.024429806 
382 218 29 36 0.024428077 
417 29 16 19 0.024385383 
991 151 19 29 0.024209479 
161 33 16 18 0.024192866 
994 31 16 19 0.024130816 
692 383 19 24 0.024099056 
641 356 18 21 0.023941005 
691 367 17 21 0.023933055 
616 363 17 22 0.023907796 
612 180 72 86 0.02384981 
313 229 16 19 0.023772132 
262 260 17 19 0.023757258 
804 57 17 21 0.023755766 
623 28 16 18 0.023720361 
976 200 20 27 0.02354761 
714 53 19 23 0.023535386 
84 77 16 20 0.023501204 
162 207 20 23 0.023443779 
461 364 18 23 0.023435134 
823 29 17 21 0.023401292 
189 259 19 24 0.023396868 
463 277 20 23 0.023387596 
234 230 16 19 0.02338574 
258 282 18 22 0.023353836 
898 279 19 22 0.023308884 
284 261 17 21 0.023302915 
433 204 28 36 0.023206197 
769 82 17 21 0.02316992 
355 6 19 20 0.023169523 
665 5 17 19 0.02311653 
897 1 18 20 0.023098925 
229 262 17 21 0.023031758 
210 2 17 18 0.023009054 
714 75 17 20 0.022949714 
716 363 18 21 0.022889175 
3 5 18 23 0.02288787 
994 4 17 21 0.022867166 
614 3 18 19 0.022823783 
129 25 16 20 0.022818072 
698 142 74 89 0.022784872 
658 144 76 91 0.02263664 
233 80 84 100 0.022349793 
635 182 28 35 0.022313775 
948 250 64 89 0.022297436 
951 8 17 20 0.022208566 
921 3 19 21 0.022186399 
719 332 15 19 0.022165263 
384 255 18 22 0.022075443 
8 150 19 25 0.021932516 
158 157 17 20 0.021849746 
846 661 96 79 0.02182334 
34 0 17 19 0.021806106 
904 28 18 20 0.021722175 
107 5 17 19 0.021716405 
508 147 27 34 0.021648796 
258 1 16 19 0.021575496 
85 142 47 59 0.021503842 
842 102 17 21 0.021441244 
511 334 23 29 0.02135882 
719 105 16 19 0.021307241 
6 80 17 22 0.02117447 
891 334 20 24 0.021157 
227 98 29 37 0.021123102 
981 296 22 30 0.021120561 
830 103 18 21 0.021072522 
825 335 20 26 0.020912647 
689 171 27 36 0.02088738 
798 101 17 21 0.020747663 
417 433 21 25 0.020725284 
776 135 16 19 0.020662704 
339 25 17 19 0.020626796 
898 148 18 23 0.020407917 
931 256 19 23 0.020385984 
825 1 18 21 0.020352218 
591 125 119 138 0.020332877 
492 276 20 24 0.02031605 
753 172 50 64 0.020266598 
749 79 17 21 0.020167751 
133 71 28 35 0.020133546 
5 44 17 24 0.020108575 
822 155 16 19 0.020100364 
