35_Basketball_playingbasketball_35_555
24
387 23 80 100 0.9927188 
527 41 111 118 0.98600036 
838 217 77 83 0.13402264 
811 160 117 139 0.11743087 
284 170 77 111 0.11729696 
762 61 217 268 0.04221593 
888 240 31 44 0.036892645 
486 59 37 49 0.03600481 
750 535 350 362 0.03126695 
422 38 67 85 0.029697971 
865 123 29 32 0.028541822 
574 311 694 745 0.02748366 
760 181 82 99 0.027390806 
760 246 35 46 0.02535363 
816 153 80 87 0.023745362 
977 37 30 57 0.023174051 
331 519 367 363 0.022768902 
-67 517 355 362 0.022518912 
600 44 72 101 0.021864433 
473 71 62 79 0.020723619 
303 681 42 42 0.02057384 
754 208 47 64 0.020355484 
502 93 68 97 0.020024376 
-221 297 699 751 0.020020228 
