35_Basketball_playingbasketball_35_3
27
815 115 74 91 0.9978884 
277 26 76 93 0.99776864 
508 99 54 69 0.97076935 
384 153 32 37 0.06608455 
398 163 43 47 0.036183823 
-65 523 360 363 0.03614109 
486 112 46 59 0.035545632 
892 623 51 58 0.03523215 
399 151 31 36 0.03368966 
249 272 268 335 0.032771036 
23 219 76 92 0.032069534 
0 223 21 30 0.02726336 
165 632 58 54 0.02715025 
2 211 21 28 0.027120579 
941 371 26 32 0.026865128 
156 447 365 382 0.02666473 
756 502 338 376 0.023629595 
298 472 368 378 0.02224156 
278 -4 32 36 0.021542475 
465 119 40 51 0.021357113 
-212 297 726 749 0.021109432 
263 -7 69 74 0.020386904 
534 513 361 366 0.020356702 
29 232 23 29 0.020325476 
401 191 44 50 0.0203225 
765 655 25 31 0.020304484 
19 246 47 68 0.020044552 
