35_Basketball_basketballgame_ball_35_133
21
335 101 168 206 0.99982435 
113 44 154 181 0.9973437 
737 99 202 293 0.9956922 
682 76 122 173 0.27312315 
121 83 79 97 0.04839167 
170 77 97 108 0.040511444 
554 224 75 99 0.040209427 
88 257 77 88 0.03939783 
9 355 23 32 0.030240644 
101 90 62 79 0.029898431 
39 81 40 56 0.02873448 
563 11 64 83 0.026243342 
741 524 352 366 0.025951894 
618 24 208 295 0.025877664 
-229 322 710 695 0.025769273 
681 133 78 103 0.023868555 
4 369 35 49 0.023519605 
67 93 40 55 0.02262017 
411 127 93 140 0.022245398 
10 342 38 53 0.021364221 
-66 500 361 350 0.021042729 
