35_Basketball_Basketball_35_579
171
901 94 49 65 0.93411773 
412 347 24 31 0.73539233 
730 296 48 58 0.53650576 
265 529 23 30 0.49776635 
856 146 46 59 0.3356454 
83 95 23 30 0.15019783 
207 184 19 23 0.11897737 
482 570 22 27 0.083949186 
543 257 22 27 0.080596454 
30 637 17 23 0.076765686 
960 172 52 80 0.07629883 
75 603 20 26 0.07297014 
964 456 42 55 0.070488736 
410 468 30 39 0.069804125 
227 418 19 22 0.06770056 
536 303 21 25 0.067340985 
690 197 28 37 0.06691518 
207 209 19 25 0.06084322 
454 283 25 30 0.058974065 
509 72 21 28 0.058821704 
27 692 23 28 0.05336906 
211 222 19 25 0.052402854 
456 145 23 29 0.052315727 
454 132 23 28 0.050153665 
163 226 19 24 0.049289215 
275 166 547 720 0.049010437 
102 694 18 25 0.047951285 
31 621 18 24 0.04764281 
877 113 59 80 0.047061127 
178 233 18 23 0.044624913 
233 432 18 23 0.044493847 
445 402 21 26 0.04416947 
104 670 19 23 0.043453258 
56 763 25 33 0.04345019 
31 705 24 30 0.04257213 
455 401 23 29 0.0425699 
176 692 21 24 0.041813742 
227 613 19 25 0.04005417 
273 517 25 33 0.039994113 
111 174 19 24 0.03958489 
445 147 19 26 0.039192222 
328 387 20 25 0.038089808 
419 449 36 47 0.037775367 
30 140 39 50 0.03751066 
718 306 337 459 0.037170716 
390 407 20 24 0.03695094 
459 544 19 25 0.0359909 
44 131 22 27 0.03590782 
463 226 20 25 0.03583654 
853 587 25 31 0.035781067 
58 666 19 23 0.035760343 
23 669 19 24 0.03488071 
416 432 23 28 0.034594353 
805 167 40 47 0.034506984 
159 209 18 22 0.034283735 
58 615 18 22 0.033813883 
131 688 20 23 0.033790052 
586 353 22 29 0.033283893 
929 123 60 80 0.0326675 
317 389 21 25 0.03189092 
53 640 19 23 0.03158359 
543 277 21 27 0.031323165 
35 152 23 30 0.030902712 
512 58 20 25 0.030749587 
467 558 20 25 0.030387491 
433 438 21 28 0.029784922 
409 412 19 24 0.029753396 
801 142 49 58 0.029327663 
219 411 32 39 0.02891471 
42 171 29 35 0.028558344 
467 102 20 25 0.02841325 
467 81 20 24 0.02839028 
791 573 57 64 0.028208958 
614 283 24 29 0.027880058 
443 513 19 27 0.027863791 
696 279 25 33 0.027529387 
510 602 24 33 0.026932003 
545 584 25 33 0.026853813 
592 125 21 27 0.026696099 
56 745 22 28 0.026602829 
454 299 25 29 0.026332272 
334 437 22 27 0.026231576 
468 31 19 22 0.025769537 
444 537 18 23 0.025738452 
564 304 20 26 0.025335422 
49 193 29 35 0.025215266 
787 644 45 58 0.025214676 
490 120 22 29 0.02510953 
865 380 25 33 0.024952484 
379 304 20 24 0.024649872 
25 769 25 34 0.024461929 
250 518 42 54 0.024421934 
148 532 22 26 0.024348198 
391 438 20 26 0.024270328 
593 299 21 27 0.02407045 
567 337 20 26 0.024043722 
98 687 32 42 0.024030795 
429 355 21 27 0.023886528 
380 33 20 23 0.02377369 
154 693 22 23 0.023671633 
947 404 25 37 0.023600223 
711 180 27 33 0.02355083 
802 354 24 30 0.023549017 
314 515 22 29 0.023381814 
520 30 19 23 0.023146128 
361 358 21 26 0.023064442 
394 590 21 27 0.023044217 
715 310 48 57 0.02303641 
989 182 25 34 0.022895828 
233 593 21 26 0.022806548 
124 178 18 22 0.022800809 
698 191 41 53 0.022786753 
102 614 17 24 0.02260467 
848 151 35 43 0.022596836 
685 226 61 77 0.022403203 
177 463 21 26 0.022402853 
81 671 17 23 0.022341996 
35 130 21 26 0.02230631 
489 142 579 773 0.022284659 
572 354 19 26 0.02214285 
868 621 39 52 0.022130886 
214 637 18 23 0.022066554 
50 691 20 25 0.022022378 
102 706 20 28 0.021890873 
103 645 17 21 0.021865934 
21 217 41 54 0.021851227 
542 334 19 22 0.02180028 
179 519 19 24 0.021752752 
446 302 21 26 0.02172215 
556 588 24 31 0.021697769 
159 221 31 38 0.021631498 
180 531 21 25 0.021621829 
460 449 24 32 0.021593874 
804 461 44 52 0.021586671 
175 622 22 26 0.021409761 
134 534 22 27 0.02136478 
206 305 20 26 0.021338744 
539 156 21 26 0.021301642 
921 375 63 89 0.021298831 
390 153 19 22 0.021288391 
942 420 61 86 0.021224283 
76 172 21 28 0.021197876 
157 181 19 23 0.021172652 
405 541 20 27 0.02110573 
449 606 37 46 0.020961974 
355 435 22 27 0.020938948 
126 671 20 23 0.02090106 
390 458 23 29 0.020892428 
407 368 33 42 0.020877006 
401 434 66 85 0.020843107 
390 534 22 30 0.020764709 
744 54 20 24 0.020681709 
589 235 20 25 0.020661267 
98 664 31 38 0.020618614 
84 690 17 24 0.02060583 
797 146 29 36 0.020582149 
210 253 19 24 0.020563629 
536 377 348 422 0.020502534 
364 302 22 25 0.020494517 
26 631 30 39 0.020493267 
28 738 22 27 0.020485526 
28 119 68 93 0.020448955 
208 533 22 26 0.020429023 
123 682 39 44 0.02033487 
188 185 17 21 0.020299248 
57 104 19 25 0.020289393 
528 560 53 72 0.020245116 
544 201 20 25 0.020224892 
22 736 40 53 0.020149656 
331 406 21 25 0.020064065 
79 85 20 27 0.020041032 
