35_Basketball_playingbasketball_35_511
21
358 333 22 26 0.05716309 
548 302 19 22 0.03802241 
11 329 19 27 0.029115917 
557 305 17 21 0.027866801 
563 335 19 23 0.02687524 
352 320 38 45 0.025174392 
365 283 17 20 0.024785314 
180 76 73 88 0.023714298 
85 51 19 22 0.023652744 
284 340 20 22 0.023641743 
547 286 19 24 0.023261236 
408 276 17 20 0.02273968 
61 46 156 187 0.022607086 
100 51 19 24 0.022229485 
393 282 17 20 0.02156827 
111 70 74 97 0.021348165 
410 264 18 22 0.021158176 
567 201 24 30 0.02083299 
232 530 28 32 0.02080278 
569 183 23 27 0.020567909 
31 51 16 22 0.02053399 
