8_Election_Campain_Election_Campaign_8_157
145
163 420 35 45 0.57822686 
214 452 27 33 0.38648412 
272 434 23 31 0.30145076 
312 454 22 28 0.14954643 
622 415 22 26 0.133653 
455 385 24 30 0.11359054 
-2 464 22 37 0.109327696 
340 328 20 26 0.103863016 
898 225 20 25 0.10005919 
898 209 22 27 0.09011941 
953 206 18 22 0.08612646 
434 454 18 23 0.08420559 
542 512 25 32 0.07394067 
412 457 18 22 0.067613244 
309 438 23 31 0.06650356 
432 443 19 25 0.06489729 
685 510 27 32 0.06314454 
359 435 20 26 0.06255126 
644 435 18 22 0.0617382 
949 228 19 24 0.06124943 
386 406 20 27 0.059431102 
392 462 19 24 0.054740086 
490 440 19 25 0.05458317 
328 460 21 27 0.05306057 
970 209 17 23 0.052473098 
336 434 21 28 0.05203819 
415 438 19 23 0.05092001 
542 436 17 22 0.050412945 
443 383 24 30 0.048271317 
308 484 26 31 0.048027772 
924 253 18 23 0.047038637 
334 308 19 26 0.0454828 
228 440 22 28 0.043780573 
332 566 26 32 0.043133546 
668 437 17 20 0.042915735 
463 461 20 25 0.042099707 
362 380 22 28 0.04143252 
514 436 18 22 0.04080822 
361 460 21 27 0.040568575 
492 455 19 24 0.040197853 
384 389 21 28 0.040043335 
572 437 19 25 0.039796732 
746 528 352 373 0.038860053 
204 440 25 34 0.03865418 
388 432 18 23 0.03854634 
774 437 17 21 0.037833173 
311 306 21 29 0.036656633 
800 334 18 22 0.03662524 
847 324 18 23 0.036220554 
726 415 18 22 0.03612259 
830 106 37 56 0.03476485 
412 412 20 24 0.034286905 
360 406 20 26 0.034064807 
468 440 19 24 0.03347538 
491 415 19 23 0.033361327 
278 294 27 37 0.03328402 
483 110 94 113 0.033006076 
925 233 18 23 0.032930158 
509 460 18 22 0.032271255 
207 473 36 44 0.031896666 
283 454 22 28 0.031334907 
588 409 18 23 0.031289008 
621 427 21 26 0.031203305 
-69 521 370 356 0.031061249 
338 411 22 29 0.030738194 
363 360 21 27 0.030325847 
255 424 43 55 0.030154984 
672 466 22 26 0.029698515 
462 400 22 28 0.029281344 
614 481 21 26 0.028737333 
615 464 19 24 0.028591845 
209 330 22 28 0.028538447 
427 66 100 122 0.028323706 
571 413 17 22 0.028293846 
-215 285 728 744 0.028192766 
971 225 18 24 0.02816717 
258 327 25 33 0.02802405 
310 328 22 30 0.027717244 
801 358 20 24 0.027583862 
512 415 17 23 0.027541265 
341 286 20 26 0.027451532 
586 438 19 26 0.027296878 
952 191 18 21 0.02670614 
569 327 685 736 0.026590658 
803 383 20 23 0.026515737 
774 330 16 21 0.026443098 
228 507 22 29 0.026264872 
571 455 20 26 0.026100386 
358 336 19 24 0.026096856 
980 287 20 26 0.025991483 
543 457 18 23 0.025973132 
459 480 21 26 0.025851324 
589 542 24 30 0.02558167 
947 249 19 25 0.025325812 
414 387 20 26 0.02532167 
440 282 21 25 0.02523555 
947 205 31 38 0.02522798 
178 382 25 33 0.025175823 
383 486 20 27 0.025121791 
924 284 18 22 0.02500067 
320 472 35 43 0.024751399 
544 413 16 22 0.024618516 
791 491 21 23 0.024507113 
812 126 40 57 0.0244585 
296 558 72 91 0.024426606 
202 297 22 31 0.024030268 
588 456 21 27 0.023894234 
121 332 74 71 0.02367525 
281 323 25 33 0.023498422 
209 444 44 54 0.02336401 
393 615 19 23 0.023353435 
920 208 18 22 0.023278736 
983 301 17 22 0.023127746 
107 617 19 25 0.023040732 
441 486 20 24 0.023014184 
363 562 22 27 0.022907535 
437 591 20 25 0.022860661 
635 426 31 38 0.022584777 
519 47 144 161 0.0221146 
840 106 23 32 0.021950936 
903 253 18 23 0.02190974 
196 535 57 76 0.021905107 
542 491 20 26 0.021880591 
301 486 40 49 0.021827478 
363 481 23 29 0.021809038 
382 562 20 27 0.021806223 
865 460 17 20 0.021665653 
229 537 19 24 0.021639034 
37 95 58 100 0.021594165 
747 363 19 23 0.021138396 
793 440 17 20 0.021062952 
672 477 24 29 0.020945467 
262 296 26 36 0.020685498 
72 660 24 29 0.020640042 
905 331 17 21 0.02063973 
990 5 25 32 0.020627758 
261 452 21 28 0.020484872 
926 303 17 21 0.020468209 
799 410 17 20 0.020346131 
412 513 23 27 0.02030956 
597 511 21 26 0.020184828 
569 378 20 27 0.020168638 
723 436 16 19 0.020159919 
749 380 19 22 0.02014171 
477 -19 166 174 0.020116989 
