8_Election_Campain_Election_Campaign_8_32
153
468 280 27 34 0.9507456 
560 302 25 33 0.9287085 
619 286 24 32 0.9008059 
872 283 25 32 0.86812854 
794 285 23 30 0.76868296 
664 275 23 28 0.7620687 
363 289 24 30 0.7280273 
108 241 28 34 0.7279093 
224 266 26 32 0.6428063 
726 279 22 27 0.6139495 
957 276 22 29 0.3885713 
915 269 26 32 0.37725034 
311 283 28 36 0.35275578 
583 250 24 30 0.17994276 
634 280 24 31 0.15334617 
36 260 20 28 0.1499428 
467 294 24 33 0.1372736 
696 252 20 27 0.1311261 
772 261 21 28 0.12776054 
773 275 21 28 0.1137098 
796 263 22 28 0.10467295 
688 279 20 25 0.10281015 
431 326 25 34 0.094076194 
990 252 23 31 0.08347204 
967 278 22 29 0.08288911 
277 272 41 54 0.08187861 
719 260 21 27 0.07551847 
354 327 24 31 0.074018486 
587 236 23 29 0.06087318 
386 337 23 29 0.060286805 
619 252 24 29 0.058875635 
901 272 25 33 0.058444712 
216 258 25 35 0.05748759 
637 256 24 30 0.057319432 
561 286 26 34 0.055797536 
44 263 23 28 0.05330935 
952 263 22 29 0.053026553 
659 258 31 40 0.05247155 
593 280 22 28 0.051479567 
849 279 22 27 0.049806 
114 508 19 21 0.04977737 
384 350 24 30 0.049756855 
821 255 21 27 0.049698085 
416 331 23 29 0.047997892 
590 370 34 42 0.044803258 
609 274 42 54 0.043873686 
328 300 21 28 0.041694224 
255 273 26 34 0.040986504 
872 258 23 29 0.04069516 
254 251 26 35 0.039315782 
815 510 20 23 0.039280646 
686 -7 101 71 0.03917466 
979 254 22 30 0.039023228 
356 374 29 36 0.038990233 
283 376 23 28 0.038786016 
124 506 18 21 0.03771812 
846 256 22 28 0.03677744 
844 233 21 25 0.036725495 
280 251 29 38 0.036393113 
744 257 19 25 0.035978112 
905 259 24 32 0.035595745 
473 514 18 20 0.03537817 
903 260 46 56 0.034796987 
357 359 26 32 0.03430876 
865 270 43 53 0.033987433 
549 305 21 29 0.033541415 
876 512 20 22 0.033435516 
724 299 22 27 0.032775167 
1 279 19 27 0.032482665 
420 513 17 19 0.031944815 
327 508 18 21 0.031634357 
780 271 41 55 0.031551164 
556 374 29 38 0.03150504 
818 302 21 26 0.03133042 
241 507 18 23 0.031159546 
154 504 18 21 0.031121362 
261 362 22 29 0.030971719 
553 345 36 45 0.030799339 
739 301 21 27 0.03073338 
388 491 17 22 0.030364469 
176 355 24 31 0.030175196 
318 509 18 21 0.030068718 
544 354 25 33 0.030060006 
133 530 23 27 0.029991055 
692 240 20 25 0.02932146 
282 295 29 37 0.029257817 
817 280 21 28 0.029138256 
568 248 26 31 0.028892826 
321 -5 82 57 0.028857034 
613 238 22 28 0.028318245 
280 364 23 29 0.028170213 
775 304 21 26 0.028169457 
346 286 45 54 0.027919378 
694 305 20 26 0.02742723 
384 381 27 33 0.027403113 
607 376 23 30 0.027082741 
157 253 22 28 0.027045049 
544 232 23 29 0.026994545 
644 237 22 27 0.026889473 
688 353 37 44 0.026885208 
284 507 17 20 0.026876377 
432 512 17 19 0.02685337 
526 416 35 47 0.026727572 
200 492 16 20 0.026566496 
29 232 20 28 0.02613257 
806 512 18 21 0.026059814 
742 237 20 25 0.026056338 
588 350 33 41 0.025968825 
261 375 22 29 0.025670273 
491 328 25 30 0.02563836 
993 490 17 23 0.02557082 
823 236 20 24 0.025402918 
663 383 27 34 0.025353314 
156 233 23 27 0.025192013 
257 235 24 29 0.024961703 
820 383 23 28 0.024936577 
565 233 25 30 0.024838416 
480 511 18 21 0.024807917 
240 492 18 22 0.024784865 
386 427 27 35 0.024400184 
284 492 17 20 0.024363296 
191 492 16 19 0.024358876 
870 230 22 28 0.02430851 
505 331 23 29 0.023945358 
183 534 20 24 0.02354293 
252 277 62 73 0.023246082 
254 508 17 21 0.023160897 
294 315 37 47 0.023102794 
591 335 22 29 0.023010984 
178 252 24 30 0.022946112 
380 303 22 26 0.022856878 
542 373 26 35 0.022756068 
699 510 17 20 0.02262835 
388 509 17 20 0.022508984 
265 335 57 71 0.022497721 
283 411 21 25 0.022343526 
364 532 21 26 0.022122057 
305 328 21 28 0.022121172 
412 346 32 40 0.021681504 
382 397 37 48 0.021402653 
513 280 23 28 0.021399332 
343 329 21 28 0.021166004 
412 491 17 20 0.021164719 
562 319 24 31 0.021162981 
441 489 18 21 0.021035993 
692 377 26 33 0.021003945 
414 532 21 25 0.020579938 
952 236 22 27 0.020510746 
76 508 17 21 0.020375576 
317 490 17 20 0.020276394 
546 333 22 30 0.02017463 
335 381 24 32 0.020114413 
314 533 21 25 0.020014135 
