8_Election_Campain_Election_Campaign_8_76
90
17 288 41 50 0.9718884 
614 274 29 38 0.97112954 
841 273 40 49 0.9668792 
344 298 33 41 0.95219886 
516 250 30 39 0.94861573 
414 280 32 42 0.9397892 
642 233 32 40 0.9159398 
256 283 36 46 0.9152427 
154 304 34 42 0.8852191 
359 231 26 34 0.8842003 
69 308 37 48 0.8447462 
710 226 26 36 0.7263015 
683 292 35 43 0.71137714 
778 281 35 45 0.58231866 
707 302 38 46 0.55347806 
445 227 34 43 0.54006475 
298 223 25 32 0.49878743 
198 300 33 42 0.40349427 
556 260 28 35 0.3331029 
385 229 24 31 0.14322497 
168 300 32 42 0.14242308 
32 293 43 51 0.11809172 
207 230 24 31 0.10746748 
481 297 36 43 0.09031513 
498 390 40 47 0.06578217 
207 282 28 34 0.06482059 
593 226 24 31 0.05993313 
234 229 23 29 0.05714413 
403 229 23 30 0.05487182 
-1 512 23 35 0.051026046 
170 316 34 43 0.04953204 
495 101 22 27 0.04766178 
156 92 28 33 0.040417153 
636 107 25 28 0.040275395 
516 233 27 34 0.040159307 
933 313 45 53 0.040153608 
234 207 22 26 0.038251903 
942 328 27 32 0.03535847 
300 210 26 32 0.035056915 
255 252 27 34 0.03411169 
843 259 32 38 0.03365608 
671 293 30 38 0.031542715 
507 100 23 28 0.030808564 
252 231 24 30 0.030485991 
614 258 26 36 0.03008317 
740 197 28 35 0.029953787 
360 207 25 31 0.029486353 
732 292 40 51 0.029397016 
408 259 26 32 0.029374223 
339 227 23 29 0.029346652 
657 244 26 34 0.028982468 
613 224 24 33 0.027773924 
456 104 21 26 0.026739782 
350 284 31 38 0.026253227 
612 210 23 30 0.025703812 
306 250 24 30 0.025624149 
313 103 22 26 0.025373254 
787 255 27 35 0.02508486 
715 243 26 33 0.024991466 
791 182 26 31 0.024809567 
594 209 23 29 0.02471057 
205 203 24 30 0.024367115 
5 298 32 40 0.023990177 
0 61 25 40 0.02396516 
387 248 23 31 0.023536824 
536 262 32 39 0.023226073 
666 106 22 26 0.023063475 
382 105 22 26 0.022990359 
972 478 32 43 0.022927305 
20 -6 146 143 0.022852559 
207 249 25 32 0.022393225 
252 202 23 29 0.021814326 
564 231 23 30 0.021765154 
695 124 23 26 0.021731297 
133 98 23 27 0.021719009 
640 205 26 33 0.02165631 
405 344 40 49 0.021525323 
988 709 27 36 0.021468284 
922 259 82 95 0.021402095 
383 208 23 29 0.021400591 
786 195 29 36 0.021348812 
791 102 25 27 0.021275265 
588 105 22 25 0.021150649 
177 96 23 27 0.02097607 
288 207 27 34 0.020921819 
79 286 25 32 0.020727683 
248 374 42 51 0.02064221 
903 175 22 27 0.02056777 
441 104 23 28 0.020352732 
664 206 23 30 0.020085983 
