8_Election_Campain_Election_Campaign_8_347
42
205 124 37 49 0.8181099 
744 156 36 48 0.538598 
775 666 40 52 0.13316858 
20 568 21 26 0.09954494 
227 649 54 57 0.09688063 
960 586 17 21 0.08020239 
967 586 19 24 0.064582765 
923 568 18 22 0.06456712 
920 582 18 23 0.050459426 
155 557 23 27 0.048684895 
971 570 18 22 0.04571551 
992 609 21 30 0.03948932 
958 619 20 25 0.03658844 
957 635 23 31 0.03588337 
956 570 16 20 0.035316095 
153 543 24 28 0.033316404 
955 581 29 39 0.033273403 
299 615 23 30 0.032356884 
965 624 33 54 0.029518675 
967 712 27 31 0.028104031 
333 482 22 28 0.026467703 
747 608 23 28 0.02633014 
927 546 18 22 0.025830898 
955 596 60 89 0.025329119 
849 568 20 26 0.024872653 
333 464 24 29 0.024760325 
145 85 43 53 0.024246443 
898 585 19 26 0.024070157 
44 644 23 30 0.023962215 
919 638 21 26 0.023853762 
88 77 53 60 0.023545975 
973 614 20 28 0.02229492 
892 489 17 22 0.022036195 
132 560 23 26 0.021880338 
73 569 74 93 0.02129043 
766 636 55 72 0.021151485 
333 502 23 31 0.020865425 
173 558 22 28 0.020794045 
975 650 27 40 0.02078242 
62 616 20 28 0.020611575 
37 114 44 53 0.020556852 
175 543 21 26 0.02023336 
