8_Election_Campain_Election_Campaign_8_452
111
785 327 82 93 0.99141663 
642 296 72 78 0.9682437 
424 385 50 63 0.94108766 
76 446 44 51 0.90943444 
972 401 35 58 0.72554725 
365 404 42 49 0.35678852 
159 451 32 43 0.23199438 
252 422 32 41 0.17210956 
476 538 49 61 0.1689305 
523 379 34 49 0.15403312 
8 424 21 35 0.11526848 
56 404 23 28 0.108133525 
70 406 26 31 0.103715606 
679 529 55 53 0.09723065 
81 525 27 36 0.078292355 
157 433 24 32 0.07818591 
329 359 28 34 0.078032985 
147 467 33 44 0.07618498 
18 427 21 29 0.0730187 
322 365 38 50 0.07041161 
60 439 24 31 0.066001095 
202 377 21 28 0.06556362 
60 444 37 47 0.063780844 
172 437 27 33 0.058787487 
54 387 21 26 0.05782032 
31 360 18 26 0.057353705 
271 402 35 44 0.054238312 
27 378 19 26 0.04815582 
186 576 27 37 0.04797021 
185 378 21 27 0.046609517 
82 386 21 25 0.04632945 
907 586 51 51 0.046051618 
152 329 20 26 0.045619544 
263 363 25 31 0.040583417 
247 398 44 57 0.03945927 
646 353 56 66 0.039455105 
151 384 19 25 0.038464684 
107 411 24 28 0.03771513 
1 451 23 37 0.037327923 
318 319 36 44 0.035909392 
232 411 26 34 0.035106357 
203 539 29 40 0.034516286 
4 380 20 29 0.034074802 
636 329 55 62 0.034014676 
818 412 55 62 0.033762816 
313 377 25 31 0.033427604 
16 467 37 53 0.033207 
2 208 20 30 0.033168297 
201 454 25 33 0.032233275 
112 451 37 46 0.03204968 
21 413 20 28 0.031975295 
428 413 39 48 0.03194742 
257 370 36 48 0.031752676 
1 412 45 67 0.03152944 
270 419 39 49 0.031524114 
203 364 22 28 0.031508576 
153 412 21 27 0.03130382 
24 457 24 33 0.03106106 
315 356 23 30 0.030637782 
310 432 27 34 0.030636977 
90 438 35 43 0.030175636 
316 329 23 29 0.029534398 
749 531 352 366 0.029495785 
23 527 39 50 0.029120117 
0 465 35 56 0.028884247 
256 326 22 27 0.028786026 
3 501 25 37 0.028654024 
-64 514 362 365 0.027773181 
53 340 20 24 0.027518567 
232 419 35 46 0.027356619 
89 583 85 87 0.026869692 
383 469 39 47 0.026843173 
717 448 73 93 0.02671832 
275 360 22 28 0.026713032 
183 363 21 26 0.026528277 
14 490 40 52 0.026291814 
377 384 41 53 0.026145192 
306 406 25 33 0.025841437 
173 545 51 73 0.025830563 
977 386 28 37 0.024802113 
144 424 49 63 0.024607273 
516 392 29 42 0.024587434 
762 446 59 81 0.024490664 
960 460 39 57 0.024274278 
306 445 37 46 0.023923801 
51 356 20 26 0.023657875 
146 405 34 45 0.023242086 
464 104 23 34 0.023151038 
142 325 34 42 0.023108395 
-9 428 46 78 0.023070304 
128 412 21 27 0.022899564 
197 360 35 46 0.022645168 
0 331 19 28 0.022641068 
575 299 675 734 0.022623505 
258 312 22 27 0.022592895 
99 386 20 24 0.022413632 
939 432 52 75 0.022043282 
69 512 50 61 0.021367963 
-209 326 687 722 0.021359347 
803 371 75 86 0.021272738 
166 464 39 49 0.021272117 
157 358 20 25 0.021204002 
1 160 19 27 0.021103255 
933 628 47 53 0.021066263 
205 438 23 29 0.02072603 
455 73 64 102 0.020582268 
130 432 24 30 0.020380545 
592 407 57 77 0.020346602 
44 526 38 48 0.020267492 
583 419 42 59 0.020237755 
254 440 38 50 0.020191753 
