8_Election_Campain_Election_Campaign_8_412
998
427 425 31 38 0.9277861 
811 428 25 32 0.84160817 
745 203 22 29 0.79085636 
698 459 27 35 0.7468069 
969 534 34 45 0.74555063 
569 226 23 30 0.7430914 
546 144 26 32 0.7261208 
273 257 24 32 0.7223909 
974 428 32 43 0.70819235 
488 580 31 39 0.684725 
771 440 24 31 0.6690103 
813 140 22 28 0.663304 
462 254 26 31 0.6186954 
669 125 21 26 0.6160344 
769 605 30 38 0.5822977 
811 358 22 28 0.5812093 
341 173 20 25 0.5767527 
337 272 23 29 0.5727864 
283 101 18 24 0.56175697 
865 462 26 33 0.5614665 
508 180 23 30 0.5449847 
904 593 38 46 0.53809726 
770 333 22 29 0.50127554 
733 504 24 31 0.4955507 
361 236 23 29 0.49313593 
617 296 23 29 0.49150157 
903 360 24 31 0.48929563 
296 562 41 57 0.47958893 
250 172 21 26 0.4700427 
174 252 21 26 0.452133 
713 312 22 28 0.44557694 
348 404 32 37 0.43647084 
798 227 21 27 0.42479357 
489 258 26 33 0.4131968 
668 247 23 28 0.4131097 
381 598 27 36 0.4086208 
989 323 23 34 0.40704823 
622 155 22 26 0.40694737 
356 492 36 42 0.40295824 
976 260 23 32 0.3992802 
333 406 30 36 0.3898455 
392 152 19 23 0.378151 
633 385 25 31 0.3692817 
414 228 23 28 0.3609981 
553 557 39 52 0.35795164 
505 483 23 30 0.34849688 
894 303 21 26 0.34520715 
640 430 30 38 0.3356067 
250 535 25 33 0.32038778 
540 134 24 31 0.31801844 
645 305 23 29 0.3162035 
436 133 20 26 0.31494662 
722 121 19 24 0.3118352 
660 200 21 28 0.31132713 
700 204 22 27 0.31024703 
793 278 22 28 0.30715185 
354 126 20 24 0.3018688 
275 548 42 58 0.29282603 
21 514 23 33 0.28421766 
135 308 23 29 0.27254704 
792 250 22 28 0.2681972 
891 227 20 26 0.26593998 
947 100 19 23 0.2642808 
745 183 21 27 0.25982773 
768 129 18 23 0.2586105 
968 211 19 25 0.2535601 
844 314 21 26 0.24921532 
206 154 18 22 0.24769379 
839 326 21 27 0.2437331 
656 430 28 36 0.2388002 
871 356 23 29 0.23873721 
106 351 25 32 0.22843905 
664 324 23 30 0.22824751 
537 307 22 29 0.22520308 
796 434 25 32 0.22154473 
210 510 23 30 0.22023779 
405 71 18 23 0.21916851 
77 179 18 22 0.21806051 
634 158 20 26 0.21164234 
690 127 18 23 0.21154635 
721 109 17 22 0.2115384 
869 579 29 35 0.21055384 
853 74 19 24 0.20795423 
490 150 21 25 0.205959 
27 524 25 34 0.20412318 
834 628 29 35 0.20328775 
632 532 26 34 0.20295492 
925 307 20 26 0.20199369 
955 199 20 24 0.20121813 
157 559 23 29 0.19348033 
942 326 23 29 0.19325405 
921 183 19 25 0.19265054 
594 132 20 25 0.1924211 
382 280 29 37 0.18639429 
391 174 19 24 0.1832634 
161 163 18 23 0.18206687 
336 162 19 23 0.1786876 
866 181 19 24 0.17828596 
798 210 21 26 0.1778185 
158 172 18 23 0.17446552 
712 208 20 26 0.17378376 
762 226 21 28 0.17035545 
127 402 24 29 0.17028281 
495 477 26 32 0.17008682 
309 151 18 22 0.16928233 
374 408 25 33 0.16586316 
2 148 21 30 0.16482078 
177 383 23 31 0.16466084 
243 175 18 23 0.16383816 
853 460 23 29 0.16167027 
622 388 23 29 0.16084456 
468 32 16 18 0.15955906 
233 83 18 22 0.1581189 
923 205 19 24 0.15810518 
98 338 22 27 0.15800118 
430 101 18 24 0.15737481 
948 186 20 24 0.15601039 
925 529 25 32 0.15533476 
391 102 18 23 0.15389991 
431 607 24 32 0.15307541 
251 162 20 24 0.15258998 
944 406 23 32 0.15198049 
106 275 24 32 0.15131707 
667 107 18 24 0.15086967 
802 146 20 25 0.15078346 
468 85 19 24 0.14984253 
405 375 22 29 0.14763337 
672 181 22 27 0.14680982 
636 79 18 23 0.14430054 
776 150 19 24 0.14418909 
406 209 20 26 0.14392082 
155 123 18 22 0.14390548 
614 176 21 26 0.14330673 
804 133 21 26 0.1432526 
509 195 22 28 0.14324 
812 538 32 40 0.14214873 
409 61 18 22 0.14214447 
621 402 24 29 0.13902321 
387 74 18 22 0.13829361 
242 127 17 21 0.1377564 
439 283 23 31 0.1375334 
658 312 26 31 0.13676742 
166 253 20 24 0.13511735 
81 538 25 33 0.13318141 
917 224 23 29 0.1326361 
11 274 19 27 0.13249066 
180 159 19 24 0.13170151 
455 564 30 37 0.13153759 
619 80 18 22 0.13138203 
226 373 24 32 0.12948598 
649 207 20 26 0.12843725 
314 136 18 23 0.12829368 
617 252 21 28 0.12736557 
315 409 23 30 0.12682211 
992 130 19 27 0.12681454 
518 23 16 19 0.12497121 
341 106 18 23 0.124504544 
230 100 18 22 0.12395306 
433 149 20 24 0.12330055 
761 203 22 28 0.12268191 
337 77 18 22 0.12230557 
748 104 17 21 0.12221137 
698 101 18 22 0.12202887 
416 101 19 24 0.12173648 
102 553 25 33 0.12126094 
337 125 17 22 0.12123355 
237 161 18 22 0.12044615 
465 94 19 25 0.11986183 
765 349 20 27 0.11975915 
320 574 36 49 0.11945052 
204 232 19 24 0.11897726 
766 105 17 22 0.118614264 
211 202 18 23 0.11737659 
369 56 17 21 0.11722909 
276 227 24 29 0.114771955 
842 108 19 24 0.11473998 
417 134 20 25 0.11467707 
827 334 21 26 0.11421897 
566 105 20 26 0.114039555 
747 124 18 23 0.113925904 
924 513 24 32 0.113109395 
874 473 28 34 0.11282157 
441 183 20 26 0.11280333 
229 361 25 31 0.11229576 
281 27 16 19 0.1120446 
382 296 30 38 0.11203412 
159 72 17 21 0.11158934 
539 107 22 26 0.11117242 
390 133 19 24 0.111143254 
205 543 24 30 0.110089794 
956 156 18 23 0.109701306 
286 84 18 21 0.10908013 
83 128 20 24 0.10883446 
589 389 22 29 0.10859087 
351 180 19 24 0.10853099 
493 223 21 27 0.10748613 
179 232 21 26 0.10726313 
787 328 21 26 0.10693375 
130 102 17 20 0.10613614 
746 77 17 22 0.10556267 
615 132 19 25 0.105226845 
108 225 21 26 0.10486294 
444 197 19 25 0.104733415 
947 635 34 38 0.10464467 
206 180 17 23 0.10445546 
593 77 19 22 0.104241505 
212 259 19 24 0.104207985 
540 556 31 42 0.10412122 
541 573 38 53 0.10402016 
570 53 17 21 0.10382026 
691 154 20 24 0.1034813 
825 102 20 24 0.10346469 
493 135 20 26 0.10279683 
752 351 19 26 0.10270381 
513 425 27 35 0.102333836 
647 324 22 28 0.102295384 
971 220 21 26 0.10223733 
773 592 27 33 0.10214029 
512 403 27 34 0.10163002 
564 208 23 28 0.10146252 
582 223 21 27 0.10092237 
149 108 18 21 0.10076953 
179 128 18 23 0.10050207 
127 159 17 22 0.10014089 
618 234 20 26 0.09975709 
409 146 19 26 0.09964468 
386 58 17 21 0.09877492 
771 310 20 27 0.09811113 
514 382 25 33 0.097031966 
285 541 26 33 0.09580774 
208 133 18 23 0.095680796 
617 101 19 23 0.09528145 
585 206 23 29 0.09416088 
175 543 21 27 0.09399333 
9 263 20 27 0.09399251 
110 158 19 23 0.093908414 
697 308 22 27 0.09374084 
107 207 19 23 0.09365643 
124 44 16 20 0.09278206 
125 179 17 22 0.09275781 
462 577 29 36 0.09246646 
19 257 19 24 0.091911875 
534 538 24 31 0.09175464 
280 210 20 26 0.09167011 
161 543 21 26 0.09148783 
251 545 37 48 0.09143073 
847 228 20 26 0.090893276 
162 209 18 22 0.09062213 
393 208 19 25 0.09032733 
159 59 17 20 0.09010417 
495 208 21 28 0.090028234 
587 402 22 28 0.08972155 
882 226 20 25 0.08916101 
695 85 18 23 0.0890256 
483 403 25 34 0.08888236 
185 309 21 26 0.08859587 
842 618 28 34 0.08786359 
856 181 19 24 0.08767007 
694 379 23 28 0.087379426 
790 308 21 27 0.08715567 
638 100 19 23 0.08712788 
906 176 18 23 0.08626392 
717 155 19 24 0.08622839 
157 2 17 19 0.08579586 
617 25 17 20 0.0856827 
550 590 43 57 0.08563586 
978 151 16 25 0.08544206 
852 277 20 24 0.084895745 
356 111 18 23 0.084870726 
750 219 23 29 0.08466709 
489 565 29 36 0.08439757 
431 233 19 26 0.08372449 
867 277 19 24 0.08280204 
871 202 19 24 0.08269897 
356 148 18 22 0.08242101 
103 128 19 23 0.08200074 
457 132 18 23 0.08193331 
73 432 42 55 0.08169648 
941 311 22 28 0.081614524 
682 581 24 31 0.08158748 
983 131 18 24 0.081385754 
584 437 23 30 0.08088447 
817 414 26 32 0.08048049 
303 178 18 22 0.08042109 
878 308 20 23 0.08031745 
772 282 21 27 0.080293834 
727 78 16 21 0.08028446 
340 479 37 47 0.079949245 
136 126 17 22 0.07954416 
546 48 18 21 0.07951365 
121 359 21 27 0.079172455 
796 508 22 28 0.07829619 
818 252 20 26 0.078199014 
625 510 24 29 0.07819315 
375 502 25 33 0.078144774 
469 379 22 27 0.07790605 
752 338 20 26 0.077904075 
503 258 23 30 0.07737431 
992 374 23 31 0.076880924 
593 148 20 26 0.076553226 
459 177 19 25 0.07651023 
106 258 21 27 0.07641122 
239 53 16 20 0.07626591 
278 378 23 30 0.076205075 
585 453 23 30 0.07590641 
929 404 21 27 0.07483873 
228 260 20 26 0.0746775 
310 282 20 27 0.0746467 
929 325 21 26 0.07460169 
688 332 21 28 0.0744983 
566 454 24 31 0.07403786 
283 490 23 28 0.073878184 
918 133 17 22 0.07379705 
436 375 23 29 0.07356282 
559 176 22 28 0.073465586 
32 235 17 23 0.07314684 
262 277 22 30 0.07312503 
507 539 24 31 0.072981626 
433 590 27 35 0.072915256 
994 47 19 30 0.07290968 
454 328 23 29 0.07241837 
0 310 19 26 0.07235291 
574 552 34 46 0.07229457 
290 159 17 21 0.072113276 
212 361 23 30 0.07206593 
260 231 22 28 0.07194074 
184 103 18 22 0.071819305 
465 236 20 26 0.071749315 
876 334 20 25 0.07144068 
465 45 18 22 0.0713116 
898 210 18 23 0.07124333 
18 387 23 31 0.07095407 
920 155 17 22 0.0704709 
541 261 21 28 0.07011815 
718 440 23 29 0.0697372 
47 533 23 32 0.06973473 
440 52 16 20 0.069627486 
122 387 24 30 0.06948924 
586 56 17 21 0.0694022 
715 377 22 29 0.0692817 
126 491 21 26 0.06888832 
741 438 22 29 0.06852886 
390 380 22 29 0.06852696 
233 5 20 20 0.06848886 
99 542 24 31 0.06847122 
123 229 20 25 0.06842023 
900 287 21 26 0.06758223 
800 536 23 30 0.06746319 
853 52 19 22 0.06695127 
112 177 17 21 0.06677185 
850 123 19 23 0.06658703 
437 80 18 22 0.06644697 
645 54 16 19 0.06640643 
307 302 21 27 0.0662506 
80 159 18 24 0.066140115 
309 51 16 19 0.065670125 
798 105 18 23 0.065566316 
226 510 21 27 0.065458834 
721 609 25 32 0.06538254 
739 58 16 21 0.06523393 
619 50 17 21 0.06522848 
260 298 22 29 0.0650081 
643 132 19 24 0.06491554 
954 428 24 32 0.064544804 
114 47 16 22 0.06449816 
283 507 22 27 0.06439042 
764 510 22 29 0.06428172 
227 427 26 33 0.06405557 
950 20 18 23 0.06404612 
252 136 16 21 0.063740104 
671 152 20 25 0.063538514 
890 432 22 27 0.06350323 
665 450 26 33 0.06325219 
293 177 17 22 0.06296453 
114 105 17 19 0.0628209 
0 466 22 30 0.062454827 
491 464 25 32 0.062318526 
766 536 22 28 0.062239718 
495 180 21 27 0.062225133 
20 351 20 28 0.062057354 
747 157 19 25 0.06192718 
746 554 24 31 0.06186464 
541 600 29 39 0.06178899 
891 463 24 30 0.061572596 
869 82 16 19 0.06153971 
463 157 19 24 0.061364792 
692 178 20 25 0.061091237 
612 328 22 28 0.060919452 
516 103 19 25 0.060912248 
31 129 18 22 0.060911514 
86 72 18 21 0.060790464 
888 479 24 31 0.060786925 
565 533 24 30 0.060611498 
665 534 26 32 0.06055676 
155 327 23 29 0.06045167 
514 159 21 27 0.05984758 
60 232 19 22 0.059806835 
211 277 19 24 0.05966901 
925 57 18 22 0.059509967 
635 288 23 29 0.059332773 
184 79 18 21 0.059289947 
740 614 25 31 0.059254013 
641 250 21 28 0.059072744 
511 53 17 21 0.058893315 
690 281 20 26 0.05824357 
206 313 20 27 0.057988115 
766 82 17 21 0.05794127 
113 34 17 21 0.057829633 
357 204 19 24 0.057754107 
238 228 19 25 0.05772977 
728 58 16 20 0.057728365 
800 374 23 29 0.05753878 
716 179 19 25 0.057391144 
367 73 18 22 0.057342876 
593 305 21 27 0.057140592 
877 433 24 29 0.057026375 
127 84 17 20 0.056883674 
562 383 22 28 0.056799084 
926 70 16 21 0.05676951 
101 408 24 30 0.056689307 
587 540 23 30 0.056689285 
907 130 17 22 0.056668863 
986 536 27 37 0.05661747 
508 9 18 21 0.05655947 
769 180 20 25 0.056504447 
285 53 15 18 0.05642022 
482 385 22 31 0.056268074 
795 410 23 28 0.056073003 
441 256 21 28 0.055899642 
568 247 23 30 0.055837 
337 3 18 19 0.055664193 
125 540 22 29 0.055615984 
507 227 21 27 0.0554792 
258 355 24 31 0.055462264 
850 256 20 26 0.05539927 
798 73 18 23 0.055320937 
718 363 19 25 0.055019982 
727 4 18 20 0.05496559 
164 228 19 24 0.054874223 
493 534 24 30 0.05476948 
494 2 18 20 0.054733574 
633 601 39 45 0.054696336 
440 297 23 30 0.05466983 
843 433 23 30 0.05463082 
850 357 21 27 0.054610133 
826 309 20 25 0.054539915 
514 76 18 22 0.054361247 
122 508 23 28 0.05434256 
412 249 23 30 0.05433422 
73 236 18 24 0.05407486 
177 554 22 29 0.053918574 
616 198 20 27 0.05390769 
592 333 22 28 0.053757012 
261 202 21 25 0.053590123 
947 10 19 24 0.053458173 
83 199 18 23 0.05327721 
981 308 23 32 0.053064436 
503 560 28 36 0.052924026 
411 508 24 30 0.05279953 
408 181 19 23 0.05278078 
209 376 23 30 0.052495718 
415 3 17 19 0.052495334 
536 29 16 19 0.052372593 
636 401 28 34 0.052173194 
230 276 19 26 0.051996533 
693 228 21 28 0.051933236 
416 606 24 31 0.051874727 
4 583 25 32 0.051859464 
93 431 23 30 0.05178835 
133 325 21 26 0.05178545 
816 280 21 26 0.051407 
109 512 23 28 0.051396757 
337 58 17 19 0.05137952 
559 129 23 28 0.05114199 
381 257 24 30 0.050756834 
261 378 22 29 0.05064243 
238 24 17 19 0.05061808 
334 388 26 32 0.050615236 
825 484 24 29 0.050611775 
566 304 21 27 0.0505858 
853 33 17 21 0.05058388 
642 172 20 25 0.05050126 
880 102 17 20 0.050499942 
460 359 23 28 0.050433557 
232 484 22 28 0.050420802 
410 363 22 30 0.05034454 
186 49 16 19 0.050254673 
79 542 37 48 0.050120343 
905 157 18 23 0.049777586 
176 209 18 24 0.0496526 
893 101 17 21 0.049599048 
393 28 16 19 0.049510133 
27 492 21 28 0.049414903 
489 29 16 19 0.049270034 
2 332 20 29 0.048792716 
83 412 25 31 0.04859573 
749 303 20 26 0.04858507 
180 35 16 18 0.048306763 
817 33 17 21 0.048174307 
919 559 25 33 0.048091277 
104 79 16 20 0.048052885 
355 389 24 30 0.047960974 
49 556 25 34 0.04795688 
378 489 28 34 0.047923535 
21 402 25 32 0.04789833 
181 401 24 30 0.047891874 
461 311 23 29 0.0477578 
983 48 20 28 0.047669563 
764 427 43 55 0.04755014 
853 204 20 25 0.04752925 
902 374 22 29 0.047427874 
688 252 21 26 0.047415577 
310 76 16 21 0.04719891 
355 582 27 38 0.047150835 
507 461 25 32 0.046955872 
34 107 17 22 0.04677298 
740 380 21 27 0.046724044 
558 536 38 52 0.046697713 
642 558 27 35 0.04662699 
852 154 17 23 0.046618275 
0 196 19 30 0.046322554 
546 231 20 25 0.046303775 
411 27 16 18 0.04629342 
259 244 42 53 0.046181884 
818 207 19 25 0.046181843 
75 26 17 20 0.046151172 
123 253 19 25 0.046062384 
509 326 22 28 0.04605979 
107 383 24 29 0.046047784 
27 336 20 26 0.046025414 
417 409 23 29 0.045931987 
280 269 23 30 0.045920886 
75 252 20 27 0.045836296 
621 428 24 31 0.045829266 
438 27 16 18 0.045815937 
563 406 22 28 0.04544214 
-2 477 20 29 0.045408864 
464 269 24 32 0.04540175 
983 446 29 47 0.045361623 
383 227 20 27 0.045172237 
772 409 23 28 0.04514779 
228 408 24 30 0.044988684 
991 272 21 30 0.0448086 
128 284 21 27 0.044791043 
264 101 17 20 0.044756994 
123 556 22 30 0.044706907 
260 81 16 20 0.044682764 
209 431 25 30 0.044633936 
615 559 25 32 0.044632036 
283 405 22 27 0.04451043 
595 25 15 19 0.044510048 
545 3 17 20 0.044460203 
665 561 27 34 0.044431817 
951 532 33 44 0.044348937 
767 488 22 27 0.044294797 
9 385 21 27 0.044032257 
132 1 17 18 0.043960914 
593 180 21 28 0.043907862 
873 260 19 25 0.043823965 
870 153 18 22 0.04382282 
568 438 24 30 0.043798614 
670 278 22 27 0.043735947 
612 584 26 34 0.043726478 
716 495 44 56 0.043667715 
933 104 17 21 0.043567207 
85 334 20 25 0.043549314 
773 382 21 27 0.04343267 
644 358 22 27 0.04337271 
284 305 21 27 0.043229472 
9 353 20 29 0.043072555 
538 278 23 31 0.043053765 
539 325 22 28 0.042850684 
572 79 18 23 0.042810243 
216 106 16 21 0.04279619 
596 103 19 24 0.042771973 
803 55 18 22 0.042718995 
341 200 19 25 0.042689625 
591 281 20 26 0.042542964 
260 54 15 19 0.042495463 
488 50 17 21 0.042471144 
869 48 16 20 0.042423487 
458 202 18 24 0.04241138 
611 358 21 26 0.042319972 
718 534 23 30 0.04213947 
252 431 25 32 0.042038925 
365 307 23 30 0.042020224 
642 228 20 26 0.041818757 
58 30 17 20 0.041711193 
129 297 43 53 0.04162721 
944 386 23 30 0.04158099 
312 231 21 28 0.041561402 
150 285 21 27 0.041500647 
797 489 22 28 0.04148189 
776 253 22 28 0.041359067 
951 46 18 23 0.04133779 
833 548 34 42 0.041319054 
979 376 23 32 0.04122983 
666 230 29 38 0.041209523 
312 558 36 50 0.04113433 
280 8 16 19 0.040971085 
183 512 20 27 0.04096282 
332 353 22 28 0.040926047 
311 384 22 28 0.040859543 
34 45 16 22 0.040657766 
982 180 17 22 0.040603366 
822 81 18 22 0.040476076 
276 358 24 31 0.040441483 
28 461 19 26 0.040412713 
55 105 18 23 0.04025876 
442 559 26 32 0.04017035 
202 52 16 20 0.040075336 
765 560 23 30 0.0400676 
948 85 18 22 0.040026817 
872 129 17 22 0.039965954 
739 3 19 21 0.039893202 
461 509 21 28 0.039818384 
30 148 17 24 0.039775595 
861 573 46 56 0.039518874 
153 577 24 32 0.039490003 
615 597 41 47 0.03948687 
538 403 24 31 0.03947435 
819 450 24 31 0.03940176 
541 77 18 21 0.03938532 
644 422 48 58 0.039323106 
55 126 17 22 0.03913086 
695 473 25 34 0.039094284 
565 281 22 28 0.03903129 
899 251 20 26 0.038916565 
921 382 23 29 0.038914584 
515 307 23 29 0.038847763 
559 610 43 55 0.038832717 
312 254 20 27 0.03877247 
969 100 18 25 0.03876172 
107 1 17 19 0.03874452 
288 124 17 22 0.038575836 
661 412 24 31 0.03829018 
212 326 21 27 0.038212836 
311 426 23 30 0.038110733 
746 280 21 28 0.038032338 
797 176 19 24 0.03790018 
407 587 27 35 0.03788033 
691 565 25 34 0.03786551 
993 230 17 23 0.037863147 
722 253 22 28 0.037747264 
994 183 17 24 0.037668988 
374 587 46 57 0.03745833 
977 477 26 37 0.037441544 
256 517 22 28 0.0374096 
920 289 19 25 0.037363645 
719 281 21 26 0.037311625 
843 408 23 29 0.037143975 
994 146 18 26 0.037095077 
514 130 19 25 0.03708011 
60 255 19 24 0.03706158 
872 406 23 30 0.036885884 
331 420 28 35 0.036620464 
513 506 23 28 0.036513757 
647 4 16 18 0.03648805 
690 356 21 26 0.03647137 
284 331 22 29 0.0363707 
336 233 20 25 0.036323145 
1 561 23 31 0.036313172 
973 412 28 38 0.03629557 
565 515 23 29 0.036241636 
439 361 22 28 0.03623733 
260 25 16 18 0.036151193 
154 359 22 27 0.03612631 
56 278 20 27 0.036068853 
163 30 15 19 0.036056984 
209 27 17 19 0.036043998 
34 203 17 23 0.0359569 
355 277 22 29 0.03594026 
971 314 39 55 0.03593572 
364 30 16 18 0.035826992 
784 588 26 33 0.035703268 
333 306 21 27 0.035677828 
88 533 50 68 0.035672266 
178 1 17 19 0.035604253 
183 174 18 23 0.035526093 
501 580 29 36 0.035476904 
901 48 16 19 0.035474896 
922 247 21 28 0.035464626 
953 254 21 26 0.035442468 
459 246 44 53 0.035442047 
814 376 23 29 0.0354313 
106 300 22 29 0.03540089 
458 613 25 31 0.035292853 
870 601 35 43 0.035288274 
536 385 22 28 0.03508373 
721 409 22 28 0.034970153 
207 79 17 21 0.03487272 
52 152 18 23 0.034832105 
2 74 17 22 0.034826957 
735 192 42 54 0.034748826 
535 136 41 52 0.034718595 
840 480 23 31 0.034691133 
489 326 22 29 0.034566432 
31 31 17 22 0.034482576 
850 579 35 43 0.034463435 
356 418 29 37 0.03446229 
161 382 22 28 0.034424216 
308 34 16 18 0.034413226 
50 352 22 29 0.034345638 
460 567 51 56 0.03432536 
906 34 17 20 0.034284275 
921 25 18 22 0.03427314 
817 507 24 32 0.03424086 
3 403 21 28 0.034189038 
964 248 40 54 0.034172706 
152 484 20 24 0.034154166 
302 538 25 31 0.034072742 
719 481 26 32 0.034021467 
175 330 20 27 0.033975314 
816 48 18 23 0.033757824 
662 511 24 29 0.033647764 
787 424 40 52 0.033536725 
467 408 23 28 0.03350814 
663 607 25 31 0.033483297 
531 432 24 31 0.03346313 
696 533 23 28 0.033404548 
486 598 30 38 0.03334011 
812 614 38 46 0.03301932 
926 489 23 29 0.03299692 
361 398 42 53 0.032977916 
736 530 33 40 0.032964233 
559 213 44 56 0.032871824 
738 455 22 28 0.03277898 
688 607 24 32 0.032773253 
228 311 21 27 0.032769002 
256 408 21 27 0.032768846 
567 27 16 20 0.03270429 
562 5 16 20 0.032478694 
362 355 21 28 0.03246383 
18 513 44 57 0.032341518 
207 410 22 28 0.03233483 
591 508 22 27 0.03232088 
129 462 20 24 0.03227189 
257 5 17 19 0.032270014 
312 358 22 27 0.032244377 
954 227 20 26 0.032184772 
82 277 21 28 0.03217625 
898 83 15 19 0.032045327 
386 559 28 35 0.03200872 
617 8 18 21 0.031958397 
453 436 25 32 0.03191587 
0 133 21 28 0.031645775 
132 611 19 24 0.031554416 
433 3 16 18 0.03151815 
617 486 21 28 0.031460866 
639 583 27 33 0.03144036 
696 508 21 28 0.0314287 
642 480 23 29 0.031390972 
311 1 16 16 0.031383798 
869 534 24 30 0.031207215 
256 481 21 26 0.030978937 
793 449 24 30 0.030976543 
14 343 31 47 0.03096441 
802 33 16 20 0.030931553 
719 223 21 28 0.030904442 
62 435 64 85 0.030880705 
643 28 15 18 0.0308153 
739 493 24 30 0.030734342 
694 32 16 20 0.03069386 
818 1 18 21 0.030687736 
381 309 36 46 0.030485634 
285 431 22 28 0.03046959 
845 383 22 29 0.03046233 
136 642 20 23 0.030451326 
593 352 22 27 0.030442411 
568 333 22 27 0.030440893 
899 329 21 25 0.030411797 
669 81 17 22 0.030345118 
579 572 39 51 0.030341867 
717 553 25 31 0.030276183 
489 101 18 24 0.030263599 
515 359 23 29 0.030221665 
996 207 17 23 0.030114701 
643 448 26 34 0.030057311 
74 175 29 38 0.030046258 
969 511 26 36 0.030039031 
184 280 20 24 0.030033948 
276 504 35 46 0.029928196 
314 397 45 55 0.02991249 
127 203 18 23 0.029778853 
387 361 23 29 0.029762587 
228 328 21 27 0.029758636 
981 351 23 31 0.02974749 
875 380 22 28 0.029737879 
212 3 18 20 0.029730065 
485 303 24 29 0.029724097 
666 380 22 29 0.029630113 
467 4 16 18 0.029572675 
218 348 44 57 0.029569156 
26 308 18 24 0.029548284 
824 176 20 25 0.029489517 
665 482 22 29 0.029425828 
497 168 44 55 0.02932964 
150 637 22 26 0.0292564 
421 595 45 55 0.029179266 
26 226 32 43 0.029140554 
403 564 24 31 0.029040737 
458 536 24 29 0.029012166 
979 72 20 26 0.028852155 
740 598 47 55 0.02880668 
539 456 25 32 0.028763039 
695 406 23 31 0.02873006 
-3 300 30 45 0.028698478 
300 480 32 41 0.028626034 
284 460 22 29 0.028513188 
30 3 16 19 0.028465774 
93 260 48 62 0.02845062 
78 3 20 20 0.028411962 
234 206 18 23 0.028338175 
103 487 22 28 0.028312532 
639 295 44 53 0.028288072 
331 599 27 36 0.028270183 
591 254 21 27 0.028245937 
490 427 25 34 0.028186208 
483 78 19 23 0.027981682 
145 543 47 59 0.027941948 
184 485 21 26 0.027933381 
349 457 41 53 0.027813002 
925 458 21 27 0.027760416 
524 531 55 72 0.027680054 
892 350 42 53 0.02756361 
228 581 23 29 0.027478572 
927 6 19 23 0.02745319 
233 523 48 60 0.027442316 
181 361 22 28 0.027398499 
91 336 47 59 0.027352413 
55 248 31 39 0.027340693 
981 0 17 21 0.027309138 
384 530 26 31 0.027243488 
167 369 48 59 0.02716159 
259 333 22 27 0.027134528 
445 331 22 29 0.027132303 
56 79 16 20 0.027051022 
133 432 20 25 0.026950266 
205 455 24 31 0.026942814 
592 5 16 20 0.02692598 
695 657 25 31 0.026835276 
454 632 25 32 0.026721092 
332 453 29 36 0.026658889 
53 208 17 22 0.026607858 
4 432 21 28 0.026565704 
762 324 40 52 0.026524492 
382 421 27 34 0.026479742 
84 58 16 20 0.026473656 
792 528 46 57 0.026449652 
665 49 18 23 0.026442097 
42 341 36 49 0.026438514 
737 410 22 27 0.026426796 
772 52 17 21 0.026425766 
614 521 46 57 0.026356798 
546 174 23 30 0.026332328 
-130 410 515 540 0.026281433 
743 579 34 42 0.026251521 
874 503 25 31 0.02587973 
81 108 17 21 0.02587597 
23 429 21 28 0.025826257 
507 276 24 31 0.025804047 
791 551 33 43 0.02574567 
7 535 22 30 0.02573751 
696 48 17 22 0.025728935 
716 588 24 30 0.025714226 
566 355 21 27 0.025706748 
359 4 16 18 0.025551034 
350 573 45 59 0.02554802 
429 621 34 42 0.025524963 
533 517 22 27 0.025472555 
867 35 17 20 0.025432369 
237 562 23 30 0.025352169 
150 408 23 30 0.025340395 
34 523 47 62 0.02532648 
93 455 24 29 0.025274731 
362 325 22 28 0.025266746 
22 450 33 47 0.025245706 
914 518 46 58 0.02522526 
307 510 22 28 0.025217868 
606 142 44 57 0.025193978 
270 477 49 62 0.025127549 
591 485 21 27 0.025102334 
57 306 20 25 0.025073463 
105 148 30 39 0.02496901 
49 49 17 21 0.024885755 
22 331 31 46 0.024723694 
512 654 28 33 0.024589071 
37 535 71 88 0.024577443 
308 102 17 22 0.024400098 
807 639 45 49 0.024312068 
692 4 17 19 0.024274398 
491 470 44 56 0.0242291 
952 487 24 32 0.024182368 
407 484 24 30 0.024066532 
663 0 17 19 0.023975566 
538 354 21 27 0.023963306 
544 200 20 26 0.023954686 
132 589 21 27 0.02391263 
869 653 26 33 0.023901818 
389 458 25 32 0.023723047 
992 477 23 33 0.02371781 
111 528 51 66 0.023606393 
95 289 66 83 0.023585284 
52 335 21 27 0.023572935 
956 126 18 22 0.023547668 
80 515 23 30 0.023498718 
927 431 20 26 0.02349266 
908 213 48 59 0.02342391 
717 104 27 37 0.023328498 
160 225 31 39 0.023289846 
208 487 23 29 0.02326574 
897 408 22 27 0.023232922 
696 439 23 30 0.023186779 
98 120 30 38 0.023100214 
850 3 18 20 0.02309503 
131 118 29 36 0.023070501 
3 31 18 24 0.02306918 
709 518 49 61 0.022948317 
949 506 25 33 0.022923592 
237 122 27 35 0.022909984 
566 481 23 30 0.022865131 
670 575 44 55 0.022843832 
107 473 54 66 0.022834957 
818 229 20 26 0.022819655 
114 246 32 41 0.022779712 
108 101 30 38 0.02269049 
6 47 18 25 0.022652531 
207 609 21 26 0.022597454 
50 381 22 29 0.022589369 
84 496 64 84 0.022565698 
358 607 24 31 0.02252519 
669 351 22 28 0.022515943 
417 633 23 29 0.022429373 
624 376 47 54 0.022360643 
429 577 45 56 0.022341106 
8 387 47 61 0.022335617 
197 528 46 59 0.022320261 
133 657 23 29 0.022220666 
801 0 17 18 0.022217207 
476 581 51 62 0.022206685 
434 513 21 27 0.022204336 
409 531 23 29 0.022195825 
389 2 17 19 0.022147201 
29 547 34 46 0.022092583 
626 400 48 58 0.02208044 
157 514 21 25 0.022079587 
631 618 46 50 0.022030503 
723 24 15 18 0.022018008 
900 561 24 30 0.021975448 
767 657 26 33 0.02196377 
306 331 21 27 0.021948624 
403 214 46 57 0.021897368 
980 29 19 25 0.021893874 
4 176 19 32 0.021849027 
785 618 43 48 0.021819772 
750 523 46 59 0.02174308 
51 516 22 29 0.021740189 
0 326 32 47 0.021722358 
30 78 16 20 0.021713598 
56 225 30 37 0.021672944 
441 536 23 28 0.021593692 
257 458 24 31 0.021552375 
899 536 22 29 0.02146801 
796 655 28 35 0.021431128 
636 413 521 552 0.021364113 
91 474 38 46 0.021363812 
67 327 55 71 0.02134658 
201 498 46 58 0.021295365 
134 466 53 65 0.021271238 
831 610 48 56 0.021266403 
670 30 16 20 0.021256393 
163 531 46 58 0.021182457 
766 623 28 35 0.021041274 
741 254 22 29 0.021012483 
799 347 41 52 0.020944284 
-1 339 66 85 0.02094185 
900 600 70 70 0.020911561 
71 168 108 134 0.020802917 
537 619 39 49 0.020794855 
403 325 24 31 0.020760804 
447 592 52 61 0.020744115 
958 612 39 50 0.020741452 
122 456 32 40 0.020718394 
610 288 42 52 0.020687941 
943 188 49 60 0.020642074 
-5 510 110 137 0.020609932 
605 546 50 62 0.020568047 
484 359 21 27 0.020531269 
710 596 47 57 0.02052642 
657 238 47 56 0.020523503 
487 552 48 60 0.020515664 
31 182 16 24 0.020514736 
78 309 18 24 0.020399604 
445 345 47 58 0.02039479 
461 452 24 31 0.02029959 
651 313 44 53 0.02005176 
577 595 41 52 0.02003032 
952 417 44 56 0.020018557 
