8_Election_Campain_Election_Campaign_8_133
69
20 116 32 39 0.8581917 
194 90 81 160 0.8118715 
850 191 26 35 0.7881621 
948 179 27 33 0.73061115 
738 177 27 33 0.59057057 
903 183 23 30 0.40434492 
635 170 25 33 0.33705008 
724 170 26 33 0.1407233 
388 143 28 34 0.12883319 
130 125 119 153 0.1250119 
916 183 22 30 0.10777508 
302 130 24 29 0.076523654 
950 193 25 31 0.063224256 
862 194 23 30 0.061914362 
94 162 112 122 0.057669725 
424 172 43 50 0.057511926 
944 223 22 28 0.057317477 
375 150 131 159 0.05238265 
374 135 56 64 0.05100224 
892 236 21 26 0.050015137 
282 136 39 51 0.04887133 
144 54 170 254 0.04832724 
233 89 78 140 0.046444617 
401 146 26 33 0.043812376 
360 145 22 29 0.043756694 
400 158 47 55 0.04354324 
214 112 51 94 0.04216492 
299 146 25 32 0.038295586 
964 182 21 27 0.037018277 
741 188 30 36 0.035880897 
891 172 44 58 0.035524122 
743 161 22 26 0.03309335 
263 141 127 177 0.032523736 
760 179 23 29 0.03199096 
625 173 22 30 0.031797666 
936 171 43 53 0.031752836 
436 193 28 34 0.030898249 
291 156 41 55 0.030878386 
950 162 22 24 0.030373586 
903 163 20 26 0.030296559 
333 153 21 26 0.03006109 
748 529 350 364 0.02972678 
8 123 25 32 0.029225107 
426 200 84 93 0.028962746 
39 152 133 159 0.028712163 
346 111 131 145 0.028552808 
393 159 77 90 0.02746706 
996 177 21 25 0.026802244 
451 188 41 48 0.026510587 
326 147 35 45 0.02639809 
718 162 24 30 0.026245033 
435 157 24 30 0.025898503 
-148 433 527 551 0.025817381 
7 93 65 88 0.025087468 
331 522 376 349 0.023801712 
156 113 74 107 0.02355791 
264 140 62 88 0.023270402 
742 224 25 32 0.022921067 
220 156 120 183 0.022571163 
411 170 28 35 0.021617247 
709 274 26 30 0.021475425 
533 517 372 348 0.021130942 
431 242 82 94 0.021084722 
764 322 27 32 0.020632312 
558 290 688 743 0.020590477 
133 539 366 344 0.02015297 
748 257 23 28 0.020124946 
383 163 31 40 0.020114426 
928 228 21 27 0.020112814 
