8_Election_Campain_Election_Campaign_8_86
131
118 174 55 70 0.99839765 
15 160 46 62 0.9865745 
572 227 58 70 0.982128 
372 220 43 56 0.96440667 
483 279 30 40 0.62077063 
213 235 38 49 0.5186186 
545 409 84 91 0.43280432 
662 325 264 344 0.19519845 
965 441 35 56 0.18748991 
257 265 41 50 0.13222988 
929 172 21 30 0.12966733 
-4 249 31 46 0.11520491 
359 223 36 44 0.09771552 
763 265 30 38 0.09258892 
72 173 26 34 0.08845346 
74 215 40 49 0.08146075 
77 198 31 40 0.0810672 
269 248 44 51 0.07362182 
201 300 30 37 0.06841754 
656 71 140 165 0.061379805 
-6 218 38 57 0.05978727 
650 300 42 48 0.05647418 
481 260 28 35 0.0561668 
388 236 44 56 0.055895817 
156 294 32 40 0.05338472 
303 253 27 34 0.053123735 
305 280 28 35 0.053082887 
-4 47 21 29 0.051441487 
681 29 105 127 0.05018352 
456 224 27 35 0.045179315 
992 361 22 31 0.04430087 
463 265 49 61 0.04367602 
402 201 39 52 0.043548234 
766 232 23 30 0.04344989 
463 251 35 45 0.04284462 
293 285 39 50 0.040627293 
335 257 26 34 0.03964256 
956 337 20 27 0.036585633 
796 201 20 23 0.035723794 
796 187 21 26 0.035416674 
720 450 339 398 0.03462426 
197 65 27 33 0.03344321 
800 231 21 25 0.033328127 
98 136 21 26 0.032401048 
804 305 23 28 0.032016877 
243 285 43 54 0.031435467 
27 42 20 26 0.03134188 
508 289 63 77 0.031094685 
246 170 36 47 0.02984356 
508 423 126 124 0.029565396 
-3 70 22 33 0.029392025 
496 274 40 51 0.028984617 
743 236 55 66 0.028962169 
666 138 81 97 0.028553195 
390 328 65 81 0.028409524 
3 180 44 58 0.028360551 
78 157 22 27 0.02831515 
843 239 19 23 0.028013771 
389 181 25 29 0.027913723 
273 280 43 53 0.027248919 
724 390 76 79 0.027052654 
8 594 20 27 0.027046217 
665 284 27 32 0.026481837 
150 568 21 30 0.026286446 
840 250 19 24 0.026271032 
691 158 95 110 0.02622288 
10 127 41 56 0.026102072 
378 358 93 112 0.025739979 
355 272 27 34 0.025703922 
726 31 54 71 0.025595771 
12 210 43 60 0.025429962 
729 295 43 52 0.025254566 
767 179 21 27 0.025254358 
-146 426 529 547 0.025061658 
955 434 56 92 0.0250354 
323 212 60 67 0.024609504 
99 150 27 33 0.024519643 
8 130 26 34 0.02438643 
996 338 18 24 0.024348522 
981 360 21 29 0.023939675 
923 357 23 30 0.023859313 
466 273 27 35 0.02371778 
439 211 53 64 0.023412557 
584 394 67 85 0.023316285 
284 236 55 64 0.02328434 
346 369 79 109 0.023068855 
131 0 26 28 0.023060273 
758 168 37 45 0.023007458 
953 352 20 26 0.022867508 
695 16 64 80 0.022678223 
790 177 34 43 0.02260401 
498 467 122 134 0.02250643 
19 300 41 79 0.022369258 
694 306 25 32 0.022138141 
854 121 99 122 0.022093808 
822 208 18 22 0.022074994 
226 261 42 53 0.022061681 
50 161 52 66 0.022045312 
639 272 43 54 0.02193846 
29 177 47 57 0.021828363 
183 53 26 30 0.021786202 
795 281 22 26 0.021751663 
350 298 44 58 0.021672707 
715 370 161 218 0.02159491 
820 232 19 24 0.021579763 
379 206 33 41 0.02155914 
421 199 40 49 0.021543624 
730 177 101 105 0.02152888 
10 235 40 58 0.021517457 
664 249 26 32 0.021035952 
627 99 279 351 0.021033281 
615 282 68 84 0.021002283 
849 357 22 26 0.020990437 
794 223 32 41 0.020927595 
898 228 19 24 0.020860504 
252 253 31 40 0.02085759 
870 230 71 99 0.020694913 
323 394 76 100 0.020649938 
403 178 24 29 0.020516938 
750 231 26 34 0.020498546 
198 273 41 50 0.020439465 
844 205 19 24 0.020411681 
368 308 151 175 0.02040159 
940 174 23 32 0.020344654 
926 160 21 31 0.020326288 
415 316 57 74 0.020325627 
733 163 47 52 0.020234587 
876 251 21 25 0.02016813 
900 204 19 26 0.020074856 
730 426 74 84 0.02006815 
675 293 53 64 0.02003359 
