8_Election_Campain_Election_Campaign_8_451
30
423 136 267 314 0.9774205 
917 601 97 154 0.2666845 
36 807 99 142 0.09153776 
236 684 116 153 0.07216796 
809 1114 535 550 0.043154098 
633 332 723 827 0.036374256 
247 1142 289 224 0.033899974 
802 764 524 592 0.031428352 
9 768 159 270 0.031395722 
786 -116 540 579 0.03135703 
490 815 1091 1089 0.030740071 
98 752 58 85 0.030715642 
206 766 135 149 0.030322166 
771 197 523 580 0.02967382 
212 1074 516 344 0.029014304 
113 728 92 124 0.02605922 
291 667 94 137 0.024381997 
431 720 114 132 0.023612257 
180 597 196 234 0.023341903 
548 138 133 201 0.023091355 
735 969 33 43 0.02260682 
3 801 29 41 0.022566814 
7 770 30 39 0.022428453 
94 769 180 217 0.022266807 
66 781 73 107 0.021775218 
45 803 31 43 0.021561442 
172 910 208 240 0.02146346 
250 1224 201 182 0.020339629 
90 879 198 265 0.020160636 
5 961 85 143 0.02001202 
