8_Election_Campain_Election_Campaign_8_148
302
431 294 76 102 0.99981993 
240 376 101 124 0.9996948 
572 316 70 90 0.999398 
314 275 76 93 0.9986525 
2 211 72 92 0.9984484 
816 287 65 79 0.9983847 
503 209 53 66 0.99591136 
631 363 83 104 0.9953301 
585 185 45 56 0.99426115 
428 224 52 64 0.97710574 
964 296 50 71 0.97594154 
886 423 70 84 0.9742974 
741 263 51 65 0.9717719 
676 256 53 64 0.9705373 
-1 385 69 127 0.9663373 
99 202 55 64 0.8629685 
868 498 71 95 0.8304561 
481 147 35 39 0.8012398 
519 294 52 70 0.7720474 
722 463 95 120 0.6821842 
717 122 24 29 0.5188543 
395 228 54 69 0.3361049 
127 84 23 29 0.32955107 
658 49 24 29 0.22031355 
595 75 20 24 0.20904402 
118 360 69 85 0.2077621 
393 159 50 57 0.20605949 
193 293 72 87 0.194032 
913 583 83 131 0.17542791 
561 147 25 31 0.1661621 
197 105 24 30 0.15627693 
444 229 68 95 0.15257029 
380 219 45 57 0.14132038 
760 174 25 31 0.13971078 
245 332 86 107 0.1309456 
898 251 38 51 0.12968692 
649 51 21 25 0.12672022 
188 97 22 27 0.1252395 
607 129 22 27 0.12287861 
608 335 82 96 0.122701086 
784 484 81 100 0.10772405 
479 222 55 71 0.102788344 
480 107 21 25 0.10254122 
537 3 24 23 0.0994226 
617 44 19 24 0.09855294 
548 293 55 77 0.09598887 
418 254 69 94 0.09262003 
544 110 20 26 0.091141745 
786 155 24 30 0.0906946 
616 80 19 23 0.086850174 
151 559 74 80 0.08311686 
288 58 19 24 0.08274973 
695 79 18 24 0.08226039 
377 238 53 69 0.08056159 
724 70 20 25 0.07944597 
926 154 20 26 0.07916636 
753 204 34 43 0.07770609 
258 217 39 48 0.07688635 
689 390 87 109 0.07675014 
375 129 67 75 0.07662052 
776 155 23 28 0.07580794 
73 190 55 72 0.07481852 
611 35 19 23 0.0718408 
720 108 21 26 0.07177934 
362 125 21 25 0.07119021 
741 76 21 26 0.070921324 
738 59 20 25 0.07066025 
216 48 19 24 0.068365216 
237 80 19 23 0.06527988 
920 203 21 26 0.064966075 
567 103 20 26 0.06455001 
642 76 19 24 0.0642753 
766 105 19 24 0.06281236 
335 131 22 30 0.06079456 
184 85 20 25 0.060781162 
749 97 19 23 0.060580224 
509 31 20 23 0.058934167 
1 2 22 26 0.05865563 
257 56 19 24 0.058241434 
255 76 19 24 0.05748712 
136 382 66 86 0.057150632 
695 261 60 75 0.056759782 
635 174 26 32 0.05644717 
886 310 49 64 0.05638733 
72 122 23 30 0.05418294 
149 52 18 23 0.053872123 
762 273 63 83 0.053812653 
992 134 20 29 0.052803114 
903 287 45 62 0.052523468 
695 53 19 26 0.05157514 
107 46 20 26 0.050727025 
695 100 20 24 0.049425367 
971 197 39 65 0.048997436 
287 4 20 21 0.048904024 
696 124 22 27 0.04883423 
585 100 20 24 0.048784867 
316 81 19 25 0.048578843 
256 194 36 48 0.04838358 
480 71 20 24 0.04797254 
22 258 40 54 0.04762121 
405 150 32 36 0.04760139 
561 130 22 27 0.047491536 
927 175 20 25 0.047208194 
482 130 27 31 0.047018293 
570 643 98 113 0.04618836 
375 182 51 61 0.04613523 
283 69 19 25 0.046100594 
95 377 61 73 0.046048846 
257 27 18 21 0.046015583 
596 0 21 23 0.04600568 
152 96 20 25 0.045398127 
826 126 22 27 0.04517366 
893 122 19 25 0.04515162 
106 1 18 21 0.044761375 
518 47 20 25 0.044597752 
927 135 20 25 0.04421814 
355 119 33 44 0.044056248 
500 148 29 35 0.0439765 
317 98 19 24 0.043667275 
334 173 24 32 0.043532055 
226 55 17 22 0.04330087 
892 175 20 25 0.043299302 
948 177 23 28 0.04297159 
86 179 84 107 0.04287674 
913 527 76 121 0.042764634 
936 169 63 90 0.04264137 
188 122 22 27 0.04234091 
645 127 23 27 0.04216573 
539 49 20 26 0.04197272 
1 168 29 38 0.041561816 
348 219 46 59 0.04148815 
94 180 49 63 0.041403156 
134 48 20 25 0.041269224 
839 128 21 26 0.041041303 
644 102 20 25 0.039720386 
201 116 22 29 0.03970771 
3 173 66 89 0.039399832 
198 215 43 52 0.039250523 
765 125 20 25 0.03911297 
62 214 64 86 0.038781356 
874 225 26 35 0.038678765 
742 400 81 102 0.038084045 
215 34 17 21 0.037896752 
971 177 22 30 0.03766159 
329 99 19 25 0.037590757 
495 27 20 23 0.03706757 
877 126 19 25 0.037039652 
83 286 76 97 0.036800884 
948 153 23 28 0.03586618 
230 98 20 26 0.035744645 
819 98 19 25 0.035594735 
745 127 21 26 0.035572637 
390 256 51 69 0.035304748 
163 3 17 19 0.035180233 
502 257 59 82 0.03510271 
821 81 19 27 0.034737073 
30 124 21 27 0.03463818 
304 52 17 23 0.034139235 
777 50 19 24 0.03397022 
176 2 17 19 0.033546846 
52 180 28 34 0.03350832 
332 149 24 31 0.033311777 
790 48 21 26 0.033266112 
561 3 20 22 0.033235215 
138 265 53 72 0.033153195 
110 257 57 76 0.033034824 
975 148 23 30 0.032979723 
23 147 38 49 0.032856535 
212 1 17 18 0.03284919 
788 277 64 77 0.032587666 
516 77 18 23 0.03255968 
913 177 58 77 0.0323173 
127 9 18 22 0.032270413 
221 213 41 50 0.03206933 
262 3 18 21 0.032061663 
515 1 22 22 0.03201703 
130 22 18 22 0.031973187 
482 58 20 25 0.03194889 
360 110 19 24 0.031769805 
653 343 77 95 0.031614885 
663 127 21 27 0.031609528 
154 85 19 24 0.03070992 
461 271 62 84 0.029953431 
54 577 25 37 0.02957597 
113 64 48 62 0.02939205 
52 0 20 23 0.029304361 
879 175 23 29 0.029231666 
977 201 24 35 0.029082261 
182 52 18 23 0.02895668 
39 559 59 88 0.02881507 
471 71 20 25 0.028811112 
919 191 35 46 0.028801609 
18 372 58 88 0.02862281 
828 247 47 61 0.028590236 
880 613 84 117 0.028576314 
645 154 23 28 0.028294427 
896 302 32 42 0.028286774 
902 205 22 27 0.02769669 
991 222 23 35 0.027422821 
802 102 18 24 0.02741348 
383 148 28 32 0.027150892 
328 83 19 25 0.027139517 
784 445 75 96 0.027133334 
466 55 22 28 0.026942028 
698 26 19 23 0.026912391 
565 82 18 24 0.02685198 
326 142 38 51 0.026845552 
765 27 20 23 0.026751008 
770 80 18 24 0.026706152 
228 30 16 20 0.02667862 
462 3 23 24 0.026676936 
947 489 70 104 0.026627252 
800 80 19 25 0.026579026 
979 -1 23 28 0.026520304 
873 153 21 27 0.026495522 
228 3 16 19 0.026441282 
949 198 23 30 0.026386473 
214 309 81 103 0.026377633 
131 195 41 53 0.026285024 
101 396 34 43 0.026248047 
182 30 16 20 0.026165614 
290 24 18 21 0.02605239 
386 174 33 39 0.025940374 
896 110 19 25 0.025938505 
619 98 20 24 0.025903862 
165 220 41 53 0.02583036 
595 59 20 26 0.025813412 
846 104 19 25 0.025742592 
664 103 18 24 0.025714586 
342 109 56 74 0.025708195 
846 74 19 27 0.02565076 
608 2 20 23 0.025622562 
410 134 24 27 0.025423111 
31 4 19 22 0.025398243 
102 98 20 27 0.025343983 
14 540 61 93 0.025234863 
231 206 24 30 0.025206303 
247 558 121 146 0.025149228 
496 315 61 80 0.025041692 
47 147 36 48 0.024986405 
901 157 19 23 0.024816662 
54 387 61 80 0.024768338 
102 149 24 31 0.024693921 
202 79 20 26 0.024689006 
78 105 22 27 0.024372082 
541 145 34 43 0.024134818 
959 102 17 23 0.023993224 
302 30 18 20 0.02368634 
894 229 25 34 0.023636848 
878 105 19 25 0.02355306 
302 3 19 20 0.023466924 
790 171 24 30 0.023430493 
458 18 22 26 0.023421198 
355 5 19 22 0.023374477 
66 174 38 52 0.02332225 
261 102 21 26 0.023279713 
-1 48 18 26 0.02327493 
25 24 18 22 0.023188265 
352 140 39 50 0.023111708 
73 180 24 31 0.023069901 
984 132 19 25 0.022909822 
335 50 17 22 0.022792706 
132 295 72 95 0.022668693 
362 150 22 27 0.022662248 
107 29 18 22 0.022625431 
924 149 33 43 0.022562424 
76 0 18 20 0.022559647 
865 246 44 58 0.022305476 
155 26 17 20 0.022160841 
0 157 24 32 0.02195038 
161 274 61 86 0.021931728 
111 81 19 26 0.021894196 
349 192 45 58 0.021886187 
925 170 37 48 0.02183875 
653 451 112 150 0.021788925 
528 168 41 53 0.021763545 
488 1 20 22 0.021736097 
689 342 81 94 0.021687906 
599 27 20 24 0.021538027 
953 389 66 91 0.021465588 
840 199 24 32 0.021425521 
322 92 31 44 0.021331191 
279 101 20 26 0.021197123 
727 51 33 41 0.021045929 
141 425 76 98 0.02104308 
176 88 49 59 0.020924943 
25 116 34 45 0.020850176 
154 321 72 107 0.020847376 
912 265 32 43 0.020777093 
822 460 122 162 0.020724582 
55 119 31 41 0.020658627 
450 192 46 59 0.02064396 
659 149 24 30 0.020570401 
940 150 36 46 0.02051659 
949 132 19 24 0.020514712 
718 2 23 24 0.0204747 
640 316 72 86 0.02040902 
245 245 74 94 0.02040171 
910 446 72 88 0.020278895 
663 3 23 25 0.020262694 
942 322 56 74 0.020248568 
150 126 23 30 0.020009706 
