8_Election_Campain_Election_Campaign_8_244
20
647 71 92 124 0.999912 
102 62 142 172 0.99983025 
252 154 87 104 0.9998159 
388 109 104 140 0.9997503 
847 139 91 113 0.99960846 
519 132 111 157 0.99880767 
780 114 70 92 0.99796605 
-1 163 62 96 0.34364706 
954 126 59 102 0.21524267 
735 164 46 60 0.10275862 
750 133 67 86 0.07499301 
890 129 77 111 0.056229662 
730 133 48 66 0.035908237 
751 533 351 364 0.028237635 
917 89 73 111 0.026464766 
297 170 68 88 0.02594181 
981 115 42 72 0.024033412 
578 318 685 736 0.02399289 
977 177 46 70 0.022926485 
993 98 24 32 0.021088991 
