51_Dresses_wearingdress_51_492
19
353 162 254 334 0.99985015 
730 353 95 118 0.20007376 
263 144 120 188 0.15808214 
730 315 183 207 0.07436883 
787 1096 528 560 0.04039966 
520 809 1050 1105 0.037848905 
793 397 67 83 0.034045067 
806 789 513 588 0.033690635 
794 -103 522 593 0.031203162 
811 417 41 51 0.029505447 
882 330 131 197 0.026020134 
840 1051 107 142 0.0250304 
974 411 32 55 0.024185937 
79 970 114 124 0.024087133 
798 441 503 594 0.023628581 
754 196 486 543 0.02338982 
537 -280 981 1053 0.021077452 
544 173 899 1070 0.020768024 
-5 985 63 97 0.02006714 
