51_Dresses_wearingdress_51_1012
65
516 167 115 150 0.9994253 
0 538 44 66 0.85357887 
234 434 37 47 0.3926115 
84 504 33 43 0.379056 
122 471 34 44 0.27111354 
163 465 33 43 0.24075276 
45 506 33 42 0.18813276 
112 484 35 46 0.17094176 
27 346 34 44 0.120414436 
77 521 37 47 0.08795112 
44 471 29 38 0.07195483 
184 459 31 40 0.071302734 
188 429 29 38 0.06409968 
169 431 29 37 0.05728818 
886 142 41 60 0.051170338 
150 483 34 44 0.049736764 
28 535 39 54 0.049346726 
752 137 496 610 0.048076447 
199 639 95 107 0.047181867 
897 119 33 47 0.046401665 
2 646 39 49 0.039838593 
75 576 54 68 0.03938659 
546 6 88 109 0.039309084 
845 96 36 47 0.036616158 
101 721 59 76 0.036442924 
89 724 36 44 0.03640173 
87 473 29 38 0.033590853 
139 444 67 87 0.03349898 
735 -94 496 580 0.032756455 
644 624 765 885 0.03186305 
73 481 68 86 0.030447617 
867 121 77 114 0.030397726 
6 375 34 50 0.028904494 
126 701 35 45 0.02812744 
43 420 30 41 0.027847081 
134 567 177 207 0.026659187 
170 593 104 119 0.026118731 
803 1106 515 558 0.026047036 
268 556 56 69 0.025396308 
864 110 131 178 0.025380982 
197 611 39 48 0.025041051 
829 73 61 69 0.02474821 
39 459 48 66 0.02467546 
97 469 66 82 0.024500553 
107 672 88 110 0.02448279 
120 432 29 37 0.024428872 
917 109 29 41 0.023672616 
2 411 32 46 0.023434332 
790 432 509 599 0.023393253 
5 511 34 46 0.023185631 
65 713 101 126 0.023013473 
421 349 40 56 0.022701109 
58 558 172 219 0.02227692 
-6 514 88 121 0.021974623 
196 579 39 46 0.021609887 
38 316 27 34 0.021350956 
74 618 61 75 0.021176422 
197 490 35 44 0.02116692 
804 89 58 72 0.021066315 
827 62 213 297 0.02105381 
846 134 65 82 0.020732844 
225 667 56 69 0.020470837 
85 696 36 46 0.020447137 
107 740 99 128 0.02040315 
297 567 38 48 0.020015778 
