51_Dresses_wearingdress_51_445
84
178 323 80 110 0.9970348 
349 308 79 97 0.98297924 
855 304 90 100 0.97343624 
236 1007 35 47 0.11877613 
613 780 37 47 0.093174584 
829 1099 32 43 0.090892114 
160 28 38 42 0.0627469 
-1 1190 27 45 0.06025984 
720 625 86 107 0.053724423 
1 79 69 82 0.047513284 
139 16 80 82 0.045942333 
609 732 103 121 0.045702696 
411 821 32 38 0.044421334 
302 373 39 49 0.04368849 
242 105 52 73 0.043267768 
950 919 33 48 0.042398874 
348 2 38 41 0.041975208 
168 18 92 91 0.038074423 
141 0 52 57 0.037676316 
591 790 33 40 0.034476787 
140 51 89 112 0.032067087 
252 712 26 33 0.030988803 
567 637 96 105 0.029832538 
245 181 95 117 0.029641468 
563 653 157 154 0.02947666 
338 821 26 32 0.029463464 
485 793 27 33 0.029336158 
645 764 106 121 0.02788915 
254 822 25 32 0.027437191 
935 920 31 43 0.02682137 
0 832 79 122 0.026375549 
0 65 39 56 0.026265875 
266 315 89 120 0.026031576 
248 883 27 33 0.025509413 
590 776 53 63 0.025468254 
185 84 82 111 0.025466308 
320 824 25 30 0.025023472 
206 241 102 119 0.024963316 
234 178 65 78 0.02470827 
749 647 47 57 0.024524866 
638 775 38 49 0.024214402 
237 129 93 112 0.024159178 
262 121 40 49 0.02395501 
679 654 103 122 0.023626043 
478 813 26 32 0.023572829 
662 48 199 215 0.023282098 
199 33 39 41 0.023084283 
269 823 25 30 0.02298401 
248 858 26 31 0.022907816 
209 760 25 32 0.022587083 
207 4 37 38 0.022569155 
238 788 24 30 0.022440707 
552 575 152 161 0.022425745 
791 816 46 65 0.022380237 
437 815 30 37 0.022362744 
173 821 26 32 0.022201657 
6 474 88 133 0.022120895 
90 51 83 100 0.022072935 
216 21 62 66 0.021888906 
42 318 46 77 0.021863334 
671 515 113 123 0.021713661 
243 755 25 32 0.021711614 
842 1098 31 41 0.021661919 
150 361 368 418 0.02165663 
614 755 39 47 0.021624535 
584 558 54 63 0.021520559 
423 51 85 103 0.021460598 
954 894 29 38 0.021274688 
222 54 60 77 0.021195041 
199 60 42 52 0.021174626 
526 509 159 178 0.020823108 
618 645 60 69 0.020816157 
444 6 28 33 0.020759989 
634 783 69 84 0.02065697 
550 795 27 35 0.020478794 
115 78 92 112 0.02047219 
385 11 93 100 0.020435106 
-7 521 85 150 0.02041426 
271 66 84 110 0.02033864 
127 59 62 75 0.020239014 
286 785 25 31 0.020132642 
109 72 30 37 0.020123115 
337 -1 83 90 0.020098975 
347 791 25 31 0.02005672 
