51_Dresses_wearingdress_51_830
52
559 34 66 78 0.9936818 
928 36 36 46 0.44287094 
480 111 45 59 0.36038405 
172 614 64 63 0.26306272 
697 236 50 59 0.18226705 
835 33 49 57 0.10282775 
537 28 60 78 0.098859355 
537 140 39 56 0.068710856 
709 535 30 38 0.06726879 
991 14 25 39 0.057728026 
528 126 39 52 0.048814986 
488 125 54 72 0.04812113 
898 103 29 38 0.047284074 
545 167 40 54 0.046823498 
87 601 51 50 0.04657407 
274 34 84 73 0.04521615 
514 41 39 52 0.044694796 
511 233 66 73 0.043934427 
356 598 43 44 0.03946508 
819 40 35 42 0.037212085 
920 527 60 110 0.037156645 
809 14 68 66 0.03646898 
83 184 52 61 0.0358026 
694 518 53 65 0.034999643 
377 607 29 33 0.034764227 
837 23 35 40 0.03277642 
355 84 38 60 0.030428765 
180 101 257 394 0.029190606 
771 2 67 66 0.028783146 
892 75 24 32 0.0281527 
819 20 36 41 0.028079797 
861 45 31 39 0.027331559 
500 145 56 72 0.026309531 
479 156 43 55 0.026080983 
968 6 47 65 0.024436379 
490 176 70 87 0.02388883 
279 -1 81 73 0.023425816 
72 619 53 53 0.022665508 
75 600 36 41 0.022090161 
817 2 30 32 0.021911113 
526 85 44 56 0.021753352 
85 177 86 96 0.021720478 
840 2 27 29 0.021494832 
851 23 44 50 0.021476774 
919 50 40 53 0.021449197 
463 221 67 80 0.021447219 
505 120 30 41 0.021329952 
530 270 36 42 0.020816965 
352 619 45 49 0.02061176 
72 654 43 51 0.020507999 
533 101 27 35 0.020333037 
816 52 46 57 0.020141581 
