51_Dresses_wearingdress_51_464
68
398 217 252 358 0.99989927 
24 382 133 177 0.9965139 
734 399 77 112 0.61210203 
895 383 41 48 0.43091714 
891 462 34 44 0.105238914 
962 308 32 44 0.0991645 
751 377 67 90 0.077410355 
898 364 32 39 0.076459825 
888 401 51 62 0.07622177 
179 969 84 129 0.07211348 
1 1032 89 124 0.06712412 
825 417 36 50 0.06461184 
964 536 33 48 0.06248188 
898 493 31 42 0.058864977 
961 379 33 44 0.055527855 
768 354 57 72 0.05371497 
991 310 26 40 0.051358312 
968 290 30 41 0.046258986 
919 498 33 42 0.045179702 
990 290 25 37 0.042107668 
784 275 27 35 0.04033543 
917 517 34 50 0.036599398 
958 554 30 45 0.035697892 
785 321 32 39 0.035579707 
787 395 74 98 0.03545835 
967 422 32 44 0.033434786 
937 320 28 38 0.033113394 
822 392 35 46 0.03259622 
970 356 31 42 0.03238477 
991 608 26 39 0.031609368 
893 510 45 65 0.031273585 
840 408 48 63 0.03064781 
989 456 30 42 0.029330932 
173 1208 154 169 0.029138511 
915 423 33 42 0.028620956 
992 357 26 37 0.02796582 
990 384 27 37 0.027335946 
694 361 89 120 0.027293952 
27 1016 129 152 0.027005142 
0 1061 41 60 0.026159676 
860 211 27 34 0.025986848 
931 183 62 83 0.025878591 
855 526 40 52 0.025761906 
875 438 70 88 0.024744773 
756 432 102 140 0.024110325 
213 8 96 111 0.023608763 
765 418 49 67 0.022790123 
250 6 29 33 0.02269654 
789 207 27 36 0.02228362 
913 487 98 151 0.022266557 
917 457 32 41 0.022225108 
212 1005 93 133 0.0221163 
775 266 45 59 0.02201798 
853 712 44 54 0.021915715 
40 1060 174 242 0.021914475 
906 133 106 145 0.021623643 
818 218 26 36 0.021523787 
700 336 131 190 0.02136079 
924 584 36 51 0.021038894 
206 709 115 143 0.021014227 
814 448 36 50 0.02101023 
925 201 43 53 0.020859772 
775 315 51 65 0.020844163 
687 315 86 117 0.02067838 
642 1249 120 128 0.020461155 
861 188 23 29 0.020449026 
105 822 119 149 0.020349018 
204 424 87 114 0.020100731 
