51_Dresses_wearingdress_51_233
17
542 94 147 196 0.99473083 
817 103 154 184 0.740947 
487 97 129 167 0.09479454 
10 1042 188 162 0.03854979 
791 7 206 237 0.035584997 
475 1027 76 98 0.034586847 
772 127 131 160 0.03161668 
637 115 139 176 0.031429194 
334 246 125 175 0.030399172 
525 962 156 189 0.026915563 
867 162 126 181 0.024948336 
468 109 85 127 0.023063175 
787 4 54 56 0.022996154 
630 51 123 153 0.022832073 
904 506 146 194 0.02247541 
452 1022 477 646 0.022111638 
379 878 262 311 0.021402497 
