51_Dresses_wearingdress_51_183
23
70 200 115 155 0.99894196 
460 79 91 116 0.9988938 
879 123 108 133 0.99855155 
622 57 100 125 0.99710554 
279 87 113 137 0.99632 
991 0 24 30 0.05271152 
304 34 75 73 0.04440458 
738 201 89 118 0.037448976 
299 62 86 94 0.037128787 
0 349 85 113 0.031578276 
402 174 84 103 0.029499501 
753 535 346 362 0.02762235 
416 120 68 87 0.025360847 
45 142 52 57 0.025060631 
581 323 679 736 0.023237625 
338 92 83 107 0.022276469 
84 76 67 88 0.021714043 
59 149 62 78 0.021432104 
783 181 84 109 0.021131275 
-215 288 702 744 0.020901326 
68 175 73 99 0.02058318 
928 2 28 31 0.020170065 
389 85 66 85 0.020090995 
