51_Dresses_wearingdress_51_914
138
811 763 131 168 0.9997217 
130 51 60 79 0.99211794 
453 54 47 59 0.79629236 
559 773 59 73 0.7890024 
819 97 60 79 0.5015106 
439 241 44 53 0.31582597 
812 108 87 111 0.21385293 
624 85 33 45 0.139777 
384 1154 34 42 0.11491872 
525 826 34 43 0.109695554 
630 136 35 47 0.06170181 
318 175 40 50 0.056811642 
48 1148 28 36 0.052983828 
629 831 33 43 0.048063718 
283 1215 33 41 0.045143574 
871 141 83 119 0.044490866 
65 1173 32 37 0.043415707 
61 1162 27 35 0.043323446 
848 90 59 88 0.041891616 
326 1314 25 31 0.040442206 
743 1151 25 30 0.040007308 
0 859 28 39 0.03991356 
596 60 74 93 0.03967176 
806 99 42 56 0.038367506 
444 457 29 35 0.03799868 
777 1315 27 31 0.03757653 
515 1224 27 32 0.037317663 
488 1296 28 32 0.037252493 
83 1084 27 34 0.03694332 
574 805 62 76 0.036505066 
285 1243 31 37 0.03645074 
605 1147 24 28 0.03618426 
234 2 38 41 0.035200186 
223 14 56 61 0.035124358 
631 157 35 47 0.035122816 
34 1015 27 36 0.034879588 
97 121 56 72 0.034815982 
876 82 76 117 0.034679938 
946 1322 31 38 0.034596182 
762 134 37 49 0.033751868 
832 157 93 117 0.033468425 
524 802 33 46 0.033061802 
0 -8 81 114 0.03196103 
347 0 33 37 0.031655535 
176 1347 29 36 0.031223625 
695 1153 26 30 0.029772695 
775 1221 26 32 0.029110545 
195 146 60 75 0.029048173 
672 1147 25 29 0.028863663 
587 861 57 73 0.02863293 
186 1334 25 29 0.02830063 
736 1329 24 30 0.028120756 
211 2 35 38 0.02801309 
797 92 186 222 0.027653974 
47 1174 29 36 0.027557757 
-2 1176 27 39 0.027410485 
812 1176 27 32 0.027228354 
618 865 35 46 0.02713375 
795 1317 27 31 0.026965361 
5 1243 27 36 0.02692027 
97 2 35 41 0.026796294 
835 154 48 56 0.026776724 
207 29 35 42 0.026573267 
48 1152 45 55 0.026436083 
273 -4 37 41 0.02639337 
32 1123 26 34 0.026045356 
248 1347 29 36 0.025891857 
42 976 25 32 0.025687486 
858 156 39 53 0.025632784 
137 1160 25 32 0.025588108 
880 1300 23 26 0.025293943 
904 123 40 57 0.02528284 
889 205 98 124 0.025184518 
180 298 48 57 0.025036704 
622 1209 31 39 0.025011798 
515 802 66 84 0.024801124 
243 1297 25 32 0.024535239 
180 1260 30 37 0.02435311 
734 1255 27 35 0.024276085 
561 871 35 45 0.024262648 
433 1217 28 34 0.024191812 
623 1145 24 28 0.024167128 
838 1348 29 35 0.02412383 
220 143 58 71 0.024049796 
490 1315 27 31 0.024028962 
835 195 42 53 0.023963371 
735 1345 29 37 0.02391555 
180 2 32 37 0.023690023 
24 187 49 70 0.023511847 
139 1283 26 33 0.023505718 
83 1105 26 32 0.023455054 
754 118 80 100 0.023179758 
246 1147 24 30 0.023113497 
838 689 89 109 0.023105064 
251 1325 24 29 0.023090903 
179 1175 27 33 0.023020057 
393 1110 27 32 0.022983162 
602 1220 27 34 0.022883037 
37 879 154 186 0.022824055 
515 1252 26 31 0.022763293 
31 196 31 43 0.022636877 
282 1320 24 28 0.022632107 
844 1324 23 28 0.022614539 
901 168 39 55 0.02259592 
544 30 128 143 0.02247993 
503 1219 27 32 0.02247935 
608 101 74 97 0.022110667 
-1 736 29 43 0.022036107 
152 1107 26 34 0.02186548 
144 94 78 100 0.021730287 
887 786 104 144 0.021675974 
910 5 35 40 0.021657242 
327 1149 24 29 0.02140279 
-3 1149 27 37 0.021322636 
528 1297 29 31 0.021317504 
98 198 58 69 0.021314649 
812 1159 27 33 0.021269703 
378 -3 38 39 0.021266013 
119 1155 24 29 0.021248614 
1 320 87 147 0.021148851 
845 1296 24 28 0.021131929 
760 96 57 75 0.021050818 
738 1287 25 31 0.021049995 
155 131 83 98 0.02103345 
766 1185 25 29 0.020830909 
770 1299 28 34 0.020693688 
141 977 30 35 0.020681337 
630 202 34 43 0.020611452 
731 -51 311 356 0.020579925 
861 313 36 47 0.020565271 
739 1178 25 30 0.020550422 
844 312 37 46 0.020508152 
67 858 108 129 0.020503728 
697 1173 27 32 0.020427667 
801 1300 28 32 0.020400524 
863 913 112 142 0.02036924 
531 1318 30 31 0.020361746 
138 1186 27 33 0.020209884 
