51_Dresses_wearingdress_51_377
141
297 337 384 509 0.9990864 
790 645 154 229 0.998195 
199 828 106 168 0.96899664 
0 597 113 224 0.6081615 
-2 913 26 47 0.35750437 
160 523 63 77 0.21931106 
101 901 30 37 0.16296038 
15 525 142 243 0.11615913 
89 531 93 139 0.11328333 
406 18 27 33 0.09234623 
113 509 117 142 0.088994965 
262 805 133 196 0.08864748 
278 1 30 31 0.0870091 
244 526 43 55 0.08423018 
79 911 41 48 0.08264341 
343 -2 45 41 0.07848835 
297 926 84 84 0.07835858 
50 898 20 25 0.07730131 
69 925 42 52 0.07258431 
511 13 30 37 0.06220109 
74 571 90 149 0.059227604 
27 592 81 130 0.05351639 
161 503 47 60 0.050226282 
115 520 44 60 0.048916508 
980 0 23 26 0.048396293 
363 -1 61 66 0.04744132 
393 1 60 67 0.044985745 
172 503 29 36 0.04474412 
15 651 84 117 0.044042666 
2 53 66 106 0.043863505 
434 16 27 31 0.043863423 
527 10 48 55 0.04378037 
97 517 43 59 0.040800195 
420 5 46 49 0.039934024 
78 477 28 37 0.039644603 
35 894 20 28 0.039243452 
81 902 24 29 0.03830782 
126 539 44 61 0.038194902 
502 1 60 68 0.036622845 
411 39 27 34 0.03659981 
530 29 63 73 0.036158945 
437 4 28 31 0.03577144 
993 382 18 29 0.035201903 
562 154 214 259 0.034836724 
160 509 26 35 0.033441547 
485 48 23 32 0.033214845 
304 528 72 84 0.033118077 
942 356 28 33 0.03255523 
-13 678 139 268 0.03224519 
497 3 111 109 0.031637795 
217 809 53 78 0.031552695 
21 906 33 52 0.03132019 
194 536 34 41 0.031055937 
539 4 24 27 0.030657558 
293 963 56 60 0.03047582 
408 6 26 29 0.03031451 
279 569 38 53 0.029964488 
178 550 69 89 0.029816901 
383 0 23 26 0.029016055 
121 573 47 69 0.028829664 
198 910 59 74 0.028575353 
905 428 64 87 0.028508432 
47 915 22 27 0.028412532 
307 44 28 34 0.028311335 
84 445 90 110 0.028257782 
890 405 27 34 0.028198685 
60 547 63 89 0.028126583 
175 533 37 45 0.027300721 
93 492 43 57 0.02729343 
979 376 33 49 0.027256116 
90 468 44 53 0.027140679 
337 0 29 30 0.026818387 
489 15 39 45 0.026813393 
29 889 31 47 0.026810518 
40 145 94 110 0.026664939 
0 898 23 37 0.026664088 
562 22 65 81 0.026409704 
98 869 23 28 0.026357753 
851 436 22 29 0.026233854 
918 439 22 29 0.026193434 
401 221 340 439 0.025987815 
889 428 45 61 0.025977885 
87 713 172 272 0.02586897 
645 24 61 83 0.025592927 
124 607 65 88 0.024929821 
66 577 43 84 0.024922645 
899 432 26 33 0.024921149 
102 551 27 38 0.024818268 
127 462 67 83 0.02461123 
56 938 28 33 0.02435429 
103 437 62 73 0.0242558 
455 0 24 25 0.023754904 
983 384 20 28 0.023525931 
50 624 134 244 0.023315288 
669 0 22 23 0.02329969 
131 585 24 33 0.023239939 
482 31 141 154 0.023221724 
825 426 62 82 0.02318028 
182 491 23 29 0.022978522 
114 494 43 57 0.022925861 
251 547 28 37 0.022692293 
285 582 24 33 0.022626774 
928 441 66 111 0.022608014 
153 552 30 39 0.022534367 
921 1 21 24 0.022473402 
0 801 52 81 0.022422269 
49 870 20 25 0.022361167 
17 348 256 407 0.02229107 
255 0 68 60 0.022080151 
128 607 27 38 0.021853106 
878 1 19 21 0.02175392 
8 838 23 37 0.021657817 
386 20 24 29 0.021418253 
122 505 27 35 0.021387946 
788 449 70 88 0.021250332 
65 507 65 84 0.02115881 
302 0 23 25 0.021143137 
615 1 70 81 0.021131543 
924 407 21 28 0.02107932 
489 0 23 25 0.020982502 
476 20 57 72 0.020894825 
923 449 28 39 0.020873196 
558 5 23 25 0.020859784 
77 562 27 38 0.020756954 
94 575 45 78 0.02073302 
22 794 35 57 0.020699363 
73 488 44 57 0.020694554 
865 437 24 32 0.02056678 
668 54 22 31 0.020562667 
274 538 66 82 0.020507766 
-15 486 217 404 0.020495804 
283 -12 61 57 0.020451672 
44 463 62 76 0.02035051 
722 109 268 325 0.02034554 
188 600 47 58 0.020259753 
102 461 28 33 0.02025734 
48 53 199 220 0.020213922 
342 -6 150 121 0.020117702 
336 14 69 76 0.020057026 
234 -1 188 145 0.020043248 
33 810 20 32 0.020041173 
