51_Dresses_wearingdress_51_17
21
638 67 208 288 0.99883705 
392 145 42 55 0.091426015 
978 407 23 31 0.05173405 
952 350 21 26 0.042972945 
507 185 41 53 0.02892809 
555 309 75 106 0.028145643 
-59 520 353 359 0.026471341 
975 359 18 23 0.026068056 
524 539 43 57 0.026000345 
753 532 342 358 0.02470812 
654 83 105 119 0.023357986 
975 389 21 27 0.022639949 
357 192 65 89 0.022480072 
532 535 29 37 0.022226194 
495 153 57 72 0.022213768 
550 187 78 89 0.022195023 
569 534 25 34 0.021964159 
597 505 64 78 0.021735815 
-212 316 693 734 0.021222861 
575 301 686 746 0.021097671 
966 384 33 44 0.020386696 
