51_Dresses_wearingdress_51_340
18
561 344 75 101 0.9912627 
852 947 40 46 0.04688788 
514 -19 135 179 0.03112747 
43 305 25 35 0.029143374 
387 959 153 233 0.028378885 
206 1088 24 31 0.023771005 
277 1125 26 31 0.023517236 
40 1116 28 35 0.02316601 
8 815 27 41 0.021463385 
245 1134 24 30 0.021385755 
167 1222 34 42 0.021302994 
53 715 237 270 0.021297049 
201 1132 26 32 0.020986272 
248 1158 26 31 0.020921497 
791 920 106 114 0.020451467 
0 1048 83 114 0.020194028 
387 1074 89 133 0.020143569 
495 7 88 134 0.020033633 
