51_Dresses_wearingdress_51_580
22
445 113 119 162 0.9994056 
230 944 42 50 0.25801206 
27 5 50 51 0.14646977 
278 242 57 69 0.10158375 
861 482 44 50 0.085384384 
694 165 60 69 0.08071593 
822 483 534 617 0.041448668 
26 564 44 51 0.03806932 
833 182 530 605 0.0379306 
137 240 64 75 0.035745826 
127 255 44 55 0.033251107 
571 211 989 1131 0.033003535 
837 -135 536 600 0.032731537 
188 233 57 69 0.030318532 
697 667 756 898 0.028983632 
549 -355 1072 1134 0.028295632 
584 145 71 94 0.025911985 
815 1132 531 568 0.024874669 
557 182 93 127 0.02460649 
5 -3 86 87 0.024183495 
206 166 38 45 0.024158753 
925 684 62 73 0.020946372 
