51_Dresses_wearingdress_51_106
37
517 125 96 124 0.9987863 
390 294 113 142 0.25609353 
775 285 42 55 0.061814636 
74 781 249 366 0.04715169 
783 163 504 567 0.044034444 
914 84 66 86 0.03886585 
636 -238 771 823 0.0369979 
548 885 107 153 0.03321168 
785 465 506 565 0.03127498 
746 1058 487 521 0.03064111 
772 795 481 560 0.02989521 
931 227 34 43 0.029610919 
364 200 69 84 0.029035589 
930 246 35 50 0.028213494 
800 273 55 69 0.026665475 
385 217 96 122 0.025586171 
544 200 938 1061 0.024985645 
311 899 162 216 0.024012797 
516 859 94 120 0.023799695 
925 215 57 75 0.023704447 
899 44 109 140 0.023427885 
193 856 120 155 0.023289852 
970 171 32 41 0.023073403 
692 101 61 72 0.022820204 
337 253 184 235 0.02265365 
823 112 32 41 0.022392606 
773 32 35 41 0.022389991 
705 113 36 43 0.02227711 
921 186 90 120 0.021667833 
818 371 36 49 0.021606682 
952 154 60 80 0.021335099 
555 825 106 130 0.021154774 
546 854 60 80 0.020817615 
928 132 37 49 0.020378826 
818 265 34 44 0.020299168 
237 874 71 99 0.020254169 
406 826 67 84 0.020135796 
