51_Dresses_wearingdress_51_327
26
462 148 137 181 0.9989675 
872 1681 44 50 0.052499052 
986 1654 32 43 0.03949712 
968 1649 36 42 0.032493606 
820 1611 34 40 0.029199947 
828 1656 33 37 0.02816806 
834 5 40 42 0.027828591 
132 203 44 56 0.027130341 
480 1681 45 49 0.02702912 
864 4 38 39 0.025701769 
695 1602 44 54 0.025253795 
832 1681 37 44 0.024830278 
99 94 33 43 0.023989864 
746 1675 41 50 0.02335576 
127 124 35 42 0.022699187 
76 323 67 89 0.022027723 
98 122 36 46 0.021842252 
361 184 96 131 0.021525323 
959 1673 42 51 0.021298312 
115 167 69 83 0.021208115 
94 164 38 48 0.02055177 
94 109 182 251 0.020335866 
125 96 34 43 0.020253582 
58 130 110 134 0.020249251 
928 1616 32 36 0.020193506 
877 1666 35 39 0.02007374 
