51_Dresses_wearingdress_51_633
157
430 107 111 136 0.9978823 
706 505 46 56 0.2806662 
668 0 86 81 0.2579744 
28 730 102 121 0.070555486 
904 485 36 45 0.046584193 
898 513 37 50 0.043821566 
904 410 34 41 0.04350688 
331 6 32 34 0.043342084 
759 220 29 34 0.043187227 
912 220 28 35 0.042417858 
674 343 35 42 0.041769356 
907 150 25 30 0.041573558 
53 908 26 33 0.04047833 
741 512 35 44 0.0390596 
4 854 26 34 0.03769812 
936 261 26 31 0.037416544 
856 196 31 38 0.03709274 
935 231 27 33 0.03683319 
406 77 98 133 0.036807116 
762 268 32 39 0.03680369 
295 193 62 87 0.036510948 
158 713 27 33 0.035274737 
945 545 35 51 0.034999397 
775 172 511 574 0.03464234 
43 859 24 30 0.03435089 
714 229 25 31 0.033723846 
107 749 32 39 0.033642605 
784 1085 520 533 0.03356934 
990 261 25 32 0.033036146 
5 812 28 38 0.032811522 
368 696 39 57 0.03265456 
785 520 34 41 0.03259597 
902 445 34 43 0.032528147 
11 787 33 46 0.03200784 
972 226 26 33 0.031862944 
898 35 33 40 0.031715564 
791 -124 510 568 0.031597935 
191 532 31 35 0.031486657 
750 200 27 34 0.031388953 
188 639 28 36 0.031331286 
745 106 32 42 0.031082014 
904 381 31 38 0.031077957 
750 599 36 47 0.030816618 
690 485 77 89 0.03080585 
905 192 28 34 0.030066075 
783 375 29 35 0.029895686 
520 776 1030 1079 0.029217271 
903 307 26 32 0.029127304 
825 486 35 44 0.029068584 
81 858 27 32 0.02890313 
276 147 88 118 0.028794466 
40 814 27 36 0.02875514 
939 445 35 46 0.027853932 
331 676 81 114 0.027568813 
860 486 35 44 0.027532527 
824 520 34 42 0.02744581 
343 662 35 49 0.027165325 
756 286 31 37 0.027156768 
785 488 35 43 0.0270686 
943 520 33 48 0.026908902 
158 795 29 36 0.026677012 
189 551 29 36 0.026592603 
939 478 35 48 0.026566515 
935 37 31 37 0.02649581 
160 856 28 35 0.026262019 
891 472 61 73 0.026135027 
860 378 27 33 0.026128512 
897 329 29 35 0.02597055 
641 332 734 824 0.025866175 
759 382 30 35 0.025860757 
190 856 27 33 0.025767392 
10 188 28 39 0.025594572 
797 342 25 30 0.025554756 
781 233 26 31 0.0255226 
153 745 28 35 0.025499284 
297 155 35 48 0.025475161 
17 757 67 86 0.025417678 
73 720 34 39 0.025297854 
234 555 27 34 0.025237601 
863 512 35 44 0.025140213 
43 270 27 35 0.024986945 
678 99 35 46 0.024965253 
10 745 33 43 0.02490514 
947 154 25 29 0.024872726 
904 120 25 31 0.024828892 
511 -324 1011 1071 0.024677895 
-16 718 155 209 0.024159707 
1004 294 26 35 0.023849994 
43 1052 34 46 0.023651412 
829 374 28 33 0.02360046 
981 195 25 31 0.023563888 
156 827 26 32 0.02343523 
312 4 32 33 0.023259267 
1005 197 24 31 0.023220921 
137 86 56 69 0.02312878 
44 287 28 36 0.022868903 
149 416 28 36 0.02286038 
935 376 31 36 0.02285647 
333 149 38 50 0.022833204 
861 110 30 36 0.022833033 
192 709 27 36 0.022728289 
489 38 97 117 0.02262673 
870 448 31 39 0.022534603 
875 413 91 105 0.02249082 
807 -5 110 118 0.022440132 
176 518 57 67 0.022412425 
787 751 512 571 0.02234382 
705 -12 86 84 0.022270132 
133 933 90 116 0.022147201 
945 187 26 31 0.022113053 
860 213 28 37 0.022093117 
499 479 103 136 0.02203431 
893 401 56 66 0.022018325 
391 26 90 120 0.021982986 
826 300 25 29 0.021970207 
457 26 63 72 0.021957757 
945 340 27 33 0.021718359 
78 744 38 42 0.021710945 
654 21 115 122 0.021673882 
160 597 29 35 0.021641072 
979 105 26 31 0.021596616 
973 1458 40 46 0.021562548 
753 607 49 69 0.021509 
945 83 27 34 0.021443713 
977 86 28 34 0.02140465 
948 114 23 28 0.021400211 
109 719 30 35 0.021396732 
80 778 37 43 0.021201381 
35 381 27 36 0.021176314 
792 554 32 40 0.021112503 
8 772 183 257 0.021090314 
188 599 28 34 0.021083249 
269 739 32 41 0.0210253 
147 103 33 41 0.021008385 
122 68 90 110 0.02095399 
41 716 32 37 0.020953173 
81 405 27 34 0.020920997 
113 867 27 35 0.020868523 
151 677 28 36 0.020686626 
301 170 40 54 0.02066947 
76 676 28 33 0.020649353 
147 82 31 37 0.020564176 
869 408 30 37 0.020551456 
38 1068 34 48 0.020550936 
122 112 29 37 0.02035499 
161 562 29 35 0.02028925 
112 674 29 34 0.020220919 
149 1002 31 40 0.020151513 
75 565 26 35 0.020104911 
413 7 37 41 0.02009756 
936 9 30 35 0.020071272 
76 824 29 36 0.02004665 
778 267 28 34 0.020043587 
813 432 107 119 0.020040927 
117 80 27 32 0.020027293 
714 436 107 124 0.020021461 
372 679 36 49 0.020005437 
