51_Dresses_wearingdress_51_150
46
188 61 85 110 0.9996045 
722 68 67 87 0.99784017 
662 131 24 29 0.08476503 
183 528 25 30 0.064830296 
202 615 27 32 0.04470068 
50 516 19 23 0.043445826 
357 101 20 24 0.043026913 
25 516 18 23 0.038971514 
44 588 19 25 0.03837631 
408 201 414 614 0.03816462 
82 566 20 25 0.03700452 
155 379 22 28 0.035537418 
98 179 74 90 0.033617392 
570 228 24 29 0.032262053 
29 483 17 21 0.031175284 
65 405 42 51 0.030746318 
287 347 39 56 0.03045045 
52 535 19 23 0.030314537 
641 284 80 119 0.028160514 
127 478 20 25 0.02794037 
102 588 21 27 0.026891338 
162 486 19 24 0.026044605 
136 177 60 82 0.026044471 
801 387 19 25 0.025967352 
904 122 52 55 0.025943639 
215 437 21 26 0.025608297 
22 536 19 25 0.025444921 
102 568 20 25 0.024581272 
179 350 22 26 0.02408116 
25 78 18 24 0.023634616 
242 376 40 46 0.023196671 
35 198 20 27 0.023086065 
52 566 19 23 0.022740519 
726 442 22 27 0.022346172 
11 517 17 23 0.022133559 
33 580 31 44 0.021934722 
652 130 21 28 0.021701537 
37 613 18 23 0.021485558 
531 232 20 24 0.021045368 
84 540 18 24 0.020710845 
135 585 20 26 0.020573312 
288 97 23 29 0.020567063 
9 533 18 25 0.020280056 
902 80 60 62 0.020203749 
85 511 19 24 0.020158373 
848 233 21 26 0.02013234 
