51_Dresses_wearingdress_51_339
86
445 193 166 218 0.9983525 
658 320 113 146 0.75882715 
855 145 170 250 0.15346889 
215 62 72 94 0.13474506 
704 216 114 148 0.10107666 
206 998 32 42 0.08861316 
905 221 100 146 0.07126906 
151 352 39 50 0.055042677 
957 261 38 52 0.052669764 
720 335 90 131 0.051980026 
950 62 63 82 0.0502738 
131 131 123 139 0.0475794 
900 69 127 192 0.04710364 
938 92 76 99 0.045302317 
964 178 37 51 0.04387482 
820 151 37 50 0.042550296 
944 154 64 90 0.041421432 
131 328 69 94 0.039764605 
961 105 42 53 0.039139368 
158 55 122 133 0.037882674 
920 234 32 42 0.036511477 
874 99 97 124 0.03630635 
754 -81 479 531 0.036155406 
967 237 33 46 0.035821706 
973 376 40 56 0.035196383 
963 153 40 53 0.035186302 
633 646 728 867 0.03500364 
237 278 108 127 0.034810048 
902 239 31 40 0.033987593 
894 117 39 51 0.033836648 
925 292 45 59 0.033215627 
181 112 120 139 0.03206335 
757 1061 536 583 0.03190943 
884 280 98 119 0.031894315 
802 125 79 113 0.031481344 
175 132 73 90 0.030083705 
812 179 38 48 0.029305171 
782 141 496 560 0.029206658 
954 283 41 60 0.028573096 
727 113 160 217 0.028396117 
814 115 37 46 0.028323323 
21 33 69 86 0.027125852 
30 303 63 95 0.026991826 
788 496 532 624 0.02695356 
717 1125 94 144 0.026829123 
779 183 37 45 0.026081208 
914 332 48 58 0.025914758 
991 72 32 47 0.025687777 
43 341 38 54 0.025672112 
837 145 36 49 0.025669504 
276 302 121 169 0.025666801 
916 110 42 52 0.025548713 
7 5 72 73 0.02542543 
878 363 62 76 0.02531907 
173 165 160 189 0.025005948 
118 24 109 124 0.024763193 
756 241 103 134 0.024658956 
826 97 86 113 0.02455346 
873 190 107 140 0.024410084 
125 339 33 44 0.02436601 
192 154 41 51 0.02423671 
780 212 66 90 0.023659399 
848 116 37 48 0.023636824 
919 71 73 84 0.023566274 
892 219 58 78 0.023547724 
931 268 39 51 0.023349497 
770 172 66 89 0.02227927 
941 34 62 77 0.022105286 
-17 -11 168 193 0.022093192 
962 42 36 46 0.021977918 
40 306 40 55 0.021900043 
995 0 29 37 0.021845547 
803 232 35 45 0.021600833 
962 2 37 44 0.02159477 
894 300 38 46 0.02157434 
43 368 33 47 0.02126242 
141 74 80 97 0.02120719 
818 183 100 137 0.020948509 
927 187 36 47 0.020900318 
453 1236 242 284 0.02078966 
945 190 88 146 0.020786194 
575 187 176 218 0.020667404 
150 307 37 44 0.020464139 
880 327 72 82 0.020390164 
120 315 34 44 0.02028829 
263 1002 237 306 0.020186743 
