61_Street_Battle_streetfight_61_22
66
177 36 118 182 0.9993444 
783 364 97 121 0.18356791 
793 53 22 27 0.109653905 
934 344 82 95 0.079556294 
746 152 18 23 0.062413022 
755 349 161 201 0.05904001 
941 396 75 124 0.056288984 
384 41 92 120 0.044237908 
173 600 72 84 0.042764932 
740 495 342 383 0.04087814 
798 152 17 22 0.038373463 
744 137 19 25 0.036659125 
4 2 23 31 0.036004107 
796 137 19 23 0.035710514 
699 154 19 23 0.033022918 
755 397 100 109 0.032987103 
123 92 53 71 0.03251982 
822 374 94 117 0.032070097 
371 64 126 177 0.031970866 
292 559 67 64 0.030925501 
275 14 111 157 0.02965573 
572 300 645 714 0.02916123 
876 369 143 199 0.02896696 
901 459 73 98 0.028582782 
921 203 20 26 0.02852168 
788 318 95 93 0.028086897 
829 258 49 53 0.027725624 
914 325 78 89 0.027711604 
699 58 19 23 0.027449945 
803 278 87 90 0.026578026 
541 278 69 96 0.026263187 
849 199 18 24 0.02610383 
688 149 71 91 0.026097178 
441 338 92 89 0.024831725 
914 380 69 83 0.024508528 
976 98 18 22 0.02413793 
847 259 26 30 0.023915965 
855 289 51 57 0.023804212 
688 190 66 82 0.023771474 
409 264 143 137 0.023634635 
778 207 18 22 0.023529986 
607 166 150 177 0.023309972 
741 213 19 24 0.023181388 
910 100 83 107 0.023165362 
-211 322 677 732 0.022896923 
826 133 19 23 0.022508472 
717 155 18 22 0.022087658 
851 261 47 52 0.021959906 
737 143 31 40 0.021750033 
827 308 78 84 0.021165196 
949 104 19 23 0.021162052 
134 537 362 349 0.021148177 
594 218 37 43 0.021049174 
726 77 18 23 0.020995397 
714 210 24 28 0.020979939 
950 296 62 84 0.020912092 
790 209 18 23 0.020910872 
925 130 24 30 0.02070808 
428 338 287 255 0.020705217 
863 259 24 29 0.020616723 
925 106 20 24 0.020607488 
598 359 68 87 0.020593122 
825 205 17 21 0.02051547 
479 92 126 172 0.02006228 
417 67 93 116 0.0200255 
588 103 24 28 0.020022918 
