61_Street_Battle_streetfight_61_212
68
44 452 43 52 0.666091 
364 185 114 162 0.2614024 
673 12 123 185 0.23840915 
597 256 79 85 0.14777297 
700 20 72 108 0.073352456 
123 582 55 58 0.07128397 
117 260 199 253 0.066521466 
84 232 158 150 0.056111835 
644 23 97 143 0.050096486 
611 61 227 314 0.048345417 
89 244 77 91 0.04340026 
556 256 110 127 0.041224267 
57 461 45 55 0.039275263 
448 187 241 300 0.03893552 
456 251 130 151 0.03709858 
408 235 118 134 0.036625322 
577 223 161 209 0.03646906 
106 548 126 111 0.034135655 
616 42 92 102 0.033910662 
509 308 121 146 0.033026293 
144 197 183 208 0.031196002 
157 298 75 84 0.031055396 
630 131 147 186 0.029948732 
2 453 34 48 0.029630579 
340 244 77 96 0.029380389 
120 446 146 166 0.028370988 
348 189 72 111 0.0279346 
139 567 73 73 0.027493395 
51 401 27 35 0.026677623 
122 194 98 99 0.026020408 
101 464 21 27 0.0257847 
51 437 33 40 0.025732283 
104 481 22 29 0.025491184 
730 42 75 103 0.025419397 
95 471 38 50 0.024937151 
273 207 145 153 0.024883103 
151 420 27 35 0.024550067 
129 268 85 100 0.02435555 
580 175 135 158 0.02383844 
51 341 256 319 0.023574661 
180 325 69 78 0.023208618 
188 461 24 29 0.023207894 
94 455 34 45 0.02306058 
49 384 29 36 0.023053154 
257 124 491 608 0.023043152 
618 167 506 603 0.022985244 
90 298 139 164 0.02294533 
99 572 61 75 0.022618085 
200 332 23 29 0.022402547 
106 506 69 82 0.022272075 
175 561 73 74 0.022221282 
149 387 64 78 0.022076955 
697 4 220 290 0.021971399 
144 208 58 59 0.021914126 
438 192 91 109 0.021642853 
180 453 40 52 0.021575365 
156 501 26 32 0.021520173 
441 18 449 581 0.021207687 
629 246 84 103 0.021127498 
190 322 43 47 0.021065688 
507 127 70 105 0.021027261 
76 411 115 142 0.020869818 
176 77 159 199 0.020578895 
128 513 82 89 0.020415599 
26 458 42 56 0.020304676 
125 403 57 73 0.020298269 
216 242 123 113 0.020292234 
198 461 24 32 0.020165691 
