61_Street_Battle_streetfight_61_430
263
915 578 25 32 0.8410099 
839 455 22 27 0.5427027 
566 469 23 29 0.51825684 
968 539 31 61 0.50008553 
950 430 22 26 0.43117097 
918 432 22 29 0.36247385 
862 485 22 26 0.3559674 
624 458 20 24 0.355172 
233 461 20 24 0.23272702 
728 494 44 50 0.21767992 
433 462 19 25 0.21180473 
977 435 20 27 0.19874343 
362 462 23 27 0.1738615 
845 444 20 24 0.17229421 
286 454 17 21 0.15729098 
138 410 16 21 0.14287835 
202 463 19 25 0.14120513 
929 483 23 27 0.14043751 
766 462 19 23 0.13943039 
421 466 19 22 0.124497406 
456 444 19 23 0.1222057 
211 436 18 22 0.12129563 
746 457 24 29 0.11613705 
515 457 18 23 0.11220695 
378 460 18 22 0.10860223 
543 462 19 25 0.105649784 
136 444 17 21 0.103946224 
833 465 18 23 0.098714836 
921 410 20 25 0.096770085 
183 465 18 23 0.09670221 
340 504 48 58 0.09579473 
952 418 20 25 0.09571958 
458 453 19 24 0.09494001 
918 387 18 24 0.09433003 
582 466 20 26 0.09071349 
159 454 18 22 0.08854517 
721 461 23 28 0.08820792 
357 476 25 31 0.08632149 
57 439 20 24 0.08628844 
444 442 18 23 0.08580257 
412 430 17 21 0.08467654 
543 435 18 24 0.07716168 
916 355 20 26 0.07591248 
411 420 18 22 0.07481231 
770 622 21 27 0.074779086 
390 513 22 28 0.07451617 
384 488 19 22 0.07435696 
941 485 19 25 0.07356964 
353 512 27 35 0.07313923 
132 452 19 23 0.07223556 
305 465 18 22 0.07216643 
388 529 26 34 0.07092583 
694 453 20 25 0.07004879 
261 591 20 26 0.06996951 
907 581 22 29 0.06944859 
405 531 21 29 0.06916157 
767 485 22 27 0.06875228 
634 461 18 23 0.06803972 
909 389 18 24 0.066222474 
847 592 25 32 0.06578441 
748 442 19 23 0.06541519 
907 430 19 25 0.062942736 
253 490 19 23 0.062494174 
558 531 20 26 0.061562847 
442 -5 124 153 0.060032435 
558 517 21 27 0.059180293 
970 455 19 25 0.058858074 
156 447 17 20 0.058324035 
827 413 18 22 0.058313787 
982 412 17 23 0.057570312 
594 518 39 48 0.057460546 
722 504 29 34 0.056744695 
904 565 23 32 0.055954374 
390 438 16 21 0.0544397 
906 412 19 25 0.054098796 
995 410 17 23 0.053801116 
229 443 19 23 0.05347757 
368 506 56 71 0.05185747 
927 453 20 25 0.05179748 
954 530 32 50 0.0506836 
334 511 31 39 0.049934655 
259 464 17 20 0.049160145 
550 534 19 25 0.04903991 
49 455 22 25 0.048620537 
418 485 18 23 0.048045855 
308 477 22 27 0.04774381 
136 384 16 20 0.047493607 
798 459 17 22 0.047430508 
490 458 19 23 0.047225975 
122 558 20 27 0.046680205 
872 437 17 22 0.046519242 
405 517 19 24 0.04495385 
668 488 18 22 0.04476841 
669 442 17 21 0.044697113 
178 441 16 20 0.044610307 
752 456 34 41 0.04433955 
254 511 20 24 0.044198338 
307 416 19 23 0.044046663 
236 481 21 26 0.043921474 
996 389 17 22 0.04382777 
949 455 20 24 0.043694656 
720 486 29 34 0.04349601 
699 509 20 25 0.043284968 
100 413 16 20 0.04326314 
308 435 18 22 0.04316141 
978 483 18 23 0.04315323 
900 483 21 27 0.042516135 
589 443 17 21 0.04248762 
431 477 20 26 0.042228915 
340 460 21 24 0.04189937 
368 454 31 37 0.041621793 
236 517 20 26 0.041145414 
760 507 24 30 0.040940963 
950 389 18 21 0.040346492 
796 443 18 22 0.040004116 
585 480 20 24 0.039474145 
486 440 19 23 0.039252885 
181 411 16 20 0.039141152 
752 477 37 43 0.03897725 
844 416 17 21 0.038458157 
99 462 17 21 0.038383283 
362 441 21 24 0.038056698 
595 513 25 30 0.0379887 
291 498 62 78 0.037976228 
344 474 43 51 0.037890345 
122 543 20 24 0.037800625 
544 412 19 24 0.037739567 
796 487 19 24 0.037583116 
490 568 19 25 0.03751309 
336 438 19 22 0.037175186 
694 489 20 25 0.037163466 
262 439 16 20 0.036924645 
669 459 18 22 0.036901463 
490 585 19 24 0.036859285 
948 512 21 27 0.03665628 
799 589 19 22 0.03651901 
907 562 41 53 0.036130957 
646 511 22 27 0.036065158 
547 513 20 25 0.035955064 
74 440 17 21 0.03519372 
871 466 19 24 0.034949347 
541 481 20 25 0.034802675 
566 442 18 22 0.034404036 
211 419 18 22 0.03437436 
1 438 17 24 0.03429018 
151 413 16 20 0.034248322 
86 412 17 20 0.034190428 
912 379 29 41 0.03416854 
992 431 19 26 0.034047317 
206 592 23 29 0.03387723 
372 483 36 43 0.033352386 
917 406 32 42 0.033112194 
896 538 23 30 0.03233435 
621 445 18 23 0.032211605 
908 357 19 23 0.032168843 
103 436 16 19 0.032086294 
971 515 21 29 0.03197878 
768 592 18 21 0.03192294 
85 458 18 21 0.031851545 
993 487 18 23 0.031150782 
767 444 16 20 0.030830843 
591 555 23 30 0.030625677 
607 513 28 33 0.030581385 
262 412 17 20 0.03044339 
741 588 19 22 0.030389616 
740 558 22 26 0.030287752 
665 510 17 22 0.030078119 
262 567 19 25 0.030015897 
353 608 39 46 0.029826568 
903 464 18 24 0.029312382 
926 300 21 27 0.028886218 
34 409 15 19 0.028729869 
642 487 18 22 0.028632378 
353 444 51 61 0.028578734 
516 441 18 23 0.028570963 
236 531 19 25 0.028442461 
740 440 35 43 0.02821671 
439 614 22 28 0.02807626 
163 319 256 314 0.02804593 
919 339 21 26 0.02794682 
490 540 20 27 0.027732521 
281 534 25 33 0.027417572 
591 492 68 84 0.027177475 
464 567 19 24 0.027155194 
188 480 22 27 0.027037749 
199 480 22 28 0.027007222 
825 436 17 22 0.026673896 
383 550 24 32 0.026394224 
284 510 24 31 0.02624744 
945 361 18 22 0.026075102 
301 524 30 42 0.025652293 
494 615 20 25 0.025518488 
132 484 20 23 0.025437083 
338 481 26 30 0.025384855 
919 539 23 29 0.02530484 
325 400 91 110 0.02524141 
730 464 60 69 0.025199156 
484 581 30 39 0.024966508 
34 441 17 21 0.024955217 
978 390 16 22 0.024789503 
926 285 23 29 0.024694933 
897 510 22 29 0.024510037 
825 482 19 24 0.024364172 
52 414 17 21 0.024334598 
385 586 22 28 0.02423301 
132 402 28 35 0.024179388 
33 457 19 23 0.024162527 
872 415 17 21 0.023989696 
260 534 19 25 0.023862407 
721 443 18 21 0.023809645 
842 566 22 27 0.023711396 
303 442 88 101 0.023694158 
744 620 18 24 0.023655016 
977 326 19 26 0.023594733 
276 590 20 27 0.023468023 
278 557 22 28 0.023420524 
336 454 41 45 0.023280343 
984 558 32 57 0.023196913 
285 484 20 25 0.02317416 
290 416 16 20 0.023154132 
898 258 22 28 0.023059154 
255 480 84 100 0.022954108 
975 406 29 43 0.022871567 
120 615 23 29 0.022845145 
412 588 20 26 0.022784682 
513 593 19 24 0.022726122 
572 561 19 25 0.022480108 
513 562 19 25 0.022185536 
113 541 19 25 0.021788063 
467 586 20 25 0.021770248 
720 634 21 28 0.021761796 
276 259 163 191 0.021691361 
259 380 148 173 0.02167136 
230 565 20 25 0.021625683 
106 602 36 51 0.021622226 
951 303 20 26 0.021557229 
868 561 32 42 0.021526475 
947 412 32 41 0.021508094 
821 591 20 26 0.021456933 
762 97 24 34 0.021320708 
462 482 20 25 0.02112738 
301 474 41 51 0.021106828 
100 537 49 70 0.021086955 
423 447 45 56 0.021069562 
129 514 20 22 0.021001875 
652 707 47 47 0.020734062 
836 579 46 59 0.020660883 
509 611 20 26 0.020650016 
770 557 19 24 0.020631252 
902 404 31 41 0.020610282 
406 424 29 36 0.020579835 
490 414 18 21 0.020524558 
437 560 20 26 0.02050299 
31 389 17 22 0.02047238 
250 507 32 40 0.020462055 
394 416 17 22 0.02040864 
899 337 20 23 0.020350391 
865 587 23 30 0.020267958 
777 575 59 72 0.020265797 
538 589 18 23 0.020202437 
554 456 44 55 0.020100301 
660 404 498 557 0.020046663 
313 471 102 120 0.020001419 
