61_Street_Battle_streetfight_61_665
30
514 164 40 52 0.99215573 
628 171 41 51 0.9865102 
691 141 44 56 0.9792706 
271 150 34 45 0.941003 
202 164 37 45 0.92075485 
356 160 37 45 0.9132903 
408 143 39 50 0.90405494 
771 322 35 50 0.09301729 
367 145 42 51 0.048385862 
337 162 39 50 0.04111063 
419 195 42 57 0.03770869 
349 243 44 60 0.032317482 
216 151 36 46 0.03108348 
123 203 35 45 0.029195452 
467 560 25 29 0.027696434 
749 528 351 365 0.026291741 
-229 329 703 738 0.02621942 
410 129 31 39 0.025964929 
338 1 25 29 0.025952836 
-68 535 353 353 0.024734277 
327 34 38 54 0.023354234 
642 159 46 62 0.02294098 
103 175 26 33 0.022479676 
768 299 36 49 0.022197321 
993 302 23 38 0.02119168 
576 307 684 739 0.021108525 
125 222 25 32 0.020447478 
795 178 25 34 0.020432033 
816 122 27 37 0.020134998 
254 129 25 33 0.020026801 
