61_Street_Battle_streetfight_61_158
130
611 178 87 104 0.99926275 
870 186 38 54 0.92124486 
744 164 31 37 0.62276083 
787 400 72 88 0.46661887 
346 353 48 63 0.43079445 
247 358 63 74 0.16034783 
963 161 34 49 0.14782383 
309 269 39 51 0.1427214 
813 211 42 53 0.13281806 
672 142 39 56 0.12507646 
647 343 86 98 0.11727032 
961 717 42 46 0.08539286 
646 144 59 76 0.082819484 
847 169 37 50 0.076459706 
949 168 26 37 0.07326457 
673 164 42 58 0.065955915 
232 337 104 117 0.06524159 
312 326 95 119 0.06280167 
656 124 48 62 0.058059078 
267 381 54 65 0.055530168 
815 141 26 34 0.052765712 
293 246 76 92 0.04796699 
93 648 47 60 0.04791583 
796 138 34 43 0.0466871 
339 301 78 94 0.046655677 
716 145 24 32 0.04647982 
303 282 77 98 0.04411728 
384 201 24 31 0.043728292 
480 185 39 52 0.042937137 
612 364 135 131 0.041549858 
257 295 71 92 0.041516077 
278 358 66 81 0.040162526 
248 354 35 48 0.039754663 
206 146 32 44 0.03969364 
324 292 29 36 0.038571164 
879 194 46 64 0.038005557 
75 335 41 62 0.037995413 
217 318 44 54 0.036936145 
843 131 22 29 0.035645623 
355 296 41 51 0.034248065 
240 390 78 87 0.03418169 
307 260 28 36 0.0340088 
419 199 60 83 0.033807866 
77 189 60 87 0.03358051 
281 266 42 51 0.033082068 
489 57 66 94 0.033029914 
768 387 121 137 0.03231198 
356 526 39 48 0.032204777 
331 245 84 101 0.031557128 
548 151 54 70 0.030775208 
106 632 26 34 0.030591452 
503 166 37 49 0.03050264 
842 146 24 31 0.030490039 
992 201 24 33 0.03014058 
532 142 40 57 0.029957823 
221 339 65 77 0.029500203 
248 317 47 62 0.028821127 
364 204 24 28 0.02817781 
386 175 34 44 0.027498513 
394 626 73 86 0.027457928 
182 157 237 281 0.02715041 
318 183 127 145 0.02689192 
267 233 67 81 0.026760487 
957 325 40 54 0.02653159 
157 463 76 92 0.026289934 
370 518 46 54 0.026226059 
435 183 60 73 0.026171725 
903 190 39 53 0.026101723 
886 180 32 42 0.02596243 
627 123 52 61 0.025859665 
355 486 73 88 0.025688006 
366 290 70 73 0.025656391 
309 230 22 27 0.025438534 
200 273 119 137 0.02525451 
180 407 126 155 0.02491837 
408 213 38 55 0.02491081 
393 221 63 90 0.024608405 
451 582 57 72 0.024267888 
357 327 29 38 0.024233716 
359 369 63 82 0.02416402 
195 355 71 77 0.024147449 
244 254 69 81 0.02406192 
820 430 52 63 0.024018833 
363 303 25 31 0.024004793 
438 172 92 123 0.023983708 
980 129 21 27 0.023919737 
960 292 40 61 0.02390917 
536 170 27 37 0.023377856 
154 306 23 30 0.023363104 
255 298 43 53 0.023169065 
970 190 28 39 0.02312482 
519 171 60 80 0.02283641 
559 150 29 38 0.022732437 
733 183 42 52 0.02266306 
749 404 86 110 0.022661611 
765 311 62 71 0.022551803 
408 170 23 31 0.02253702 
974 174 53 71 0.02241823 
652 100 45 55 0.022274228 
374 542 41 51 0.022206705 
0 626 23 40 0.021890696 
199 185 39 57 0.02187279 
224 310 27 32 0.021757685 
578 156 56 72 0.02168781 
810 423 39 50 0.021637794 
72 345 62 86 0.02143067 
910 289 52 65 0.021124728 
84 245 67 96 0.02108134 
374 189 49 62 0.020940198 
755 158 28 35 0.020821705 
282 341 150 176 0.0207786 
445 609 67 86 0.020763746 
405 205 24 34 0.020689808 
814 445 36 44 0.02063128 
924 177 23 32 0.020543298 
294 307 48 62 0.020536818 
94 346 25 38 0.020517945 
540 68 67 91 0.020515626 
426 564 60 77 0.020510059 
31 222 63 82 0.020495199 
404 400 42 65 0.020473123 
346 218 39 48 0.020469315 
674 393 145 160 0.020448647 
227 381 54 61 0.02041836 
205 250 27 35 0.02040009 
412 244 65 93 0.02039063 
949 182 36 50 0.020226195 
223 413 52 61 0.020190267 
992 131 20 26 0.02005421 
351 441 74 98 0.020038156 
