61_Street_Battle_streetfight_61_767
18
578 112 108 159 0.9991891 
256 106 119 174 0.9964307 
949 195 25 34 0.043192063 
622 96 57 74 0.027807543 
895 466 82 102 0.026964113 
729 94 80 88 0.026918098 
788 439 169 151 0.02656049 
227 116 92 129 0.026384503 
315 122 74 117 0.024339395 
551 56 68 104 0.023196885 
204 106 81 113 0.023124363 
653 159 77 102 0.021228509 
892 333 120 184 0.020791061 
340 208 80 117 0.020649046 
359 146 106 142 0.020496547 
901 290 75 98 0.020322494 
849 507 111 107 0.02015268 
917 175 67 79 0.020045321 
