61_Street_Battle_streetfight_61_558
88
144 369 198 246 0.99885786 
700 532 39 51 0.71099746 
512 384 221 295 0.530644 
838 507 27 37 0.31825894 
754 568 30 39 0.07418114 
254 430 92 105 0.07346728 
733 236 27 31 0.06998539 
799 537 32 38 0.06311268 
244 150 23 27 0.049659666 
698 408 26 34 0.048020918 
562 221 22 27 0.046858672 
778 525 45 53 0.042969257 
147 433 99 116 0.041985895 
157 191 23 29 0.041667175 
65 548 65 87 0.039524928 
701 475 39 51 0.03813258 
745 241 24 29 0.03785295 
665 513 62 77 0.035977375 
788 213 23 27 0.03393149 
226 193 22 27 0.03305751 
693 413 38 47 0.03271622 
688 615 54 62 0.032179765 
756 533 66 79 0.03186371 
726 218 25 30 0.031724945 
235 190 22 29 0.03152939 
145 181 38 46 0.03138311 
803 510 29 34 0.030911338 
192 139 20 25 0.03069781 
698 500 42 57 0.030109957 
784 240 22 28 0.029861055 
527 415 48 52 0.028708136 
177 255 44 53 0.027876668 
742 558 59 73 0.027727103 
362 194 18 23 0.027298475 
655 498 43 53 0.027284572 
223 181 39 52 0.027257891 
703 239 22 29 0.026793098 
265 78 21 26 0.026695661 
782 506 27 32 0.02668049 
823 496 49 64 0.026002273 
374 191 18 22 0.025803082 
360 238 23 28 0.025792878 
675 572 87 100 0.025508381 
183 200 72 92 0.025494209 
361 213 19 25 0.025416318 
721 375 23 31 0.02535528 
699 451 42 54 0.02494931 
208 172 65 89 0.024787923 
317 197 23 27 0.024586756 
593 263 26 33 0.024545506 
144 187 24 29 0.024545169 
562 233 23 31 0.024298778 
852 511 25 33 0.024252778 
176 450 137 142 0.02411578 
354 226 37 46 0.024036957 
759 534 24 31 0.023546591 
374 215 20 24 0.023424799 
547 496 143 170 0.023267398 
722 222 53 61 0.022810394 
839 268 22 27 0.02274735 
549 219 20 27 0.022544462 
404 213 20 23 0.022506442 
595 517 24 28 0.022351028 
760 509 24 29 0.022311827 
279 191 18 25 0.022285571 
706 219 23 28 0.021992506 
191 155 17 21 0.021864286 
162 163 19 23 0.021762025 
783 263 24 29 0.02160377 
778 558 29 37 0.021597276 
786 494 59 67 0.021538649 
220 156 20 23 0.021515233 
406 194 19 24 0.021462945 
437 82 24 29 0.021204188 
703 365 38 47 0.021190122 
665 504 27 33 0.021061057 
838 493 23 29 0.021000978 
630 503 77 88 0.020964637 
83 578 30 41 0.020758145 
796 571 49 65 0.020750368 
437 214 18 22 0.02071223 
781 492 25 29 0.020651411 
63 530 55 66 0.020634886 
682 386 52 66 0.020498738 
741 624 83 86 0.020410407 
655 507 26 32 0.020381203 
729 112 26 32 0.02028879 
802 213 22 28 0.020039756 
