52_Photographers_photographertakingphoto_52_695
82
592 146 168 214 0.9987047 
113 62 39 49 0.5943515 
160 176 62 93 0.4295377 
434 620 42 60 0.13123319 
898 156 63 88 0.13018703 
956 164 50 78 0.09993401 
38 142 36 48 0.09202441 
700 5 44 47 0.09060434 
180 152 75 110 0.09044942 
913 179 63 87 0.064582415 
940 191 52 80 0.057919446 
144 175 53 73 0.053041413 
259 142 35 45 0.05242397 
408 585 82 110 0.052018628 
266 740 31 38 0.04477456 
361 668 29 37 0.04356069 
984 178 30 47 0.04263293 
877 182 65 85 0.040409975 
960 2 35 40 0.03941884 
259 302 137 137 0.03656903 
412 619 42 57 0.03616558 
831 171 93 118 0.03606212 
367 146 37 52 0.035456046 
208 172 41 62 0.034817833 
883 207 40 52 0.03423003 
109 205 44 57 0.03318338 
234 139 83 109 0.03185265 
646 625 728 810 0.031756967 
905 217 63 83 0.031694453 
747 -112 495 544 0.031498577 
156 1355 32 38 0.031222489 
228 146 35 46 0.031110454 
217 142 55 76 0.031027613 
751 1069 501 513 0.030965094 
769 459 494 544 0.030525656 
367 101 35 47 0.029582746 
272 157 64 77 0.028074501 
159 696 27 36 0.027996773 
110 0 35 36 0.027632123 
870 222 65 86 0.027483266 
690 -10 78 86 0.027290056 
768 -7 106 118 0.027246194 
732 16 97 126 0.027217595 
165 259 69 93 0.026606826 
764 174 91 125 0.026052123 
874 116 121 173 0.02550489 
114 181 42 58 0.02534444 
725 4 35 41 0.025130041 
771 162 492 542 0.024889212 
175 149 42 56 0.024725458 
772 210 37 55 0.024229454 
131 195 88 113 0.024218278 
32 149 53 75 0.023768056 
364 84 35 44 0.023742996 
523 173 924 1034 0.02372828 
333 127 54 72 0.02368296 
906 -2 63 62 0.023390952 
926 136 78 121 0.023292733 
233 177 99 124 0.023229832 
850 210 34 43 0.022707142 
426 176 101 138 0.022512522 
189 70 33 42 0.02240936 
883 247 38 50 0.02240397 
138 258 216 245 0.022287859 
155 142 42 55 0.022287348 
412 38 169 212 0.02226638 
434 579 106 126 0.022231828 
326 323 100 114 0.022145985 
155 676 27 33 0.022136368 
412 650 33 42 0.022019433 
158 1334 32 39 0.021967709 
505 41 106 119 0.021903558 
485 310 128 149 0.02179468 
586 2 33 34 0.02171174 
987 1 30 37 0.021461027 
347 117 75 105 0.021094551 
668 167 127 159 0.020941725 
825 283 104 133 0.020911124 
146 338 107 128 0.020527136 
124 308 77 103 0.0204788 
343 588 96 122 0.020435235 
518 202 120 145 0.020201731 
