52_Photographers_photographertakingphoto_52_358
50
406 195 115 148 0.9123447 
580 258 45 55 0.5265809 
620 181 20 27 0.052060373 
424 488 58 60 0.047829665 
444 262 71 84 0.040965855 
747 527 353 369 0.037724532 
713 193 27 37 0.03607329 
506 268 40 49 0.033598393 
518 279 24 30 0.031381033 
-235 320 717 745 0.031232893 
569 228 22 28 0.030874213 
485 270 66 79 0.030426295 
437 212 72 83 0.030089939 
464 194 51 67 0.029472675 
-72 539 358 353 0.029401446 
476 296 32 39 0.027985454 
695 68 24 31 0.0276396 
423 169 54 67 0.02754603 
560 303 696 750 0.027513647 
644 152 21 28 0.027472945 
871 2 27 27 0.027233694 
685 143 105 142 0.02672951 
239 111 39 54 0.025857406 
447 169 59 76 0.025624614 
525 507 44 54 0.025014617 
340 156 22 26 0.02478562 
484 232 69 83 0.024569398 
563 223 39 50 0.024450872 
242 320 84 112 0.023928309 
614 74 18 26 0.023767944 
286 152 23 32 0.023500815 
515 355 28 39 0.023351926 
569 256 27 35 0.022701588 
664 202 24 31 0.022606364 
615 349 71 101 0.0223926 
601 282 41 53 0.022125768 
761 328 24 33 0.021889172 
406 474 57 58 0.02176807 
617 172 31 43 0.021702783 
337 149 58 78 0.021489138 
693 333 24 29 0.02143695 
396 186 78 95 0.02140161 
182 274 698 737 0.021236317 
250 124 23 33 0.021229172 
675 359 21 29 0.020894222 
689 172 57 76 0.020882506 
637 178 21 28 0.020599848 
648 366 55 80 0.020577231 
285 169 23 32 0.020432055 
242 64 40 54 0.020177836 
