52_Photographers_taketouristphotos_52_487
64
628 145 56 67 0.80045915 
937 380 60 66 0.49527085 
-1 342 28 47 0.48605344 
610 118 84 114 0.10962309 
966 225 22 30 0.07335712 
562 90 65 89 0.054587055 
952 222 36 50 0.05434552 
431 157 39 57 0.052623324 
618 162 43 54 0.04383179 
637 189 36 46 0.042393964 
608 184 40 51 0.04158181 
336 409 118 179 0.040104263 
364 538 57 60 0.03802726 
581 72 71 91 0.037557017 
13 340 34 52 0.037259474 
519 231 23 27 0.037127845 
591 106 69 89 0.036011104 
34 376 39 50 0.035992395 
354 496 70 82 0.035286102 
562 71 119 145 0.034553114 
586 172 38 47 0.0344095 
582 128 43 56 0.03339135 
411 134 63 93 0.033215996 
925 374 41 55 0.032994412 
563 198 22 28 0.032466006 
944 308 44 56 0.032038376 
592 180 22 28 0.030455533 
971 211 20 27 0.030177472 
949 305 28 34 0.02992039 
942 223 56 79 0.029583849 
593 191 36 43 0.029439788 
484 260 24 30 0.02804395 
953 260 45 66 0.02737871 
928 342 69 83 0.027072996 
42 347 37 46 0.025712792 
510 224 37 45 0.025146317 
579 156 62 76 0.024865586 
654 152 32 45 0.02479757 
948 239 29 41 0.024316315 
995 230 17 23 0.024201168 
568 183 22 29 0.024192728 
488 200 23 29 0.023699576 
891 286 22 29 0.023661112 
609 205 41 55 0.023171827 
837 328 28 34 0.022997785 
544 141 125 144 0.022658927 
591 143 26 34 0.022433838 
452 174 26 36 0.022396043 
560 188 36 45 0.022182375 
926 273 65 98 0.022140082 
522 94 67 93 0.021657398 
-4 338 58 85 0.021561155 
876 301 26 33 0.021511879 
968 245 26 35 0.021408211 
353 503 43 54 0.02111313 
534 229 22 28 0.021036599 
540 204 21 27 0.020541882 
946 354 32 38 0.020514982 
616 225 24 32 0.02045594 
587 124 28 39 0.020448552 
573 64 41 53 0.020382863 
564 230 23 30 0.020182965 
641 129 28 37 0.020168591 
628 93 45 56 0.020030104 
