52_Photographers_photographertakingphoto_52_359
30
648 175 90 106 0.7995129 
563 68 55 69 0.78776217 
635 380 105 105 0.11755403 
583 68 63 79 0.11481694 
604 73 32 43 0.0521005 
658 162 141 163 0.04716956 
615 122 113 140 0.038616944 
550 90 54 68 0.03737453 
739 254 92 115 0.035711806 
625 89 84 98 0.034265056 
466 311 23 31 0.033513945 
685 391 90 103 0.029581966 
490 122 24 29 0.029195085 
661 219 43 51 0.028258335 
682 333 101 111 0.02772905 
636 97 30 40 0.026586574 
445 347 56 88 0.026084417 
624 87 50 63 0.025831873 
764 212 115 145 0.024747139 
657 220 81 97 0.024454804 
775 458 79 90 0.023670247 
677 235 153 182 0.023496734 
712 433 76 97 0.02320319 
638 59 71 85 0.023101976 
577 83 211 236 0.02301061 
683 110 145 166 0.02190509 
713 118 75 100 0.021682998 
664 418 93 115 0.021585595 
743 203 84 101 0.021014068 
458 126 21 27 0.020637384 
