52_Photographers_taketouristphotos_52_536
107
524 220 122 210 0.9928306 
208 596 125 174 0.14418778 
814 1069 148 164 0.09349566 
963 414 61 92 0.08489023 
93 442 34 45 0.075987846 
591 492 230 283 0.06295851 
114 436 33 43 0.059048392 
162 399 38 46 0.058024567 
87 404 31 41 0.054147344 
159 438 41 49 0.05277725 
12 545 61 84 0.051471494 
165 367 33 39 0.048881184 
35 383 34 49 0.04886241 
199 540 68 88 0.045906648 
701 257 144 193 0.04543693 
121 408 32 39 0.044274032 
848 708 95 142 0.043385267 
133 357 30 36 0.04260886 
213 321 34 41 0.042577207 
80 323 29 38 0.041410357 
319 237 108 173 0.040614087 
255 585 70 102 0.039249625 
159 325 29 36 0.038794998 
84 275 28 40 0.038364276 
213 574 89 126 0.0382073 
653 53 772 888 0.037669614 
81 361 31 38 0.037261028 
962 453 48 68 0.037068285 
230 320 32 40 0.036651287 
567 259 125 161 0.036449887 
687 964 839 891 0.035835955 
103 411 78 98 0.035160057 
903 725 98 146 0.034988478 
109 509 67 85 0.033925444 
269 238 107 122 0.033725068 
123 547 46 60 0.03359688 
619 617 131 160 0.033194367 
817 -115 546 613 0.03310449 
157 358 55 66 0.033003047 
2 528 99 162 0.032854788 
141 371 91 107 0.032849893 
951 745 68 103 0.032623287 
813 770 535 636 0.030252151 
798 481 526 634 0.029561931 
362 731 119 127 0.02945829 
549 187 109 151 0.028809432 
134 330 28 36 0.028777216 
113 455 59 76 0.028527483 
656 224 125 151 0.028494783 
177 359 81 105 0.028298847 
845 608 135 232 0.027826855 
69 91 74 98 0.02713511 
758 324 151 149 0.027078284 
39 1023 281 350 0.026630925 
134 534 178 217 0.02558176 
135 244 26 37 0.025476407 
206 312 55 69 0.025347423 
13 362 35 48 0.025232526 
7 48 134 160 0.025157128 
838 291 128 147 0.025115794 
189 295 91 114 0.024894653 
120 464 125 134 0.02489059 
5 1 36 43 0.024732303 
10 390 35 49 0.02464319 
272 600 219 244 0.024410186 
461 318 80 102 0.024359014 
267 1233 117 135 0.023813708 
594 193 110 143 0.023590395 
-18 28 114 127 0.023258276 
52 323 28 37 0.023252377 
729 351 93 101 0.023236958 
203 196 99 123 0.023236286 
969 398 44 63 0.023215223 
79 396 49 67 0.023155846 
195 388 40 55 0.022985656 
166 283 28 36 0.022959344 
784 672 205 342 0.022766871 
196 359 38 51 0.022613587 
227 521 49 60 0.022536745 
127 348 52 63 0.022375172 
71 308 51 68 0.022081472 
758 601 165 223 0.022039194 
359 92 29 38 0.021954486 
118 401 51 63 0.02191861 
531 128 117 148 0.021623075 
690 136 132 181 0.021597533 
65 519 94 109 0.021579865 
625 135 112 175 0.021575283 
30 520 44 57 0.02133697 
598 203 43 59 0.021301046 
70 460 103 131 0.021275338 
7 579 42 65 0.02119931 
226 196 169 219 0.021166354 
266 604 130 163 0.021114288 
204 517 48 61 0.02106849 
664 299 114 137 0.020874202 
149 465 44 53 0.020864723 
959 792 60 104 0.020788364 
42 491 166 223 0.02076894 
112 332 89 109 0.020637998 
207 250 94 116 0.020424724 
764 251 94 115 0.02041749 
54 53 82 96 0.020385848 
840 270 37 45 0.020284936 
215 241 28 36 0.020235026 
320 250 30 39 0.020197421 
87 116 42 57 0.020040354 
