52_Photographers_photographertakingphoto_52_316
19
452 201 207 274 0.87548715 
795 120 119 162 0.8115081 
105 105 107 151 0.47480994 
698 193 74 133 0.16014268 
721 136 147 204 0.09478952 
491 256 72 116 0.09246034 
485 224 121 182 0.057387814 
524 158 190 248 0.03501372 
445 295 108 164 0.033070438 
505 216 90 98 0.031228213 
138 270 122 135 0.03007099 
685 206 152 229 0.026384184 
511 182 88 86 0.026360346 
238 214 44 51 0.025563953 
76 54 81 87 0.022857185 
372 214 68 95 0.022518259 
293 333 173 216 0.020876696 
223 193 42 55 0.020396978 
287 167 165 198 0.020305842 
