52_Photographers_taketouristphotos_52_288
152
843 201 33 41 0.927777 
702 303 34 42 0.8310402 
770 14 25 30 0.72849154 
987 74 27 40 0.67711204 
884 29 26 34 0.5027962 
142 169 61 71 0.40572417 
834 392 29 37 0.39076075 
725 26 22 26 0.33399713 
801 255 24 30 0.17081626 
247 202 48 53 0.16410482 
49 196 45 48 0.122803375 
848 27 21 27 0.09771561 
566 128 55 70 0.09310289 
804 438 22 26 0.08904627 
605 20 31 39 0.08785591 
849 72 23 30 0.085079186 
766 413 23 30 0.07894462 
500 92 140 165 0.07652827 
993 306 20 30 0.07596552 
791 21 22 26 0.07371447 
796 2 23 25 0.072075576 
849 53 22 29 0.07034752 
736 24 19 25 0.07027488 
717 5 20 24 0.066093676 
972 215 39 51 0.065836675 
613 156 44 60 0.060264904 
880 410 24 32 0.06022614 
649 288 41 54 0.057196107 
719 45 24 29 0.056382068 
974 116 32 46 0.05509549 
713 77 41 50 0.052461103 
814 0 23 25 0.051925994 
768 48 20 27 0.051826272 
821 199 35 43 0.05158964 
765 151 29 34 0.049246278 
694 129 26 32 0.048768178 
944 107 26 34 0.048540246 
747 6 20 25 0.047259245 
490 1 29 31 0.046688102 
762 174 28 36 0.043629576 
923 22 20 27 0.042400584 
712 44 38 48 0.04210819 
594 9 52 65 0.042079393 
803 232 22 28 0.04097899 
799 452 24 31 0.040723804 
768 224 22 33 0.04002584 
392 46 45 48 0.039640345 
839 451 27 32 0.039488334 
616 -1 69 79 0.038552526 
-66 289 371 378 0.037931025 
209 54 20 23 0.03789029 
872 293 29 37 0.036114722 
922 263 21 28 0.035686053 
693 144 26 33 0.035244778 
54 186 25 31 0.03391663 
567 145 32 40 0.033881024 
846 249 26 34 0.033753827 
971 204 31 40 0.033718374 
969 24 26 30 0.032973446 
711 3 33 41 0.032970574 
760 8 45 52 0.032917853 
923 4 22 27 0.03271747 
761 420 33 42 0.032323636 
738 256 20 27 0.032101635 
816 21 22 27 0.03202026 
485 155 70 83 0.031844687 
772 73 20 27 0.031654667 
972 140 36 48 0.031597864 
764 387 21 27 0.031525645 
763 198 26 38 0.03139137 
796 385 22 29 0.031221734 
579 169 34 43 0.03110837 
656 218 513 552 0.031036315 
929 199 23 31 0.030768748 
547 144 65 77 0.030728519 
699 55 20 25 0.030728273 
328 310 369 366 0.030588396 
20 175 537 550 0.03035061 
636 0 28 34 0.029459469 
577 122 37 43 0.029451057 
891 233 21 28 0.02919754 
740 384 24 32 0.029164584 
848 2 20 25 0.0290345 
858 201 27 35 0.029012725 
581 108 71 85 0.02897126 
810 249 24 33 0.028854547 
940 201 35 45 0.02856489 
879 77 23 30 0.028512845 
614 4 27 32 0.028470106 
922 434 22 27 0.028216578 
877 430 24 29 0.027839562 
760 460 24 29 0.027701994 
897 98 24 30 0.027665807 
545 213 79 91 0.026938433 
870 471 29 35 0.026902163 
924 461 21 27 0.026755236 
512 128 69 89 0.026710683 
413 44 225 255 0.026386498 
844 184 29 35 0.026282957 
775 250 19 28 0.026142368 
555 164 76 95 0.026135426 
892 426 24 31 0.026056606 
633 174 23 33 0.025962763 
798 272 23 30 0.025910025 
976 478 25 31 0.025677552 
686 160 39 50 0.025581058 
954 348 25 35 0.025481392 
794 406 23 29 0.02512923 
380 19 91 93 0.025036655 
926 179 23 32 0.024458311 
66 216 33 41 0.023862036 
661 281 26 35 0.023812858 
844 436 26 32 0.023755057 
873 461 24 28 0.0235092 
508 162 79 93 0.023291698 
735 92 23 29 0.02328593 
959 192 60 86 0.023250217 
846 121 24 30 0.022982039 
868 3 22 27 0.022627445 
948 216 37 48 0.0226073 
845 272 29 39 0.022547076 
739 48 21 26 0.022524294 
965 346 28 40 0.022506913 
149 178 37 42 0.022143316 
688 77 59 71 0.022009026 
683 111 51 62 0.021922864 
861 215 36 45 0.021922335 
914 380 22 29 0.021661354 
748 150 25 31 0.021628778 
939 92 43 57 0.021552132 
71 185 24 28 0.021519277 
698 72 23 29 0.021507418 
747 459 25 28 0.02144972 
563 96 67 75 0.02137731 
872 28 42 54 0.021338549 
905 384 23 29 0.02129984 
808 431 34 42 0.021225858 
521 18 145 152 0.021223016 
871 360 22 28 0.021111622 
391 55 27 32 0.021101175 
489 193 31 37 0.021076147 
813 230 23 30 0.021037526 
126 137 99 124 0.021023044 
801 232 48 62 0.020987974 
975 51 26 35 0.020983577 
385 -4 155 165 0.020907698 
895 4 22 28 0.020696322 
925 151 24 30 0.02069113 
490 16 29 32 0.020242553 
950 432 22 27 0.020137526 
537 315 363 360 0.020083325 
857 280 49 59 0.020028783 
