52_Photographers_taketouristphotos_52_97
29
274 253 150 185 0.9636958 
423 164 42 50 0.16710435 
345 267 76 119 0.16627052 
520 170 37 47 0.09691163 
527 340 45 53 0.08811573 
834 628 33 37 0.064436264 
370 219 109 157 0.04120922 
452 238 80 100 0.038233347 
428 215 81 102 0.033299122 
978 628 25 33 0.030246245 
285 207 24 30 0.029163493 
186 481 171 185 0.028655749 
528 305 69 82 0.027945286 
876 609 24 27 0.027364178 
825 608 54 54 0.02422924 
464 294 77 90 0.023865558 
506 151 67 79 0.023838937 
511 204 73 93 0.023088746 
211 198 172 202 0.022691634 
481 44 24 31 0.022610644 
441 163 42 52 0.02244959 
924 642 20 25 0.022161258 
503 268 72 100 0.02162323 
923 653 26 32 0.021460555 
789 634 20 26 0.0212773 
427 177 65 81 0.02104311 
539 256 94 117 0.020332685 
636 586 22 26 0.020229151 
949 635 24 28 0.02014148 
