29_Students_Schoolkids_Students_Schoolkids_29_84
49
536 437 120 144 0.99772364 
645 277 162 126 0.80422914 
399 63 167 161 0.5333202 
528 141 144 142 0.5100447 
347 406 124 126 0.4155295 
461 92 188 169 0.25890717 
571 168 185 156 0.11629652 
329 200 148 164 0.07004029 
-3 369 185 320 0.057977464 
608 138 103 125 0.056868248 
557 384 143 161 0.0519174 
568 71 149 162 0.051183607 
371 17 298 274 0.0485608 
362 139 151 160 0.046921458 
342 287 145 181 0.046548333 
625 -4 81 86 0.04139592 
618 51 79 99 0.041216373 
760 444 208 202 0.040836617 
315 241 99 128 0.040540475 
513 274 150 181 0.03730563 
385 37 117 119 0.037239026 
719 280 208 181 0.034945987 
722 303 91 120 0.0329015 
707 242 125 116 0.032005433 
-3 150 186 172 0.030208493 
643 348 111 122 0.029390262 
298 416 134 143 0.027624987 
537 -6 101 80 0.026513424 
502 3 144 129 0.026435237 
669 185 127 125 0.025784863 
683 341 175 171 0.024795322 
433 18 166 145 0.024684375 
383 116 97 119 0.024488458 
675 56 124 157 0.024278535 
929 129 23 32 0.023641622 
620 55 44 63 0.023208639 
502 99 92 120 0.023170078 
477 138 100 134 0.023124455 
200 141 291 339 0.022600327 
824 509 132 122 0.021954197 
590 106 77 96 0.021813482 
497 185 123 145 0.02175088 
740 102 23 33 0.021372328 
297 470 81 117 0.02100828 
388 235 127 160 0.020915167 
423 128 117 125 0.020819629 
558 -2 176 161 0.020349324 
827 366 186 216 0.020210892 
675 134 96 118 0.020179123 
