29_Students_Schoolkids_Students_Schoolkids_29_311
100
192 389 17 21 0.13698307 
201 388 17 22 0.123985104 
82 414 22 26 0.10237638 
227 383 17 20 0.10104066 
111 359 19 23 0.07825867 
-2 383 16 24 0.067587845 
0 504 24 34 0.06390645 
281 1 21 22 0.057786055 
155 377 18 20 0.055567943 
257 459 26 33 0.05407201 
45 379 18 22 0.05161994 
37 379 17 22 0.05045256 
295 381 18 20 0.048050936 
259 417 20 24 0.047087505 
721 1 24 24 0.044354565 
444 107 19 23 0.042650163 
35 366 17 23 0.040865913 
228 367 17 22 0.04014351 
-2 365 17 24 0.03694225 
146 415 23 26 0.036346324 
334 74 20 23 0.036329985 
12 -16 191 195 0.034899414 
-52 495 377 379 0.034756888 
215 364 16 21 0.033915665 
257 428 23 28 0.033565134 
489 176 22 28 0.033226218 
122 359 17 22 0.03282168 
639 61 18 23 0.032076508 
260 389 16 19 0.03111507 
260 358 16 20 0.030986812 
443 404 17 22 0.030161103 
610 4 20 22 0.030033194 
515 46 18 21 0.029947923 
231 260 267 382 0.028906597 
408 5 21 22 0.028763378 
180 363 16 19 0.02870769 
692 414 20 24 0.028536182 
537 177 20 26 0.028426059 
136 414 21 25 0.02822942 
230 405 18 20 0.027773047 
201 179 21 25 0.027596219 
221 377 29 36 0.027422322 
641 70 19 24 0.027355816 
388 160 21 25 0.026304875 
491 199 23 29 0.026198173 
512 149 20 25 0.025994407 
539 6 20 22 0.025671022 
47 368 18 22 0.025529258 
695 453 22 29 0.025520455 
-162 302 695 726 0.025418777 
352 200 25 33 0.025366995 
692 430 24 31 0.025173832 
128 385 17 20 0.025085544 
210 160 20 23 0.025071172 
85 360 17 22 0.025055531 
186 405 18 24 0.025017675 
496 108 17 21 0.024885416 
504 136 35 47 0.02483874 
95 412 21 25 0.024748107 
500 237 278 349 0.024657095 
440 205 20 25 0.024598055 
458 107 18 22 0.024117809 
722 456 20 26 0.023840586 
386 178 20 25 0.023514181 
513 130 19 24 0.02332149 
187 180 22 26 0.023228124 
208 402 18 23 0.02312727 
717 434 20 27 0.023012063 
291 368 17 20 0.023003504 
485 143 37 47 0.022857398 
471 123 62 78 0.022794932 
108 378 19 23 0.02275279 
539 157 19 26 0.022741452 
993 638 23 33 0.022554073 
689 505 166 191 0.022477508 
815 0 23 26 0.022019448 
531 166 35 45 0.021971893 
596 228 20 25 0.021897541 
540 203 21 27 0.021804623 
757 230 252 356 0.021677108 
188 383 27 33 0.021426339 
647 229 21 28 0.0213946 
638 49 142 166 0.02134879 
564 128 20 25 0.021331416 
264 1 21 23 0.020839311 
462 4 134 160 0.020566491 
569 153 21 27 0.020560691 
292 171 37 46 0.020553155 
461 179 20 25 0.02053287 
389 99 19 22 0.020448552 
490 152 57 70 0.02040436 
340 149 19 24 0.020320807 
511 81 17 21 0.02027358 
249 420 39 48 0.020235118 
441 480 21 25 0.02022415 
381 200 20 25 0.020118041 
800 1 23 23 0.020107076 
616 76 19 24 0.020101232 
445 392 15 20 0.020036161 
618 58 18 22 0.020027483 
