29_Students_Schoolkids_Students_Schoolkids_29_130
182
109 265 41 55 0.9617932 
380 162 43 60 0.92191106 
103 288 45 53 0.33832195 
528 235 33 42 0.31348553 
237 245 36 44 0.27227855 
244 274 42 48 0.24151663 
308 224 28 36 0.18108006 
594 421 59 80 0.15806857 
230 267 40 46 0.12345983 
236 233 28 36 0.09131749 
468 199 23 31 0.08761551 
668 498 42 61 0.080697976 
609 398 34 43 0.07994825 
302 238 37 48 0.0759519 
0 252 23 43 0.075632416 
670 185 22 27 0.07533685 
248 233 29 38 0.072488934 
379 149 34 43 0.06578463 
671 153 20 24 0.063680455 
335 556 23 27 0.063597016 
312 205 25 33 0.06323355 
497 489 22 28 0.063056834 
518 231 29 36 0.06302955 
-4 260 31 67 0.062818505 
326 224 23 31 0.062432 
512 189 20 25 0.062377594 
461 398 23 31 0.062206395 
331 209 21 28 0.062090017 
25 297 24 39 0.060384493 
375 247 25 33 0.05536311 
364 249 24 32 0.05522602 
480 203 21 27 0.054910544 
537 330 55 76 0.049829666 
564 323 28 38 0.0488929 
26 248 20 31 0.04777565 
572 437 67 94 0.046819344 
665 497 69 95 0.046684805 
570 364 66 83 0.044307895 
329 546 22 28 0.044126146 
156 226 24 31 0.04149776 
694 535 90 107 0.04082424 
101 315 30 39 0.04009427 
482 225 24 31 0.039870594 
388 134 23 28 0.038032923 
621 438 47 62 0.037913 
574 341 40 56 0.0372145 
402 155 31 39 0.037119787 
537 209 21 28 0.036818516 
112 306 40 51 0.03673772 
556 492 46 58 0.036447484 
313 544 21 26 0.03595627 
606 394 59 70 0.035076384 
268 264 41 51 0.034981433 
310 210 47 60 0.03374565 
337 173 21 28 0.033669468 
684 567 127 136 0.03366091 
178 301 24 32 0.033510532 
322 536 36 47 0.033349182 
589 380 27 32 0.033292666 
34 237 18 25 0.032823723 
180 250 21 27 0.03279909 
739 588 92 93 0.03258486 
409 131 21 26 0.032282755 
465 186 21 28 0.03199115 
79 228 23 28 0.031941872 
652 640 136 125 0.03192703 
214 273 26 34 0.031882662 
334 436 23 28 0.03186468 
402 153 58 75 0.03165251 
359 354 25 33 0.031575475 
186 412 25 31 0.031570856 
487 247 25 34 0.03143345 
631 426 30 38 0.03141937 
287 387 25 32 0.0313061 
79 204 21 26 0.031148909 
593 400 29 38 0.03083262 
589 442 35 48 0.030478472 
417 107 20 23 0.030347703 
182 324 34 43 0.030225648 
363 472 70 86 0.030175433 
231 518 21 28 0.029950716 
-2 327 20 36 0.029691728 
665 182 35 46 0.02951196 
283 230 24 31 0.029454345 
18 242 31 55 0.029288026 
281 244 38 47 0.029168434 
544 47 25 29 0.02906548 
210 255 24 31 0.028803669 
47 231 20 26 0.028438615 
671 228 24 32 0.028321212 
287 133 21 25 0.02828267 
228 292 34 40 0.028132705 
559 376 24 33 0.02784215 
158 211 22 28 0.027392028 
443 374 54 69 0.026623243 
855 546 55 79 0.026488107 
187 464 37 52 0.026396265 
6 273 43 77 0.026323248 
688 486 36 58 0.025960535 
610 426 37 49 0.025901219 
627 473 61 81 0.02581385 
488 501 25 32 0.025704516 
335 505 24 29 0.025645647 
360 172 53 69 0.025580807 
430 102 19 24 0.025492925 
336 412 66 88 0.025481483 
560 349 28 41 0.025476819 
332 452 65 77 0.025356246 
376 211 39 53 0.02534847 
48 203 22 28 0.025339635 
524 473 60 73 0.02518453 
834 577 61 90 0.025143694 
150 254 23 30 0.025143096 
704 485 129 151 0.02504413 
180 228 21 29 0.024900198 
360 373 35 53 0.024887249 
260 532 23 29 0.024823967 
642 19 24 26 0.024796428 
533 212 57 76 0.024723046 
327 433 41 53 0.02469661 
433 505 22 31 0.024637198 
657 471 46 67 0.024451213 
360 434 22 29 0.024208374 
175 279 23 30 0.024167039 
72 221 36 48 0.024089096 
801 571 67 88 0.023605801 
697 -2 285 318 0.023586147 
75 241 40 52 0.023529924 
509 356 77 95 0.023504999 
237 205 21 26 0.023368355 
385 107 19 23 0.023251273 
361 236 46 62 0.023144487 
204 231 23 29 0.023072192 
356 458 27 33 0.022966746 
401 491 36 49 0.02291479 
360 542 20 25 0.022883687 
540 506 29 36 0.022872953 
709 483 24 33 0.022850817 
134 269 34 46 0.02258413 
765 535 83 97 0.022558473 
282 146 21 26 0.022546642 
512 464 25 33 0.022535205 
566 484 29 36 0.022485238 
736 117 277 369 0.022465272 
632 408 28 37 0.022425346 
488 470 49 62 0.022387683 
306 267 29 38 0.022362575 
553 408 66 81 0.02236021 
408 249 25 34 0.022272602 
466 429 23 31 0.022122717 
363 127 18 25 0.022120934 
331 455 28 34 0.022023821 
333 168 33 46 0.02194235 
49 248 22 30 0.021888718 
539 375 29 37 0.021699896 
169 418 56 79 0.02164141 
290 245 59 73 0.021640183 
331 480 29 36 0.021624502 
319 241 35 45 0.021441964 
623 429 104 129 0.021380093 
27 201 18 26 0.02133206 
350 384 52 70 0.021328967 
665 151 33 43 0.021315644 
461 203 37 49 0.021290613 
258 102 21 25 0.02121657 
177 205 22 28 0.02097307 
364 400 26 36 0.020936048 
72 197 34 44 0.020837815 
555 44 26 31 0.020831928 
81 314 38 48 0.02078078 
790 542 110 141 0.020748807 
506 194 68 84 0.020720774 
198 481 23 31 0.02065772 
645 3 24 25 0.020598002 
29 324 20 31 0.020427104 
334 515 67 83 0.020414107 
339 158 21 27 0.020375997 
641 230 20 26 0.02030905 
528 206 38 48 0.020235473 
27 357 22 32 0.020218976 
470 186 51 64 0.020163093 
509 195 35 44 0.020060763 
