29_Students_Schoolkids_Students_Schoolkids_29_161
78
847 79 88 116 0.99952626 
521 152 72 96 0.99160296 
585 167 102 149 0.9884405 
554 154 93 138 0.8292203 
965 92 49 83 0.23260617 
306 269 25 32 0.082506575 
886 76 76 108 0.06922989 
308 254 26 32 0.06294487 
357 195 26 31 0.058690324 
388 283 26 33 0.055564266 
682 230 60 78 0.054415822 
318 213 62 80 0.052468855 
354 183 25 32 0.052417953 
330 194 36 48 0.050194893 
180 201 24 31 0.049953785 
339 182 20 27 0.04528562 
610 138 72 89 0.043551624 
474 224 39 52 0.041523162 
739 71 23 29 0.041197337 
894 17 72 82 0.041131753 
339 188 55 71 0.040703442 
339 275 24 29 0.039512783 
781 86 49 63 0.03488677 
362 226 55 74 0.034718163 
768 71 22 29 0.033645973 
333 226 26 33 0.0332421 
546 215 116 163 0.033138204 
381 207 22 30 0.033128303 
936 80 61 93 0.033124473 
850 606 70 78 0.03286788 
828 57 77 108 0.032215655 
467 230 23 29 0.032174308 
333 250 25 33 0.032121383 
229 261 24 29 0.03104616 
759 56 42 53 0.030225622 
434 265 38 47 0.029798185 
798 49 59 82 0.029674916 
393 272 37 46 0.02890321 
410 238 37 46 0.028716825 
484 256 26 33 0.028338302 
434 254 21 27 0.027967248 
726 519 361 359 0.027861474 
384 225 24 31 0.027683908 
441 249 62 77 0.027141303 
416 248 23 29 0.026912365 
476 247 61 84 0.026901754 
892 2 48 46 0.026824793 
183 187 22 29 0.026632 
733 60 38 47 0.026622377 
953 56 55 83 0.026171237 
464 254 21 27 0.025697244 
189 467 164 199 0.025459979 
354 224 25 32 0.025417205 
730 42 62 75 0.025172006 
4 -7 122 224 0.024958972 
548 318 687 712 0.024433516 
151 182 66 95 0.024273038 
797 56 22 30 0.024240622 
292 248 54 63 0.024223069 
779 116 63 83 0.02395137 
934 336 50 64 0.023596084 
664 270 78 100 0.023240015 
353 252 26 34 0.023174517 
844 25 77 86 0.023032954 
450 219 51 69 0.022975141 
336 322 39 43 0.022963276 
374 215 40 52 0.022777595 
691 250 34 47 0.02238081 
286 253 21 27 0.022220476 
352 277 24 31 0.02195705 
769 58 21 27 0.02180231 
381 251 24 30 0.021605609 
629 150 32 39 0.021460645 
790 100 29 38 0.021336 
264 278 21 26 0.021322766 
336 247 56 74 0.021230685 
741 58 22 27 0.020700503 
196 327 41 56 0.020534556 
