29_Students_Schoolkids_Students_Schoolkids_29_42
65
237 225 200 250 0.99983096 
182 164 28 36 0.47793478 
562 264 23 30 0.37779465 
817 433 153 163 0.33412704 
822 38 150 143 0.071152486 
597 282 20 25 0.06455363 
886 561 45 58 0.0623822 
508 261 21 26 0.058551062 
651 -1 53 40 0.055932563 
631 249 138 174 0.055053495 
955 876 59 65 0.052780353 
674 -1 53 42 0.04652842 
834 501 88 120 0.044157483 
511 272 20 24 0.039780013 
439 199 23 28 0.03945534 
544 259 22 28 0.039135072 
691 0 68 60 0.038084313 
487 231 22 28 0.03636717 
667 318 252 286 0.035947 
559 301 22 27 0.035791297 
190 167 39 48 0.034382347 
901 448 95 97 0.032101 
624 1 70 59 0.031788804 
725 6 58 55 0.031744484 
888 483 139 168 0.03121731 
590 263 19 25 0.030501714 
706 441 181 211 0.030135604 
608 279 21 28 0.029994559 
540 690 26 28 0.029984467 
874 -5 72 103 0.029478155 
545 267 34 40 0.02914669 
218 186 43 54 0.028719965 
739 650 65 81 0.02819666 
637 780 45 49 0.026259445 
494 251 20 24 0.026250752 
669 32 205 201 0.02539815 
773 291 177 209 0.025096994 
500 254 34 42 0.025057314 
201 192 43 52 0.024995679 
645 308 23 29 0.024767123 
546 277 20 25 0.024706759 
848 267 102 130 0.023693142 
821 10 82 97 0.023435667 
548 304 20 25 0.022877853 
595 151 145 177 0.02284905 
879 379 77 103 0.022739269 
782 497 183 229 0.022684464 
552 289 37 44 0.02247519 
761 24 81 79 0.022419868 
638 290 73 93 0.022415878 
548 241 70 92 0.022245754 
542 257 110 134 0.021968123 
700 294 166 179 0.021824643 
490 808 86 90 0.021814965 
591 -3 65 65 0.021439668 
636 138 227 274 0.021365428 
167 314 68 97 0.021267388 
803 91 114 135 0.021169983 
639 0 35 30 0.020995773 
847 556 80 100 0.020976413 
606 -13 176 169 0.020886712 
719 530 74 108 0.020623842 
896 239 116 169 0.020595262 
605 61 180 192 0.020493815 
592 231 19 23 0.02001597 
