29_Students_Schoolkids_Students_Schoolkids_29_211
35
561 133 112 146 0.9941894 
851 199 23 27 0.050050225 
925 280 22 28 0.036562312 
866 203 18 23 0.03417406 
243 129 90 100 0.033284 
818 218 37 45 0.033264186 
123 222 22 28 0.03284175 
923 303 25 34 0.031434152 
951 253 21 25 0.028979637 
929 209 18 23 0.028676128 
916 293 43 55 0.02807033 
894 279 21 27 0.027589912 
747 532 353 363 0.027409583 
-122 384 526 563 0.026895676 
896 182 19 24 0.026611147 
817 205 23 27 0.026539017 
921 257 22 27 0.0264855 
577 323 680 733 0.025933906 
900 249 90 118 0.025063198 
30 199 27 32 0.024697447 
280 60 37 52 0.024227532 
896 256 21 25 0.02360903 
228 173 83 96 0.022760322 
768 269 132 154 0.02268197 
850 208 62 73 0.02211611 
814 200 38 46 0.021767344 
903 304 23 30 0.021683902 
284 54 25 35 0.021670215 
820 206 58 68 0.021352071 
927 225 19 24 0.021185206 
137 612 21 26 0.021081474 
881 263 64 81 0.021016061 
948 203 19 25 0.020951169 
280 82 43 51 0.020766415 
969 182 22 30 0.020636102 
