29_Students_Schoolkids_Students_Schoolkids_29_624
53
142 145 53 63 0.9391828 
725 253 19 23 0.06781869 
92 277 20 23 0.06033468 
792 252 18 22 0.052622236 
284 261 17 20 0.051939648 
548 362 19 23 0.051532544 
32 262 18 23 0.046080206 
995 259 17 25 0.04270461 
28 275 17 23 0.038848974 
750 530 348 365 0.036937166 
687 252 16 21 0.035961956 
677 252 18 22 0.035142105 
55 257 17 21 0.034413494 
60 312 20 25 0.031795003 
308 152 25 30 0.030960232 
236 261 18 22 0.029300436 
507 258 16 19 0.02882412 
547 307 16 19 0.028583994 
545 288 17 19 0.02745351 
548 336 17 21 0.027435668 
924 568 26 37 0.027322274 
752 286 19 22 0.027291888 
443 227 18 21 0.027095022 
-59 500 345 372 0.027030319 
996 273 16 25 0.026287608 
156 485 30 33 0.02583831 
214 306 21 24 0.025780618 
339 238 18 21 0.02499628 
770 258 18 21 0.024988338 
982 255 17 23 0.02472504 
540 531 366 350 0.024076274 
793 302 17 23 0.023588693 
797 286 17 20 0.0233168 
583 286 670 752 0.023301404 
338 540 361 349 0.023219515 
132 533 358 353 0.022953648 
84 262 18 23 0.022907877 
199 260 18 23 0.022840025 
746 252 18 21 0.022819236 
558 364 18 22 0.022718556 
548 230 16 21 0.02258672 
7 313 18 25 0.022327524 
431 355 23 30 0.02221109 
727 412 21 29 0.021825714 
513 362 18 22 0.021361431 
259 233 16 19 0.021173518 
995 234 17 25 0.021025732 
751 306 20 24 0.020928511 
334 151 23 29 0.02055636 
720 279 18 21 0.020377887 
797 240 20 23 0.020343093 
342 129 21 25 0.02017844 
689 239 17 20 0.020012004 
