29_Students_Schoolkids_Students_Schoolkids_29_494
194
294 317 61 72 0.9418799 
349 238 55 67 0.9348515 
540 147 24 33 0.8418351 
682 328 76 96 0.74794674 
791 126 29 39 0.56523085 
285 33 44 49 0.5299511 
717 130 29 40 0.50811803 
554 245 65 82 0.22303145 
464 158 22 27 0.2135867 
431 157 26 32 0.2062901 
816 129 25 34 0.20228057 
250 295 36 49 0.1898211 
163 631 66 71 0.17676854 
228 197 40 52 0.17219253 
517 150 22 28 0.17014976 
867 131 25 31 0.16241182 
819 143 25 33 0.13767909 
864 144 24 31 0.1337322 
385 178 27 34 0.12624827 
574 291 49 60 0.12100865 
240 130 42 57 0.11940459 
87 409 41 56 0.10108069 
461 169 25 30 0.09793048 
685 125 27 35 0.0929486 
554 150 23 29 0.0927147 
669 150 26 33 0.092497975 
354 159 23 30 0.09186497 
201 361 39 55 0.08773494 
542 136 23 30 0.08379823 
734 132 26 35 0.079938486 
672 126 25 32 0.0798632 
382 191 35 44 0.078502715 
514 177 22 29 0.07749981 
176 322 27 39 0.0759254 
585 152 22 29 0.07494066 
499 244 35 46 0.07264332 
227 286 42 57 0.0718901 
551 227 44 61 0.07187827 
484 249 38 47 0.06992796 
689 271 44 52 0.06847446 
195 237 43 57 0.06724692 
622 131 22 27 0.06707288 
516 133 21 28 0.06364096 
18 109 74 82 0.06276612 
380 285 41 52 0.06219907 
592 177 24 30 0.06163741 
917 157 21 26 0.056674648 
606 195 34 45 0.056450576 
852 147 24 31 0.054677393 
481 154 21 28 0.050908186 
478 306 64 72 0.049814373 
685 146 27 35 0.04947088 
635 126 21 29 0.04940047 
590 195 35 44 0.04930403 
582 250 30 38 0.04837067 
846 129 25 31 0.047070947 
516 194 27 33 0.04660576 
49 435 21 30 0.045869052 
538 168 25 32 0.04517447 
774 129 23 32 0.044020575 
481 271 29 37 0.043076646 
688 250 41 50 0.042515106 
267 293 57 73 0.04226748 
97 186 40 54 0.041831326 
561 173 24 28 0.03988247 
337 169 36 44 0.039611112 
772 144 23 31 0.039321583 
168 294 44 61 0.038781665 
255 279 31 42 0.03862064 
15 380 34 58 0.038566563 
898 126 22 28 0.038474325 
148 264 48 58 0.038265232 
211 342 47 60 0.038010094 
716 248 39 49 0.03736095 
584 274 32 41 0.03735766 
562 268 33 42 0.037211634 
386 158 22 28 0.036624417 
413 171 25 31 0.036451742 
417 158 22 29 0.036436126 
559 201 28 35 0.036298737 
638 149 22 29 0.03628241 
711 277 28 35 0.03581599 
266 100 60 87 0.035620674 
686 284 66 80 0.035213158 
230 91 42 57 0.034683183 
196 648 38 44 0.03431273 
485 174 23 27 0.034238826 
803 128 47 59 0.033785097 
626 190 37 47 0.033226218 
284 422 62 81 0.033176173 
92 117 40 53 0.03310499 
466 282 95 123 0.03293038 
283 573 34 40 0.032894846 
717 225 30 39 0.032837804 
540 220 37 50 0.032676347 
232 123 32 43 0.03260007 
920 172 22 25 0.032474812 
226 270 33 45 0.031738326 
275 542 67 76 0.03165311 
631 251 39 48 0.031507745 
54 406 22 31 0.031262252 
55 446 66 92 0.031075487 
195 255 57 75 0.0309129 
533 200 26 33 0.030793695 
634 175 27 35 0.030361963 
196 387 38 55 0.03020351 
483 316 35 47 0.030060353 
853 123 44 56 0.03002656 
171 240 48 55 0.029530885 
146 217 46 51 0.029395118 
26 403 85 158 0.029249722 
248 213 34 44 0.029206157 
48 396 37 53 0.029176502 
590 133 21 25 0.029017514 
44 428 37 55 0.028749546 
400 301 27 37 0.028524714 
680 115 46 58 0.028351124 
501 266 39 49 0.028118435 
580 260 58 73 0.027701795 
219 239 42 57 0.027584925 
705 239 68 78 0.027387835 
201 288 44 59 0.026951892 
659 250 39 49 0.026633585 
719 107 25 32 0.026628865 
819 167 25 32 0.026459988 
435 225 30 40 0.026301248 
762 175 22 29 0.026208503 
572 223 43 60 0.026188523 
9 424 60 124 0.0260491 
142 191 46 54 0.02599714 
621 146 21 28 0.025767954 
848 177 24 31 0.025715744 
713 220 50 64 0.025670337 
277 48 46 60 0.025563722 
609 279 25 33 0.025544815 
504 225 36 48 0.025455765 
457 195 27 33 0.02543639 
609 209 39 51 0.02535224 
113 161 44 57 0.025318468 
845 193 41 53 0.02522224 
849 284 22 29 0.02511567 
346 163 50 62 0.024932694 
917 128 20 25 0.024890473 
529 137 41 54 0.02480847 
200 620 60 73 0.024526987 
668 168 27 34 0.024214165 
282 222 36 48 0.024204226 
541 264 42 55 0.024102159 
30 364 59 83 0.023882156 
865 278 21 29 0.023675915 
515 274 67 82 0.023665559 
207 193 39 49 0.023624303 
83 409 27 38 0.023596568 
458 243 37 49 0.023369404 
443 144 46 58 0.023274997 
206 401 58 76 0.0231648 
116 186 43 54 0.023163442 
661 137 48 59 0.023151714 
664 267 42 52 0.02311508 
486 197 26 34 0.023061832 
74 394 69 93 0.023037363 
433 241 37 50 0.022953862 
286 121 59 81 0.022886774 
337 158 23 29 0.022856833 
480 224 40 51 0.022788975 
558 135 20 25 0.022760896 
470 259 53 67 0.02274287 
615 183 24 32 0.022528052 
401 197 29 37 0.022299629 
169 439 39 51 0.022241542 
145 635 49 55 0.022099363 
284 581 76 89 0.022072142 
198 409 40 57 0.022038689 
688 296 34 42 0.021892201 
99 252 28 36 0.021842286 
376 673 47 49 0.02179034 
228 161 43 58 0.021752909 
421 156 46 56 0.021710789 
756 242 66 80 0.02151163 
86 150 61 81 0.021505166 
212 210 265 305 0.021347418 
309 436 27 38 0.021273263 
174 652 40 44 0.021230213 
399 438 60 90 0.021025335 
244 150 45 60 0.020991007 
453 286 62 81 0.020895375 
465 132 21 25 0.020760482 
555 379 76 97 0.020709265 
358 371 42 53 0.020503238 
294 669 41 44 0.020416358 
373 226 40 52 0.02040192 
626 216 39 49 0.020193549 
551 259 102 128 0.0201801 
543 279 26 32 0.020005878 
