29_Students_Schoolkids_Students_Schoolkids_29_21
120
746 208 126 162 0.999071 
466 161 98 119 0.9968629 
324 98 50 68 0.9931055 
210 110 45 57 0.9895064 
456 58 43 56 0.98745 
620 56 47 64 0.9717891 
80 156 60 72 0.97016495 
951 61 51 72 0.94352 
882 14 39 51 0.9168164 
120 57 34 44 0.8545642 
774 57 51 68 0.80266136 
735 25 37 43 0.7371868 
162 83 40 53 0.689449 
584 10 28 37 0.61995286 
16 72 27 37 0.55290157 
809 9 43 45 0.45592615 
76 61 31 39 0.3136267 
724 35 36 46 0.2510077 
924 31 41 57 0.23997234 
527 67 48 57 0.2325645 
585 56 40 51 0.20120922 
666 21 27 33 0.15034819 
102 141 52 67 0.14227404 
992 30 25 35 0.14222443 
148 69 41 54 0.12956268 
825 5 46 51 0.09907245 
926 28 27 36 0.09554158 
607 112 44 59 0.094481274 
937 31 26 31 0.090699054 
467 25 26 31 0.08520332 
972 0 26 31 0.07086701 
93 125 50 61 0.06992227 
799 16 32 35 0.06801919 
740 2 30 34 0.06530323 
507 59 49 60 0.0650112 
663 4 24 28 0.06496612 
438 30 25 29 0.063935176 
614 1 24 29 0.060096316 
921 49 54 71 0.059907846 
569 18 26 33 0.05944859 
792 0 29 31 0.058673307 
275 2 31 35 0.05368371 
511 48 27 34 0.049319476 
638 0 22 25 0.049153272 
562 4 47 57 0.04703931 
595 250 46 50 0.04600275 
775 87 57 74 0.045483653 
302 0 29 32 0.043147154 
227 2 27 30 0.04309734 
713 -1 27 31 0.042858053 
982 76 39 59 0.040792465 
762 186 92 118 0.040687036 
496 108 57 70 0.040604282 
910 85 41 57 0.039842863 
767 -1 27 31 0.039661292 
403 70 36 51 0.039613582 
567 3 26 30 0.038866982 
411 0 28 30 0.038292788 
560 135 42 57 0.03779727 
808 102 50 63 0.037630096 
52 62 36 46 0.035752665 
975 22 28 35 0.035737973 
948 -1 25 27 0.0355324 
3 82 34 47 0.035326585 
551 58 50 63 0.03481749 
760 46 47 65 0.03471105 
633 18 41 52 0.034371767 
485 0 26 28 0.034192447 
694 54 26 34 0.03380489 
407 50 25 31 0.033605825 
512 29 26 29 0.03302947 
104 67 29 37 0.032473393 
745 115 64 82 0.032328546 
39 202 53 76 0.031737123 
53 114 39 49 0.0316489 
633 234 45 53 0.031087358 
753 14 37 46 0.03083184 
74 171 38 50 0.03063353 
144 100 45 59 0.030613605 
544 81 45 58 0.030106697 
276 185 43 55 0.030076742 
489 141 67 92 0.029498527 
522 107 54 68 0.029081311 
203 229 44 61 0.028927036 
800 83 47 62 0.028680772 
462 0 23 25 0.027962416 
527 45 43 53 0.027523989 
975 18 45 63 0.027227271 
433 -1 23 25 0.027189938 
21 52 26 34 0.027104406 
439 39 38 51 0.027010342 
85 196 49 66 0.026718954 
721 24 31 38 0.026556741 
691 0 25 28 0.026540846 
114 121 48 58 0.026460594 
122 80 43 54 0.02632277 
969 47 35 49 0.026246164 
20 162 44 58 0.025331194 
422 187 51 65 0.025003925 
789 -5 55 53 0.024761586 
293 162 46 56 0.02473833 
259 0 29 33 0.024267783 
809 133 70 80 0.023865232 
524 180 67 80 0.023859626 
533 0 27 30 0.023576815 
649 -4 55 60 0.022884062 
595 -9 52 57 0.022126628 
735 52 46 62 0.021818282 
375 86 39 53 0.021769106 
211 54 26 32 0.021768007 
217 68 38 49 0.021648899 
3 405 26 37 0.02146501 
686 24 23 29 0.021371476 
509 0 26 27 0.021140141 
1 51 33 48 0.02108949 
629 279 72 91 0.020957576 
871 36 33 43 0.020774156 
847 124 67 80 0.020584153 
535 20 28 31 0.020359429 
385 0 28 30 0.020023983 
