29_Students_Schoolkids_Students_Schoolkids_29_221
103
222 222 39 53 0.8579506 
249 217 34 46 0.8420948 
302 247 30 39 0.66951746 
206 235 40 49 0.65026116 
449 247 44 73 0.40248442 
375 225 26 39 0.30036125 
91 225 39 46 0.17833252 
424 259 54 80 0.16929692 
357 247 27 39 0.147056 
267 226 32 43 0.126644 
304 233 27 33 0.12274383 
73 311 23 29 0.10952627 
456 231 30 43 0.103406444 
398 270 42 58 0.09599809 
332 251 32 43 0.09523621 
433 287 30 46 0.08980012 
477 234 41 58 0.08857377 
457 368 44 52 0.08180965 
99 244 27 35 0.06709194 
276 237 34 41 0.061592914 
406 251 29 41 0.057775933 
511 196 22 27 0.056266155 
84 362 25 32 0.052209064 
461 397 28 36 0.052153412 
488 231 27 36 0.05091957 
382 267 39 54 0.04230927 
454 138 292 369 0.041806053 
468 254 42 63 0.041731782 
489 188 19 24 0.041421037 
158 251 23 30 0.040651403 
514 295 34 52 0.039616082 
305 456 42 50 0.03938175 
32 301 19 23 0.036924023 
520 307 22 32 0.036829967 
492 198 20 25 0.036268607 
383 209 22 31 0.035932135 
388 335 26 34 0.035726625 
78 231 28 34 0.035479147 
431 218 62 82 0.035217114 
507 228 26 34 0.03445161 
-54 523 349 345 0.032590874 
366 229 43 62 0.032118693 
55 300 20 25 0.032059334 
357 380 40 48 0.0320181 
197 201 43 59 0.031566862 
381 299 27 34 0.030958096 
81 250 26 32 0.030691417 
504 195 35 47 0.030561997 
157 231 22 29 0.0304097 
533 229 23 31 0.03018413 
25 381 20 24 0.030156964 
155 168 31 38 0.030045953 
258 238 27 37 0.0299636 
365 305 25 33 0.029927121 
408 202 21 30 0.029592345 
400 221 35 51 0.028789533 
67 231 59 67 0.02827917 
335 229 22 29 0.02797629 
348 259 35 48 0.027674204 
184 249 25 34 0.027417108 
487 220 55 75 0.027304875 
80 282 21 25 0.02706728 
103 282 21 26 0.027053319 
457 286 30 48 0.026810294 
188 367 54 55 0.026642682 
28 332 19 24 0.02628319 
452 265 63 87 0.02595178 
230 204 58 77 0.025856862 
7 332 20 25 0.025383694 
8 487 156 196 0.025340637 
374 311 49 65 0.02510947 
457 406 43 55 0.02494405 
-1 241 76 92 0.02455246 
752 518 342 375 0.024395498 
482 271 24 37 0.024134463 
461 311 58 83 0.023473235 
358 319 35 44 0.023383547 
304 265 27 35 0.023309924 
25 364 20 25 0.02318649 
71 346 49 61 0.023083702 
436 366 45 53 0.023019863 
73 274 36 46 0.022889571 
-205 319 705 719 0.022260407 
44 292 36 42 0.022248015 
281 185 20 24 0.022217311 
232 207 31 41 0.022090694 
93 271 40 52 0.021972997 
107 306 21 27 0.021926697 
68 319 35 45 0.021587783 
119 162 44 53 0.021491576 
360 209 22 31 0.02144984 
28 285 24 29 0.021392584 
98 208 25 30 0.021371614 
487 197 36 48 0.021264182 
360 177 21 26 0.02080846 
992 639 22 31 0.020803329 
392 293 56 76 0.0205591 
90 383 64 79 0.020491911 
504 314 35 54 0.020380974 
506 243 26 38 0.020199569 
518 151 18 21 0.020193988 
564 252 26 33 0.020192403 
562 198 19 24 0.020035403 
