29_Students_Schoolkids_Students_Schoolkids_29_432
194
587 4 59 55 0.6433333 
136 467 21 25 0.2139537 
404 75 38 48 0.10539044 
107 524 35 43 0.092297256 
109 509 21 27 0.07524392 
176 404 16 20 0.07514559 
259 603 64 82 0.07436922 
163 394 17 21 0.07344861 
165 406 15 19 0.07210563 
898 184 67 91 0.07190918 
81 555 24 30 0.068570554 
134 406 15 19 0.065539464 
282 443 18 22 0.06259467 
282 454 17 21 0.06229468 
176 395 16 20 0.05529036 
85 482 19 25 0.0542924 
133 390 17 21 0.05421195 
670 372 77 86 0.053119317 
82 541 22 27 0.052173384 
185 482 18 22 0.052063406 
55 512 18 22 0.050480746 
186 468 18 22 0.04880301 
146 467 19 23 0.048771158 
212 407 17 21 0.048303157 
102 489 20 26 0.046819158 
148 314 21 25 0.046214007 
133 358 18 23 0.045415256 
511 47 154 151 0.044537332 
434 60 151 181 0.043975893 
904 95 75 94 0.04301698 
159 436 16 20 0.042705644 
203 479 18 24 0.04192776 
22 507 19 25 0.041632347 
239 575 113 135 0.041090295 
186 356 15 19 0.040618673 
6 506 21 29 0.04037143 
101 415 16 20 0.040067453 
152 483 18 22 0.039335765 
181 437 16 19 0.03794677 
408 0 71 64 0.03786521 
102 389 17 20 0.037671473 
751 734 350 371 0.03758434 
133 438 16 20 0.037350267 
204 470 18 22 0.037262004 
154 356 18 22 0.036598902 
266 459 16 21 0.036154564 
32 379 21 26 0.035592537 
102 653 42 58 0.03557733 
880 5 97 103 0.035260838 
153 327 18 21 0.035071492 
103 559 25 33 0.03481491 
232 509 22 29 0.03457959 
103 430 16 19 0.034257963 
451 98 71 86 0.034030277 
888 18 128 176 0.033625547 
-70 730 360 360 0.03352423 
161 508 19 24 0.033518683 
106 363 17 21 0.03348687 
666 97 63 87 0.033328265 
286 417 17 20 0.033210803 
231 384 18 21 0.032863136 
51 484 19 24 0.03239383 
49 463 19 25 0.03238959 
215 390 16 21 0.03224983 
258 410 17 21 0.03219795 
280 584 171 188 0.03177252 
913 40 86 96 0.03145919 
103 578 25 32 0.03139674 
211 362 16 20 0.03135203 
336 293 84 84 0.031124514 
230 408 17 22 0.030959524 
228 367 18 22 0.030821415 
616 -1 48 45 0.03068024 
308 433 17 22 0.030355372 
286 333 19 21 0.030278595 
438 64 253 272 0.03020397 
307 461 19 24 0.029565273 
910 142 86 113 0.02950205 
266 440 17 21 0.02918789 
280 359 19 22 0.028738499 
876 162 69 99 0.02868091 
288 314 19 22 0.028414544 
799 -2 66 74 0.028297283 
335 408 20 26 0.028024063 
86 531 56 70 0.027914641 
213 437 16 20 0.027833661 
395 411 97 114 0.027776726 
284 410 65 83 0.027739804 
498 42 72 79 0.027732385 
184 305 19 22 0.027565328 
487 9 66 70 0.027560143 
256 386 17 21 0.027427332 
83 512 17 22 0.027408 
31 363 21 24 0.027386876 
-218 513 715 746 0.027278222 
235 623 74 94 0.027208757 
53 429 19 22 0.027094444 
264 362 18 21 0.02692701 
578 35 87 97 0.026911844 
601 164 77 90 0.026884893 
274 434 34 41 0.026551474 
333 364 18 22 0.026490234 
32 461 18 22 0.026254244 
157 562 22 30 0.026155004 
476 149 108 120 0.02608817 
720 45 60 77 0.026069218 
111 466 18 22 0.026018545 
182 337 17 19 0.025934778 
505 -2 45 49 0.025742093 
154 425 250 282 0.025541075 
123 517 19 25 0.025433157 
524 70 72 83 0.02538031 
460 128 29 36 0.02536571 
70 580 148 178 0.025212135 
230 351 156 175 0.024928827 
210 335 16 19 0.024875253 
547 100 77 82 0.024853554 
58 534 20 25 0.024811136 
338 432 21 28 0.02472673 
236 490 19 24 0.024624322 
445 -3 45 46 0.02453784 
304 382 147 170 0.024492284 
638 115 78 101 0.024471583 
526 -6 43 48 0.024412775 
175 558 23 30 0.024204249 
87 384 17 21 0.024189843 
137 333 17 21 0.024079794 
229 723 52 56 0.024043882 
752 59 57 84 0.023985356 
556 -8 106 93 0.023944836 
232 440 16 21 0.023929674 
9 338 18 24 0.023722863 
234 462 16 19 0.023660077 
431 19 31 32 0.023627989 
763 52 24 33 0.023409914 
26 433 16 21 0.023282995 
180 474 30 36 0.023191316 
27 490 18 25 0.023169938 
850 43 25 32 0.023131149 
359 -4 88 76 0.02303721 
99 480 33 41 0.022998448 
311 413 18 24 0.022973528 
480 91 86 98 0.022942359 
571 541 682 726 0.022925586 
52 415 19 23 0.02292178 
357 358 21 25 0.02270328 
108 345 150 176 0.02261093 
331 391 19 23 0.022608396 
689 52 25 33 0.022469409 
122 640 24 34 0.022442307 
140 313 18 22 0.022352409 
32 410 18 23 0.022305785 
527 16 45 52 0.022249129 
287 287 64 78 0.022191396 
79 467 20 25 0.02209458 
390 41 125 153 0.021788599 
68 471 158 186 0.021758134 
428 52 27 31 0.021689694 
28 534 18 24 0.021569977 
46 382 21 24 0.021546349 
669 31 64 81 0.02150611 
315 360 17 20 0.021475065 
743 49 27 35 0.021417214 
794 25 28 32 0.021406423 
230 333 16 19 0.021341259 
509 64 31 39 0.021185542 
111 457 52 62 0.021181403 
287 613 51 62 0.021021374 
179 510 18 23 0.021011425 
373 305 82 97 0.021002933 
687 24 24 29 0.020885698 
157 382 32 41 0.020867607 
86 414 17 20 0.020863276 
311 482 21 27 0.020847192 
254 307 17 21 0.020657932 
356 342 79 94 0.020556109 
227 665 80 95 0.020488808 
6 357 18 23 0.020453306 
48 615 24 32 0.020433579 
307 330 19 22 0.020430794 
381 368 161 178 0.020407772 
40 611 41 54 0.02040485 
305 310 19 24 0.020379731 
336 329 20 22 0.020344285 
798 43 24 31 0.020306297 
143 472 31 38 0.020294994 
23 339 18 21 0.020226985 
341 309 21 24 0.020222336 
283 481 19 24 0.020208376 
771 67 27 39 0.020152416 
466 295 69 78 0.020117365 
202 662 164 181 0.020088095 
6 489 19 27 0.020024054 
82 632 74 110 0.020018691 
