29_Students_Schoolkids_Students_Schoolkids_29_316
61
884 96 83 101 0.9998779 
550 106 90 115 0.9997634 
287 126 75 96 0.9996352 
829 12 78 87 0.9994814 
935 0 69 74 0.999428 
257 15 62 77 0.99933976 
167 154 102 130 0.99924254 
25 135 75 85 0.99887186 
633 182 110 147 0.99808407 
96 6 58 60 0.99593014 
505 -3 68 62 0.9821338 
404 -3 51 55 0.9403066 
162 20 46 56 0.922037 
329 23 54 64 0.91787314 
708 -3 61 50 0.8930686 
759 2 57 56 0.75414735 
1 56 56 81 0.7054134 
202 19 46 55 0.39630756 
653 -2 42 44 0.25457373 
292 19 67 77 0.20011595 
536 -1 65 67 0.19169247 
570 10 42 49 0.17628016 
374 0 56 64 0.14108935 
55 -5 39 40 0.11954907 
71 0 61 65 0.11384633 
308 580 82 80 0.106275395 
571 15 61 75 0.09409219 
581 0 28 31 0.06847128 
614 0 27 31 0.054294262 
196 28 66 83 0.050070487 
705 104 57 87 0.04405723 
514 21 56 64 0.04251543 
551 23 54 66 0.040082607 
484 7 46 51 0.03882147 
599 15 39 48 0.037265956 
211 88 59 74 0.03718075 
340 0 51 56 0.03523021 
-11 76 54 86 0.032434233 
454 16 44 50 0.028476873 
363 463 58 63 0.027663145 
940 511 45 55 0.027385587 
642 -1 31 32 0.026193429 
0 0 30 36 0.02599725 
120 127 55 77 0.025569564 
-226 319 704 736 0.025552686 
751 536 348 357 0.0254166 
865 27 57 62 0.023789028 
379 471 70 83 0.023395747 
801 -6 66 69 0.023357587 
756 26 74 81 0.023349736 
346 439 57 67 0.023232875 
565 0 31 34 0.023067664 
445 417 82 90 0.022920351 
-1 650 29 39 0.022875916 
582 309 678 737 0.022662763 
10 11 49 59 0.022644576 
569 50 65 82 0.021290822 
191 113 67 86 0.021202432 
-69 534 359 349 0.020818094 
16 80 66 80 0.020591157 
719 80 56 82 0.020261366 
