29_Students_Schoolkids_Students_Schoolkids_29_524
209
430 63 40 49 0.95654064 
185 151 52 64 0.85922027 
202 25 51 61 0.83815086 
348 367 62 76 0.57502985 
619 345 53 64 0.53511643 
121 206 54 63 0.46675622 
481 365 39 53 0.22466211 
289 398 51 61 0.21947832 
517 587 26 33 0.2170736 
504 363 41 53 0.17629443 
614 329 44 56 0.14992703 
3 259 36 52 0.1425199 
568 305 28 36 0.12172558 
316 383 64 73 0.109257154 
357 394 38 47 0.10245641 
610 399 43 53 0.10230634 
645 352 39 50 0.09629948 
580 307 27 36 0.08412289 
517 328 64 81 0.080686875 
551 301 57 79 0.078790314 
542 429 26 33 0.07716215 
126 239 35 45 0.076280445 
482 354 29 39 0.075612485 
720 230 23 28 0.07534366 
323 249 47 53 0.07495867 
279 417 35 46 0.07479595 
541 333 28 36 0.0705742 
898 79 91 126 0.06980038 
560 325 28 38 0.069145545 
163 164 62 77 0.068872124 
616 426 30 35 0.067727156 
286 2 25 28 0.062308744 
991 0 24 28 0.061879553 
22 145 29 38 0.06081642 
620 226 20 26 0.060477186 
537 347 31 41 0.057287805 
171 440 50 64 0.05668648 
360 0 23 24 0.05359578 
573 326 60 78 0.05351944 
547 335 63 80 0.050454967 
222 431 25 33 0.049042538 
195 431 47 58 0.04769206 
257 68 34 47 0.045525722 
151 0 21 25 0.04490827 
585 224 25 33 0.043026514 
720 207 21 26 0.0429906 
587 208 25 30 0.041767087 
207 300 33 40 0.04128934 
103 190 47 55 0.040835626 
503 328 45 58 0.0399829 
462 5 22 25 0.03931865 
294 292 38 48 0.038395293 
527 372 31 40 0.038218565 
666 328 28 36 0.038027633 
911 113 57 64 0.03793484 
143 197 39 48 0.037460558 
509 330 25 31 0.037404235 
119 175 52 62 0.036928724 
355 416 33 40 0.036791816 
673 238 19 23 0.03648304 
334 0 24 26 0.036368657 
541 646 20 24 0.036018927 
481 252 23 32 0.035792466 
224 411 25 34 0.03559985 
520 381 62 76 0.035373125 
300 0 24 27 0.0353366 
540 307 23 28 0.034221455 
689 233 19 25 0.033880398 
122 28 22 28 0.033687092 
714 329 26 35 0.03356755 
789 157 23 29 0.033037726 
100 167 42 51 0.033018585 
260 139 33 43 0.032166578 
649 257 19 22 0.0321647 
555 427 27 34 0.032139666 
638 233 19 24 0.03169962 
388 75 25 32 0.03139094 
617 276 22 29 0.031300623 
543 656 24 29 0.031275637 
574 312 40 54 0.03126825 
693 281 25 30 0.031058853 
251 -1 25 27 0.030854858 
182 9 57 68 0.030782389 
319 352 53 67 0.030593079 
202 287 55 63 0.029882688 
109 24 24 29 0.029643465 
614 370 31 37 0.029626556 
391 422 46 53 0.029598372 
592 150 24 30 0.029533323 
324 444 44 59 0.029379355 
151 91 37 48 0.02881697 
719 247 21 26 0.028637836 
304 267 42 53 0.028635906 
449 70 32 40 0.028595923 
398 444 44 53 0.028540198 
461 344 41 56 0.028247323 
140 264 42 57 0.028117301 
411 454 26 32 0.028013071 
309 149 25 30 0.027821895 
454 433 29 37 0.02769266 
629 405 29 37 0.027364321 
513 531 22 27 0.027325874 
286 415 62 80 0.02721423 
552 385 71 83 0.026936378 
537 282 21 25 0.026899675 
483 394 28 38 0.02659518 
745 180 25 30 0.026464168 
413 2 24 28 0.02637105 
226 452 29 36 0.026211405 
593 607 19 24 0.026125113 
129 273 29 40 0.026081322 
381 0 22 26 0.025832567 
535 303 39 51 0.025814375 
916 611 30 37 0.025805987 
364 401 53 63 0.025747214 
211 459 47 59 0.025708575 
20 123 37 49 0.025523916 
55 597 66 89 0.025430009 
497 293 63 80 0.02540789 
382 364 49 62 0.025391212 
567 286 22 28 0.02517897 
328 381 31 38 0.025106799 
559 217 36 47 0.025095304 
680 546 99 90 0.024904886 
127 224 71 85 0.02482354 
537 404 28 34 0.02457612 
257 284 27 33 0.024551895 
211 412 27 33 0.024547417 
415 303 24 33 0.024530895 
427 339 41 55 0.02439232 
262 431 26 33 0.024368439 
795 167 24 30 0.024116091 
255 88 35 47 0.023990832 
563 645 18 22 0.02398731 
326 423 28 36 0.023886533 
508 517 23 27 0.02365783 
339 432 79 84 0.023570513 
104 622 64 56 0.0235451 
685 299 26 35 0.023469945 
442 659 24 28 0.023439048 
462 17 24 28 0.023432668 
911 41 42 50 0.023377633 
213 45 46 59 0.023319868 
860 586 111 94 0.023255112 
714 280 22 27 0.023154866 
585 4 26 27 0.023042945 
351 469 42 55 0.022917949 
127 176 31 36 0.022907658 
146 373 39 49 0.022819867 
687 159 22 26 0.022812055 
629 394 516 552 0.02280525 
708 338 36 47 0.022795029 
593 596 20 25 0.022760695 
529 277 37 48 0.022755623 
485 333 39 52 0.022729976 
246 441 42 53 0.022632217 
691 348 24 33 0.02263212 
277 298 39 49 0.02259179 
461 248 37 45 0.022588061 
618 257 20 25 0.022580417 
411 317 40 53 0.022568043 
920 68 24 31 0.02245294 
585 249 22 28 0.022423977 
721 181 21 27 0.022207182 
273 430 45 57 0.022098344 
210 399 49 62 0.022082798 
613 209 22 28 0.022015417 
554 345 29 38 0.021965602 
611 638 25 29 0.021932688 
328 405 31 39 0.021931265 
26 97 24 30 0.021898061 
253 412 52 66 0.021857103 
135 0 22 23 0.021687815 
897 602 44 50 0.021621983 
285 340 66 84 0.02160969 
517 432 24 30 0.021461248 
410 658 23 28 0.021283992 
176 436 29 37 0.021260262 
263 125 24 32 0.02119493 
-6 234 59 82 0.021182178 
927 566 22 27 0.02117201 
559 253 62 85 0.021090766 
512 276 23 31 0.021077313 
425 274 39 48 0.021056546 
100 221 61 76 0.021043655 
887 127 50 58 0.021009564 
151 119 40 52 0.021007493 
516 53 22 28 0.02099913 
245 292 66 78 0.02078216 
149 415 63 80 0.020779394 
437 352 25 33 0.0207601 
450 323 39 54 0.02069183 
303 379 36 42 0.02065094 
745 280 24 30 0.020649835 
386 156 22 28 0.020612743 
583 17 26 29 0.020583807 
336 316 75 100 0.020511635 
24 81 21 27 0.020478291 
422 297 38 47 0.020430943 
147 451 58 76 0.020386688 
904 610 25 31 0.020329915 
615 513 23 30 0.020292403 
513 643 21 24 0.020253202 
306 255 34 41 0.020166075 
489 53 23 29 0.020155976 
330 457 28 37 0.0201343 
610 484 25 31 0.02009076 
375 358 32 41 0.0200428 
519 268 60 77 0.020026585 
