29_Students_Schoolkids_Students_Schoolkids_29_310
23
283 197 57 75 0.99950266 
836 215 58 74 0.9986399 
98 209 57 73 0.99749905 
469 202 52 65 0.9966439 
654 190 57 69 0.99462634 
63 378 75 81 0.2936237 
561 176 70 85 0.27645397 
346 387 49 61 0.1986717 
774 200 53 68 0.19232363 
29 401 26 31 0.09664084 
394 195 47 58 0.036281444 
767 197 35 48 0.034234073 
0 25 25 35 0.033013202 
452 395 70 80 0.03271939 
849 382 59 79 0.0325631 
341 303 44 57 0.028295795 
645 352 67 83 0.025409104 
42 390 46 51 0.024780223 
430 428 24 32 0.02361356 
799 476 28 33 0.022922743 
20 384 51 60 0.021322627 
800 190 61 80 0.021036709 
278 452 23 28 0.020402815 
