40_Gymnastics_Gymnastics_40_1043
49
555 480 25 28 0.10611603 
918 452 25 30 0.102333784 
848 452 23 29 0.08041733 
992 532 22 29 0.0763118 
872 431 20 23 0.06940426 
788 403 21 27 0.068576835 
847 441 22 27 0.06810771 
954 410 19 24 0.0572215 
822 406 22 28 0.040297534 
847 413 20 25 0.039304122 
842 544 20 24 0.037546117 
870 418 20 25 0.03727122 
54 655 25 33 0.03424503 
897 433 19 24 0.03375823 
990 387 25 33 0.033549383 
920 440 24 30 0.033369955 
559 468 23 26 0.03280523 
796 391 20 27 0.031207792 
779 406 21 26 0.030651424 
864 457 19 24 0.030605441 
994 479 19 27 0.02973558 
109 644 49 56 0.029570322 
891 533 18 23 0.029433114 
73 654 35 48 0.029318433 
341 428 19 24 0.029295657 
381 415 20 25 0.028968943 
1 538 26 40 0.02879216 
561 430 21 26 0.028137147 
12 646 38 53 0.027266974 
307 458 19 22 0.026952706 
925 534 21 24 0.025920419 
380 428 18 23 0.025550352 
970 462 21 29 0.025127027 
362 414 18 23 0.0250468 
863 428 34 41 0.023605168 
948 432 21 27 0.023567144 
893 522 18 22 0.02323568 
546 414 19 24 0.022711819 
902 486 18 22 0.021956446 
977 390 23 30 0.021564204 
843 510 19 22 0.021092115 
362 430 17 21 0.02101083 
925 518 20 25 0.020772379 
546 469 22 27 0.020709297 
881 534 18 23 0.020420536 
924 411 20 24 0.020296885 
819 387 22 27 0.020271977 
973 404 23 31 0.020196382 
981 534 19 26 0.02007841 
