40_Gymnastics_Gymnastics_40_260
48
455 219 31 39 0.8494869 
197 530 29 36 0.6338965 
346 278 45 60 0.33542705 
58 533 24 31 0.29651573 
795 535 26 32 0.27611005 
905 556 23 29 0.2050195 
69 534 25 32 0.10776912 
902 545 21 27 0.06478644 
916 693 43 44 0.06321628 
941 704 32 34 0.057383906 
666 668 19 24 0.05735937 
993 593 22 31 0.05697322 
775 539 21 27 0.054575272 
335 291 35 46 0.03963157 
810 540 22 28 0.037638754 
335 253 29 38 0.0330676 
228 565 24 32 0.03304612 
57 518 22 29 0.032630622 
52 553 26 33 0.031774107 
201 519 25 30 0.031244691 
917 544 20 24 0.030976359 
670 647 18 22 0.030475238 
243 556 54 87 0.030462792 
899 709 27 29 0.029738614 
890 691 45 44 0.029444836 
512 257 20 25 0.026725972 
898 695 26 28 0.026579041 
30 562 21 28 0.025453987 
424 472 61 95 0.025062172 
222 557 40 53 0.024693763 
517 283 21 27 0.023827596 
774 556 21 27 0.02365832 
567 229 20 23 0.023620468 
511 232 20 25 0.023529964 
303 299 25 34 0.023235383 
563 206 19 23 0.023193879 
642 644 16 21 0.022323756 
894 584 24 32 0.021891106 
266 567 54 94 0.021631815 
187 520 47 59 0.02124372 
783 525 44 55 0.021243418 
31 535 19 26 0.020919513 
466 94 24 31 0.020897176 
55 519 48 61 0.020843562 
126 669 23 28 0.020831548 
203 549 68 91 0.020815352 
846 643 22 29 0.020705966 
336 227 23 30 0.020436166 
