40_Gymnastics_Gymnastics_40_484
143
498 274 74 93 0.99426186 
635 84 55 66 0.95580804 
114 94 59 67 0.85399896 
832 76 47 59 0.8272856 
801 211 54 59 0.77494454 
468 80 57 76 0.722831 
317 86 44 54 0.6852512 
983 185 34 58 0.51546437 
585 234 62 77 0.4299272 
163 87 57 63 0.3732686 
94 96 50 61 0.30915648 
468 107 70 84 0.3039089 
451 211 59 70 0.19456568 
194 87 41 52 0.17453286 
147 0 34 37 0.14946648 
536 277 83 92 0.14070635 
966 0 44 45 0.12537956 
891 469 80 95 0.10816392 
132 215 74 78 0.10250505 
798 306 56 77 0.09419195 
9 86 41 57 0.07482594 
623 15 52 48 0.07343247 
80 177 33 44 0.07265978 
420 76 76 97 0.0713321 
161 208 55 61 0.06938409 
284 152 70 92 0.06549166 
982 312 33 57 0.063486874 
466 256 65 88 0.06337028 
633 32 46 55 0.06311631 
215 213 47 60 0.06209312 
186 203 57 66 0.060894467 
125 106 69 77 0.06049672 
823 413 55 64 0.057964623 
89 181 45 57 0.05729281 
579 257 82 105 0.05524038 
269 156 48 72 0.055229533 
252 34 47 53 0.053212367 
442 133 81 89 0.052295048 
339 87 40 53 0.052063942 
113 232 58 63 0.051485114 
5 -2 42 45 0.050934054 
967 343 39 58 0.050623484 
606 3 55 52 0.050448228 
526 146 43 55 0.049788132 
315 102 56 70 0.049299046 
484 136 69 79 0.047988046 
308 173 65 83 0.047931645 
556 237 66 84 0.04542748 
671 82 47 60 0.044135578 
0 597 43 79 0.04351318 
615 86 49 61 0.03944939 
602 229 39 48 0.038703326 
878 444 132 187 0.038506918 
176 195 38 51 0.038279925 
461 -3 34 35 0.037577454 
868 165 45 59 0.037295386 
821 -2 30 32 0.03646044 
583 83 43 58 0.036452327 
158 162 71 88 0.03604891 
984 94 33 51 0.035519082 
684 64 41 56 0.035236705 
414 276 62 78 0.03419499 
99 220 48 61 0.033969946 
13 266 35 50 0.03383724 
758 32 48 57 0.03371947 
146 219 42 52 0.033478115 
130 342 72 90 0.032963887 
129 10 42 44 0.032940682 
241 166 61 80 0.03292684 
-3 28 37 60 0.032185536 
351 64 40 57 0.031893935 
134 71 65 81 0.031784408 
520 200 58 78 0.031398125 
584 265 39 50 0.03129627 
167 334 62 88 0.030784864 
492 203 58 72 0.030723732 
649 13 45 47 0.030495357 
545 207 64 85 0.030375315 
684 0 29 32 0.030189343 
942 -2 49 44 0.029921455 
112 187 68 80 0.02980308 
574 199 98 128 0.029459193 
867 464 63 81 0.029052557 
59 392 45 54 0.028179469 
841 408 66 78 0.027698163 
828 557 43 55 0.027436284 
44 15 39 44 0.027431024 
366 166 43 55 0.027080206 
301 75 89 115 0.026138047 
212 88 42 54 0.025997004 
590 -5 47 44 0.025942735 
732 14 263 307 0.025937643 
723 268 47 52 0.025863327 
615 259 53 63 0.025346437 
988 0 29 37 0.025333218 
418 65 52 71 0.02527156 
132 0 31 34 0.024842693 
847 65 44 57 0.024830114 
171 70 41 52 0.024609458 
64 16 39 44 0.024598965 
13 189 40 61 0.024567015 
94 71 47 60 0.02456283 
768 299 41 49 0.024420898 
117 341 55 64 0.024416266 
79 97 35 46 0.0241927 
260 20 59 52 0.024028862 
811 235 41 49 0.023842806 
341 159 57 76 0.023663392 
515 241 65 85 0.023619233 
74 527 42 52 0.023456769 
208 552 69 97 0.02343191 
637 71 41 53 0.023224602 
177 175 35 44 0.022723243 
507 111 63 80 0.022557048 
250 55 44 54 0.022405699 
294 14 60 48 0.022250742 
678 189 50 57 0.022198528 
780 35 46 54 0.021969115 
90 242 63 73 0.021911254 
772 571 50 58 0.021898339 
341 47 68 90 0.021834308 
138 162 56 69 0.02181342 
145 35 45 56 0.021483988 
975 173 34 50 0.0214014 
87 395 48 56 0.021369455 
619 50 67 82 0.021329518 
825 198 44 55 0.021240931 
976 110 35 49 0.021197164 
941 635 79 102 0.021081122 
316 123 96 125 0.021033881 
158 119 56 69 0.020743294 
526 65 45 62 0.020708295 
833 52 45 56 0.020690663 
918 -5 46 41 0.020629669 
203 0 28 31 0.020616965 
147 199 38 47 0.020530919 
836 596 43 56 0.020517612 
803 541 78 84 0.020493941 
81 165 158 170 0.020421293 
728 -4 42 43 0.020261453 
114 39 42 52 0.020168345 
316 135 52 65 0.020120503 
189 346 64 86 0.020026712 
