40_Gymnastics_Gymnastics_40_197
279
486 419 158 214 0.8243597 
621 1489 68 82 0.7502085 
514 1023 73 110 0.7442777 
465 99 74 111 0.424689 
108 836 49 65 0.32682523 
23 784 47 67 0.3100847 
82 526 59 79 0.2560219 
816 1168 62 75 0.2013812 
503 461 90 133 0.19966339 
187 595 51 64 0.19930562 
511 357 102 142 0.1929867 
182 860 66 93 0.18827929 
-2 493 40 70 0.16594748 
84 388 47 61 0.1611241 
496 1510 65 79 0.15683682 
148 500 45 59 0.15542556 
446 95 63 92 0.14221576 
230 500 61 76 0.13816753 
310 366 59 86 0.13144581 
879 121 106 136 0.12911367 
249 435 47 57 0.12750775 
222 1138 80 103 0.12422961 
949 766 74 133 0.12328461 
234 218 56 75 0.12046303 
44 306 39 50 0.120113924 
948 745 56 97 0.11244821 
272 698 60 85 0.104798675 
91 256 62 83 0.09720129 
84 622 42 57 0.09411918 
84 480 43 58 0.089018375 
500 122 62 84 0.08782266 
69 282 62 78 0.08409894 
234 801 47 60 0.08403676 
194 253 43 61 0.083152734 
80 503 49 67 0.07925061 
74 976 45 59 0.0765078 
235 465 61 79 0.0764352 
905 1016 63 75 0.075657345 
752 224 71 88 0.072919324 
86 230 57 76 0.070655756 
217 819 66 85 0.06925241 
515 475 51 74 0.061073944 
19 1127 250 202 0.06024895 
780 1061 64 79 0.059511434 
27 332 57 76 0.05862923 
906 329 64 91 0.05610139 
144 672 47 59 0.055921514 
340 146 69 87 0.05269469 
353 178 69 94 0.0525587 
221 534 71 90 0.05252077 
262 374 76 101 0.052474782 
713 1268 60 71 0.051567074 
44 443 36 50 0.051549 
122 707 60 79 0.050677832 
168 1143 124 134 0.04930059 
242 201 43 59 0.04874404 
77 1071 51 63 0.048702765 
89 833 46 61 0.046398096 
41 464 37 56 0.046218324 
732 1502 36 46 0.046098642 
54 1479 61 107 0.045891482 
566 1476 38 49 0.045587283 
84 565 57 77 0.044861343 
791 1094 65 79 0.044595055 
399 69 108 148 0.044533823 
63 1097 63 76 0.043087218 
934 1309 40 58 0.042706463 
552 1494 63 77 0.042336226 
108 495 63 87 0.042329114 
109 390 43 57 0.04211096 
917 1002 46 58 0.04202793 
45 277 51 67 0.040728975 
38 490 56 87 0.04002334 
2 761 53 83 0.039253607 
264 1019 67 81 0.038520556 
540 372 132 185 0.038179386 
6 389 38 57 0.038007386 
52 524 58 83 0.03797659 
187 366 74 85 0.037783433 
642 387 98 129 0.03776394 
804 1151 47 57 0.037594594 
464 704 69 78 0.036876436 
215 372 86 101 0.036596987 
658 1504 51 62 0.036386427 
429 476 96 123 0.03621726 
180 1009 65 82 0.03568842 
215 339 73 86 0.03568815 
432 574 67 89 0.03562001 
80 1155 44 55 0.035421953 
170 594 45 61 0.03473478 
6 311 50 69 0.034555893 
258 1148 55 79 0.03452636 
272 343 63 84 0.034408737 
368 201 77 100 0.034272816 
144 528 65 87 0.033547245 
595 409 125 165 0.033319447 
580 662 63 86 0.033207055 
147 285 121 132 0.03309715 
200 854 92 122 0.033096552 
606 96 59 81 0.03281812 
9 353 39 55 0.032795414 
120 429 42 53 0.032761116 
135 463 114 128 0.032709505 
142 385 120 135 0.032608107 
140 726 59 77 0.03240199 
178 67 75 93 0.032393813 
111 475 45 60 0.032375544 
261 502 52 67 0.032364465 
737 255 108 135 0.032195676 
151 1112 48 59 0.03204545 
645 1001 44 59 0.032025177 
163 200 35 47 0.031428672 
812 134 117 130 0.03128234 
195 187 36 50 0.03122765 
192 463 60 78 0.031000188 
472 328 100 127 0.030796947 
3 814 42 63 0.030741373 
328 151 45 58 0.030705338 
520 1478 40 50 0.030290172 
835 506 527 599 0.03004266 
433 452 68 88 0.029936293 
35 288 78 98 0.029927617 
259 575 65 82 0.029908765 
386 752 102 114 0.029884066 
229 1115 62 78 0.02972026 
227 413 82 96 0.029674632 
152 248 57 78 0.02957868 
751 1510 33 42 0.02954741 
6 283 32 45 0.02949207 
389 100 67 80 0.029423416 
671 454 70 98 0.029296678 
172 268 167 196 0.029234279 
294 1499 65 83 0.029188478 
827 -133 530 589 0.028863903 
59 954 80 98 0.0288197 
789 1420 219 185 0.028484438 
477 400 100 134 0.0281184 
396 471 40 55 0.028004812 
253 768 65 80 0.027812636 
344 99 70 80 0.027805997 
603 1478 48 59 0.027777163 
43 1178 126 147 0.027720373 
852 806 522 614 0.027600834 
34 699 58 77 0.027479997 
905 1047 53 69 0.027366892 
166 539 112 127 0.02731532 
65 331 63 79 0.027283348 
475 1470 70 88 0.027096728 
499 1320 184 184 0.027091576 
157 1152 45 51 0.027076755 
802 372 65 89 0.026968677 
585 1208 81 108 0.02688198 
757 261 55 69 0.026712604 
199 161 37 50 0.026658172 
202 342 153 189 0.026605545 
465 297 77 89 0.02659765 
34 758 43 60 0.026564546 
827 1108 49 60 0.026530255 
221 779 77 95 0.026459768 
368 125 99 125 0.026228061 
191 106 46 62 0.026186924 
754 245 151 205 0.025921647 
864 1472 70 77 0.02591086 
720 1469 59 72 0.025797913 
605 1500 54 66 0.025766796 
267 466 47 64 0.025720524 
657 1045 70 93 0.025637599 
189 418 66 78 0.025527667 
505 1475 67 86 0.025497152 
202 501 59 77 0.02541266 
694 404 71 100 0.025294693 
804 55 180 215 0.025270505 
874 1514 35 43 0.025105825 
402 141 104 136 0.025079092 
148 1147 76 86 0.025071867 
485 1472 43 53 0.025036866 
643 1154 36 49 0.024857968 
63 1133 91 115 0.024757754 
331 166 172 203 0.024756093 
83 462 104 132 0.024710856 
564 203 1002 1135 0.024633437 
790 1182 93 108 0.024606997 
682 501 43 59 0.024548216 
40 1412 67 86 0.024473973 
843 177 530 600 0.024466537 
216 466 108 127 0.024411237 
481 1533 54 69 0.024239326 
543 300 83 103 0.02417871 
499 305 96 115 0.024163527 
218 596 104 130 0.024098827 
219 247 63 80 0.024032213 
200 472 37 45 0.02402123 
635 1012 61 87 0.023944354 
621 1037 85 123 0.02381513 
26 1116 93 140 0.023766056 
850 514 100 137 0.023746016 
198 836 65 90 0.023654224 
178 237 73 97 0.023583133 
304 537 63 85 0.023470875 
237 690 105 127 0.023341006 
545 -359 1047 1135 0.023324208 
691 1038 92 115 0.023243316 
782 340 109 148 0.02323254 
71 421 57 76 0.023189371 
796 1114 98 121 0.023176996 
392 196 95 117 0.023135401 
33 1090 63 87 0.023134803 
2 629 37 52 0.023076307 
392 147 44 56 0.023049653 
904 1309 87 143 0.02304042 
597 1233 44 61 0.023012046 
-2 518 54 85 0.023005545 
89 206 35 44 0.022995925 
742 180 89 106 0.02297266 
900 1080 67 86 0.022961773 
75 1006 63 80 0.022839306 
626 1096 57 84 0.022792574 
552 1250 69 81 0.022675492 
144 1197 145 155 0.022646174 
378 1446 75 85 0.02260713 
95 1154 119 129 0.02259258 
33 383 42 56 0.02256785 
423 644 100 115 0.0223888 
6 600 33 46 0.022350669 
122 796 42 55 0.022301875 
317 412 50 71 0.02229836 
752 1483 36 45 0.02228847 
144 354 93 107 0.022159783 
102 619 56 73 0.02211595 
797 1544 41 47 0.022022968 
207 798 38 48 0.021847483 
786 1247 119 121 0.021836536 
641 430 157 201 0.02172326 
293 368 102 138 0.02171319 
-11 1306 130 176 0.021642499 
36 811 45 63 0.02164078 
377 239 79 101 0.021566259 
402 571 69 87 0.02155668 
49 1016 129 150 0.021520514 
784 169 77 92 0.021503752 
440 620 52 67 0.021469336 
522 534 99 120 0.02140473 
701 1281 93 101 0.021378104 
936 172 89 138 0.021363143 
867 468 70 87 0.021285582 
109 297 46 60 0.021179544 
107 340 61 81 0.021171859 
441 555 46 66 0.021166487 
281 387 46 63 0.021106848 
871 282 109 155 0.021052988 
886 1032 45 60 0.021052666 
-4 1220 103 151 0.021022758 
340 668 63 78 0.021012304 
672 336 153 198 0.020986546 
750 1186 55 70 0.02097696 
129 908 97 128 0.020805903 
33 661 59 81 0.020654729 
58 282 113 122 0.020626802 
112 697 109 126 0.020562274 
534 1339 83 87 0.020553647 
798 132 76 95 0.020540278 
682 1338 138 133 0.020535873 
242 855 76 86 0.020531652 
326 175 59 84 0.02052 
408 1319 201 199 0.020452747 
241 736 63 81 0.02041434 
870 1267 111 124 0.020347193 
204 552 44 55 0.020314267 
379 1492 75 85 0.020288175 
309 442 63 89 0.020277726 
317 1472 40 47 0.020241618 
387 191 49 65 0.02017312 
343 1163 88 103 0.020154186 
416 780 99 108 0.020145789 
246 43 45 54 0.020133829 
928 774 64 92 0.020120528 
715 1183 58 72 0.020116538 
162 865 51 73 0.020078616 
628 1171 60 81 0.02003839 
