40_Gymnastics_Gymnastics_40_108
18
493 878 105 111 0.6167575 
541 872 72 87 0.05307082 
381 840 45 55 0.050270785 
641 874 810 878 0.042421993 
596 372 700 879 0.036795128 
780 178 513 616 0.03489333 
491 911 63 69 0.032803893 
376 846 68 85 0.02881641 
499 883 56 66 0.027470997 
455 900 115 123 0.026704844 
789 92 215 248 0.025849812 
350 826 63 75 0.02461833 
660 -224 770 830 0.021805843 
610 710 99 126 0.020827185 
379 814 37 44 0.02064703 
539 854 41 52 0.02053751 
536 899 107 128 0.020319467 
504 771 118 145 0.020242384 
