40_Gymnastics_Gymnastics_40_911
155
819 184 45 57 0.24928552 
917 185 40 53 0.21287088 
850 410 27 35 0.13108534 
487 334 79 109 0.0683238 
314 231 21 25 0.060993556 
944 435 24 31 0.059050925 
896 465 25 33 0.05719501 
47 386 25 30 0.054059524 
54 306 25 30 0.053439368 
833 176 36 46 0.050412484 
935 21 41 48 0.048369847 
81 464 26 33 0.045200825 
6 435 24 34 0.044467553 
864 198 26 35 0.044433072 
74 355 22 28 0.043999735 
121 252 24 29 0.04283311 
899 382 25 33 0.041513678 
893 389 36 48 0.041499585 
80 384 24 31 0.041419256 
201 227 20 27 0.039296113 
22 459 26 34 0.039270606 
922 294 27 34 0.039152883 
154 384 22 27 0.039058443 
32 383 21 26 0.03890039 
993 461 19 29 0.038066 
21 437 22 30 0.03769614 
50 401 26 33 0.037560504 
753 319 38 47 0.03594963 
794 142 27 33 0.035786666 
134 385 20 26 0.03533968 
720 182 26 32 0.03519528 
108 237 20 25 0.034914196 
916 379 23 30 0.034774654 
97 388 22 28 0.03461755 
875 481 25 32 0.03452992 
221 133 242 302 0.034463137 
922 358 25 30 0.034264006 
231 277 28 36 0.03308828 
793 126 28 36 0.033011958 
125 236 21 26 0.032827616 
151 412 23 27 0.032547873 
135 410 23 28 0.03211597 
159 361 22 26 0.03178803 
947 361 23 29 0.03161136 
131 406 39 46 0.031547334 
56 358 21 26 0.031524643 
735 173 26 33 0.031189775 
818 407 24 31 0.030356098 
880 464 36 47 0.03024369 
656 401 523 567 0.030160924 
75 281 28 33 0.030088123 
-147 422 533 550 0.029830722 
716 195 27 35 0.029740617 
976 435 22 30 0.029706376 
860 405 26 34 0.029396893 
792 318 39 48 0.029340042 
762 164 38 47 0.029217927 
980 460 22 31 0.029111542 
799 308 23 28 0.028936153 
150 431 26 33 0.028646696 
186 278 23 31 0.028568015 
740 155 25 30 0.028461453 
982 378 20 28 0.028367497 
866 383 23 30 0.028359527 
815 385 23 30 0.028321283 
841 183 53 65 0.028146725 
800 385 22 29 0.028073808 
767 450 28 39 0.027815111 
26 336 21 27 0.027288714 
762 354 24 30 0.02714347 
77 466 43 52 0.027082643 
232 228 19 23 0.027075011 
717 187 60 76 0.027016208 
974 200 22 31 0.026997237 
189 252 20 25 0.026767839 
108 254 23 27 0.026755918 
28 357 21 28 0.02653074 
899 174 43 54 0.026486348 
463 266 137 190 0.026479645 
337 207 20 27 0.026396103 
948 375 21 27 0.026374483 
12 430 35 50 0.026232235 
187 227 21 26 0.026092798 
104 357 20 24 0.026050506 
816 307 22 27 0.02596078 
90 240 86 90 0.025888212 
66 287 40 47 0.02566456 
770 121 27 33 0.025529351 
911 73 39 45 0.025065888 
863 445 70 83 0.025062941 
720 160 56 66 0.024956558 
69 479 66 73 0.024927674 
844 389 48 64 0.024882676 
749 330 25 31 0.024830686 
895 434 23 27 0.024795027 
821 426 23 31 0.024750521 
918 151 29 36 0.024632717 
130 381 35 44 0.024620585 
756 293 70 78 0.024322953 
234 260 21 26 0.02430665 
133 432 25 31 0.024274334 
133 397 61 70 0.024203327 
0 442 34 55 0.024180822 
178 384 23 28 0.023990769 
975 362 21 28 0.02386867 
918 461 23 29 0.02384486 
68 388 36 45 0.023696057 
893 251 25 31 0.023384765 
178 410 23 27 0.023056248 
671 126 25 31 0.02290419 
720 280 27 36 0.02290275 
81 369 53 65 0.022814963 
280 203 22 26 0.022752455 
54 327 25 30 0.02266544 
74 333 24 29 0.022515442 
147 382 38 44 0.022512011 
946 330 23 29 0.022380268 
952 452 24 30 0.022357093 
799 170 38 50 0.022340842 
846 304 23 30 0.022096591 
811 114 37 46 0.02209555 
7 381 18 24 0.022049665 
77 256 22 26 0.022021469 
867 128 22 28 0.021995032 
927 437 22 29 0.021840747 
181 428 23 28 0.021551138 
737 219 55 71 0.021441197 
127 360 20 25 0.02143779 
810 377 39 49 0.02140967 
206 383 22 27 0.021262646 
860 168 37 49 0.02120988 
109 201 21 26 0.02116469 
907 218 60 78 0.02113829 
924 327 26 32 0.021035634 
155 329 22 26 0.021026429 
737 291 41 50 0.021005958 
897 150 27 34 0.021003885 
889 204 59 76 0.021002473 
335 542 357 342 0.021000972 
917 405 22 29 0.020955648 
851 355 75 79 0.020952264 
102 277 29 34 0.02084266 
200 279 26 33 0.020820776 
125 197 24 31 0.020813983 
155 193 27 34 0.020790918 
926 23 31 35 0.020744309 
969 277 25 33 0.020728003 
199 254 20 26 0.020720862 
851 397 72 81 0.02060268 
170 418 39 45 0.020557962 
306 211 19 24 0.02044437 
743 186 61 75 0.020354457 
105 401 22 27 0.020191194 
120 369 60 73 0.020099135 
964 196 36 56 0.020031352 
