40_Gymnastics_Gymnastics_40_668
77
502 197 78 103 0.99714357 
652 197 66 84 0.99252445 
184 84 106 116 0.9731068 
118 262 136 139 0.9728822 
400 193 81 108 0.97159654 
277 190 110 151 0.9226385 
872 200 81 116 0.8143261 
348 166 103 152 0.6122909 
214 195 128 150 0.21628353 
750 220 57 70 0.1548257 
433 174 91 134 0.14719284 
24 433 29 39 0.115399465 
319 206 91 111 0.105907075 
232 251 80 95 0.10150118 
162 113 77 93 0.09867908 
616 236 41 54 0.07233017 
632 216 60 75 0.06519608 
904 222 78 86 0.063612215 
737 225 46 56 0.06321445 
522 99 39 46 0.05672723 
97 368 39 50 0.05657428 
159 218 145 154 0.054516103 
463 52 29 33 0.05364007 
749 557 25 29 0.05187202 
424 228 75 92 0.05112101 
548 110 36 43 0.047740076 
126 158 136 147 0.045421507 
132 387 95 111 0.043859135 
467 98 53 69 0.0437264 
186 280 85 118 0.041788682 
265 186 78 104 0.041659202 
644 695 19 23 0.04140116 
230 102 56 80 0.039118044 
2 186 58 93 0.0382536 
127 318 114 151 0.03716708 
516 104 28 32 0.037051965 
398 249 88 119 0.0361822 
841 78 85 91 0.03600991 
82 319 79 107 0.035841603 
838 264 45 58 0.03509506 
332 316 84 116 0.03398779 
8 413 53 72 0.032789305 
929 588 23 27 0.032655384 
0 269 23 40 0.032360017 
223 295 99 132 0.032263417 
139 48 209 245 0.031819586 
154 139 45 58 0.03084817 
177 130 141 143 0.030733176 
484 188 69 86 0.027659092 
841 117 116 137 0.027487153 
767 241 32 38 0.027449792 
703 197 68 89 0.027353918 
5 157 96 149 0.026263962 
839 203 71 89 0.026109533 
142 159 82 94 0.026034048 
903 609 22 28 0.026008787 
145 192 51 60 0.025696296 
764 664 25 33 0.025656376 
50 81 66 88 0.025633255 
292 294 92 133 0.025219733 
7 385 22 31 0.024636544 
568 231 61 76 0.024268644 
444 111 69 89 0.02343513 
3 396 37 54 0.023416476 
870 534 22 32 0.023015488 
766 256 42 56 0.023008974 
916 605 26 33 0.022997702 
395 317 82 111 0.022986963 
616 33 20 23 0.022964256 
92 271 89 121 0.022819633 
741 581 23 29 0.022780864 
992 502 22 34 0.021165637 
76 106 70 96 0.020868422 
0 328 22 33 0.02082679 
551 138 42 52 0.020564243 
469 149 69 92 0.020262698 
498 96 69 86 0.02018878 
