40_Gymnastics_Gymnastics_40_740
45
386 761 226 335 0.9965101 
9 1413 39 49 0.13612719 
935 1423 34 44 0.12020806 
957 1437 33 46 0.06131089 
929 1442 31 41 0.0535299 
791 1033 517 596 0.04532389 
10 2 43 50 0.043587007 
27 1422 32 39 0.039784912 
971 1351 29 39 0.039226692 
637 77 749 839 0.0388579 
769 779 497 618 0.036313884 
118 1414 33 40 0.0359929 
202 1459 30 38 0.032917313 
991 1366 28 40 0.03284056 
786 -116 534 559 0.031599544 
29 1451 32 40 0.030801488 
521 742 992 1113 0.029840598 
884 1371 31 37 0.029410617 
750 471 511 599 0.029075557 
922 1404 64 85 0.02873229 
969 1367 30 40 0.028703181 
12 1054 74 98 0.02822194 
889 1304 30 32 0.02817045 
970 1231 27 35 0.028019348 
925 1376 29 37 0.027672764 
9 1442 37 47 0.02760902 
110 1439 31 40 0.027487881 
89 1450 33 39 0.026990645 
969 1305 27 35 0.026700059 
158 214 42 56 0.025978077 
968 1270 25 31 0.025848702 
509 4 111 136 0.02566831 
915 1303 26 30 0.02528428 
770 1449 32 43 0.024668578 
116 1384 32 43 0.023959855 
989 1458 28 41 0.02332415 
884 1420 28 34 0.022924554 
882 1461 27 32 0.022108225 
307 387 91 122 0.021792974 
849 1426 27 32 0.021792745 
537 264 200 213 0.021568652 
656 173 139 176 0.021524189 
812 1460 28 35 0.021094365 
106 1399 55 68 0.02070046 
133 195 105 134 0.020132119 
