40_Gymnastics_Gymnastics_40_727
54
85 466 45 51 0.4028771 
215 526 38 48 0.2205458 
668 170 21 25 0.14026614 
863 432 22 28 0.0940065 
696 543 37 48 0.06645344 
279 413 29 35 0.04928767 
329 134 18 23 0.045152433 
360 185 17 21 0.044646095 
409 52 460 566 0.04138478 
332 145 19 23 0.040922113 
260 530 27 34 0.037973713 
319 129 20 24 0.037711646 
394 153 17 20 0.035669886 
417 184 16 19 0.03498694 
694 179 20 26 0.034186408 
107 299 364 439 0.032151815 
414 126 16 20 0.032058742 
510 210 17 21 0.031649616 
489 137 20 25 0.031071935 
105 473 41 46 0.030219533 
499 208 16 21 0.029782515 
636 380 536 579 0.029531935 
258 514 24 33 0.028083704 
338 179 19 21 0.028070591 
387 185 16 19 0.026697718 
182 434 20 25 0.026652476 
659 534 26 32 0.026469307 
-108 306 505 603 0.02638177 
666 200 20 25 0.025948232 
408 156 16 19 0.025144642 
-28 270 280 421 0.024642605 
250 409 58 68 0.024303421 
464 177 16 19 0.023516454 
194 511 65 73 0.023481807 
326 515 373 360 0.023442134 
535 213 17 21 0.022905802 
514 183 16 20 0.02289004 
773 293 71 87 0.022734214 
383 207 17 20 0.022722712 
651 250 48 49 0.022649013 
647 202 21 26 0.022518098 
260 486 23 28 0.022397015 
215 344 587 594 0.022312364 
637 518 39 49 0.021722384 
358 153 18 22 0.021685539 
643 253 31 33 0.021526389 
658 546 31 39 0.021254908 
646 515 56 70 0.021139227 
329 209 18 21 0.020672828 
237 518 49 62 0.020610182 
536 180 17 20 0.020537395 
816 508 28 31 0.020466145 
365 200 17 20 0.020424878 
226 515 28 37 0.020199051 
