40_Gymnastics_Gymnastics_40_420
53
595 409 91 117 0.9991999 
471 395 87 105 0.99838173 
755 466 95 115 0.996615 
401 326 80 100 0.9906695 
239 195 62 80 0.9752126 
158 174 68 88 0.96916103 
318 221 64 82 0.9457944 
12 188 40 58 0.16125776 
427 346 85 108 0.11481477 
328 461 74 110 0.10649052 
452 144 62 76 0.10548205 
682 86 95 111 0.10117382 
475 155 70 86 0.08371309 
-1 508 87 141 0.07840354 
382 128 56 70 0.07247258 
386 285 83 103 0.070098765 
20 203 51 73 0.05298354 
262 86 59 75 0.043694448 
370 248 69 88 0.039507683 
855 459 74 100 0.039299525 
420 145 41 52 0.03922506 
-2 240 50 80 0.037317954 
802 1113 530 544 0.034997165 
783 176 511 576 0.034752212 
181 490 61 82 0.03380333 
455 200 69 81 0.03338486 
814 788 517 577 0.032513384 
359 459 73 103 0.031509858 
797 472 509 576 0.03084572 
510 382 102 126 0.03031352 
507 807 1068 1090 0.029836567 
562 99 66 79 0.029483842 
516 117 91 110 0.029231843 
25 233 56 80 0.028448293 
7 214 39 60 0.02817344 
812 652 111 171 0.0260446 
592 104 62 77 0.025312703 
765 -114 514 545 0.025088424 
532 -69 935 1051 0.024614656 
632 106 92 111 0.024481185 
10 533 149 247 0.023630073 
509 157 75 90 0.023612993 
2 557 40 64 0.023419732 
840 403 110 128 0.023322217 
832 531 101 129 0.023317743 
689 109 55 69 0.023293367 
657 109 38 48 0.023049952 
715 98 94 118 0.02294391 
291 98 49 60 0.021754265 
620 79 36 44 0.0214675 
259 136 64 80 0.021382267 
-5 276 53 81 0.0212285 
744 15 92 106 0.020517971 
