40_Gymnastics_Gymnastics_40_698
101
254 43 41 55 0.9719886 
359 77 32 41 0.8386794 
869 44 26 31 0.59667283 
586 48 29 34 0.5587259 
634 29 22 28 0.41375256 
191 17 45 51 0.3269621 
178 28 42 51 0.3211607 
786 94 36 42 0.2473884 
538 16 23 27 0.20299496 
537 353 68 82 0.1898066 
634 281 38 44 0.1750192 
425 74 31 40 0.1375481 
126 7 41 48 0.12323476 
426 383 30 38 0.08217346 
499 318 42 59 0.07809021 
574 34 50 57 0.0697241 
824 32 22 25 0.0673302 
955 23 20 25 0.065691605 
711 182 25 31 0.06405327 
149 -2 40 42 0.051917676 
840 94 30 38 0.048969693 
123 31 44 56 0.047690853 
273 395 37 58 0.046524465 
776 95 28 36 0.046185598 
790 80 30 35 0.04562309 
527 323 45 61 0.04175923 
203 5 28 32 0.04160705 
148 24 56 67 0.040693983 
198 373 39 52 0.04010876 
229 32 54 68 0.040015895 
587 32 26 29 0.038134687 
439 23 25 28 0.037405957 
241 368 52 73 0.036735296 
793 109 34 43 0.036174923 
572 50 25 28 0.03564957 
845 79 24 31 0.035247643 
894 33 20 23 0.034150317 
454 24 24 28 0.033951223 
217 363 45 59 0.033447627 
607 13 50 60 0.033183638 
951 6 20 24 0.031504627 
639 3 23 27 0.031049283 
557 18 43 49 0.030906288 
236 403 63 81 0.030852685 
890 49 19 25 0.030609941 
410 369 51 65 0.030262224 
563 24 23 28 0.029844075 
505 341 66 88 0.029571155 
743 44 27 31 0.029426843 
823 45 23 28 0.028833909 
604 247 83 88 0.028539231 
517 0 22 25 0.028442122 
154 19 27 32 0.027875617 
358 1 24 31 0.027224338 
300 119 42 50 0.027199257 
381 23 26 33 0.026501931 
380 0 23 28 0.02636872 
463 415 38 55 0.025938412 
584 266 35 47 0.025873732 
434 1 24 26 0.025714954 
648 289 38 49 0.025660338 
902 83 20 26 0.025563793 
541 285 24 29 0.025395779 
489 48 26 33 0.025154358 
95 12 42 47 0.024755334 
854 52 21 27 0.02424922 
526 2 52 61 0.02415558 
538 320 61 77 0.023828387 
176 0 25 27 0.02381771 
617 273 41 48 0.023547368 
516 22 23 27 0.023451935 
334 2 22 28 0.023202619 
973 1 19 22 0.02306834 
509 46 24 31 0.022931764 
280 432 73 85 0.02291371 
491 23 24 28 0.022842327 
542 44 21 26 0.02274781 
948 34 33 45 0.022609252 
200 385 78 86 0.02227709 
40 36 36 46 0.021957038 
647 129 23 29 0.021942602 
927 29 18 21 0.021775534 
459 49 24 30 0.021696983 
373 87 32 41 0.021670735 
540 300 26 34 0.021640599 
813 124 46 55 0.021526199 
796 26 22 26 0.021489147 
552 388 41 48 0.021373712 
742 29 26 29 0.021356266 
798 95 58 70 0.02130867 
508 73 28 37 0.02128887 
587 143 25 36 0.021239836 
565 245 79 92 0.021097207 
193 47 46 60 0.020998964 
698 179 24 28 0.020919777 
490 0 23 24 0.02090186 
431 150 41 45 0.020852799 
556 355 35 44 0.020575136 
845 28 21 24 0.020425148 
694 24 23 25 0.020056056 
794 0 24 25 0.020027362 
