40_Gymnastics_Gymnastics_40_609
54
473 340 122 156 0.8879088 
296 36 142 181 0.4136503 
302 107 73 103 0.089185454 
476 118 67 89 0.062392056 
852 40 73 100 0.051264912 
359 74 72 105 0.04948476 
760 357 44 66 0.047594618 
755 337 41 59 0.0459536 
188 137 40 56 0.043103997 
336 123 78 93 0.039929077 
662 41 44 56 0.03795354 
82 191 67 98 0.036640115 
747 30 174 182 0.035857193 
791 191 68 88 0.031740244 
122 144 100 150 0.030296193 
553 9 48 52 0.030256705 
722 395 61 79 0.029961813 
741 315 43 59 0.02971061 
630 193 64 80 0.029657608 
795 224 73 92 0.029219437 
235 239 39 51 0.028743543 
323 55 83 107 0.028529068 
783 375 34 44 0.028503984 
767 176 57 84 0.027239515 
213 -23 256 295 0.02688802 
589 35 75 91 0.026611745 
657 432 69 84 0.026480582 
855 382 65 91 0.026387498 
246 344 47 57 0.025939895 
708 390 52 66 0.02581081 
688 370 113 132 0.024974952 
643 388 117 136 0.024776166 
164 95 123 167 0.024496797 
165 146 63 84 0.024102336 
682 46 29 39 0.023788165 
498 64 65 80 0.023627045 
158 177 67 93 0.02326325 
748 375 64 87 0.023222262 
876 188 60 80 0.023149269 
747 284 62 82 0.02276466 
547 11 71 84 0.022417655 
398 87 70 92 0.022406653 
586 163 145 177 0.022144925 
506 408 90 93 0.022091553 
446 135 83 93 0.02194235 
647 57 66 95 0.021809444 
486 64 147 180 0.021598255 
868 285 46 59 0.02155127 
621 116 68 88 0.02075706 
823 265 60 81 0.02064768 
667 109 40 62 0.020645328 
539 117 235 279 0.020386305 
186 213 63 86 0.020275397 
828 214 104 128 0.02001878 
