40_Gymnastics_Gymnastics_40_274
18
766 142 42 56 0.991181 
628 122 42 52 0.9905969 
123 126 44 55 0.98604 
874 162 46 58 0.9859723 
367 124 48 58 0.9856355 
490 106 47 59 0.98364925 
238 120 42 53 0.98293984 
177 170 30 39 0.055306118 
650 133 42 51 0.046873685 
939 202 51 52 0.04299917 
656 158 40 50 0.0427487 
562 181 58 68 0.0360743 
708 197 41 52 0.029154098 
745 526 351 366 0.028843751 
-60 506 354 361 0.025785964 
426 166 41 49 0.023575068 
576 328 667 720 0.02355488 
331 526 373 355 0.022291802 
