40_Gymnastics_Gymnastics_40_364
50
344 697 152 182 0.8419377 
832 1419 61 68 0.1550962 
83 681 207 229 0.13408506 
525 1363 114 143 0.09115383 
728 1201 34 42 0.07430259 
353 1380 41 56 0.05857341 
616 -206 795 906 0.053343628 
117 1329 34 41 0.045627642 
116 1414 36 42 0.039299443 
884 1443 39 46 0.03743437 
180 665 154 206 0.036312792 
124 1384 36 43 0.034995135 
813 1416 39 44 0.034580026 
772 1419 31 37 0.034319203 
70 1348 33 43 0.03309861 
864 1426 64 70 0.032360543 
712 166 517 638 0.031747106 
107 1321 58 72 0.03126614 
144 1466 41 46 0.02906752 
766 763 522 598 0.028014958 
50 1342 34 45 0.027658688 
735 1421 31 36 0.02762153 
73 1369 32 43 0.026477499 
870 1464 64 78 0.025577163 
223 560 317 389 0.025006725 
80 1308 32 38 0.024454055 
650 1462 32 39 0.024444059 
570 1398 62 74 0.024208179 
812 1389 34 39 0.023893654 
885 1486 38 48 0.023893157 
655 1417 31 39 0.023858814 
107 1481 46 55 0.0238058 
764 1383 31 37 0.023576438 
108 1397 59 67 0.023092631 
155 311 442 584 0.022715587 
968 1483 36 47 0.022339694 
113 1463 41 45 0.022321403 
350 609 150 191 0.021995155 
765 1101 529 542 0.021810604 
202 1459 34 38 0.02149054 
449 1283 191 231 0.02129839 
765 1405 51 61 0.021256316 
373 1382 34 47 0.02125336 
571 1440 43 51 0.020998219 
766 1344 30 36 0.020690773 
342 1339 77 110 0.020536218 
519 442 918 1105 0.020483354 
45 1462 29 37 0.02043899 
146 1382 33 42 0.020125654 
890 1383 32 39 0.020081786 
