40_Gymnastics_Gymnastics_40_488
32
451 160 130 164 0.98885906 
3 2 45 50 0.09723569 
0 308 34 54 0.07846208 
662 143 83 114 0.047220293 
3 1445 34 50 0.04235775 
796 1089 537 565 0.041821416 
402 170 96 127 0.041257422 
803 -125 524 576 0.035206266 
532 767 1039 1118 0.03466271 
778 753 517 597 0.031251825 
493 1410 40 44 0.030890252 
794 191 526 588 0.03080973 
522 -337 1043 1090 0.030283391 
141 269 67 85 0.029975433 
508 82 92 113 0.02992879 
369 172 83 112 0.02964269 
78 672 104 145 0.029366937 
642 653 115 152 0.026532112 
462 84 104 130 0.026516322 
512 168 114 139 0.025623478 
26 7 42 44 0.025539212 
536 125 96 115 0.025536057 
530 715 35 44 0.024782782 
14 9 65 69 0.02452764 
357 227 84 109 0.02335214 
84 2 38 40 0.023133243 
769 494 511 581 0.021716189 
492 65 63 78 0.021349067 
8 67 35 47 0.02094267 
116 188 114 154 0.020480469 
573 191 43 55 0.020183641 
808 1461 29 36 0.02017874 
