40_Gymnastics_Gymnastics_40_175
63
570 197 61 75 0.79846257 
203 62 69 76 0.3340595 
120 237 35 49 0.33057824 
597 198 57 68 0.29803154 
441 330 60 78 0.2926884 
655 350 50 61 0.23652785 
578 349 37 43 0.19054532 
659 173 25 32 0.12464902 
148 219 39 51 0.1160272 
173 223 35 42 0.11314557 
623 188 42 56 0.10805076 
646 178 27 34 0.08910895 
454 310 60 72 0.07658268 
574 321 52 60 0.065451026 
661 161 25 29 0.04613882 
638 347 45 59 0.04420042 
482 309 56 65 0.043903098 
442 359 74 97 0.04387861 
740 257 23 31 0.03901592 
139 234 42 56 0.038313515 
567 248 75 96 0.036433924 
722 249 26 34 0.035638575 
109 245 54 74 0.03473801 
641 164 50 60 0.03434327 
125 230 74 83 0.030736333 
564 217 35 42 0.030725747 
824 68 20 28 0.030665368 
439 347 33 43 0.029814815 
198 44 53 63 0.028610244 
173 63 108 160 0.028534448 
232 84 53 59 0.027125658 
684 332 35 40 0.026053436 
592 342 47 53 0.025906384 
426 300 99 120 0.025775846 
690 175 25 30 0.02524195 
100 203 77 93 0.025125561 
558 176 48 63 0.025089884 
590 290 49 63 0.024955481 
729 252 56 71 0.02488687 
332 387 78 91 0.024805691 
123 263 31 43 0.024709294 
110 246 26 36 0.02443949 
152 206 27 34 0.023930622 
166 234 45 52 0.023343116 
526 309 59 70 0.0232203 
159 137 117 155 0.023080863 
392 343 158 176 0.023034727 
212 70 91 103 0.02281968 
575 174 137 153 0.02276324 
127 282 76 91 0.022734553 
585 177 32 38 0.022025283 
431 395 45 58 0.021858744 
589 276 28 36 0.021573337 
559 292 64 74 0.021519223 
582 301 36 46 0.021401374 
565 327 34 42 0.02105896 
10 418 104 99 0.021050466 
478 304 37 46 0.021022504 
629 217 32 44 0.020876953 
636 198 59 78 0.02054771 
438 325 30 40 0.02047902 
563 178 29 37 0.020435827 
679 348 40 48 0.020125732 
