40_Gymnastics_Gymnastics_40_887
33
523 379 56 71 0.9988611 
213 139 45 55 0.9973712 
517 270 50 67 0.9964845 
384 288 46 62 0.9961754 
247 275 50 65 0.99417806 
875 109 46 57 0.9941631 
806 267 51 64 0.99409086 
133 396 54 69 0.9935033 
624 129 50 60 0.9931705 
554 66 42 52 0.99008685 
481 138 47 57 0.9846015 
760 376 55 66 0.9836986 
431 84 41 58 0.9812665 
98 152 44 55 0.9759 
330 401 51 63 0.96945 
664 273 52 63 0.96653503 
689 42 41 54 0.96473163 
315 79 42 53 0.9580237 
102 279 48 61 0.9297162 
746 100 44 58 0.91191 
842 58 37 49 0.8830043 
188 85 42 52 0.88256276 
361 148 44 58 0.81795204 
652 361 57 71 0.102768034 
242 369 49 59 0.05889132 
177 165 43 55 0.038483053 
194 105 50 61 0.03485892 
226 271 50 64 0.028318863 
203 273 44 59 0.0275563 
735 -1 34 35 0.023580803 
838 399 42 60 0.022132574 
711 -3 34 36 0.022033626 
760 245 46 58 0.020953897 
