40_Gymnastics_Gymnastics_40_612
90
315 210 91 106 0.77446216 
39 445 42 54 0.44793802 
252 91 42 58 0.34232467 
83 125 66 76 0.26865393 
943 542 33 43 0.21217248 
14 11 76 80 0.20532618 
92 90 51 60 0.14640905 
189 107 39 51 0.13179126 
785 603 33 38 0.07015029 
62 30 46 54 0.061700266 
358 239 66 81 0.055855922 
238 132 70 91 0.05285548 
287 183 87 110 0.04787207 
506 84 60 71 0.043458186 
35 135 41 53 0.043198604 
344 184 93 108 0.042554103 
263 370 68 84 0.040620226 
113 93 35 43 0.040537722 
202 93 65 85 0.04046106 
31 453 30 39 0.04014535 
398 36 52 52 0.039287616 
228 140 42 58 0.038106795 
296 353 52 60 0.03777096 
48 176 27 35 0.03756756 
49 176 73 92 0.03719206 
40 164 45 55 0.03581752 
369 443 69 88 0.035764158 
58 42 65 82 0.03569887 
246 12 48 51 0.035323013 
315 458 24 31 0.03502793 
251 32 45 54 0.03498865 
389 446 43 53 0.031495765 
491 223 81 103 0.030457554 
350 58 44 57 0.029697625 
305 151 73 93 0.02961814 
379 44 47 51 0.029548079 
438 13 56 64 0.029487357 
233 89 42 56 0.028659545 
292 397 69 81 0.027074654 
264 68 46 58 0.02675507 
935 563 43 54 0.026644807 
15 119 50 82 0.02638599 
98 77 33 40 0.026141433 
-4 143 36 65 0.026103472 
180 99 32 41 0.026096424 
181 49 27 33 0.025997808 
0 579 27 40 0.025805749 
24 16 39 43 0.025683435 
930 527 35 48 0.025105631 
180 64 28 38 0.024973108 
93 25 29 32 0.024924047 
384 162 80 96 0.024834014 
297 139 45 63 0.024604227 
305 368 32 38 0.024537457 
418 459 71 83 0.024083849 
397 471 49 59 0.023863263 
30 143 25 38 0.023809668 
45 59 96 131 0.023514345 
322 -5 44 48 0.023482798 
274 45 31 37 0.023170846 
220 76 90 118 0.023140606 
232 454 58 74 0.023137055 
171 116 57 73 0.023135524 
297 384 45 60 0.023010837 
255 74 33 42 0.022751702 
517 200 66 91 0.022654857 
179 23 28 32 0.022427186 
76 150 78 110 0.022378584 
75 11 56 60 0.022309324 
18 46 47 69 0.02229589 
305 401 27 37 0.022251977 
403 149 40 47 0.022242095 
4 11 43 54 0.022072302 
362 157 71 80 0.022062486 
321 386 138 132 0.022058127 
122 80 29 36 0.021756982 
295 453 61 76 0.02175327 
24 72 25 36 0.021607347 
436 488 26 33 0.021484938 
4 165 68 104 0.02144665 
391 139 67 74 0.021056239 
174 38 101 128 0.020712446 
283 404 24 32 0.020636514 
14 440 58 90 0.020626437 
189 19 46 52 0.020435534 
316 2 62 74 0.02039493 
117 142 33 44 0.020374596 
432 27 81 81 0.020243926 
403 453 25 32 0.020159187 
61 231 56 62 0.02008115 
