40_Gymnastics_Gymnastics_40_389
27
489 516 151 202 0.99895006 
810 938 77 103 0.28844482 
800 -121 522 590 0.040967014 
782 175 510 585 0.037944697 
808 1105 524 552 0.034730367 
524 -324 1022 1098 0.03469243 
532 771 1037 1117 0.0318949 
834 912 94 146 0.029665757 
548 1042 85 107 0.029568553 
582 1037 32 41 0.02746368 
786 1046 97 120 0.027184809 
61 506 101 116 0.027067443 
707 1119 90 108 0.026964042 
183 141 69 81 0.026203278 
674 1162 64 74 0.025556052 
584 1070 39 50 0.024259793 
796 820 129 154 0.023977496 
197 149 39 48 0.023618596 
503 1015 97 117 0.023144173 
776 488 506 574 0.023125064 
497 1157 84 97 0.02219912 
789 742 137 154 0.021400131 
198 123 35 42 0.021122668 
604 1031 33 45 0.020934558 
783 963 104 136 0.02058824 
570 1033 55 73 0.020494198 
655 1109 34 43 0.02009507 
