40_Gymnastics_Gymnastics_40_460
19
481 178 102 124 0.9974999 
398 66 32 41 0.1244703 
398 149 35 43 0.08971793 
279 279 55 78 0.05236218 
728 1051 519 526 0.043211807 
733 757 509 561 0.042310473 
486 71 35 43 0.03892784 
709 192 77 89 0.03511454 
428 784 1028 1021 0.034164254 
618 352 735 796 0.03311357 
777 -126 499 553 0.03126632 
683 219 81 93 0.030323507 
438 162 56 78 0.03021527 
509 -328 992 1044 0.027804602 
774 175 493 546 0.027465416 
734 1168 107 116 0.02285351 
490 1209 59 75 0.022219298 
433 65 32 43 0.020652633 
443 193 59 80 0.02026743 
