40_Gymnastics_Gymnastics_40_48
40
816 179 19 24 0.077630036 
473 86 38 49 0.074268505 
639 233 28 32 0.041844804 
147 454 23 28 0.039116878 
48 386 19 24 0.038349785 
210 221 44 52 0.038345423 
151 308 25 31 0.033269387 
805 206 18 22 0.032599974 
1 299 23 34 0.03259496 
150 441 21 25 0.029547667 
35 456 45 43 0.028357046 
24 413 20 26 0.02824848 
26 427 24 31 0.027590644 
324 299 371 371 0.026898008 
402 75 69 74 0.026814962 
658 24 39 54 0.026409576 
752 319 346 371 0.025612924 
130 303 25 36 0.025169803 
449 79 52 65 0.024938995 
201 333 20 25 0.024870506 
517 21 272 319 0.02381637 
207 245 28 34 0.023538357 
816 203 18 22 0.022974253 
806 179 18 22 0.022659106 
36 384 19 24 0.022201322 
496 189 43 49 0.022001121 
184 328 22 28 0.02189357 
122 315 41 55 0.02168641 
128 299 377 365 0.021562861 
500 94 40 50 0.021345466 
179 309 21 26 0.021047289 
540 321 359 357 0.020993106 
128 327 24 33 0.020853624 
55 351 23 29 0.020829007 
4 453 21 29 0.02081237 
182 363 24 30 0.020799639 
562 69 25 32 0.020484472 
463 93 31 40 0.020442108 
31 458 26 32 0.020264504 
-66 296 357 366 0.020038286 
