40_Gymnastics_Gymnastics_40_580
17
495 98 154 210 0.3763848 
391 98 198 270 0.07742969 
404 111 104 147 0.074362665 
173 225 149 161 0.06919246 
267 155 170 215 0.057979494 
76 196 290 344 0.04807308 
240 187 92 132 0.03365729 
147 246 112 108 0.0330158 
345 130 126 149 0.029227357 
194 232 85 100 0.029134056 
438 138 100 145 0.027734933 
228 242 80 115 0.023054106 
366 198 134 172 0.021549828 
688 143 177 188 0.02121402 
477 174 120 159 0.020968664 
288 192 47 65 0.020796282 
738 160 97 80 0.020228276 
