40_Gymnastics_Gymnastics_40_891
178
476 385 28 36 0.97898716 
121 297 31 38 0.9784576 
606 484 30 37 0.9768158 
261 281 27 37 0.9703744 
386 479 32 41 0.9672089 
456 478 30 37 0.96013016 
379 287 29 37 0.9578244 
181 307 33 43 0.9381729 
603 385 32 39 0.9158213 
762 409 29 36 0.90865433 
70 303 32 42 0.9029011 
579 320 28 35 0.9025327 
922 362 27 35 0.88931835 
839 349 24 29 0.8359855 
449 304 27 35 0.8342777 
670 285 26 34 0.818977 
676 488 33 40 0.8053958 
321 296 26 33 0.80171293 
546 380 28 35 0.80120283 
520 478 31 38 0.7982352 
738 501 31 39 0.74984473 
764 337 24 30 0.7357539 
878 355 24 29 0.73282874 
680 401 26 33 0.69226027 
697 338 25 31 0.5331667 
525 307 26 33 0.46360198 
743 486 27 33 0.3120097 
748 463 26 32 0.24358639 
272 385 27 32 0.23727179 
817 335 21 27 0.22949435 
669 383 25 32 0.10256155 
826 351 21 26 0.0943587 
877 340 23 28 0.091817796 
648 361 24 31 0.08624498 
530 549 29 35 0.08536146 
823 389 21 27 0.083762 
682 285 24 30 0.08168417 
490 603 27 33 0.07919567 
660 358 21 30 0.07861091 
771 385 25 29 0.0755346 
570 311 26 34 0.07250555 
926 340 23 28 0.07088744 
73 285 29 37 0.069688626 
0 251 21 33 0.067934215 
460 558 31 38 0.067653686 
751 335 22 28 0.062491305 
821 314 20 25 0.062261175 
664 333 22 29 0.06037916 
800 336 19 24 0.058633845 
648 332 23 30 0.057352435 
865 344 42 54 0.05712987 
762 460 24 29 0.051750805 
384 555 24 29 0.051611885 
788 384 20 26 0.049130697 
670 253 23 27 0.044566248 
846 185 19 24 0.04446879 
752 354 22 28 0.044400085 
79 249 26 33 0.043376412 
26 293 38 48 0.042575255 
748 209 21 27 0.04228509 
179 284 27 34 0.042130332 
386 464 29 36 0.042107917 
686 299 24 30 0.041165236 
363 285 25 32 0.041004173 
90 222 40 46 0.040974792 
102 247 27 33 0.040444903 
973 359 22 28 0.04027582 
683 562 28 35 0.040185105 
558 614 25 32 0.03987285 
456 286 25 33 0.039407834 
844 378 22 26 0.039230485 
612 362 25 31 0.038935315 
636 433 25 33 0.03879021 
644 374 24 32 0.038634796 
155 254 24 32 0.03834022 
58 302 30 39 0.038262468 
799 357 19 24 0.0374565 
750 408 25 32 0.0372403 
108 300 27 35 0.03695373 
771 310 21 27 0.036796253 
797 306 19 24 0.036017694 
381 408 25 32 0.036006216 
614 463 29 36 0.035513707 
324 429 28 34 0.035235994 
818 398 22 29 0.035231546 
124 203 25 31 0.034340836 
710 349 23 29 0.03403011 
874 373 23 29 0.034023236 
747 227 19 25 0.03391868 
511 376 24 31 0.03341722 
889 339 24 28 0.03331747 
436 286 24 31 0.032944154 
743 308 21 26 0.032924734 
846 235 18 21 0.032656126 
489 305 24 30 0.032352272 
25 266 40 52 0.03109313 
874 232 17 22 0.031001747 
940 362 21 28 0.030777667 
839 461 23 29 0.030760476 
715 311 22 28 0.030620348 
530 322 26 32 0.030467834 
506 181 28 31 0.030303435 
102 202 28 32 0.030222941 
361 535 25 32 0.029960247 
460 579 28 33 0.029351098 
512 362 25 32 0.029165138 
192 470 42 48 0.029018398 
511 465 28 35 0.028985087 
559 426 26 33 0.028694956 
363 407 24 31 0.028656702 
766 204 21 26 0.02858386 
927 430 22 27 0.028420268 
516 549 28 36 0.028410783 
764 484 24 30 0.028297616 
713 406 23 31 0.027978417 
339 352 25 32 0.02783964 
847 257 20 25 0.027830252 
847 205 18 22 0.027759977 
492 284 23 30 0.02766302 
620 305 22 27 0.027293522 
746 378 24 30 0.027156128 
745 285 20 26 0.026916968 
788 456 21 28 0.026891146 
438 549 35 41 0.02679011 
0 302 23 32 0.02638871 
688 325 42 53 0.02605369 
543 360 26 32 0.02586134 
634 480 27 35 0.025772667 
488 253 23 30 0.025731962 
717 433 24 31 0.02560118 
176 255 26 32 0.025396531 
828 259 18 23 0.02534367 
845 312 20 24 0.025301378 
638 306 22 29 0.025270557 
503 426 27 36 0.02499262 
358 588 25 31 0.024916237 
126 252 25 32 0.024906624 
352 354 22 29 0.024787126 
534 286 25 30 0.024430366 
610 555 27 33 0.024327967 
719 384 21 27 0.02394796 
0 355 34 54 0.023697358 
21 244 36 49 0.023636015 
306 377 26 35 0.023535553 
874 489 22 27 0.023529928 
546 613 25 30 0.023520784 
405 411 25 32 0.023353716 
875 508 22 29 0.023287883 
391 427 26 31 0.023209138 
993 359 22 27 0.023105895 
642 283 22 28 0.022953046 
402 430 26 33 0.022793723 
827 280 19 25 0.02244005 
713 282 20 26 0.022124846 
4 376 24 39 0.022063063 
178 182 23 29 0.022025157 
150 305 25 34 0.0220169 
915 1 24 26 0.021847025 
473 172 48 48 0.021735216 
112 219 37 44 0.02172543 
848 402 22 28 0.021540893 
79 233 26 31 0.021418435 
978 41 24 34 0.021273585 
453 534 38 47 0.021107927 
661 455 66 78 0.02092086 
564 176 26 31 0.020897921 
748 254 19 25 0.02081223 
844 276 20 26 0.020723727 
895 231 20 24 0.020703588 
874 213 17 21 0.020654859 
391 355 24 30 0.02062738 
334 372 32 40 0.020597903 
360 560 23 28 0.020537045 
636 456 26 34 0.020491598 
480 480 24 33 0.020482104 
261 578 25 30 0.020200325 
755 590 43 49 0.020145778 
174 375 26 33 0.020024836 
