40_Gymnastics_Gymnastics_40_920
44
394 171 65 84 0.9997321 
259 170 59 75 0.9993374 
576 152 62 76 0.9990771 
747 125 75 92 0.9988017 
479 164 65 84 0.99808335 
120 159 62 80 0.99686664 
477 270 69 85 0.06364534 
381 318 43 52 0.06078485 
717 305 53 68 0.050489955 
712 226 43 55 0.048782352 
543 314 59 74 0.04494566 
929 488 21 26 0.042398598 
60 296 82 91 0.034510765 
5 515 22 30 0.032421235 
25 283 78 89 0.032334797 
155 279 71 89 0.031964093 
-3 208 22 36 0.031272054 
506 285 66 82 0.030561151 
941 509 19 24 0.029896392 
714 190 43 55 0.029822305 
898 531 24 29 0.027357817 
945 493 18 24 0.027125018 
229 70 26 35 0.026772672 
930 507 22 26 0.026646098 
657 187 42 54 0.025433382 
672 430 509 550 0.025292689 
933 185 63 74 0.025144026 
971 566 20 25 0.024762087 
672 376 67 76 0.023817776 
476 530 34 39 0.02328687 
788 391 86 95 0.023006164 
920 465 19 24 0.022998866 
954 458 18 24 0.02290883 
79 263 70 86 0.02245514 
0 209 33 54 0.022170858 
24 173 24 33 0.022081384 
723 366 65 85 0.021862198 
359 448 71 79 0.0218516 
132 289 71 102 0.021115892 
391 471 53 67 0.02107533 
36 11 73 81 0.02107012 
291 330 54 77 0.020124575 
240 435 61 70 0.020116791 
895 486 20 24 0.020047868 
