40_Gymnastics_Gymnastics_40_401
52
414 427 144 189 0.99685943 
628 539 412 504 0.32585537 
70 584 379 488 0.14731568 
519 1423 106 137 0.10019258 
779 1486 106 128 0.07063248 
695 131 37 53 0.06698592 
850 860 121 154 0.051202554 
5 1016 121 173 0.050825402 
892 625 55 68 0.050353292 
919 780 72 100 0.047055826 
839 1515 45 66 0.04182608 
849 -131 561 629 0.039327268 
768 1436 215 210 0.03908873 
805 247 531 645 0.037975643 
557 -334 1095 1174 0.037957877 
413 753 485 487 0.036203314 
784 767 239 259 0.036166847 
797 763 539 641 0.03606265 
810 885 101 128 0.03543551 
147 615 217 195 0.03526927 
749 1488 92 98 0.033231143 
170 714 41 49 0.03247987 
559 1443 98 133 0.03202949 
671 1003 132 135 0.030680347 
809 1522 57 70 0.030111017 
704 989 92 96 0.029926645 
445 1345 195 242 0.029551445 
976 1527 42 62 0.028552338 
761 1494 53 60 0.027329259 
811 1497 52 65 0.0273205 
-5 1016 224 332 0.026854895 
686 125 59 98 0.026512202 
219 549 415 525 0.02563531 
818 651 188 242 0.025051478 
670 131 91 154 0.024392808 
764 914 177 157 0.023842797 
846 887 53 72 0.023764482 
876 647 114 142 0.023554374 
873 606 97 108 0.022870112 
130 1074 276 311 0.022620302 
656 858 101 129 0.022597771 
547 1341 135 163 0.022365713 
862 807 125 146 0.022304522 
674 601 132 146 0.02228468 
865 933 133 161 0.02218417 
82 603 149 183 0.0221173 
779 1258 159 175 0.02163668 
652 924 127 154 0.021202415 
824 1181 531 552 0.021157611 
883 882 49 65 0.020917151 
904 873 89 117 0.02059517 
723 645 128 144 0.020592488 
