22_Picnic_Picnic_22_688
19
623 5 187 216 0.99936455 
738 718 545 615 0.057971746 
451 1313 76 97 0.05376354 
807 1096 539 573 0.046863038 
442 1290 144 130 0.039633103 
534 1321 38 44 0.03530622 
329 642 422 611 0.034084678 
483 1310 77 84 0.033418685 
3 620 37 56 0.030813918 
483 723 1092 1144 0.03054436 
650 77 758 900 0.029741758 
887 1361 31 39 0.023882823 
690 618 332 423 0.023155637 
971 668 34 44 0.023123996 
386 1300 60 75 0.022240367 
506 1320 43 51 0.021796914 
415 1298 72 95 0.021774143 
185 296 46 53 0.020890297 
337 521 314 344 0.020626128 
