22_Picnic_Picnic_22_241
26
346 91 103 105 0.7980443 
222 252 60 73 0.06602394 
393 239 89 110 0.046663687 
211 227 106 127 0.039774805 
277 239 166 188 0.033473764 
361 143 127 158 0.032800402 
382 62 68 83 0.032739993 
348 61 73 93 0.030515734 
646 421 511 553 0.02837885 
340 276 103 110 0.027713275 
-224 291 712 759 0.02760519 
491 662 25 27 0.026647013 
-72 531 354 357 0.026062269 
847 492 21 27 0.025977932 
278 326 21 28 0.024623878 
232 274 33 40 0.02446976 
789 349 24 29 0.023784557 
6 297 164 188 0.022901926 
793 338 24 30 0.022331646 
322 136 75 87 0.022323305 
167 172 216 289 0.021753373 
817 333 20 26 0.021642838 
376 90 42 49 0.021613965 
874 363 22 29 0.02131527 
291 319 113 112 0.02123277 
413 57 47 61 0.02109817 
