22_Picnic_Picnic_22_140
157
870 377 36 48 0.7209497 
563 364 25 32 0.7182902 
787 381 24 31 0.52294445 
417 350 24 31 0.33092713 
863 392 34 46 0.3206211 
313 346 28 35 0.311672 
354 335 48 57 0.19958586 
640 362 24 30 0.19852442 
691 411 27 33 0.18778728 
818 401 25 32 0.16230935 
641 377 24 31 0.13222668 
818 387 23 30 0.11178163 
397 376 35 49 0.102781676 
916 431 36 54 0.09795205 
607 451 28 37 0.09642809 
924 375 24 32 0.09352074 
691 457 28 35 0.09192063 
413 340 24 30 0.09051811 
776 381 21 29 0.08289841 
375 347 30 38 0.075147465 
744 436 24 31 0.07397269 
611 409 21 28 0.07204545 
544 399 22 30 0.06664484 
3 537 29 40 0.06451933 
384 387 35 48 0.0635732 
872 531 26 34 0.06209801 
110 285 20 24 0.05806786 
562 406 23 27 0.054311432 
795 398 24 32 0.05258051 
921 408 25 33 0.051673867 
888 532 25 32 0.051643573 
767 464 26 33 0.049573224 
317 337 47 60 0.046876628 
431 396 40 51 0.043124408 
850 373 35 47 0.04304802 
790 365 23 29 0.04212165 
397 341 44 56 0.041889757 
622 383 19 25 0.04182892 
438 421 30 39 0.041589808 
613 434 25 34 0.04047566 
570 428 24 31 0.039967783 
591 408 20 26 0.039662298 
672 417 35 47 0.03876222 
370 359 54 69 0.037915725 
971 416 31 53 0.035859752 
46 403 27 32 0.035839308 
535 237 18 23 0.034889035 
744 406 23 29 0.034863558 
842 534 30 36 0.034821406 
32 429 20 26 0.03467528 
-1 407 20 27 0.034585007 
514 7 22 24 0.034561895 
871 366 25 32 0.033189945 
598 459 23 31 0.032853544 
587 387 19 24 0.032386236 
532 432 23 32 0.031961452 
846 365 22 30 0.031585854 
891 417 39 55 0.03154207 
850 405 26 34 0.031522863 
824 522 53 61 0.031503875 
740 354 24 30 0.031453837 
355 456 23 30 0.03145077 
806 388 48 60 0.031229898 
720 352 24 28 0.031221006 
715 433 23 31 0.030701498 
855 520 45 58 0.030327357 
769 362 23 29 0.03029104 
383 486 63 77 0.030175686 
494 98 18 23 0.030140469 
310 366 36 45 0.03008882 
522 235 20 24 0.0299805 
755 571 63 79 0.029929519 
49 434 24 29 0.029770223 
744 454 28 36 0.029695312 
790 7 25 27 0.029325882 
512 99 18 21 0.02912163 
543 382 29 39 0.029020134 
51 329 19 23 0.029019408 
421 126 20 26 0.028689135 
105 277 32 42 0.02810645 
597 103 19 24 0.02798535 
713 405 24 31 0.02753066 
580 426 33 44 0.02749587 
934 377 30 41 0.027481208 
424 375 36 47 0.02725939 
677 433 50 63 0.026881762 
455 409 25 33 0.02677286 
706 451 35 44 0.026674682 
926 19 28 34 0.026579458 
441 255 19 25 0.026508711 
783 373 40 52 0.026276646 
770 404 22 29 0.025354886 
894 364 23 28 0.025329733 
610 261 20 25 0.025221407 
620 362 21 27 0.02519454 
714 386 22 28 0.025127623 
33 411 22 28 0.02511456 
644 544 44 50 0.025041455 
671 411 23 29 0.025021251 
465 105 18 23 0.024854543 
842 415 36 47 0.02478723 
915 557 23 31 0.024544723 
342 307 86 100 0.024483275 
434 50 18 22 0.0240446 
454 427 24 32 0.023993568 
305 278 20 24 0.023991924 
511 78 19 25 0.023920493 
735 443 50 60 0.02390544 
312 74 21 26 0.023893649 
348 430 38 48 0.023804415 
561 97 19 24 0.023783727 
541 100 19 23 0.023520848 
787 532 27 36 0.023384182 
645 254 22 26 0.023274725 
551 362 45 56 0.023231406 
437 106 18 23 0.023077235 
693 387 23 28 0.023056597 
947 261 20 25 0.023026824 
842 549 28 35 0.022804819 
820 452 25 32 0.022731656 
627 366 44 57 0.022503372 
793 556 64 77 0.022071216 
938 426 36 52 0.02201806 
645 235 19 23 0.021960331 
661 383 21 28 0.021935372 
100 126 18 25 0.021900183 
330 476 24 27 0.021887882 
327 71 21 26 0.02175598 
909 365 47 60 0.021476017 
659 556 26 31 0.021343792 
752 642 83 84 0.02132591 
329 438 56 66 0.021312548 
366 95 21 28 0.021275165 
11 540 38 51 0.021185538 
148 377 34 52 0.021166543 
691 464 36 47 0.021101113 
428 339 20 26 0.021100318 
333 3 19 22 0.021070914 
254 70 20 26 0.021016194 
888 398 30 40 0.020932296 
32 359 20 25 0.020922227 
520 432 22 28 0.020843595 
943 406 23 30 0.020747699 
0 284 18 28 0.02074751 
993 357 21 29 0.020730598 
240 273 22 31 0.020710444 
382 82 19 25 0.020626642 
384 231 22 27 0.02057362 
941 362 20 26 0.020450767 
919 9 56 67 0.020447267 
635 435 24 31 0.02044271 
48 456 26 35 0.020336535 
637 396 33 44 0.020211486 
532 454 25 33 0.020193268 
432 91 516 641 0.020090174 
534 387 46 59 0.020088831 
538 126 20 25 0.020001687 
