22_Picnic_Picnic_22_933
53
716 22 171 212 0.9987669 
263 48 131 163 0.5131711 
595 217 69 89 0.2332267 
637 187 54 66 0.14233147 
885 81 45 65 0.134512 
556 369 65 90 0.08606058 
532 362 267 320 0.08095553 
646 184 77 96 0.078858875 
150 549 52 58 0.056539536 
632 402 42 56 0.056413528 
734 99 27 34 0.05232882 
619 211 56 69 0.045843992 
789 54 98 121 0.043178357 
719 91 43 59 0.043118753 
661 260 87 96 0.03975512 
714 99 86 102 0.039090935 
602 376 71 91 0.037104182 
856 64 68 97 0.036901567 
653 139 82 106 0.03546893 
750 131 92 95 0.033399 
90 75 169 202 0.033078015 
892 70 34 45 0.031839564 
715 495 343 375 0.029297637 
591 161 145 186 0.028880991 
155 557 32 36 0.027987251 
175 99 179 247 0.027402353 
48 -7 86 88 0.027056783 
5 523 40 52 0.026543237 
45 112 82 118 0.02636181 
698 143 66 85 0.026030662 
799 443 171 180 0.025499837 
75 143 85 113 0.02547985 
674 192 50 58 0.025347903 
-236 306 731 747 0.02466796 
623 324 127 154 0.024664974 
762 5 31 31 0.024487112 
24 88 68 87 0.023875121 
741 64 108 122 0.023852224 
5 482 22 30 0.023728952 
708 122 52 67 0.023500744 
471 246 258 347 0.02310055 
607 261 34 44 0.022986293 
-70 536 360 347 0.022795081 
685 426 51 58 0.022660859 
4 553 26 36 0.022320267 
689 214 67 80 0.022149313 
81 -16 155 171 0.021557193 
-5 66 160 191 0.021534324 
156 543 27 31 0.021331344 
725 327 114 138 0.021219287 
663 26 72 93 0.021080209 
335 595 49 49 0.020692633 
81 158 137 163 0.020314142 
