22_Picnic_Picnic_22_654
93
416 428 89 125 0.22671372 
684 491 57 64 0.19971311 
843 499 31 41 0.12369973 
437 324 52 60 0.059688333 
818 1228 28 35 0.059672017 
853 1268 30 37 0.0538585 
581 854 38 47 0.051757965 
304 143 62 69 0.04720311 
613 350 24 31 0.041324113 
466 465 89 113 0.04121807 
441 375 37 43 0.04054875 
615 370 24 31 0.039490476 
549 405 30 36 0.03819432 
318 770 184 149 0.038066864 
511 375 26 34 0.03764645 
303 118 98 113 0.03745045 
419 342 76 94 0.036015484 
425 388 60 77 0.035748016 
583 405 27 33 0.035632122 
519 348 25 32 0.03408918 
415 1045 29 37 0.03354137 
465 342 31 37 0.033489317 
35 1064 113 126 0.032945253 
857 1283 32 39 0.031710193 
723 4 30 31 0.03169538 
561 270 25 30 0.031532478 
748 278 24 32 0.03078922 
756 299 24 31 0.030675214 
617 408 25 32 0.030579802 
966 509 25 33 0.030181205 
320 173 72 75 0.029809037 
849 487 28 38 0.029206218 
163 224 58 70 0.028544035 
439 444 43 61 0.028520323 
443 1199 109 129 0.027791807 
356 1073 92 117 0.027633237 
518 484 90 127 0.027085017 
487 1015 29 36 0.026857221 
985 275 21 29 0.026831746 
686 991 32 38 0.026830407 
373 662 51 68 0.026537698 
889 1262 32 39 0.026531355 
371 342 189 249 0.02632544 
514 405 29 36 0.025973784 
730 273 24 32 0.025870632 
551 346 24 30 0.025632426 
23 247 403 550 0.025444185 
968 481 24 32 0.025146745 
614 310 23 28 0.025057452 
93 1070 131 147 0.0250495 
384 1087 31 42 0.024559557 
786 311 22 28 0.02455106 
575 273 23 28 0.02432436 
623 236 23 28 0.023553992 
458 1087 112 115 0.023323968 
959 279 21 28 0.023287514 
392 479 91 126 0.023184039 
934 1118 80 137 0.022989213 
917 8 26 30 0.022825802 
787 37 25 29 0.022818934 
546 988 26 34 0.02257515 
680 1035 103 130 0.022546686 
334 674 51 62 0.02252655 
754 410 23 30 0.022467932 
619 445 28 37 0.022433659 
548 1028 28 36 0.022362096 
684 335 27 34 0.022358714 
554 381 25 32 0.02197939 
612 471 31 42 0.021932833 
411 470 40 58 0.021918876 
986 337 21 29 0.02173558 
504 1087 102 99 0.021615561 
378 1128 66 80 0.021594604 
605 338 40 52 0.02137429 
561 495 60 90 0.021369837 
440 276 32 39 0.02134913 
590 380 24 31 0.02103608 
917 32 26 31 0.021022966 
208 762 85 97 0.020961942 
593 314 23 28 0.020875236 
593 340 25 31 0.020725844 
813 1215 45 58 0.020696498 
560 246 25 31 0.020538958 
789 368 25 32 0.02050008 
646 232 25 31 0.020403614 
123 1078 179 186 0.020352988 
829 1255 27 33 0.020205757 
648 1219 35 42 0.020169932 
339 502 74 96 0.020101232 
-38 1144 231 260 0.020086678 
579 244 22 28 0.020045703 
155 830 71 77 0.020044813 
380 1058 27 36 0.020027213 
