22_Picnic_Picnic_22_444
67
457 424 44 56 0.1396153 
640 466 20 25 0.06013758 
455 446 31 39 0.05937323 
559 462 45 53 0.053753685 
505 392 21 26 0.05047176 
433 360 25 29 0.04360032 
371 413 19 23 0.038817793 
616 589 21 26 0.038769376 
581 466 23 30 0.037905883 
498 388 20 26 0.037590396 
287 389 18 22 0.035936743 
618 411 19 24 0.0347498 
815 361 21 25 0.034059748 
539 407 17 23 0.033688597 
509 360 19 23 0.033662714 
483 398 40 50 0.03364733 
697 615 19 23 0.0324078 
133 590 21 25 0.032207478 
291 434 39 45 0.031577345 
491 401 24 29 0.02997268 
289 453 23 28 0.029655831 
301 452 24 30 0.029288922 
711 -8 139 162 0.028562086 
301 440 23 28 0.028043786 
213 403 19 24 0.0274341 
406 335 18 21 0.02676237 
494 361 19 23 0.026546143 
590 357 17 21 0.026061364 
292 617 18 22 0.02602697 
292 440 21 24 0.025913076 
616 430 19 24 0.025891844 
638 433 19 24 0.025645742 
633 456 32 42 0.025526594 
284 404 19 23 0.025520755 
409 378 18 24 0.025416298 
260 409 18 21 0.025267063 
575 383 17 21 0.024873465 
255 358 18 22 0.02466371 
231 611 18 22 0.024611972 
544 433 20 25 0.024284896 
463 413 24 30 0.023823982 
305 619 18 23 0.023620492 
619 462 20 24 0.023611795 
440 612 18 22 0.023531962 
354 78 23 28 0.023395015 
186 614 22 26 0.023122964 
542 387 17 22 0.022924254 
409 362 20 25 0.02258341 
263 338 17 19 0.02250964 
573 409 19 23 0.022445755 
392 362 19 24 0.022033818 
462 330 18 23 0.021782264 
689 412 22 27 0.02168919 
563 432 22 26 0.021683445 
572 359 17 21 0.021466626 
238 365 18 21 0.02134604 
616 390 18 22 0.021332223 
393 337 19 23 0.021301392 
55 44 23 28 0.021253195 
584 385 18 22 0.021227727 
211 438 20 26 0.020841647 
597 600 68 84 0.020498384 
611 423 33 41 0.02030374 
416 612 19 22 0.020299837 
663 458 21 27 0.020075006 
475 430 32 39 0.02006034 
229 436 20 23 0.020021802 
