22_Picnic_Picnic_22_483
19
531 412 60 82 0.98488545 
248 614 184 180 0.032720324 
617 808 24 28 0.030039186 
442 819 22 26 0.029971253 
763 782 26 33 0.027993184 
795 664 27 35 0.027007993 
103 129 703 758 0.026075175 
635 808 23 28 0.02494429 
489 845 27 31 0.024562893 
74 605 30 37 0.024412049 
335 542 218 231 0.024365712 
363 946 23 28 0.023739416 
263 717 115 123 0.023277767 
226 672 132 139 0.023073366 
687 765 23 29 0.022775523 
54 536 25 30 0.022523755 
440 950 23 27 0.022479508 
4 556 22 32 0.02168771 
481 361 25 30 0.021564947 
