50_Celebration_Or_Party_birthdayparty_50_213
111
586 229 106 142 0.99768496 
416 272 114 146 0.99605197 
201 330 98 135 0.99305797 
114 188 100 133 0.9919253 
693 224 106 153 0.990003 
938 450 72 126 0.9497829 
72 247 31 40 0.2056106 
637 231 108 156 0.1982799 
229 277 77 105 0.09301213 
378 90 46 55 0.07939568 
300 52 72 91 0.07301917 
337 247 61 77 0.072921194 
769 227 82 116 0.06690408 
375 286 46 62 0.0651245 
392 265 67 93 0.05908068 
162 201 70 98 0.055286 
206 212 75 91 0.05328743 
270 26 133 155 0.052542675 
308 92 54 66 0.049415667 
969 298 20 28 0.047483787 
733 117 74 90 0.044916872 
417 226 73 84 0.044899978 
535 142 80 100 0.043794278 
317 269 57 73 0.041180383 
62 220 58 74 0.040305085 
347 72 72 83 0.03970711 
972 281 22 31 0.039255872 
994 337 19 28 0.038710583 
955 301 23 28 0.037084207 
760 172 87 119 0.036175326 
353 282 49 61 0.035998 
182 165 62 85 0.035021514 
977 333 22 32 0.03401584 
971 5 34 49 0.033989098 
278 113 52 59 0.033699635 
308 43 35 44 0.033682156 
76 163 68 93 0.0335034 
219 198 52 64 0.03340742 
960 286 33 48 0.03309948 
845 52 41 56 0.03216153 
695 29 62 86 0.031019807 
291 187 60 75 0.030282801 
901 100 26 34 0.029592298 
271 86 100 132 0.029049419 
945 20 23 32 0.028844925 
927 301 22 30 0.028527575 
325 114 30 39 0.028240439 
517 172 76 96 0.027547099 
315 212 61 81 0.027340904 
837 12 119 159 0.02619107 
991 2 23 32 0.02581033 
849 130 24 30 0.02569219 
404 288 78 101 0.025690893 
561 43 28 35 0.025289608 
215 107 42 52 0.02510261 
257 187 63 75 0.025073627 
204 303 31 42 0.024942052 
654 430 49 53 0.024800126 
352 216 65 85 0.024791714 
96 162 87 120 0.024418585 
950 327 25 31 0.024209874 
595 170 80 98 0.024125991 
-214 303 692 748 0.02403877 
108 40 27 36 0.024001056 
540 71 23 30 0.0239845 
841 154 24 31 0.023779608 
308 67 32 41 0.023754064 
313 65 123 157 0.02367892 
855 239 60 86 0.023643758 
291 249 64 84 0.023510765 
688 142 73 96 0.023084689 
675 66 64 84 0.022973115 
307 91 33 42 0.022951186 
398 97 30 38 0.022855226 
295 -15 145 152 0.022714045 
721 168 86 109 0.022553694 
249 249 71 95 0.022404699 
977 258 21 31 0.022347601 
331 29 69 89 0.022329442 
436 101 25 33 0.022296526 
683 51 47 63 0.022257922 
536 65 40 54 0.022040846 
359 103 69 86 0.021838447 
337 189 59 77 0.021670897 
663 18 25 29 0.021662384 
362 185 61 78 0.021655818 
224 225 30 39 0.021571133 
491 238 84 118 0.021565301 
700 66 111 134 0.021466209 
887 75 58 73 0.021301541 
914 237 98 139 0.021287581 
955 421 52 80 0.02119513 
-64 536 345 353 0.021118537 
955 287 22 27 0.02107382 
278 142 34 41 0.020937022 
396 208 66 85 0.020861182 
720 29 45 58 0.02075328 
864 67 25 33 0.020734122 
689 70 28 37 0.0207029 
539 94 82 103 0.020622348 
978 229 19 27 0.020585574 
813 44 64 81 0.020585015 
855 63 62 80 0.02058 
717 45 30 39 0.02047764 
386 77 28 34 0.020430136 
1 468 25 46 0.020173265 
870 95 24 32 0.02016113 
366 96 107 143 0.020138089 
907 393 105 155 0.020069538 
865 127 21 26 0.020061905 
357 249 34 44 0.020043403 
