50_Celebration_Or_Party_houseparty_50_654
20
455 189 200 257 0.9817178 
642 521 138 142 0.16784908 
443 482 74 88 0.051831894 
105 127 19 22 0.046777617 
480 480 87 105 0.045087095 
3 1 29 35 0.029129032 
486 95 177 241 0.0266129 
-14 542 136 184 0.025220832 
711 547 143 166 0.024396712 
786 592 162 181 0.024328688 
624 604 219 276 0.02375665 
106 112 19 23 0.02298378 
670 717 74 92 0.022334883 
500 347 83 88 0.022311393 
31 253 23 31 0.02191775 
108 146 20 25 0.021378791 
904 659 67 88 0.02119725 
2 229 19 29 0.020363301 
125 150 19 23 0.02026282 
582 509 215 268 0.020165019 
