50_Celebration_Or_Party_birthdayparty_50_75
346
410 207 81 98 0.9958405 
120 606 26 33 0.8026734 
56 457 27 35 0.71420646 
238 456 26 33 0.62153536 
181 593 26 33 0.61370444 
177 385 28 35 0.561448 
54 384 25 32 0.50453776 
116 382 29 35 0.42328623 
6 579 25 33 0.4115657 
668 130 24 30 0.41006893 
7 512 24 30 0.3667324 
56 594 23 29 0.25678018 
635 173 26 33 0.22585535 
336 508 22 29 0.22450376 
237 388 25 30 0.20726903 
59 606 22 29 0.17007661 
157 463 21 25 0.1595443 
7 634 27 36 0.15806013 
285 684 27 31 0.14843653 
57 532 24 31 0.14114809 
766 312 24 31 0.1296727 
715 517 23 28 0.099844314 
562 229 29 39 0.09902966 
596 197 22 30 0.09731063 
804 539 19 23 0.09698432 
684 233 27 37 0.09648175 
879 337 18 22 0.09635219 
112 594 24 31 0.09190991 
158 481 21 25 0.087823816 
714 382 21 27 0.08347644 
71 609 21 28 0.08095861 
512 613 20 25 0.07917382 
259 721 24 28 0.07606071 
585 385 18 26 0.07564258 
150 565 21 27 0.07143263 
230 533 21 26 0.07005595 
773 366 21 26 0.06858801 
589 245 28 34 0.065455504 
124 464 19 24 0.065018326 
373 188 47 63 0.061914332 
70 594 22 27 0.06088394 
314 346 52 74 0.057495784 
256 608 20 25 0.057430796 
0 648 59 83 0.057143252 
236 440 23 29 0.05428904 
157 586 21 27 0.053587303 
867 462 19 24 0.053472336 
846 489 19 25 0.05332706 
174 465 22 29 0.053325936 
283 667 23 27 0.05319721 
203 564 20 26 0.052016456 
259 594 19 25 0.05177353 
765 539 18 23 0.051728703 
766 120 20 28 0.05132692 
246 400 28 33 0.050346635 
763 512 21 24 0.05027513 
104 595 41 53 0.049673647 
747 487 18 22 0.04962137 
184 567 23 28 0.049001455 
279 645 21 24 0.048640728 
114 459 21 26 0.04831139 
778 375 20 25 0.048211407 
101 563 21 27 0.047612265 
611 434 17 23 0.046994668 
1 622 50 68 0.046393137 
23 618 21 26 0.045806516 
844 509 20 25 0.045792475 
798 517 19 23 0.045727372 
199 381 21 27 0.045102958 
71 535 23 27 0.04495637 
640 157 24 32 0.04476149 
621 478 22 27 0.0447093 
358 570 20 26 0.044613253 
69 384 21 27 0.044241425 
177 480 21 27 0.0439794 
307 370 30 45 0.043882024 
823 512 19 23 0.043312043 
495 614 20 24 0.043178592 
401 683 26 31 0.04246149 
392 684 23 29 0.042219862 
517 592 20 24 0.04221701 
277 665 37 44 0.042169522 
364 404 27 32 0.042130236 
259 505 20 26 0.04196443 
151 714 30 31 0.041375227 
18 584 22 28 0.040870596 
393 455 20 24 0.04037353 
611 243 27 34 0.040036693 
310 589 19 24 0.040019166 
751 155 19 26 0.039991923 
873 481 21 24 0.039154608 
694 156 22 28 0.039079867 
719 526 23 30 0.039054304 
129 716 27 27 0.03904222 
827 489 19 24 0.03901875 
285 534 22 26 0.03896851 
170 581 43 55 0.03892544 
673 231 25 35 0.038916763 
132 484 20 25 0.038901567 
464 658 21 25 0.03842801 
620 174 33 42 0.038299058 
760 316 35 44 0.037930418 
752 509 18 22 0.037656635 
289 612 19 23 0.03752841 
27 668 64 75 0.037139166 
747 542 18 24 0.037038933 
770 153 21 27 0.0369006 
856 464 19 23 0.036875382 
613 365 22 28 0.036698923 
975 475 21 30 0.036321547 
871 437 19 23 0.036039304 
676 228 47 60 0.036026858 
815 536 20 24 0.035947632 
54 473 26 33 0.035730872 
338 493 21 26 0.035691872 
575 231 52 59 0.035688765 
845 533 20 25 0.035648916 
765 197 21 27 0.0355769 
155 443 21 26 0.035473116 
172 732 29 35 0.035316233 
712 156 20 27 0.035136867 
892 559 24 27 0.034881927 
46 595 47 61 0.034693323 
767 563 18 22 0.034651145 
162 382 25 31 0.034641206 
584 486 22 27 0.034557022 
766 182 22 28 0.03454634 
362 464 18 23 0.03454452 
382 718 25 28 0.03403228 
879 561 22 26 0.033969462 
493 638 19 24 0.033720143 
264 645 21 25 0.033658322 
753 126 19 26 0.033622522 
403 454 20 25 0.033605542 
750 180 21 29 0.03346631 
790 364 20 25 0.033130307 
363 582 19 25 0.03308189 
227 444 46 58 0.033052053 
922 411 17 21 0.032999415 
306 614 19 23 0.0326975 
768 484 20 25 0.032692134 
3 432 23 30 0.0326811 
483 566 22 28 0.03257389 
993 0 21 27 0.03257198 
3 737 25 32 0.032274246 
299 688 21 27 0.032245025 
492 670 20 25 0.03188301 
14 613 34 47 0.031694666 
121 397 28 33 0.0316671 
797 482 20 24 0.03159382 
469 455 21 25 0.031433117 
285 592 18 24 0.031408127 
53 440 25 30 0.03137172 
891 510 23 29 0.031362142 
82 563 22 28 0.031332742 
312 735 23 29 0.031258028 
351 732 26 29 0.031158943 
875 352 18 22 0.030915193 
903 406 18 22 0.030734682 
47 446 45 58 0.0304945 
748 557 18 22 0.03037787 
255 541 20 26 0.030369645 
68 628 33 45 0.030293968 
328 351 31 42 0.030226652 
801 639 21 25 0.03017016 
125 735 30 32 0.029869774 
601 435 18 23 0.029467488 
803 559 20 23 0.029465059 
199 588 24 31 0.02944002 
335 529 21 28 0.029316388 
584 268 37 46 0.029189589 
462 647 22 26 0.029159792 
14 683 49 56 0.029015662 
747 188 33 44 0.028878914 
541 436 20 25 0.02864387 
35 387 20 25 0.028602097 
281 711 25 29 0.028583925 
829 389 17 21 0.0285336 
638 245 27 36 0.028493885 
129 696 25 27 0.028295897 
689 453 19 25 0.028220387 
360 724 22 25 0.028178597 
484 585 19 25 0.028152129 
19 567 21 26 0.02814672 
308 564 19 25 0.028100237 
360 487 18 23 0.027844785 
387 568 22 28 0.027391309 
151 732 32 34 0.027362399 
442 719 21 24 0.02711499 
229 387 50 57 0.027092589 
212 686 23 28 0.02708753 
313 641 20 23 0.027056197 
541 457 18 22 0.027053935 
77 640 21 27 0.026927657 
495 683 22 26 0.026678866 
471 193 40 54 0.02667634 
232 715 23 27 0.026670448 
878 509 22 26 0.026655331 
333 464 19 24 0.026647057 
384 584 21 26 0.02664428 
460 616 20 23 0.026460713 
589 464 18 22 0.026459018 
951 384 18 22 0.026392506 
480 460 20 24 0.026326224 
722 490 19 23 0.0262133 
143 689 42 42 0.026197506 
107 541 21 25 0.026192997 
893 486 21 25 0.026167829 
154 537 21 26 0.02593862 
607 201 23 31 0.025850547 
484 490 21 25 0.025829447 
289 410 23 30 0.025812393 
460 720 21 25 0.025718097 
868 415 19 23 0.025694596 
334 592 18 22 0.025528653 
787 382 18 23 0.025506763 
339 562 19 23 0.02533363 
572 459 19 22 0.025287518 
52 563 22 28 0.025135363 
229 517 20 26 0.02511491 
771 237 20 26 0.02504615 
212 539 20 25 0.025034567 
621 467 19 23 0.024971325 
231 613 20 26 0.024957964 
897 460 20 25 0.024929173 
747 359 19 24 0.024869708 
954 412 17 23 0.024796883 
705 146 34 44 0.024794212 
724 434 18 23 0.024731291 
231 591 20 26 0.024716543 
100 709 41 42 0.024654258 
591 186 23 29 0.02463031 
895 535 25 29 0.024520304 
626 229 50 64 0.024493527 
746 467 18 22 0.024458602 
321 368 34 45 0.024395188 
227 660 19 24 0.024345906 
406 662 24 30 0.024285989 
441 443 23 27 0.024270285 
624 179 55 69 0.024155771 
754 506 33 40 0.024148539 
614 417 18 23 0.02410253 
571 378 32 40 0.024073288 
179 537 20 24 0.024011673 
408 616 19 23 0.023996932 
796 333 20 26 0.02397993 
420 171 60 77 0.023896607 
650 197 69 82 0.023884388 
764 141 32 45 0.023850534 
129 539 20 26 0.023845153 
330 640 17 21 0.02380978 
462 529 22 28 0.023734763 
654 165 35 46 0.023665123 
841 386 18 22 0.023594564 
599 219 51 65 0.023573756 
434 657 24 26 0.023538195 
4 133 36 66 0.023444112 
688 162 35 46 0.023380635 
258 562 19 24 0.023356903 
56 639 22 29 0.023344321 
434 645 22 26 0.023324676 
154 512 20 25 0.023255508 
589 505 25 32 0.02324723 
105 365 22 26 0.023177357 
469 568 21 27 0.023146898 
497 429 20 24 0.023114026 
821 461 18 23 0.023113467 
873 536 22 27 0.023091532 
955 431 22 28 0.022945492 
511 590 34 41 0.022935275 
771 105 21 30 0.022920573 
2 651 29 41 0.022900123 
596 635 22 25 0.02288667 
773 461 20 23 0.022870895 
55 515 23 29 0.022847762 
282 561 19 24 0.022843052 
375 483 61 71 0.022835054 
133 562 23 29 0.02281558 
231 647 20 26 0.02268966 
897 358 17 23 0.022685079 
469 584 19 22 0.022681115 
381 731 27 30 0.022632858 
6 526 23 29 0.022589842 
507 434 20 24 0.022483997 
658 294 37 47 0.022414979 
50 661 21 28 0.022343023 
817 507 31 38 0.022322726 
288 427 22 28 0.02225156 
237 561 19 25 0.022226928 
412 643 22 26 0.022202948 
332 614 18 22 0.02219319 
485 507 21 25 0.022178467 
175 715 26 30 0.022168089 
258 484 22 27 0.022133797 
436 529 22 27 0.022113226 
710 216 37 49 0.021975787 
390 615 19 23 0.021975083 
974 412 17 26 0.021943245 
337 736 23 28 0.021926707 
969 449 32 49 0.02190317 
443 614 19 22 0.021876553 
726 462 17 22 0.021735592 
459 180 28 36 0.021703918 
8 609 23 31 0.021606507 
533 616 21 26 0.021583272 
950 365 19 23 0.02152198 
377 179 34 43 0.021477219 
129 700 61 57 0.021460393 
716 406 20 26 0.021378553 
444 225 66 82 0.021376986 
719 227 22 30 0.021317478 
744 144 34 46 0.021298286 
876 553 37 41 0.021296041 
815 562 21 24 0.021232748 
492 414 22 26 0.021202287 
666 280 24 31 0.021130389 
636 484 19 25 0.021125033 
749 307 24 31 0.021101633 
256 501 32 42 0.021087036 
748 236 20 26 0.021056632 
4 492 22 28 0.021038128 
273 641 34 41 0.021031018 
764 225 33 44 0.02097685 
815 641 22 25 0.02095963 
4 413 21 28 0.020896781 
332 433 21 27 0.020823097 
57 372 46 57 0.020716846 
676 635 23 28 0.020694807 
515 569 20 24 0.02068947 
114 677 65 66 0.020679738 
119 618 37 45 0.020654652 
466 691 19 22 0.020568402 
675 134 50 66 0.020562269 
849 593 20 24 0.020558285 
423 648 43 45 0.020486914 
283 514 22 27 0.020438548 
514 488 18 23 0.020434383 
377 574 34 42 0.020368772 
29 403 19 26 0.020324813 
442 587 17 21 0.020290466 
575 187 49 63 0.020227177 
407 566 21 27 0.02019988 
758 529 31 39 0.020197643 
542 230 25 34 0.020126734 
-5 560 41 57 0.02003944 
694 133 57 69 0.020020185 
