50_Celebration_Or_Party_birthdayparty_50_134
214
799 352 23 28 0.4729772 
632 399 29 37 0.3757186 
5 333 23 32 0.1805483 
699 302 19 22 0.16729276 
505 586 25 32 0.16326956 
853 286 24 31 0.16077377 
635 337 18 22 0.15347815 
483 338 18 23 0.13512205 
645 305 16 20 0.11188002 
547 332 17 20 0.10985644 
940 343 49 57 0.103255555 
794 300 19 24 0.098796576 
568 517 21 27 0.09223546 
749 324 21 27 0.089864455 
627 335 17 20 0.08726114 
821 297 139 182 0.08464717 
635 351 22 27 0.08414008 
748 310 20 25 0.0830445 
827 322 42 52 0.0804945 
569 391 22 24 0.077080525 
809 297 72 102 0.07695157 
475 335 18 21 0.0762162 
546 314 18 22 0.07354596 
72 338 25 33 0.06724701 
544 355 17 20 0.06716246 
894 335 22 29 0.06515359 
715 338 20 26 0.064884804 
590 340 16 18 0.0596505 
622 353 18 24 0.05957044 
796 340 22 26 0.059478886 
24 386 28 35 0.058666836 
594 352 18 21 0.05700838 
671 329 16 20 0.056828596 
694 290 20 26 0.05627073 
701 364 18 23 0.055344883 
433 352 17 20 0.055137668 
713 306 18 23 0.05472953 
14 375 45 56 0.0539847 
806 339 39 51 0.05149196 
825 331 23 29 0.05101726 
589 631 22 29 0.050002966 
669 310 16 20 0.04978459 
182 86 84 98 0.04974921 
619 314 15 18 0.048940472 
711 349 21 27 0.048214782 
870 305 22 27 0.047215994 
788 293 33 42 0.047103956 
564 359 16 20 0.04706608 
772 306 19 25 0.046423685 
0 497 21 40 0.046119746 
764 330 19 25 0.04598407 
494 260 159 197 0.04414058 
619 388 50 65 0.044015665 
872 332 23 30 0.04399926 
540 484 20 26 0.042916242 
697 336 18 21 0.04269058 
419 342 19 22 0.042222735 
908 312 109 156 0.041618235 
812 352 24 32 0.041540477 
926 337 23 30 0.041153163 
562 333 16 19 0.04088073 
901 350 21 28 0.04083319 
537 387 17 21 0.040420756 
225 226 83 98 0.04038119 
894 310 21 28 0.039894506 
714 407 21 28 0.039808676 
842 294 39 50 0.039760444 
700 378 22 28 0.0393608 
560 388 37 43 0.038863204 
819 306 19 25 0.038548253 
894 338 38 48 0.038143646 
843 405 20 25 0.037950303 
98 309 146 177 0.037816808 
945 333 26 32 0.036905125 
781 255 219 299 0.036565762 
842 321 62 80 0.03631578 
459 570 20 25 0.036046363 
739 496 351 383 0.035907112 
590 311 16 18 0.035837535 
0 313 58 75 0.035808057 
644 291 18 22 0.035178505 
921 331 38 49 0.034549363 
565 431 25 30 0.034407575 
459 583 20 27 0.03392469 
912 328 66 76 0.033754453 
814 382 22 29 0.03374453 
618 346 31 37 0.033700958 
946 355 60 68 0.033171207 
791 333 36 45 0.032900088 
583 513 21 28 0.0328684 
493 350 20 23 0.032864332 
418 356 18 21 0.03252929 
-231 299 708 757 0.03251352 
753 384 19 26 0.03208669 
495 511 77 91 0.03168843 
516 308 17 20 0.031596188 
410 531 22 28 0.031334702 
757 319 34 43 0.031096313 
433 589 23 29 0.03099298 
549 507 77 100 0.03092804 
820 493 69 87 0.030442217 
38 267 148 176 0.030130476 
742 306 33 41 0.029601727 
621 331 29 35 0.029496578 
860 298 35 44 0.029383965 
798 367 34 42 0.02935251 
703 342 35 43 0.029236583 
622 389 21 26 0.029221976 
-70 531 356 358 0.028839465 
590 618 21 27 0.028393382 
540 415 19 24 0.028388737 
567 405 23 26 0.028313031 
666 361 18 22 0.028226664 
778 292 71 97 0.028110186 
545 427 20 27 0.028083924 
238 268 91 104 0.02805669 
527 528 135 168 0.027943486 
425 256 256 312 0.027922051 
746 288 20 26 0.027920794 
508 356 16 20 0.027867563 
899 380 21 27 0.027680626 
582 390 21 25 0.027668532 
768 300 33 39 0.027353352 
471 383 18 22 0.027201237 
588 489 21 27 0.027058681 
843 344 27 35 0.027048714 
368 262 20 27 0.026903844 
711 385 22 27 0.026664509 
17 331 24 30 0.026612008 
541 465 21 27 0.026530635 
205 187 85 108 0.026471132 
431 530 123 142 0.026443524 
891 363 39 52 0.026440945 
407 519 22 28 0.026074924 
484 315 18 21 0.025945242 
564 489 21 25 0.025866294 
583 613 37 47 0.025698593 
876 345 67 86 0.025541276 
808 349 95 133 0.02541617 
491 490 21 25 0.02520124 
463 642 22 26 0.02507505 
703 396 36 45 0.025020411 
640 326 111 137 0.024982322 
23 356 25 30 0.024837196 
697 356 31 38 0.024807168 
238 239 50 59 0.024761394 
147 547 93 109 0.024551107 
432 609 22 30 0.024432898 
790 481 65 78 0.024358256 
33 317 61 74 0.02427097 
717 427 20 26 0.024258407 
488 568 52 65 0.024226034 
440 564 21 26 0.02415941 
515 486 19 24 0.024142653 
511 339 16 20 0.024065074 
452 118 183 216 0.024061913 
246 277 257 303 0.023864258 
49 420 541 535 0.023600688 
702 375 35 45 0.023549067 
867 349 21 29 0.023535144 
823 400 23 29 0.023519613 
743 435 20 26 0.023511259 
383 329 18 21 0.023432741 
799 350 60 74 0.023367899 
922 305 21 27 0.023367293 
-1 295 107 155 0.023281962 
813 299 37 49 0.023254685 
118 139 42 57 0.02320012 
514 79 147 176 0.023158427 
845 386 23 28 0.02307922 
425 345 30 36 0.023066059 
135 133 63 79 0.02287877 
556 387 57 73 0.022866182 
168 318 109 127 0.02272938 
640 374 270 313 0.02269195 
93 296 44 54 0.022637963 
888 301 34 45 0.022424491 
12 345 43 54 0.022387719 
468 314 19 24 0.022099234 
180 173 141 187 0.0218494 
541 259 679 748 0.021836387 
413 558 21 25 0.021807592 
748 308 56 68 0.021773815 
158 126 75 86 0.021727927 
560 312 18 21 0.021648109 
139 359 135 163 0.021613255 
495 534 19 22 0.021604368 
909 542 93 112 0.021524701 
436 537 20 26 0.021193068 
169 101 120 154 0.021009825 
566 485 124 160 0.020976087 
901 278 22 29 0.020906093 
573 599 60 75 0.020859431 
846 404 68 81 0.020847518 
398 554 78 88 0.020793185 
439 304 19 23 0.020756468 
720 455 23 30 0.02063662 
744 374 34 44 0.020595431 
581 432 23 30 0.020516712 
387 365 18 25 0.020510802 
748 409 20 26 0.02045437 
427 581 37 50 0.020441884 
913 298 39 53 0.020438159 
713 288 20 24 0.02038208 
198 269 92 99 0.020374158 
559 311 130 163 0.02035608 
279 254 159 199 0.02032672 
539 348 31 37 0.020299204 
637 301 29 36 0.02029862 
166 170 64 79 0.020167863 
832 392 38 45 0.020134203 
545 511 18 23 0.020107271 
776 286 20 26 0.020105114 
535 480 32 42 0.020023119 
