50_Celebration_Or_Party_birthdayparty_50_374
72
260 318 69 92 0.9993437 
592 290 65 79 0.9990415 
732 312 62 80 0.9951401 
435 333 56 73 0.98712116 
133 349 70 76 0.9676826 
892 139 65 75 0.55930364 
109 298 49 59 0.1280904 
496 367 45 56 0.08115679 
181 10 53 55 0.07863125 
103 305 32 45 0.07467549 
399 299 42 56 0.067789145 
869 156 42 53 0.065221176 
556 251 37 46 0.06278455 
279 42 46 50 0.059351396 
150 325 67 80 0.05883095 
908 147 38 46 0.05870363 
132 294 49 58 0.051561728 
266 278 48 57 0.04457067 
357 59 38 53 0.044103984 
17 325 56 83 0.042081807 
868 93 103 129 0.03975738 
184 342 47 61 0.03849375 
662 376 45 62 0.038394723 
994 177 22 35 0.03637359 
907 167 55 70 0.035177812 
921 92 25 31 0.03494961 
506 360 32 41 0.031649385 
779 272 40 56 0.031431112 
48 294 63 84 0.030859623 
836 465 91 90 0.030714475 
913 85 43 53 0.030442372 
469 352 64 75 0.030006818 
252 290 63 84 0.029177092 
857 107 64 83 0.028496522 
224 287 60 78 0.027363915 
759 277 48 61 0.027297232 
654 311 49 63 0.027085833 
629 247 40 51 0.026550187 
287 111 53 64 0.026485149 
442 298 49 65 0.026401618 
792 144 37 54 0.026315741 
919 80 25 30 0.025829606 
845 129 23 29 0.025217315 
187 337 79 91 0.024281807 
872 1 28 29 0.024111504 
950 234 63 98 0.023893854 
870 613 25 28 0.02353717 
654 262 43 60 0.023464773 
898 186 71 87 0.023377372 
969 113 34 54 0.023241308 
175 325 39 51 0.022726793 
894 53 27 32 0.022660527 
881 79 66 84 0.022430666 
993 91 20 30 0.022027692 
933 119 44 59 0.021774366 
327 295 44 54 0.021388084 
39 324 43 58 0.021220205 
929 492 77 106 0.02118688 
756 103 60 86 0.021089343 
307 488 57 72 0.021045282 
141 617 64 80 0.021033235 
199 248 76 87 0.020742226 
604 35 63 86 0.020739859 
871 128 23 30 0.020737277 
885 476 75 93 0.020523528 
799 467 71 90 0.020466767 
652 68 37 51 0.020305155 
103 284 26 36 0.020106258 
889 125 48 59 0.020102592 
413 361 65 83 0.020096537 
841 632 102 99 0.020088632 
833 584 68 83 0.020002399 
