50_Celebration_Or_Party_birthdayparty_50_479
154
359 555 98 134 0.985706 
68 55 56 80 0.34832293 
-7 292 66 110 0.31028312 
583 519 66 79 0.14760579 
685 649 51 58 0.14713503 
132 10 84 95 0.10873862 
11 666 19 28 0.10488313 
86 37 70 90 0.09500912 
455 275 24 29 0.074628584 
536 408 26 32 0.06962049 
22 80 24 31 0.061229344 
924 270 90 98 0.052657768 
444 278 20 24 0.05010285 
797 153 17 20 0.04742559 
29 288 77 102 0.043865878 
623 405 18 23 0.04369085 
751 432 20 24 0.041206952 
282 82 23 28 0.038805343 
266 392 18 20 0.038055126 
846 281 26 33 0.03706883 
768 277 22 27 0.036241252 
260 534 23 30 0.03598362 
697 443 19 22 0.035704322 
138 46 46 58 0.03498952 
824 301 24 29 0.034130655 
613 278 20 26 0.032701842 
598 459 22 26 0.032579537 
102 24 24 28 0.032297526 
602 544 69 82 0.03229543 
549 302 74 99 0.032113627 
127 612 87 84 0.03110541 
561 279 25 33 0.030328218 
917 61 73 87 0.030278267 
257 406 17 21 0.03001529 
561 515 56 73 0.030014195 
101 278 26 32 0.029972881 
233 387 16 19 0.029942915 
615 551 27 35 0.029859558 
551 286 49 59 0.029665155 
302 236 22 28 0.029621258 
228 358 17 21 0.029411487 
873 436 19 24 0.029031891 
84 539 19 22 0.028893784 
566 258 21 28 0.02834779 
228 415 17 21 0.028337618 
152 614 26 30 0.02821199 
264 360 18 21 0.028203703 
316 309 18 24 0.028167207 
820 24 24 25 0.02814173 
132 22 51 54 0.028071573 
320 551 74 96 0.0280668 
537 277 31 37 0.028009282 
393 309 18 21 0.028002031 
145 627 50 54 0.027975375 
494 532 22 28 0.027857125 
822 284 23 28 0.027746307 
574 629 48 56 0.027725097 
530 370 70 88 0.027622202 
827 270 69 76 0.027583037 
774 659 20 23 0.02728493 
418 103 18 23 0.02694309 
716 386 22 28 0.026867084 
919 130 19 23 0.026815858 
595 279 21 27 0.026799623 
0 7 20 25 0.02671762 
103 0 83 93 0.026650565 
107 713 44 44 0.026601026 
86 715 48 46 0.026595904 
773 643 22 28 0.026530664 
162 381 18 22 0.026390804 
124 229 26 32 0.026378624 
440 264 22 27 0.02624667 
589 300 22 29 0.026113687 
570 258 60 74 0.02607617 
793 281 20 27 0.025680203 
562 298 29 37 0.025627783 
104 306 20 26 0.02555501 
63 587 19 24 0.024938716 
242 101 21 26 0.024849445 
102 619 20 23 0.02454349 
158 563 23 27 0.024536917 
796 137 17 21 0.02451026 
577 287 42 54 0.024321448 
261 333 18 21 0.02412526 
669 442 17 22 0.024009656 
706 661 32 39 0.023941556 
0 670 39 60 0.023931654 
893 185 18 21 0.02389491 
542 542 22 27 0.02383169 
522 317 53 57 0.023789164 
611 358 22 29 0.023775464 
11 68 51 68 0.023353467 
280 360 17 22 0.023241004 
548 305 119 159 0.023239922 
39 63 67 85 0.023151143 
127 388 17 21 0.023144707 
81 563 19 23 0.023128068 
590 335 25 32 0.023104066 
309 282 20 25 0.023058852 
430 101 18 22 0.023041159 
872 151 18 22 0.023028422 
750 419 19 24 0.023006119 
843 299 26 31 0.023001686 
929 82 22 26 0.022930186 
579 328 44 56 0.022927998 
99 568 19 23 0.022906696 
133 333 16 20 0.022771461 
306 5 24 30 0.022770656 
103 584 20 24 0.022727203 
611 538 28 35 0.022676788 
103 411 19 25 0.022665987 
250 104 20 26 0.022542456 
91 249 48 55 0.022405196 
820 289 39 46 0.022342226 
337 389 18 21 0.0222319 
595 258 21 27 0.022219138 
104 330 18 22 0.022215417 
643 162 19 22 0.022104032 
592 349 27 36 0.022001456 
149 29 25 28 0.02198153 
846 260 23 29 0.021896493 
569 339 73 89 0.021765033 
533 410 130 173 0.021761104 
887 578 74 86 0.021752885 
716 443 18 22 0.021616818 
614 261 20 27 0.021588134 
553 318 50 57 0.021585273 
668 565 21 26 0.02125366 
905 588 23 26 0.021190833 
51 318 44 60 0.021131843 
116 636 57 70 0.021018548 
386 78 18 21 0.020948187 
99 539 18 21 0.020910354 
639 537 22 27 0.020818798 
112 673 41 48 0.020769335 
156 584 22 26 0.020749172 
9 660 34 46 0.020743359 
95 18 39 48 0.020729944 
964 0 41 65 0.0207269 
328 283 22 27 0.020678874 
214 337 15 18 0.020638293 
602 270 35 44 0.020552866 
763 431 19 25 0.020530501 
536 557 23 29 0.020496048 
564 329 28 34 0.020353505 
904 127 17 21 0.020299343 
123 665 24 31 0.020264784 
537 388 23 27 0.02021054 
920 153 19 23 0.020194285 
161 333 16 20 0.020193538 
128 312 17 22 0.020174801 
9 611 63 91 0.020170163 
175 618 21 25 0.020122483 
821 260 21 26 0.020116538 
