50_Celebration_Or_Party_houseparty_50_180
42
489 147 126 173 0.99854666 
462 847 21 26 0.061209004 
18 264 55 94 0.041300423 
507 846 24 29 0.038075645 
860 847 415 445 0.037847217 
339 846 25 31 0.033887483 
209 246 55 68 0.033414543 
493 849 23 26 0.032835897 
191 197 82 98 0.031900786 
139 288 89 108 0.03161127 
834 435 64 106 0.031559777 
880 383 404 453 0.031079743 
243 1000 28 31 0.030849816 
174 197 147 163 0.030644739 
160 297 110 145 0.030515453 
749 526 583 657 0.030229976 
317 821 22 28 0.03018725 
357 848 22 29 0.02960167 
806 105 101 119 0.028984467 
274 474 206 234 0.028012285 
820 719 161 179 0.02789217 
14 308 119 189 0.02784459 
568 37 35 40 0.027181042 
39 222 92 124 0.027174398 
326 816 24 29 0.026751012 
653 160 769 874 0.025855487 
433 162 81 124 0.025347658 
226 138 104 103 0.02467118 
539 882 25 31 0.02462284 
390 884 22 26 0.024469996 
114 161 225 297 0.023996944 
873 -92 408 457 0.023624644 
833 691 123 129 0.02330578 
155 864 33 39 0.022451766 
872 135 407 449 0.02226666 
135 788 96 96 0.022233041 
217 265 32 39 0.02203472 
95 289 180 226 0.021925803 
43 279 56 73 0.021891179 
313 842 21 28 0.021082431 
459 874 20 24 0.020889066 
172 217 57 70 0.020513332 
