50_Celebration_Or_Party_houseparty_50_752
62
417 39 115 158 0.9993315 
727 52 67 78 0.7423572 
715 212 77 81 0.34244993 
556 0 85 82 0.308624 
577 81 59 88 0.22371413 
637 243 61 69 0.11360207 
709 9 85 88 0.084477305 
370 109 46 60 0.078554064 
210 123 75 97 0.07644824 
236 0 27 27 0.06729635 
810 20 84 94 0.062662244 
102 497 78 79 0.0614037 
714 35 116 115 0.054773137 
249 0 25 26 0.051533733 
664 10 80 72 0.047942497 
310 22 26 30 0.042018853 
563 493 98 115 0.03603841 
65 405 84 101 0.03534699 
691 370 60 86 0.03372547 
757 500 338 379 0.031634554 
684 33 69 87 0.03151054 
624 4 72 72 0.031378224 
71 449 94 110 0.031007593 
156 -1 23 24 0.029970048 
769 159 133 149 0.028896479 
577 17 86 93 0.028204953 
389 -1 24 23 0.027852936 
787 41 123 132 0.027563635 
780 309 144 180 0.02732517 
763 7 69 78 0.027257355 
707 -6 72 63 0.026878284 
755 68 42 51 0.026711216 
584 88 37 55 0.025985902 
655 192 73 86 0.025825104 
37 102 161 185 0.025750447 
353 111 73 101 0.025179222 
309 1 25 28 0.02442606 
615 165 140 163 0.024348507 
662 1 49 46 0.023371544 
719 240 37 44 0.02313421 
906 418 101 139 0.023081617 
706 279 148 187 0.023078522 
656 78 81 87 0.02294456 
2 184 232 411 0.022750746 
286 0 21 22 0.022678895 
689 170 136 150 0.02228733 
176 0 22 24 0.022249356 
717 111 116 138 0.02217733 
617 53 62 81 0.022049109 
683 257 116 132 0.02196597 
547 38 74 115 0.021916738 
828 324 62 67 0.02178015 
833 159 110 134 0.021513926 
584 105 101 117 0.021304654 
588 282 647 730 0.021143055 
653 43 59 78 0.02107241 
354 1 21 22 0.021042505 
683 332 106 138 0.02071019 
779 356 81 99 0.02070134 
209 0 25 27 0.020683527 
431 182 85 96 0.020355083 
333 0 26 27 0.020195907 
