50_Celebration_Or_Party_houseparty_50_173
90
768 231 26 32 0.29250878 
254 209 27 33 0.14091542 
326 427 22 29 0.12632251 
314 424 26 32 0.12573504 
412 273 27 32 0.08923838 
308 414 26 32 0.08139262 
283 407 28 32 0.057194848 
280 463 27 33 0.0564653 
390 411 23 29 0.046629872 
387 428 23 28 0.0465192 
714 306 24 28 0.045567222 
363 388 22 29 0.04376806 
256 440 24 29 0.042411003 
259 452 26 32 0.041861273 
225 384 20 25 0.04173427 
993 298 19 31 0.04031973 
512 382 63 72 0.038498256 
255 409 21 27 0.036556534 
344 485 42 57 0.035881486 
210 413 19 24 0.03573917 
207 430 20 25 0.035614554 
180 430 20 24 0.03496551 
205 463 25 30 0.033604346 
178 416 19 24 0.033448026 
401 342 40 49 0.033308916 
352 459 22 30 0.03312028 
301 456 24 30 0.032752022 
234 226 24 31 0.03263435 
227 455 26 35 0.031386156 
707 304 45 53 0.031087292 
768 363 21 26 0.030272318 
464 306 30 36 0.030188134 
509 353 24 30 0.030162401 
214 381 22 26 0.029709607 
698 291 75 86 0.029589139 
746 171 26 34 0.029383803 
268 397 56 62 0.029164787 
587 175 33 35 0.028797187 
335 448 34 44 0.028365072 
814 436 23 32 0.028048737 
404 297 29 35 0.02803242 
360 439 21 27 0.02802979 
391 326 76 93 0.027988387 
262 220 35 44 0.027788883 
-2 142 65 96 0.027180888 
873 330 22 27 0.027154414 
237 407 20 25 0.026366435 
441 286 78 89 0.02633593 
293 403 50 57 0.02609915 
492 291 159 166 0.025538381 
390 300 25 31 0.025344169 
399 364 43 52 0.025104782 
-63 516 348 362 0.024952501 
702 308 23 29 0.024364067 
404 402 25 32 0.023848545 
687 221 28 35 0.02377486 
532 385 31 33 0.023624996 
640 394 77 87 0.023561185 
717 288 23 29 0.02314382 
410 262 55 66 0.022791363 
720 269 65 77 0.022739587 
433 299 116 145 0.022641437 
238 450 60 71 0.022577742 
575 163 73 81 0.022485929 
222 463 40 51 0.022402376 
363 403 21 28 0.022282487 
-216 316 684 735 0.022216545 
427 280 23 28 0.022059722 
656 195 73 88 0.021942237 
311 415 46 58 0.021717945 
993 283 18 27 0.021584073 
405 292 75 92 0.02131983 
184 460 23 27 0.021269277 
282 431 27 31 0.02126831 
242 420 60 69 0.02117913 
264 443 55 64 0.021148821 
389 386 23 29 0.021112228 
233 208 24 30 0.02098879 
434 477 78 87 0.020962898 
519 380 25 28 0.020899398 
384 478 26 37 0.020886816 
435 252 21 25 0.020660726 
130 541 360 346 0.020625899 
-18 151 147 203 0.02047221 
390 350 24 33 0.020344483 
431 184 80 95 0.020322742 
411 263 23 28 0.020215195 
253 232 38 46 0.020195398 
560 321 41 50 0.020185 
1 660 24 32 0.020127391 
