50_Celebration_Or_Party_houseparty_50_735
24
160 45 427 549 0.9905725 
295 187 424 511 0.17659177 
503 405 224 266 0.17189497 
940 921 65 93 0.05729312 
127 744 210 285 0.049850315 
778 173 515 581 0.04841382 
615 733 118 161 0.043805603 
792 -120 525 589 0.040178724 
797 480 498 577 0.031027397 
634 681 113 153 0.029323956 
747 777 116 139 0.029301459 
918 903 74 84 0.02766709 
516 -309 1005 1099 0.02638569 
670 751 114 148 0.023881812 
591 503 181 231 0.023686126 
647 626 108 139 0.023389759 
704 799 111 132 0.023379778 
180 328 447 511 0.022023017 
160 782 107 169 0.021557031 
502 187 955 1084 0.02140235 
603 422 126 145 0.021120759 
525 790 1023 1085 0.021039084 
454 390 363 426 0.020901045 
533 387 130 150 0.020463374 
