50_Celebration_Or_Party_birthdayparty_50_170
92
942 248 32 40 0.92505246 
694 104 39 48 0.5070082 
957 490 20 24 0.44415873 
176 513 33 40 0.21664107 
277 579 39 43 0.17821838 
486 45 23 28 0.104798846 
967 491 16 23 0.09805757 
955 243 33 46 0.08511171 
978 429 18 24 0.07377006 
921 493 19 24 0.06403476 
925 254 25 31 0.059680562 
406 82 23 31 0.05848748 
993 462 18 24 0.058254603 
204 485 23 26 0.05103607 
457 6 24 27 0.048025496 
181 486 23 26 0.047707867 
821 439 22 29 0.046741504 
983 462 17 22 0.04456589 
258 510 24 30 0.043834955 
928 507 19 24 0.042944793 
124 502 27 33 0.04222247 
939 568 25 29 0.03865191 
948 464 18 21 0.038191486 
950 503 20 24 0.03770307 
979 417 19 25 0.03717134 
380 188 61 78 0.036513843 
278 566 32 38 0.035692677 
132 560 28 34 0.03568883 
994 212 20 26 0.03563462 
901 255 26 33 0.035097323 
49 504 26 31 0.03509162 
256 483 21 25 0.034986082 
209 341 19 21 0.034635443 
991 224 23 32 0.034488477 
257 464 21 26 0.034442108 
661 149 39 55 0.03420252 
104 338 19 24 0.03366759 
736 147 23 31 0.033429094 
716 133 39 54 0.03301336 
993 513 18 25 0.032848652 
921 277 23 30 0.032566797 
980 507 19 23 0.030922402 
98 513 28 33 0.030488117 
277 6 20 22 0.030386472 
904 223 24 31 0.03011894 
289 455 22 29 0.030031811 
916 226 24 30 0.029841075 
186 176 16 19 0.029636633 
994 381 18 25 0.02846519 
927 568 27 30 0.028032273 
946 438 18 23 0.027803147 
45 487 27 33 0.027759142 
288 484 21 28 0.026503516 
23 513 22 28 0.026392255 
192 481 39 44 0.025991812 
203 352 19 23 0.025716802 
972 227 26 36 0.025319105 
120 377 24 29 0.025217092 
50 588 26 29 0.024382727 
104 480 22 26 0.024210515 
925 459 19 23 0.024198668 
124 489 25 28 0.024054423 
18 613 25 29 0.024053248 
106 361 19 23 0.024025109 
208 466 21 25 0.024023427 
48 532 23 27 0.023769941 
80 486 22 27 0.023425082 
276 507 24 31 0.023060119 
83 439 24 29 0.02299594 
231 491 20 24 0.022643883 
104 460 23 26 0.02264074 
175 484 40 45 0.022083148 
928 533 20 24 0.021873755 
7 515 20 27 0.021873616 
927 436 21 26 0.021851288 
87 491 53 62 0.021849757 
263 560 63 72 0.021761695 
265 183 17 22 0.02160251 
125 368 21 26 0.021478396 
26 592 22 26 0.021415351 
82 6 22 24 0.021339167 
54 188 18 20 0.02116226 
19 503 37 46 0.021100001 
286 358 18 21 0.021066582 
487 33 23 28 0.020935144 
196 509 29 34 0.020807685 
916 300 25 33 0.020722628 
47 461 23 29 0.020414632 
98 473 38 42 0.020301856 
587 225 42 50 0.020106552 
32 485 25 30 0.020070342 
182 463 21 24 0.020044345 
