50_Celebration_Or_Party_houseparty_50_790
93
395 20 115 132 0.95583504 
622 95 200 190 0.62036806 
350 6 181 225 0.092391215 
672 154 109 97 0.061380427 
404 1 87 78 0.06045576 
300 18 44 50 0.05936977 
617 43 22 31 0.04763315 
347 320 94 88 0.047019385 
446 18 119 141 0.046458345 
715 107 88 90 0.046202075 
224 3 65 65 0.040071987 
908 191 90 119 0.03999383 
772 190 131 155 0.038894128 
267 19 63 75 0.038152587 
153 109 79 101 0.038119655 
379 9 73 84 0.03803311 
632 111 86 98 0.034950294 
341 7 66 74 0.034431092 
134 33 74 92 0.034393862 
91 15 79 84 0.033453107 
587 22 25 30 0.033023812 
-68 529 355 361 0.032636546 
734 520 366 373 0.032337707 
276 103 189 219 0.0319634 
569 15 63 81 0.031895608 
304 27 62 76 0.031708885 
64 269 58 79 0.031310353 
127 12 73 70 0.030674389 
404 143 72 82 0.030666573 
159 15 49 50 0.03025672 
-229 310 712 755 0.030196024 
742 100 27 33 0.029600808 
174 133 82 108 0.029574977 
692 161 156 172 0.029532174 
201 115 78 95 0.029111613 
482 124 194 216 0.028983798 
859 199 120 152 0.028977744 
623 0 23 25 0.028923633 
781 178 92 100 0.0287632 
306 38 31 39 0.027852604 
167 73 71 83 0.027810382 
178 134 174 193 0.027676346 
974 660 26 32 0.027563658 
283 118 80 94 0.027243752 
561 308 685 729 0.026662564 
125 133 75 89 0.026511097 
39 4 109 90 0.02624137 
352 49 116 137 0.026025834 
110 59 135 148 0.025911547 
272 10 45 52 0.025452964 
733 96 47 54 0.02526479 
449 -2 66 71 0.025141006 
620 141 257 290 0.025035644 
409 0 35 36 0.02463508 
592 91 21 28 0.024576355 
736 113 146 156 0.02422352 
322 19 35 41 0.02380077 
533 18 105 135 0.023756528 
285 60 73 89 0.023749208 
244 139 80 96 0.023605974 
371 242 88 103 0.02348488 
587 5 24 28 0.02347021 
606 23 40 49 0.023137143 
638 179 128 138 0.022923645 
784 211 177 228 0.022668185 
616 30 23 28 0.02258147 
367 282 82 98 0.022544809 
66 182 37 51 0.022538064 
370 201 83 96 0.02253009 
879 256 21 26 0.022236576 
486 230 196 225 0.02223103 
176 271 168 210 0.02221515 
177 259 80 96 0.022137167 
579 491 87 110 0.02208972 
414 271 72 94 0.021962062 
629 150 64 65 0.021931417 
635 1 23 26 0.021537423 
900 223 22 26 0.021525534 
391 172 76 91 0.021059169 
316 291 87 104 0.020999353 
639 150 33 38 0.020903686 
233 35 70 91 0.020807432 
203 76 68 84 0.020799935 
49 182 222 323 0.02061462 
577 24 121 149 0.020547826 
96 64 83 99 0.02036315 
327 176 91 95 0.02035442 
944 256 25 31 0.020283084 
92 91 48 59 0.020222278 
351 -2 44 50 0.020214913 
616 165 97 95 0.02004692 
230 98 72 87 0.02003962 
175 94 309 345 0.020025074 
