50_Celebration_Or_Party_houseparty_50_432
340
626 73 40 53 0.9807829 
511 844 32 41 0.9534106 
718 42 53 71 0.94014 
722 842 34 42 0.88251716 
498 73 37 52 0.8332747 
565 828 30 38 0.74020207 
335 283 32 42 0.73494166 
249 614 26 34 0.7224373 
455 843 29 36 0.7084467 
416 66 27 33 0.64681774 
632 828 27 34 0.6461117 
313 617 23 29 0.6182449 
405 593 24 31 0.5221099 
291 842 19 25 0.42004174 
559 89 27 34 0.37374777 
472 590 22 28 0.3613923 
356 871 25 32 0.333276 
313 630 25 32 0.21123575 
426 71 26 31 0.19470412 
140 848 18 24 0.18847105 
260 862 20 26 0.18629374 
470 324 23 32 0.18311079 
461 698 22 28 0.16832685 
391 851 22 29 0.16220243 
435 591 21 28 0.14507985 
355 69 23 31 0.13222027 
442 829 47 59 0.12996167 
336 64 27 36 0.12836838 
442 843 26 33 0.123179115 
359 882 27 33 0.12141736 
311 46 28 36 0.119186655 
433 605 21 27 0.117899194 
290 328 21 27 0.113619156 
158 922 27 31 0.11165684 
390 311 23 29 0.10955267 
320 36 43 54 0.1057087 
251 314 20 25 0.10536973 
377 52 22 29 0.10242432 
224 152 22 27 0.10085996 
533 287 24 31 0.100783855 
837 839 26 32 0.097701296 
363 52 24 31 0.09635728 
618 273 26 35 0.090365864 
827 324 21 26 0.088446304 
284 865 21 25 0.086684175 
413 681 25 31 0.0860052 
404 850 20 28 0.08295368 
308 63 25 34 0.0824716 
211 276 22 27 0.081127055 
396 592 21 28 0.08099671 
175 613 24 29 0.0802232 
214 826 22 29 0.079500206 
200 559 17 21 0.07721503 
223 825 21 26 0.076080285 
252 325 19 24 0.07513844 
301 840 19 25 0.07487653 
150 688 22 28 0.0737146 
481 315 23 29 0.073413625 
4 820 20 26 0.072435915 
331 359 22 29 0.07187198 
181 536 17 21 0.07149425 
332 30 28 32 0.071460254 
408 282 25 31 0.069730744 
288 826 21 26 0.06942868 
810 929 65 69 0.066594034 
879 351 20 25 0.06512287 
360 619 21 26 0.0645558 
361 850 20 26 0.06453257 
385 863 22 28 0.06431427 
28 869 23 28 0.064149015 
538 86 34 48 0.064140484 
635 644 22 27 0.063638374 
586 71 26 33 0.06318881 
800 877 24 31 0.06215461 
210 610 21 27 0.061538268 
512 824 27 33 0.061331533 
592 636 21 27 0.06097862 
288 719 23 28 0.06053511 
337 875 20 26 0.06000421 
95 607 21 27 0.05941649 
302 324 23 30 0.05857276 
621 831 27 35 0.05806521 
434 572 20 25 0.05729464 
325 634 21 28 0.05700246 
977 352 19 28 0.055841167 
634 656 25 30 0.054941498 
467 604 24 30 0.05471974 
687 723 23 27 0.054369055 
409 864 20 27 0.054077864 
132 281 22 28 0.052277353 
839 326 20 24 0.051764976 
458 823 30 36 0.05112791 
155 564 18 21 0.050587554 
336 842 18 24 0.050485376 
188 563 17 19 0.049970392 
155 611 21 26 0.049711563 
288 313 21 25 0.04912191 
324 616 21 28 0.048989236 
694 279 24 31 0.04798355 
253 595 23 29 0.047017522 
215 839 19 24 0.046378482 
576 820 28 36 0.046214346 
173 921 26 34 0.046014015 
396 405 20 25 0.04512751 
407 302 22 29 0.04504211 
483 50 25 33 0.04477933 
159 542 18 20 0.044138998 
379 893 21 27 0.043897294 
130 563 17 20 0.04354337 
226 965 25 33 0.04351758 
820 313 21 25 0.04303863 
224 842 20 26 0.042751234 
456 73 24 32 0.04209019 
818 311 35 43 0.041654196 
416 567 21 27 0.041458327 
390 480 25 30 0.041167468 
895 403 27 31 0.040880423 
239 337 18 23 0.040309012 
137 868 18 23 0.040033285 
331 530 23 29 0.039365206 
156 671 21 27 0.039319586 
31 849 20 24 0.039160505 
409 669 26 31 0.037493255 
425 136 45 55 0.037293088 
236 356 19 23 0.036509052 
215 154 22 26 0.036345053 
436 820 27 34 0.03634186 
399 951 43 53 0.03631911 
135 895 19 23 0.03600966 
638 0 29 30 0.03588942 
256 816 20 25 0.035828605 
230 282 18 23 0.035740618 
330 45 52 66 0.035181068 
230 457 25 32 0.035048783 
137 694 21 26 0.034887698 
2 557 18 27 0.0347571 
291 16 71 80 0.034576252 
360 636 20 25 0.034510843 
838 70 24 30 0.034074977 
180 521 19 25 0.03399623 
605 -1 47 41 0.033970874 
34 314 17 23 0.03376506 
87 608 20 26 0.03329904 
446 111 44 53 0.033164896 
240 309 19 23 0.033131767 
229 59 20 24 0.033012517 
205 922 23 30 0.032997694 
349 295 26 32 0.03294633 
382 666 23 29 0.032903347 
408 632 23 29 0.032872632 
134 591 17 21 0.032773573 
199 363 21 26 0.03266786 
179 869 18 23 0.032610133 
287 637 19 27 0.032538448 
767 796 26 34 0.032389298 
977 300 20 26 0.032129038 
30 892 25 32 0.032111984 
386 817 23 29 0.03192577 
209 260 23 27 0.03188758 
1 834 21 27 0.03169798 
853 913 70 79 0.031598184 
589 56 27 33 0.031584635 
103 597 18 23 0.03151735 
395 580 44 55 0.03150927 
672 715 26 30 0.03150699 
840 312 21 27 0.031367533 
307 28 27 33 0.031167278 
237 600 43 58 0.03101772 
436 897 23 29 0.030988557 
336 889 22 28 0.03092567 
433 389 19 25 0.030913413 
389 637 22 28 0.030882832 
978 337 18 26 0.030736202 
312 870 19 24 0.030574935 
153 900 21 26 0.030550698 
337 825 21 27 0.03052812 
129 541 20 24 0.03040523 
257 845 29 37 0.030334285 
390 537 22 27 0.030217122 
638 617 18 21 0.030079126 
287 22 25 31 0.030010398 
795 300 25 31 0.029857825 
428 57 25 30 0.029799676 
720 738 24 30 0.02978269 
93 151 26 32 0.029735763 
389 281 23 28 0.029646523 
161 930 79 81 0.029341834 
77 142 39 45 0.029248951 
622 689 23 29 0.029045282 
366 668 21 26 0.028949648 
6 618 19 28 0.028924393 
876 342 20 24 0.028857794 
127 642 20 25 0.02885491 
393 609 23 31 0.028786328 
441 861 24 31 0.028318169 
701 921 75 97 0.028277665 
345 872 46 54 0.02819627 
624 615 17 19 0.028164877 
225 947 25 32 0.028104704 
467 631 23 30 0.028088443 
765 146 65 79 0.028067091 
390 97 23 30 0.028060505 
718 718 20 24 0.0279852 
589 621 19 22 0.027886016 
235 591 21 26 0.027859421 
457 585 48 63 0.027814517 
23 798 18 24 0.027793324 
366 684 20 26 0.027773332 
26 817 19 23 0.02773724 
466 56 23 29 0.027663833 
516 562 19 25 0.027495274 
302 826 20 26 0.027284088 
411 895 21 27 0.027171362 
206 939 30 37 0.026850147 
454 91 38 49 0.026651641 
208 900 18 22 0.026589751 
288 891 20 24 0.026476415 
364 591 19 24 0.026459914 
415 388 20 24 0.026416855 
154 873 18 22 0.02639575 
491 569 18 22 0.026304927 
285 357 20 26 0.026203472 
344 79 37 48 0.026069103 
408 537 20 26 0.025829159 
422 579 47 58 0.025592994 
124 945 25 29 0.025443701 
363 177 25 30 0.025396701 
410 818 23 29 0.025324972 
175 935 30 37 0.025198897 
337 23 42 52 0.02499078 
84 925 22 27 0.024972389 
281 615 20 27 0.024898391 
458 311 46 57 0.024778564 
231 404 22 26 0.024747798 
300 714 22 28 0.024646908 
390 562 20 25 0.024545848 
9 796 18 26 0.024524149 
210 950 43 51 0.024503348 
309 890 20 25 0.024446739 
278 376 24 32 0.024407735 
454 204 47 54 0.024403617 
388 358 20 25 0.024394657 
83 342 18 23 0.02437853 
625 268 46 57 0.024343424 
572 942 36 43 0.024215113 
429 162 43 54 0.024209999 
177 27 24 29 0.02420522 
541 134 297 263 0.024177501 
649 569 22 26 0.02405775 
25 841 33 42 0.02394188 
380 683 22 30 0.023888668 
406 324 20 25 0.023818959 
483 602 23 29 0.023792014 
477 838 35 46 0.023701264 
352 27 23 29 0.023699317 
156 519 19 23 0.023673385 
258 893 20 25 0.023640925 
434 186 42 52 0.023625415 
136 611 19 22 0.023615705 
46 312 18 23 0.02355035 
621 588 17 22 0.023435673 
120 408 27 34 0.023424247 
259 360 18 23 0.023395231 
136 822 19 25 0.02336154 
670 926 71 91 0.023297349 
462 667 21 27 0.02328367 
307 375 24 31 0.023228744 
434 635 21 27 0.023223745 
951 389 19 25 0.023087822 
301 617 47 58 0.023028055 
444 361 18 23 0.02296688 
639 708 24 30 0.02290896 
232 868 19 22 0.02290787 
586 0 32 32 0.02280808 
305 311 22 29 0.022795597 
625 643 20 25 0.022757431 
378 174 24 30 0.022723474 
282 989 25 31 0.022646274 
432 689 20 26 0.022611894 
21 855 54 71 0.022598172 
790 284 24 31 0.022555524 
190 363 20 24 0.022517852 
181 587 20 24 0.022452572 
142 920 65 67 0.022440447 
926 380 19 23 0.022343978 
404 734 28 34 0.022341419 
893 390 21 26 0.022341298 
-1 -1 26 34 0.022234678 
228 72 19 23 0.022228148 
203 547 18 22 0.022226673 
624 663 23 28 0.022156483 
234 227 21 24 0.022082316 
367 853 45 57 0.022060752 
721 690 17 22 0.022056144 
764 88 39 53 0.022018002 
414 60 44 53 0.02187838 
393 834 46 60 0.021867728 
334 688 22 29 0.021845078 
375 291 53 63 0.021818336 
841 891 26 29 0.021791853 
875 387 21 26 0.021763837 
552 111 38 47 0.021722322 
107 662 21 25 0.021644315 
430 436 23 28 0.021595484 
409 1 22 26 0.02155467 
464 569 17 23 0.021540372 
752 919 39 51 0.021459194 
277 428 24 32 0.021434821 
840 407 23 29 0.02141669 
832 319 32 39 0.021407902 
252 281 19 23 0.02134 
390 389 18 23 0.021256521 
153 589 18 22 0.021252291 
155 936 28 32 0.020943798 
767 128 25 32 0.02093102 
157 362 19 23 0.020930082 
883 944 52 57 0.020911556 
359 407 20 26 0.020859279 
338 89 26 35 0.020859044 
666 693 25 30 0.020796875 
647 582 19 24 0.020687552 
-1 329 17 27 0.020681798 
900 857 36 46 0.02061128 
231 385 21 26 0.020609252 
733 927 51 64 0.020557739 
735 348 23 33 0.020554602 
358 352 21 26 0.020494815 
846 874 23 29 0.020476477 
401 191 35 45 0.020373482 
333 594 19 25 0.020356115 
180 903 21 25 0.020292306 
875 873 20 25 0.020290073 
903 864 22 27 0.020270659 
205 672 19 25 0.020198984 
797 289 59 69 0.020078737 
410 167 38 47 0.020052327 
781 34 45 54 0.020047337 
787 863 48 60 0.020034349 
921 -2 27 27 0.020004474 
818 103 21 27 0.020001095 
