50_Celebration_Or_Party_birthdayparty_50_196
81
191 338 331 421 0.99972755 
174 1077 89 104 0.12026859 
639 1627 152 160 0.11531482 
145 1318 178 181 0.10774405 
305 1654 95 111 0.102541395 
910 1534 51 72 0.085434355 
40 1967 93 114 0.073719546 
373 1051 137 170 0.06689114 
784 1055 63 78 0.0617218 
274 1328 135 165 0.061086275 
131 1863 85 103 0.04983923 
93 1590 50 70 0.04911229 
817 231 45 56 0.04285946 
656 -160 721 816 0.039576277 
648 1512 738 757 0.036709253 
839 223 45 58 0.036622945 
802 1010 59 72 0.036380578 
906 145 39 52 0.03634689 
563 1445 275 303 0.03445718 
108 1843 81 94 0.03415097 
768 1062 51 64 0.033637837 
105 1607 76 103 0.033472687 
370 1354 141 162 0.032424465 
343 1367 96 118 0.032137983 
662 675 737 825 0.03189351 
789 1108 54 69 0.030066792 
179 1854 75 95 0.029414548 
896 1067 46 64 0.029394712 
158 1983 51 62 0.02903915 
212 1897 47 63 0.028960736 
103 1821 54 65 0.028794626 
430 1078 90 118 0.028544813 
635 1117 714 775 0.028476756 
252 1639 129 148 0.028461806 
368 13 58 66 0.02835305 
666 247 697 772 0.027864657 
102 1882 88 102 0.027709909 
427 1379 145 153 0.027691578 
842 1010 54 68 0.027655102 
504 1340 140 164 0.027373567 
311 1689 117 143 0.026697775 
135 1957 85 97 0.026631832 
94 2006 62 71 0.026574427 
912 558 34 41 0.026275873 
159 1116 95 118 0.026006179 
346 -446 1326 1475 0.025708184 
781 1954 60 69 0.02543324 
215 1249 154 186 0.025023071 
228 1079 1457 1522 0.024786267 
750 1330 157 183 0.024492355 
287 1061 234 242 0.024335712 
6 814 86 138 0.024249354 
149 1640 49 67 0.024144873 
79 1808 153 175 0.024003178 
397 1947 92 117 0.023803776 
851 1055 56 77 0.023626449 
746 1011 48 61 0.023426 
420 1138 146 169 0.023250353 
483 1096 210 244 0.02309743 
506 1247 157 197 0.02306209 
273 2 54 58 0.023000551 
356 1751 53 67 0.022987433 
736 1035 144 168 0.02278697 
789 1151 47 60 0.022687754 
651 222 43 52 0.022526754 
586 1089 204 249 0.022460856 
168 1145 143 175 0.02223868 
113 1900 54 64 0.022212131 
321 1368 65 88 0.02207469 
440 1688 45 58 0.021892885 
209 1115 121 150 0.021717118 
48 1887 162 165 0.02145362 
328 1752 137 161 0.021287758 
288 1456 93 113 0.021165412 
469 1297 255 291 0.020922188 
258 1062 56 72 0.020703452 
280 1886 169 176 0.0206224 
225 1287 216 261 0.020477574 
805 1358 108 110 0.020406881 
658 1390 252 303 0.02004801 
274 326 1304 1529 0.020014988 
