50_Celebration_Or_Party_birthdayparty_50_396
42
709 815 106 134 0.9988231 
168 838 151 213 0.9982988 
196 129 125 161 0.9877242 
762 1050 73 85 0.9421856 
701 95 111 124 0.3951837 
312 909 102 127 0.12870224 
331 944 106 132 0.091132626 
276 874 106 142 0.071468964 
862 727 92 126 0.050769184 
396 945 95 117 0.049351636 
225 832 127 158 0.03905973 
235 90 130 151 0.03348382 
146 810 52 68 0.033435952 
138 907 99 132 0.031348616 
902 344 117 151 0.02863513 
71 779 37 43 0.02813281 
749 145 109 140 0.02767169 
527 1036 39 52 0.026765604 
689 43 106 115 0.026548829 
721 275 102 113 0.026422555 
673 82 96 115 0.02627574 
813 203 83 118 0.026273869 
11 492 212 251 0.024493013 
525 402 125 136 0.02427325 
305 128 89 123 0.023420312 
729 34 159 182 0.023336804 
114 585 105 119 0.02262717 
115 987 88 113 0.022320976 
560 974 83 111 0.022052607 
118 100 89 139 0.02197676 
125 825 88 120 0.021717211 
757 207 106 129 0.021685358 
164 950 126 158 0.021426259 
634 72 87 102 0.021280363 
676 243 103 129 0.021024505 
769 982 70 87 0.020894704 
326 173 36 49 0.02047822 
759 83 70 99 0.02020992 
82 932 33 44 0.020202402 
45 848 82 113 0.0201443 
586 1006 83 105 0.020143671 
536 853 51 67 0.020058783 
