50_Celebration_Or_Party_birthdayparty_50_464
28
280 427 130 150 0.99967635 
124 627 53 63 0.5728519 
548 718 43 51 0.286278 
816 306 22 27 0.042643335 
4 131 23 32 0.037800226 
337 613 83 141 0.03641053 
456 219 81 87 0.032695975 
0 924 24 31 0.030668786 
176 282 91 99 0.029483726 
484 247 80 88 0.02819028 
364 83 138 142 0.02752629 
3 2 24 29 0.02558721 
639 326 22 29 0.02446452 
752 535 22 26 0.024073675 
488 179 88 99 0.023271058 
173 541 85 101 0.023135137 
435 238 79 90 0.023032451 
311 208 26 33 0.023003755 
658 467 49 50 0.022748362 
640 314 24 29 0.022600973 
607 214 324 357 0.022366542 
415 445 65 96 0.021932144 
534 308 22 28 0.021849815 
423 162 134 143 0.020711208 
430 33 98 98 0.020709042 
464 284 151 164 0.02065621 
2 145 22 32 0.020353556 
585 82 77 96 0.020007681 
