50_Celebration_Or_Party_houseparty_50_323
18
675 171 82 98 0.9991315 
549 152 80 95 0.9974607 
885 -16 105 193 0.49829257 
414 302 117 119 0.12029197 
402 283 83 104 0.08164848 
385 254 71 95 0.060996164 
7 108 79 99 0.049263522 
901 64 112 196 0.048241597 
925 175 74 91 0.039801758 
467 289 98 104 0.038395807 
601 467 96 87 0.03482279 
426 361 118 99 0.02752976 
157 336 74 80 0.027428003 
176 461 84 108 0.025196323 
350 306 129 145 0.02279558 
368 290 74 89 0.022454256 
795 540 28 33 0.021294817 
955 175 26 33 0.020076403 
