41_Swimming_Swimmer_41_772
82
379 78 370 667 0.9991628 
562 1099 36 46 0.41486824 
764 145 494 616 0.1687159 
756 -107 526 610 0.09887574 
757 429 500 604 0.06526644 
278 1074 28 35 0.065191604 
290 1073 27 34 0.064217106 
187 1042 30 37 0.05951202 
699 1036 569 563 0.054587636 
326 1119 32 44 0.051309325 
657 485 69 81 0.049750384 
410 762 1032 1033 0.04803258 
579 286 128 147 0.04793937 
309 1119 32 43 0.0473186 
72 688 34 43 0.04720845 
568 1092 53 66 0.046556223 
340 1074 29 37 0.045624226 
213 1077 30 37 0.04522405 
290 1042 26 32 0.042829596 
583 1084 37 46 0.039683335 
300 1117 52 71 0.038280454 
201 1067 32 40 0.037896868 
6 969 28 40 0.037863787 
70 1238 63 72 0.037806854 
57 1326 74 80 0.035169106 
8 635 32 43 0.03440466 
145 964 27 32 0.03283269 
345 1348 122 117 0.032533802 
348 1044 27 32 0.032215606 
215 1105 33 42 0.031915624 
77 1304 38 43 0.031380966 
249 1434 39 48 0.031267703 
109 1261 34 43 0.03029129 
175 1035 50 61 0.029663555 
197 1107 33 41 0.029632574 
274 1218 35 44 0.029579949 
900 437 32 38 0.028598508 
77 1222 41 48 0.027833609 
822 1150 33 39 0.027342247 
704 741 524 592 0.027312709 
3 994 28 41 0.027231766 
39 1260 32 43 0.027230196 
5 1327 31 41 0.027158482 
38 639 28 35 0.026113506 
547 557 116 152 0.025875185 
553 1052 206 207 0.025463348 
880 848 131 130 0.02524814 
280 1063 42 56 0.024666818 
32 918 30 41 0.024140693 
62 1291 69 79 0.024139894 
76 629 27 34 0.023026418 
176 1070 82 99 0.02298121 
898 499 58 71 0.0222285 
49 217 28 38 0.022106856 
625 1100 61 72 0.021883734 
271 1029 44 55 0.021876052 
102 1153 35 40 0.021865254 
38 676 56 69 0.021844087 
709 1121 34 44 0.0217905 
74 1328 42 45 0.021768108 
187 1013 26 31 0.021745406 
77 1356 60 65 0.021637319 
236 962 24 30 0.021504931 
109 1173 37 44 0.02135869 
449 1194 34 41 0.021319449 
450 1437 37 44 0.021226825 
37 1244 56 70 0.021130497 
231 1407 57 65 0.020961912 
370 1110 31 41 0.020867988 
42 1093 122 134 0.020812087 
675 651 118 129 0.020791061 
15 626 88 112 0.02075067 
44 664 27 34 0.020743875 
46 1302 31 38 0.0206412 
915 804 112 136 0.02057527 
106 1114 32 36 0.020552894 
106 1227 34 42 0.020389067 
741 1442 37 42 0.020186558 
10 1310 116 124 0.020157803 
798 1000 134 134 0.0201297 
156 646 118 122 0.020112107 
921 742 30 40 0.02002201 
