41_Swimming_Swimmer_41_376
27
460 114 204 268 0.99774927 
9 40 299 416 0.159348 
748 134 22 27 0.052939013 
282 50 150 209 0.035009533 
192 223 51 57 0.03475299 
226 107 129 155 0.03325552 
253 71 112 131 0.031133318 
371 32 106 127 0.029833304 
279 115 66 80 0.028100694 
520 97 91 108 0.027797192 
283 146 23 29 0.025885003 
118 44 44 53 0.025830185 
320 170 71 87 0.025070027 
287 130 22 27 0.025066203 
-61 526 352 359 0.024420613 
151 67 22 28 0.024348192 
751 520 344 368 0.024325334 
174 180 146 201 0.023789238 
281 118 39 48 0.022825561 
191 197 83 110 0.022609698 
228 124 24 30 0.02207769 
761 129 21 26 0.021740032 
-225 265 729 772 0.021703513 
190 143 84 103 0.02165019 
302 127 22 27 0.020662183 
333 124 23 28 0.020641265 
301 89 73 86 0.020292627 
