41_Swimming_Swimmer_41_43
18
743 230 151 188 0.9314569 
701 233 121 152 0.097898684 
788 268 91 106 0.049823005 
587 242 150 184 0.048167784 
834 264 68 91 0.038531907 
849 309 24 32 0.032435864 
670 257 89 125 0.031265654 
553 115 70 88 0.030447714 
-231 324 708 743 0.026161497 
-68 538 355 353 0.025850099 
756 528 329 377 0.023968725 
282 259 192 197 0.023943376 
813 237 72 92 0.022754801 
212 304 24 31 0.021784656 
762 232 87 104 0.021474719 
477 275 201 215 0.020426884 
602 230 94 124 0.02033752 
737 196 82 93 0.020073576 
