41_Swimming_Swimming_41_52
46
379 348 29 35 0.059377875 
267 284 155 111 0.051136296 
300 288 72 76 0.04653796 
308 315 77 84 0.045859117 
555 242 49 55 0.043846726 
353 341 50 52 0.04303466 
529 220 192 126 0.040759474 
670 40 78 84 0.03994841 
492 182 292 208 0.037761882 
566 247 28 34 0.03719862 
172 295 40 49 0.03436475 
326 301 39 45 0.029370952 
108 156 61 73 0.02931078 
689 236 44 45 0.027945872 
581 248 42 50 0.02756057 
795 43 80 80 0.027482387 
295 325 51 63 0.026860666 
115 144 44 53 0.026448652 
137 539 359 348 0.026149351 
623 262 210 164 0.026022466 
260 151 71 84 0.025601052 
641 64 78 91 0.025562773 
329 534 374 352 0.025268484 
310 279 29 35 0.024670826 
415 263 324 303 0.024595093 
513 276 73 84 0.024359241 
751 538 341 358 0.024189562 
309 255 114 100 0.023844281 
550 320 696 729 0.0237499 
555 271 45 52 0.023588836 
144 272 748 700 0.023561087 
31 288 67 71 0.023477891 
614 67 67 84 0.02286379 
606 249 47 54 0.022534288 
529 249 58 62 0.022458937 
573 216 62 72 0.022219384 
710 247 30 35 0.022219336 
564 281 25 33 0.022199605 
284 168 67 80 0.021918155 
670 283 116 94 0.021882273 
-59 517 345 361 0.021501614 
-211 303 692 738 0.02101402 
569 249 72 80 0.02054585 
638 219 153 119 0.020530928 
306 501 86 84 0.020383544 
308 299 36 41 0.0202922 
