41_Swimming_Swimming_41_730
33
191 103 173 247 0.4835938 
48 99 235 347 0.21525456 
408 177 80 99 0.066012874 
18 139 120 166 0.06224183 
255 174 172 239 0.046591036 
371 153 153 197 0.041207142 
523 202 160 174 0.034236934 
542 205 80 86 0.032819726 
443 221 53 64 0.03203845 
710 241 87 113 0.031089494 
-3 93 73 106 0.030048704 
566 216 87 100 0.029924612 
818 36 73 103 0.029180912 
408 235 120 152 0.028835546 
174 0 180 224 0.02855101 
551 131 77 85 0.027546538 
245 141 111 126 0.027077844 
106 261 122 174 0.026173204 
581 223 50 56 0.025719915 
4 125 87 123 0.025348593 
-6 36 85 114 0.025214171 
603 213 130 156 0.025073174 
435 315 68 79 0.02410655 
592 232 25 32 0.023229424 
315 63 251 305 0.02309262 
944 636 38 62 0.022950046 
446 185 66 85 0.021599986 
548 194 52 58 0.021497142 
57 248 195 280 0.02107028 
703 295 63 87 0.02086031 
17 184 178 236 0.020749027 
423 258 54 61 0.020204676 
956 668 64 103 0.020074436 
