41_Swimming_Swimming_41_238
31
200 502 70 89 0.9921129 
276 121 43 50 0.21377541 
868 83 75 94 0.17175996 
542 145 27 31 0.07926006 
737 545 36 41 0.068686195 
333 92 21 26 0.055312283 
633 370 148 161 0.05059072 
300 123 29 34 0.044803258 
630 306 516 598 0.036201023 
305 108 22 27 0.03206293 
892 50 26 30 0.03035277 
704 397 74 87 0.028342692 
604 141 337 458 0.028061273 
338 541 355 341 0.026126618 
255 100 80 78 0.025646912 
448 90 184 196 0.025308527 
968 33 21 26 0.024099085 
246 564 47 55 0.023497064 
180 153 26 32 0.023364607 
537 188 91 95 0.023363598 
883 73 55 64 0.023133215 
-58 517 346 363 0.0228464 
234 536 49 61 0.02235777 
838 95 63 76 0.022296572 
131 128 97 87 0.02205739 
713 395 154 172 0.02182534 
896 74 29 33 0.021287126 
701 484 89 104 0.021273475 
542 473 388 378 0.020632183 
480 97 120 108 0.020507589 
286 110 24 29 0.020232933 
