41_Swimming_Swimmer_41_927
40
534 119 151 194 0.99903417 
441 87 54 87 0.05159924 
446 77 21 27 0.049227044 
105 52 25 29 0.047001258 
902 254 20 25 0.042237774 
454 75 21 26 0.033050608 
56 50 22 25 0.031858046 
336 76 18 21 0.030498298 
426 -4 78 75 0.0301721 
312 103 18 23 0.028609307 
439 67 35 45 0.027024968 
-68 536 355 351 0.02685386 
102 65 27 33 0.026594756 
434 92 40 55 0.026120417 
122 49 23 28 0.026097326 
-232 306 709 752 0.025865262 
440 100 21 29 0.025810076 
336 243 39 46 0.024790227 
58 32 21 24 0.02470949 
737 5 29 31 0.024241433 
25 33 21 23 0.024111535 
343 252 22 27 0.023785364 
429 23 70 86 0.023284795 
457 438 78 102 0.022907529 
332 231 20 23 0.02279399 
333 105 19 22 0.022629915 
488 5 61 76 0.022248467 
436 54 19 24 0.022187825 
106 30 23 25 0.021929272 
768 547 78 81 0.021696582 
415 53 19 24 0.021680605 
467 17 70 94 0.021583892 
620 142 94 122 0.021454515 
205 1 160 188 0.021367135 
465 385 82 100 0.021284185 
458 188 69 84 0.02077239 
228 510 26 29 0.020365119 
309 128 18 23 0.020355275 
283 128 19 23 0.020338638 
170 101 140 175 0.020193323 
