41_Swimming_Swimmer_41_610
17
458 76 183 258 0.9995982 
741 356 174 220 0.12005187 
868 362 144 200 0.07252132 
705 208 130 127 0.042102955 
310 217 89 92 0.035076447 
973 425 37 66 0.02767222 
180 276 79 94 0.026488604 
933 377 82 140 0.026166819 
766 224 133 125 0.023136884 
213 244 72 94 0.0230541 
230 266 114 105 0.021156777 
147 318 164 181 0.021143407 
220 216 147 126 0.021063328 
896 357 70 93 0.020854687 
257 254 152 137 0.020743845 
693 356 141 175 0.020560594 
848 344 78 110 0.020124057 
