41_Swimming_Swimmer_41_488
18
463 242 116 159 0.99957925 
949 508 36 43 0.0551782 
599 -2 167 186 0.036100563 
12 111 309 339 0.034576386 
114 490 43 52 0.03205165 
144 491 41 47 0.030856285 
-68 526 360 357 0.030662559 
739 512 346 379 0.028964758 
-226 287 709 748 0.026225997 
79 447 104 95 0.024384797 
841 526 24 29 0.023241946 
571 309 652 721 0.022539753 
583 268 67 86 0.021695083 
618 86 148 162 0.021429705 
499 15 102 109 0.021391409 
2 538 20 27 0.02103543 
636 208 124 139 0.020637687 
1 2 22 27 0.020587567 
