41_Swimming_Swimming_41_106
26
550 288 134 171 0.9889324 
582 223 74 79 0.06132268 
558 224 122 143 0.05152292 
58 251 44 48 0.04410905 
34 213 81 101 0.03128804 
602 14 93 94 0.02967323 
669 433 507 554 0.028618116 
585 329 90 97 0.02700747 
574 15 71 81 0.025751933 
383 174 24 29 0.025614897 
147 85 171 182 0.024791252 
626 314 75 97 0.024039585 
-216 332 690 731 0.023835883 
516 2 69 80 0.023218123 
546 11 68 77 0.022838937 
131 101 20 25 0.022719577 
387 174 168 199 0.022568354 
476 -4 69 79 0.022511758 
347 104 156 188 0.02161132 
667 318 74 96 0.021382932 
-56 522 349 364 0.021017486 
474 118 131 148 0.020926422 
544 143 87 100 0.020783663 
256 295 30 34 0.02057333 
604 50 57 57 0.020274628 
384 329 28 32 0.020173991 
