41_Swimming_Swimming_41_521
50
299 168 71 92 0.14551052 
291 130 127 121 0.049128674 
372 164 116 133 0.04101729 
437 176 79 96 0.03737623 
332 239 102 96 0.036052395 
330 146 23 28 0.03532412 
119 683 46 52 0.0343771 
224 663 49 52 0.03316436 
397 207 137 148 0.030888086 
639 309 123 151 0.029991949 
873 300 23 27 0.029545838 
88 658 89 76 0.028448861 
334 134 23 27 0.028243018 
464 218 141 152 0.027507292 
454 153 23 31 0.027414758 
185 668 60 61 0.02739709 
178 664 41 45 0.027043035 
467 161 61 86 0.02691659 
92 478 42 50 0.025910294 
301 201 93 107 0.02590568 
318 144 46 55 0.025640901 
693 479 30 37 0.025502793 
138 678 42 49 0.025409268 
140 654 86 71 0.025233896 
97 161 22 25 0.02430084 
347 270 56 61 0.02405848 
373 675 43 46 0.023945294 
458 164 120 139 0.023896467 
914 608 29 33 0.023095071 
656 433 82 97 0.02309158 
410 483 26 30 0.022993699 
534 261 94 121 0.022897642 
316 275 82 91 0.022247195 
674 348 124 157 0.02208797 
209 151 23 28 0.021983353 
650 376 86 109 0.021923589 
387 126 23 29 0.021900386 
551 266 180 178 0.021888822 
380 663 29 33 0.021611078 
991 589 23 31 0.021593662 
449 185 45 65 0.021262797 
498 275 150 168 0.021193137 
439 139 52 69 0.021046903 
818 610 27 33 0.02091898 
340 193 91 99 0.020804573 
467 661 23 28 0.020729369 
201 682 32 38 0.02042054 
644 632 25 30 0.020290209 
160 379 20 24 0.02019955 
642 122 68 80 0.020162975 
