41_Swimming_Swimming_41_641
40
487 14 183 252 0.95452195 
519 96 116 155 0.5907721 
725 249 111 179 0.19577529 
554 87 49 60 0.0934569 
-2 227 118 152 0.07381827 
543 113 64 85 0.06289797 
746 298 64 97 0.056653485 
763 239 143 226 0.05510752 
479 57 72 97 0.04136001 
522 71 68 88 0.04042477 
586 68 81 90 0.03653693 
765 344 30 40 0.03518576 
688 180 113 157 0.034022626 
453 47 39 61 0.033889946 
629 37 82 111 0.031406514 
949 354 23 34 0.02890677 
739 333 77 105 0.02723746 
833 209 144 199 0.026914725 
95 195 50 53 0.026637593 
180 228 24 33 0.02597494 
774 339 47 62 0.02462009 
699 282 154 242 0.023971561 
307 361 23 28 0.023874467 
659 22 67 102 0.023552477 
877 281 134 210 0.023277648 
203 204 24 30 0.023229657 
682 101 114 161 0.023204101 
117 181 57 63 0.022983044 
799 372 27 33 0.022638671 
898 234 96 150 0.02263461 
452 57 65 90 0.02257708 
581 95 29 37 0.022455705 
573 71 55 64 0.022002365 
649 152 112 152 0.021589128 
184 350 22 26 0.021578826 
511 93 32 41 0.021378651 
626 77 119 173 0.021134729 
619 242 145 206 0.02094141 
566 77 27 34 0.020571634 
680 33 41 65 0.020454396 
