41_Swimming_Swimming_41_380
22
256 144 335 366 0.9879579 
375 259 202 231 0.095629916 
444 251 112 119 0.029508812 
439 370 55 60 0.028644284 
8 124 169 193 0.026431218 
90 594 64 78 0.0263072 
560 245 179 210 0.024805538 
49 183 177 200 0.024071772 
71 638 33 34 0.023234686 
454 383 55 62 0.022580126 
948 481 22 30 0.022359353 
742 531 347 361 0.022089481 
462 357 80 95 0.02163569 
410 279 89 103 0.02159141 
320 289 109 136 0.02126032 
22 352 19 26 0.021230202 
274 235 184 216 0.021221375 
742 441 102 87 0.020741394 
-57 514 338 351 0.020720918 
954 465 23 29 0.020448633 
473 398 44 58 0.020306768 
99 633 27 36 0.020178488 
