41_Swimming_Swimmer_41_293
22
548 184 84 117 0.53088456 
570 236 51 73 0.073962234 
442 138 98 104 0.055055477 
495 183 104 105 0.047702275 
204 219 23 30 0.031261846 
813 105 32 37 0.03055252 
577 200 49 73 0.028785251 
503 228 88 91 0.028364612 
719 125 163 219 0.028324097 
25 668 29 32 0.02584678 
385 149 151 142 0.025170067 
595 207 22 33 0.025149213 
280 198 61 79 0.024979088 
462 188 89 90 0.024870755 
614 230 21 32 0.024851894 
426 200 154 144 0.02438696 
594 232 44 60 0.024191288 
159 225 20 25 0.02307964 
76 227 21 25 0.021870472 
815 114 164 205 0.020838426 
542 1 22 25 0.020515515 
483 129 21 25 0.020004133 
