41_Swimming_Swimmer_41_755
21
162 192 559 495 0.10325821 
876 200 22 29 0.053203996 
904 332 25 32 0.046888307 
855 201 75 110 0.045109544 
324 373 223 167 0.044203423 
897 320 43 54 0.036958557 
868 198 42 63 0.035768367 
829 224 84 122 0.033881094 
504 300 48 60 0.032828156 
898 350 26 33 0.031062897 
868 278 31 41 0.027814597 
856 260 54 73 0.027497914 
267 418 450 392 0.026668677 
966 142 37 56 0.02579374 
927 209 61 90 0.025724657 
947 227 26 35 0.025644595 
888 201 77 107 0.02470924 
853 283 73 92 0.023517093 
874 186 20 28 0.022295123 
386 311 167 168 0.021957286 
485 242 36 55 0.021197565 
