41_Swimming_Swimmer_41_35
27
706 267 225 169 0.26443967 
797 233 26 32 0.11373792 
779 342 53 56 0.08599796 
735 323 124 99 0.07631187 
756 293 133 97 0.053510614 
763 290 67 80 0.05189064 
8 251 21 31 0.039439686 
638 232 84 92 0.03602276 
688 237 147 142 0.034825522 
853 297 73 85 0.028095502 
134 257 87 105 0.027911523 
135 124 21 25 0.027882032 
808 328 125 94 0.02787994 
176 286 25 29 0.027791861 
636 246 45 57 0.02696535 
629 237 144 154 0.02631547 
693 230 67 78 0.02474287 
796 322 52 59 0.024157997 
731 275 75 90 0.024134977 
788 238 37 51 0.02401255 
589 178 127 144 0.023372479 
700 272 67 80 0.022809437 
106 277 20 24 0.022307443 
884 280 68 82 0.022277746 
160 253 20 23 0.021128219 
766 378 28 30 0.020934725 
752 367 56 52 0.02003974 
