28_Sports_Fan_Sports_Fan_28_770
58
538 169 222 304 0.9009855 
39 249 223 350 0.20872676 
679 541 67 85 0.07761709 
11 329 141 237 0.073950686 
255 495 168 158 0.06508028 
721 250 120 167 0.060192708 
63 328 145 192 0.05943638 
94 137 371 439 0.057693828 
367 127 243 323 0.057182685 
222 421 105 125 0.04093265 
745 515 345 378 0.040016163 
577 327 89 112 0.03993728 
902 225 80 81 0.039463412 
-176 223 677 760 0.037532717 
893 362 67 100 0.036921524 
147 338 194 228 0.036669735 
697 152 127 174 0.036345813 
729 351 107 132 0.034405008 
-50 416 364 428 0.03331962 
245 358 196 224 0.033137858 
490 251 78 99 0.033003442 
791 295 121 152 0.032607056 
747 209 241 357 0.031543225 
740 232 74 105 0.03152578 
660 370 92 96 0.030883959 
294 536 104 97 0.030214475 
490 109 113 115 0.029368617 
553 261 690 773 0.027457317 
631 318 95 114 0.026808988 
821 253 71 88 0.02634799 
234 470 123 128 0.026242075 
826 202 71 92 0.026177956 
715 209 79 107 0.02588792 
651 224 154 203 0.025710475 
709 93 93 121 0.02540493 
848 331 78 107 0.02533736 
590 406 81 100 0.025243564 
33 -14 147 163 0.025176033 
688 313 93 113 0.024840828 
689 388 87 105 0.02453691 
603 290 87 113 0.024128597 
796 228 72 91 0.024054518 
486 197 85 99 0.023354607 
368 301 176 230 0.022946132 
853 189 128 168 0.02207882 
626 83 175 213 0.02196877 
835 267 123 170 0.021764575 
576 369 68 105 0.021551633 
717 290 82 103 0.021455133 
693 283 72 96 0.02121599 
771 210 120 159 0.021175252 
181 178 164 207 0.020930894 
661 459 69 76 0.02070842 
968 270 60 102 0.020624114 
630 393 90 104 0.020591738 
781 271 33 45 0.020533945 
520 88 117 103 0.020231625 
539 239 71 79 0.020048395 
