28_Sports_Fan_Sports_Fan_28_448
20
503 221 86 106 0.99969566 
369 187 79 105 0.997912 
460 204 57 75 0.12290291 
97 302 67 85 0.09672491 
520 158 68 81 0.08457633 
590 219 57 75 0.05826421 
103 782 31 36 0.04733898 
588 179 29 34 0.0451896 
780 215 179 135 0.042103473 
379 139 64 74 0.040526263 
463 216 34 44 0.039437816 
112 271 75 93 0.032687876 
613 232 29 38 0.030515945 
449 142 70 92 0.026772425 
126 301 27 34 0.02656821 
117 782 29 35 0.024504535 
555 172 32 40 0.02316087 
607 178 22 29 0.020501839 
562 175 65 79 0.020448832 
124 283 22 26 0.020079898 
