28_Sports_Fan_Sports_Fan_28_880
72
416 80 151 237 0.8871332 
435 671 25 30 0.25416186 
720 706 26 31 0.15663263 
512 146 32 42 0.15579839 
438 133 50 63 0.09647016 
252 478 26 36 0.076339304 
335 656 22 25 0.064816885 
370 694 18 21 0.05368724 
326 695 19 22 0.052316714 
491 126 61 78 0.045884997 
467 683 34 43 0.044361517 
301 653 24 29 0.04252319 
468 664 22 29 0.042357653 
403 641 21 26 0.04000068 
481 695 23 30 0.03930301 
595 708 24 29 0.036753323 
391 632 35 42 0.03637185 
89 326 57 105 0.0355935 
379 697 20 23 0.03473833 
530 476 64 80 0.033167567 
438 150 31 38 0.032760225 
330 724 22 25 0.032669984 
592 688 25 31 0.032180008 
156 516 72 95 0.03117841 
362 667 17 22 0.03090758 
133 480 67 94 0.030431697 
327 639 39 45 0.029289432 
410 664 21 27 0.0292816 
338 520 38 49 0.02900854 
616 655 100 82 0.028049063 
177 500 70 88 0.027943412 
-1 299 133 226 0.027927874 
298 494 40 51 0.027842563 
305 509 23 31 0.027650999 
438 644 22 27 0.027321134 
320 266 35 49 0.026741726 
587 676 43 49 0.026323462 
453 650 53 68 0.0260635 
387 657 21 25 0.025082214 
461 234 68 68 0.025071528 
344 601 75 87 0.024531268 
425 654 52 63 0.024474561 
111 347 43 71 0.023876427 
284 466 36 51 0.023766927 
874 558 30 36 0.023754936 
437 600 115 130 0.023617975 
130 421 103 146 0.023570476 
221 464 54 68 0.02341845 
389 620 21 25 0.023190646 
360 688 35 39 0.022795161 
341 533 22 29 0.022761915 
382 721 22 24 0.022659946 
465 645 23 28 0.02259498 
475 658 37 48 0.022506947 
191 552 66 87 0.022293957 
622 466 63 87 0.022253348 
482 664 22 29 0.021677548 
668 675 49 47 0.02157232 
378 618 39 46 0.0213944 
610 713 25 27 0.021166615 
330 253 27 37 0.020973621 
318 685 34 39 0.02093998 
396 310 76 113 0.020867204 
612 681 30 30 0.020801546 
662 592 28 33 0.02074089 
966 537 52 113 0.02069386 
588 665 24 30 0.020312961 
866 494 23 28 0.02025292 
362 724 22 23 0.020248668 
604 668 56 50 0.020153793 
569 715 20 25 0.020100009 
454 164 31 38 0.020021543 
