28_Sports_Fan_Sports_Fan_28_862
35
442 135 120 150 0.9996835 
435 688 277 326 0.7094593 
721 778 101 104 0.08157797 
215 489 34 42 0.037240338 
853 197 524 599 0.03702001 
514 836 165 155 0.0343896 
813 1146 562 582 0.03132937 
4 636 34 45 0.029831434 
215 514 32 39 0.029690774 
752 803 61 66 0.029464928 
259 810 104 152 0.029351598 
85 677 44 48 0.029066619 
853 -136 539 606 0.028476464 
4 728 34 47 0.028443363 
214 766 35 42 0.028292634 
837 516 515 586 0.027972614 
502 895 126 136 0.026596833 
250 86 42 50 0.026566217 
233 770 35 41 0.026353465 
544 833 1059 1144 0.026177743 
578 831 87 101 0.026046695 
2 571 33 46 0.02556216 
678 146 61 76 0.025505103 
563 -359 1080 1151 0.025211982 
833 831 535 612 0.024705673 
689 159 38 48 0.023295024 
483 769 142 167 0.02279354 
236 791 30 35 0.022323163 
295 814 29 37 0.021721998 
296 519 31 40 0.0210435 
45 762 34 46 0.020796582 
508 154 108 139 0.020765299 
175 757 184 261 0.020703888 
496 16 65 76 0.020620214 
536 54 93 114 0.020299159 
