28_Sports_Fan_Sports_Fan_28_711
53
422 98 147 191 0.8649008 
-5 278 64 109 0.08101914 
36 236 280 355 0.0749206 
436 470 85 106 0.068655096 
848 134 77 110 0.06645941 
909 300 95 101 0.0546604 
58 149 139 166 0.04764523 
-4 235 119 170 0.038911823 
899 717 83 101 0.03874717 
14 123 244 321 0.037433673 
189 229 121 144 0.036002133 
152 272 168 179 0.035909835 
413 78 77 111 0.033089746 
226 285 98 99 0.032821547 
188 337 150 156 0.03171388 
509 462 169 188 0.031283088 
25 399 144 166 0.029436953 
894 683 69 103 0.029268466 
859 219 73 105 0.028556574 
524 122 81 89 0.027712079 
890 237 114 139 0.026416725 
581 466 209 193 0.026189879 
75 126 104 120 0.026118102 
753 487 160 161 0.02591819 
256 348 145 157 0.025801884 
30 764 63 87 0.02540163 
578 483 67 88 0.025245124 
40 370 98 113 0.025027836 
890 170 71 97 0.024713716 
159 382 113 108 0.02439502 
530 42 90 99 0.02396683 
564 378 23 29 0.023570973 
868 639 68 102 0.02300074 
159 174 126 147 0.02292921 
332 438 90 103 0.02248242 
49 292 159 171 0.022372179 
863 125 52 66 0.022121813 
110 201 107 131 0.021736898 
807 143 75 87 0.021700548 
222 376 283 302 0.02168992 
919 746 81 107 0.02164018 
73 238 115 136 0.021431249 
489 35 150 173 0.021361656 
131 323 117 128 0.02125608 
457 439 169 169 0.021237055 
860 274 122 141 0.021108465 
89 144 55 63 0.021046171 
5 756 58 91 0.021024555 
57 420 196 221 0.020818245 
521 543 118 145 0.020625588 
572 153 159 191 0.020366987 
411 513 73 93 0.020330828 
190 403 48 56 0.020269193 
