28_Sports_Fan_Sports_Fan_28_751
141
191 126 50 64 0.9975885 
16 154 42 52 0.9839115 
518 228 68 80 0.9774466 
370 164 43 56 0.5483181 
850 472 54 64 0.34841985 
673 22 44 51 0.28468513 
291 41 54 60 0.17150906 
326 480 44 52 0.108875446 
305 72 28 35 0.10622965 
181 51 28 34 0.10588687 
509 13 27 35 0.09969563 
937 45 28 35 0.09589324 
480 25 25 33 0.09043602 
813 23 27 31 0.089730695 
304 47 32 34 0.08844024 
440 1 28 28 0.086919196 
291 18 58 57 0.082918525 
639 23 23 29 0.07797899 
798 25 25 28 0.07720647 
356 139 50 64 0.076940134 
97 -1 32 30 0.075343095 
379 149 38 49 0.07448202 
879 19 23 28 0.07287514 
321 137 46 61 0.070885874 
454 0 26 28 0.06626217 
970 404 26 37 0.06440622 
394 352 69 91 0.061959468 
128 16 29 32 0.05801831 
7 51 23 35 0.057552055 
354 310 43 56 0.054976538 
288 69 53 68 0.054949854 
200 60 39 47 0.054392066 
94 173 27 35 0.05251205 
377 325 67 80 0.052054718 
188 44 36 45 0.05074589 
632 12 62 75 0.05012765 
795 1 22 26 0.049458593 
623 24 21 28 0.04859779 
652 21 73 78 0.047243915 
113 89 41 49 0.04717451 
123 76 28 34 0.046276703 
707 19 37 44 0.046177175 
465 26 29 34 0.045480695 
840 26 23 28 0.044012614 
351 122 45 58 0.041656446 
735 24 24 30 0.040358014 
363 307 58 74 0.040181097 
929 0 20 22 0.039440352 
80 55 23 29 0.03903332 
35 282 59 74 0.038310938 
813 44 31 35 0.03745815 
924 35 48 60 0.037094954 
495 4 48 60 0.03622372 
491 4 24 28 0.0358516 
894 3 19 23 0.03444414 
816 5 24 29 0.034129523 
658 486 60 74 0.03379919 
409 309 67 87 0.033256534 
370 121 47 64 0.03305256 
953 409 27 34 0.032991357 
327 165 42 55 0.032874808 
895 56 22 27 0.032778494 
792 439 73 89 0.032315474 
774 23 21 26 0.032012176 
170 482 44 54 0.03194486 
502 189 65 89 0.031755336 
23 121 41 53 0.03166964 
643 5 21 26 0.031311497 
408 350 30 39 0.031274233 
58 296 59 75 0.031029934 
634 349 74 90 0.03066563 
466 11 49 60 0.030306917 
890 67 23 32 0.03017652 
457 271 47 59 0.029737294 
100 148 28 35 0.029484278 
643 423 76 90 0.029346574 
374 207 46 62 0.029271893 
874 6 22 26 0.028985972 
303 88 29 40 0.028539449 
449 297 66 88 0.028022034 
396 89 41 55 0.027877394 
326 24 34 39 0.027641837 
454 26 46 55 0.02743139 
667 39 32 38 0.027193327 
794 39 42 49 0.026962629 
1 63 24 37 0.026827961 
697 182 81 100 0.026669193 
821 418 69 83 0.026640289 
407 330 29 35 0.026359746 
928 26 24 28 0.026134007 
817 184 77 91 0.02595584 
772 1 21 24 0.025462063 
790 -1 38 41 0.025424525 
956 391 44 65 0.025322067 
715 3 23 27 0.025149213 
631 196 93 93 0.025111444 
666 0 24 28 0.025002552 
874 487 46 55 0.024981676 
309 92 66 87 0.024288613 
4 386 25 40 0.02422681 
221 79 25 31 0.024005188 
845 2 21 25 0.023920894 
530 21 25 30 0.0238631 
688 523 32 40 0.023842415 
378 139 64 81 0.023462461 
85 314 42 56 0.023290683 
981 25 19 27 0.023242032 
615 4 22 27 0.023009216 
463 235 60 77 0.022978194 
74 66 28 36 0.022869607 
382 99 61 83 0.022661766 
613 26 60 75 0.02256697 
312 1 50 55 0.022550222 
159 50 25 31 0.022525752 
980 383 21 29 0.022525394 
303 133 45 59 0.022490684 
881 74 21 27 0.022465708 
782 465 47 63 0.02233919 
357 75 25 31 0.021890085 
379 127 30 37 0.021845112 
248 235 47 59 0.021793565 
635 390 72 83 0.021764994 
900 231 24 31 0.021563621 
197 93 45 57 0.021544201 
469 173 62 79 0.021530813 
52 71 26 34 0.021505924 
407 96 68 83 0.021504201 
428 379 29 39 0.021441663 
649 309 60 84 0.021213109 
942 30 24 29 0.021046992 
435 349 64 88 0.021045242 
645 46 25 33 0.021023626 
793 13 51 57 0.0210227 
463 36 61 84 0.020884538 
273 200 40 52 0.020813797 
530 172 42 53 0.020299174 
127 1 43 40 0.020256886 
964 437 33 50 0.020253424 
105 195 33 45 0.020150404 
565 72 28 33 0.02014442 
972 427 27 39 0.02005301 
