28_Sports_Fan_Sports_Fan_28_557
69
405 184 94 119 0.99777055 
279 89 96 133 0.11915121 
-4 120 24 35 0.07560446 
797 129 211 431 0.07207922 
485 0 26 27 0.059961874 
2 1 23 27 0.055954274 
44 113 41 53 0.0476956 
167 82 104 128 0.046707958 
104 91 62 77 0.045520015 
111 86 41 51 0.04222684 
55 102 28 34 0.041610453 
53 12 66 74 0.041095164 
67 104 26 32 0.03986705 
238 56 21 26 0.035283927 
250 121 80 107 0.034966033 
459 3 26 27 0.034778666 
2 46 24 35 0.034369685 
222 35 133 195 0.03365027 
545 -4 49 43 0.03358238 
132 26 19 21 0.03317388 
205 44 20 26 0.033156756 
149 59 20 25 0.032665644 
177 119 42 54 0.03170237 
156 157 75 86 0.030129764 
3 23 22 30 0.029201027 
6 9 105 123 0.028980145 
183 0 21 23 0.028629916 
202 105 25 30 0.02830305 
459 150 67 99 0.028001871 
728 124 80 87 0.027824597 
153 68 21 27 0.027502937 
136 49 21 26 0.027479291 
131 44 96 119 0.02745807 
121 117 31 38 0.027424429 
182 52 19 24 0.027081976 
473 79 118 141 0.027011562 
180 102 23 29 0.026343547 
180 128 25 35 0.026236653 
433 4 30 30 0.026147403 
115 129 46 57 0.02597605 
27 2 22 24 0.025593469 
5 486 115 191 0.025238408 
264 75 72 116 0.025131179 
-9 96 39 56 0.025058053 
123 79 25 32 0.02503923 
440 -6 61 51 0.024572358 
180 78 21 26 0.024308613 
266 25 22 27 0.024236314 
501 20 46 49 0.02415394 
321 104 88 126 0.02397166 
0 -3 81 86 0.023857297 
437 17 31 31 0.02320471 
143 121 70 81 0.023050768 
78 38 28 36 0.02291402 
657 186 280 425 0.02282078 
176 96 42 51 0.022715703 
107 153 65 78 0.022614576 
-3 104 23 33 0.022442017 
-1 15 36 50 0.022052428 
455 23 27 29 0.021850513 
208 79 22 26 0.021833057 
306 97 27 39 0.021668307 
126 197 27 33 0.021597385 
443 15 48 44 0.021454666 
41 59 43 51 0.021380585 
24 69 24 32 0.021155726 
230 74 23 30 0.02096094 
1 571 72 118 0.02042954 
746 36 82 94 0.020183358 
