28_Sports_Fan_Sports_Fan_28_2
95
624 224 142 178 0.9995221 
169 268 260 323 0.1345945 
327 454 27 35 0.10209603 
558 423 91 117 0.101907164 
243 363 81 83 0.09362664 
412 346 22 28 0.07565635 
228 350 152 179 0.061049435 
261 356 54 56 0.060585953 
418 302 22 29 0.057280764 
439 349 20 25 0.05326723 
278 356 32 37 0.0492324 
457 332 21 26 0.04564245 
508 331 21 27 0.043176785 
460 407 26 36 0.040724386 
449 473 35 52 0.040299416 
435 379 60 78 0.037792284 
102 415 24 30 0.036028173 
119 439 35 48 0.03502935 
278 372 49 52 0.034980975 
498 330 20 24 0.034943882 
376 707 26 33 0.034773096 
202 372 70 87 0.034352046 
249 485 61 70 0.033400435 
381 433 26 35 0.03306394 
2 308 18 25 0.032874856 
413 385 21 27 0.032521274 
20 194 431 535 0.032416 
464 354 20 23 0.032310836 
318 396 91 98 0.032262202 
459 389 61 73 0.031873967 
228 630 75 88 0.031039264 
130 436 23 30 0.029717084 
430 343 34 44 0.028622385 
430 307 22 27 0.028072264 
500 323 34 44 0.02775551 
109 282 19 23 0.027490776 
435 442 41 60 0.027453803 
465 389 22 28 0.027319105 
273 396 40 42 0.02690217 
316 459 25 33 0.026770331 
261 586 76 84 0.026456412 
277 518 60 69 0.026375512 
161 237 21 25 0.025962986 
499 551 128 170 0.02588843 
411 401 24 30 0.025507912 
301 359 27 32 0.025142549 
489 460 20 27 0.025076855 
374 320 39 51 0.02484323 
109 734 24 30 0.02477281 
456 348 33 42 0.024657637 
399 118 74 88 0.024567828 
186 460 26 34 0.024365747 
399 316 49 64 0.024229042 
459 313 19 25 0.023386663 
405 436 78 91 0.02329028 
7 252 17 23 0.023257192 
515 424 35 44 0.023172786 
217 336 82 96 0.023120174 
5 94 153 183 0.02301699 
273 406 76 85 0.022824012 
517 355 21 25 0.02275592 
460 456 23 33 0.022298656 
521 387 19 24 0.022263367 
301 439 60 70 0.022121375 
514 375 142 197 0.022069564 
440 316 52 64 0.022058973 
407 374 37 47 0.022036057 
211 609 132 131 0.022030076 
308 514 65 76 0.021947645 
385 305 22 28 0.021805258 
258 358 31 37 0.021780318 
892 106 99 125 0.021746472 
444 565 122 159 0.021548772 
127 410 22 30 0.021485068 
82 405 58 68 0.021328075 
330 439 26 32 0.021319706 
484 430 21 27 0.021256406 
331 474 68 76 0.021234842 
408 165 29 34 0.021153174 
3 79 20 27 0.021077825 
318 581 48 53 0.020819897 
297 235 89 112 0.020737598 
300 315 136 160 0.02066203 
4 286 18 24 0.020587888 
1 134 18 26 0.020562686 
497 323 64 80 0.020490907 
501 356 66 82 0.020445196 
285 290 91 119 0.020389706 
254 372 38 43 0.020371445 
258 403 62 63 0.020352362 
251 429 77 85 0.020318862 
30 234 19 24 0.020277575 
4 231 18 25 0.020204365 
138 316 44 58 0.02013652 
225 595 67 81 0.020084703 
