28_Sports_Fan_Sports_Fan_28_126
45
463 205 77 97 0.99947995 
309 252 77 83 0.9994579 
420 384 62 73 0.87408364 
428 107 20 26 0.055410378 
62 309 17 21 0.05117337 
904 301 20 23 0.050460655 
469 106 21 25 0.046216406 
393 289 44 55 0.043243792 
385 544 88 95 0.041244857 
902 292 19 22 0.033120815 
24 315 17 22 0.032053776 
661 409 519 563 0.030310359 
174 287 19 24 0.030045267 
689 286 20 25 0.029794643 
0 287 16 24 0.029447839 
462 153 24 28 0.027660899 
679 182 135 173 0.027484437 
113 285 18 22 0.027344016 
125 285 19 23 0.0271944 
360 557 75 82 0.0268544 
23 329 17 22 0.026651653 
59 338 18 22 0.025986427 
0 352 17 27 0.02559703 
76 307 17 22 0.025346404 
873 265 18 21 0.024571978 
768 282 16 23 0.024207141 
422 529 89 90 0.023813415 
873 284 16 20 0.023320056 
59 353 19 22 0.02292159 
266 223 40 48 0.022721695 
-145 427 524 549 0.022296129 
11 229 19 25 0.022295259 
104 306 18 22 0.022266285 
457 145 37 48 0.021878155 
918 288 18 21 0.021504836 
468 136 62 77 0.021449165 
715 241 82 103 0.021137038 
6 337 19 26 0.021116616 
84 285 17 22 0.02107696 
57 229 22 26 0.020688366 
569 111 20 27 0.02045314 
207 87 20 23 0.020436201 
668 282 21 26 0.020411126 
130 555 52 60 0.02029815 
546 208 65 81 0.020071171 
