28_Sports_Fan_Sports_Fan_28_868
388
685 37 42 52 0.9629381 
259 381 26 31 0.64641434 
387 127 23 29 0.58042425 
261 253 24 30 0.5460821 
386 253 24 31 0.5302135 
385 380 25 33 0.50672305 
263 128 22 28 0.48684123 
567 64 26 34 0.47176814 
929 68 23 30 0.4505908 
495 248 41 46 0.43605903 
889 197 24 31 0.392776 
870 126 26 33 0.31964073 
980 14 22 30 0.3135738 
865 7 24 30 0.3037117 
136 128 21 27 0.2630098 
989 125 23 31 0.24398583 
509 128 24 31 0.23362517 
201 65 21 27 0.23345944 
327 69 21 25 0.23013544 
447 69 22 28 0.22227165 
453 314 32 43 0.21898544 
123 276 21 27 0.20636322 
9 381 21 29 0.20431569 
134 258 22 28 0.20339392 
75 194 22 28 0.19805501 
199 193 22 28 0.19514246 
465 431 31 40 0.19307514 
262 7 22 25 0.17773291 
509 6 26 29 0.17693578 
324 322 24 31 0.1762882 
993 249 21 30 0.17532936 
925 130 27 33 0.17456396 
748 7 24 29 0.17366895 
976 70 24 31 0.17214254 
81 68 19 26 0.16789585 
889 183 25 31 0.16682759 
73 321 21 28 0.16307479 
202 444 26 36 0.16287619 
19 128 19 24 0.15950285 
11 252 22 30 0.15453409 
813 183 27 35 0.15374616 
812 65 24 32 0.15131143 
633 5 24 29 0.14690602 
864 70 28 34 0.14500664 
386 7 22 25 0.14294375 
325 195 22 28 0.13669133 
687 13 35 43 0.13456482 
443 182 23 29 0.12408904 
921 19 24 28 0.12339078 
566 181 29 38 0.12250841 
200 314 22 28 0.11572288 
878 198 25 32 0.11563261 
931 198 20 26 0.11118833 
557 8 41 41 0.10932259 
9 509 23 32 0.102267094 
929 183 22 29 0.101249315 
319 72 20 26 0.1005002 
261 513 25 30 0.099547856 
445 197 23 28 0.098907314 
316 184 23 29 0.096090384 
314 434 32 41 0.094570175 
979 195 21 29 0.094299346 
147 6 19 23 0.093513556 
113 282 21 28 0.09180643 
328 58 22 26 0.09148559 
894 269 24 32 0.09091004 
442 57 23 28 0.08982539 
994 376 19 27 0.088668905 
812 18 27 33 0.08607061 
796 15 28 32 0.08368894 
138 358 21 26 0.08276581 
560 317 31 41 0.07737283 
849 301 22 28 0.07637986 
440 256 24 31 0.07326513 
260 17 21 24 0.069370456 
180 403 25 32 0.06912477 
315 310 25 31 0.069010265 
44 447 37 53 0.067349076 
506 72 26 32 0.06621547 
876 180 25 33 0.06531142 
439 144 24 31 0.0649571 
257 325 23 29 0.06412787 
941 199 20 26 0.061787296 
920 9 23 25 0.061089527 
184 451 26 35 0.06049548 
256 362 26 32 0.0586741 
624 3 23 27 0.058552258 
383 313 24 30 0.05842354 
925 252 28 36 0.05772284 
456 57 21 26 0.056498952 
316 56 22 27 0.055815842 
188 182 20 27 0.05579904 
42 424 36 54 0.05542233 
202 259 22 28 0.054758683 
920 52 32 40 0.054722622 
382 199 24 29 0.054585654 
203 130 22 27 0.053345624 
872 145 24 31 0.053298738 
186 427 49 65 0.05215002 
22 6 19 21 0.051452946 
852 17 25 31 0.05104588 
491 235 25 30 0.05094525 
458 19 25 28 0.050542112 
514 198 23 29 0.050258156 
257 272 23 30 0.04911064 
507 236 28 34 0.0489603 
381 440 26 32 0.04839477 
47 471 25 33 0.04790901 
134 332 20 26 0.047830116 
853 2 24 29 0.04759084 
977 54 21 29 0.047496837 
74 257 23 28 0.04735376 
326 131 24 29 0.046766244 
877 175 44 57 0.046727262 
819 439 22 28 0.0464398 
811 4 27 31 0.046328917 
378 361 35 45 0.046219915 
804 126 37 44 0.04572133 
512 298 27 34 0.045522377 
938 127 25 31 0.045024294 
183 150 21 28 0.044723663 
384 234 25 32 0.044693846 
60 310 21 27 0.044455446 
188 69 21 28 0.044198953 
849 202 20 26 0.044087205 
255 454 28 34 0.043973647 
329 146 24 30 0.043922666 
442 322 27 36 0.04391934 
436 383 23 30 0.043674286 
384 75 21 26 0.04357499 
326 258 24 29 0.04341936 
258 199 22 27 0.043174762 
315 385 22 29 0.043169294 
189 199 21 27 0.04304126 
991 313 20 28 0.04262625 
814 143 30 36 0.042449333 
188 311 21 27 0.04228605 
380 324 33 43 0.042125404 
496 127 24 29 0.041751876 
990 73 21 29 0.041403145 
23 202 20 25 0.04134229 
258 235 23 30 0.04126031 
493 271 29 35 0.040748425 
379 447 36 42 0.040427826 
383 507 27 35 0.04040345 
189 57 20 25 0.040236894 
896 221 23 29 0.040103894 
255 313 24 28 0.03989897 
439 19 24 27 0.03986472 
916 461 18 22 0.039527606 
585 303 25 33 0.039378986 
728 120 39 48 0.039296664 
939 181 22 29 0.03921953 
186 21 21 24 0.039141297 
578 3 29 31 0.038908888 
205 148 23 28 0.03872748 
456 147 23 30 0.03864498 
973 101 23 30 0.03835993 
923 231 21 28 0.03834173 
387 108 23 28 0.038275126 
442 306 28 36 0.03745382 
159 453 23 33 0.03727148 
74 131 22 27 0.036759146 
182 277 22 28 0.03674131 
190 329 20 26 0.03664355 
387 143 22 29 0.036545258 
552 39 46 57 0.036370028 
941 433 21 26 0.03632151 
972 116 38 53 0.036168694 
819 310 22 28 0.0360235 
260 145 21 27 0.035808086 
384 185 23 28 0.03572581 
133 186 20 24 0.03564928 
746 70 25 33 0.03563168 
326 385 24 31 0.035519283 
313 148 22 29 0.035231438 
438 5 24 27 0.035151437 
314 130 22 28 0.035118923 
133 199 20 25 0.034785643 
145 255 21 27 0.03476335 
255 398 24 30 0.03444275 
507 505 29 35 0.03439544 
148 73 22 28 0.034300596 
800 180 25 32 0.034142826 
562 129 26 31 0.03385602 
901 23 22 27 0.033783108 
992 440 18 26 0.0334824 
205 276 22 28 0.033362944 
384 272 24 31 0.033176772 
329 275 25 31 0.03317613 
75 275 24 31 0.03301766 
457 277 24 30 0.03292475 
259 108 22 27 0.03290261 
764 17 23 28 0.032867283 
183 388 21 26 0.03277248 
258 73 20 25 0.03276901 
796 142 27 34 0.032606013 
897 4 21 25 0.032504853 
863 95 38 44 0.032488316 
925 269 28 36 0.03217431 
848 287 23 28 0.03170501 
311 20 23 25 0.031616915 
34 434 21 28 0.031426612 
131 236 22 27 0.03137839 
20 330 21 26 0.031373303 
800 52 24 31 0.031348366 
982 309 21 28 0.03118675 
21 21 18 23 0.031077256 
315 256 22 28 0.030988628 
493 3 23 24 0.030970206 
990 14 22 31 0.03096786 
329 402 26 33 0.030958261 
454 5 26 28 0.030763695 
550 298 53 67 0.030457428 
133 105 22 26 0.030249432 
366 555 41 50 0.030144094 
203 20 21 24 0.030118544 
157 429 25 33 0.029901724 
48 411 22 30 0.02988364 
151 201 20 26 0.029595958 
567 255 25 32 0.029544797 
364 76 18 24 0.02951014 
59 200 21 27 0.02945711 
183 430 28 37 0.029430866 
610 283 23 33 0.029339917 
992 198 19 27 0.029328682 
870 260 23 30 0.029326003 
803 170 44 55 0.029176725 
21 235 21 26 0.029094817 
563 146 26 32 0.029041948 
185 259 22 27 0.029028123 
366 105 19 24 0.028857753 
896 155 22 28 0.028768053 
311 5 22 25 0.02870769 
205 479 21 28 0.028685799 
407 3 18 21 0.02861963 
494 72 23 29 0.02857758 
273 127 20 26 0.028564004 
454 132 23 28 0.028501144 
579 18 28 31 0.028402353 
5 236 21 30 0.028376134 
946 4 20 23 0.02837214 
540 1 26 27 0.028307332 
939 257 24 31 0.028101267 
888 242 47 59 0.028041253 
378 482 43 50 0.028016042 
993 143 21 29 0.02798473 
493 21 23 26 0.027965195 
941 275 24 31 0.027954511 
25 105 21 26 0.027893486 
274 5 19 23 0.027707571 
771 584 25 28 0.02767247 
438 275 26 32 0.027580487 
916 169 44 60 0.027538935 
710 6 26 31 0.027528893 
923 119 46 57 0.027461475 
130 307 20 25 0.027458554 
394 448 36 45 0.027413618 
205 408 26 33 0.027405253 
941 25 19 24 0.027390921 
912 244 46 57 0.027368248 
76 145 24 29 0.027353719 
623 18 23 29 0.02730295 
499 45 38 47 0.02723324 
132 146 21 27 0.027193874 
980 325 21 29 0.02718931 
921 440 19 24 0.027188787 
33 456 23 30 0.027066974 
619 68 25 33 0.02696266 
10 2 21 27 0.026839739 
407 103 21 27 0.026836371 
257 185 21 26 0.026819177 
75 385 20 24 0.026776524 
876 221 22 30 0.02677015 
58 150 21 27 0.026575759 
280 106 20 25 0.0265491 
134 379 23 28 0.026544064 
993 235 21 29 0.02652076 
849 179 21 30 0.026398487 
28 405 20 26 0.02622817 
59 327 20 27 0.02605875 
483 302 25 34 0.025916133 
276 330 22 28 0.025712792 
60 183 20 26 0.025655791 
134 73 21 27 0.025546899 
759 5 23 28 0.025530241 
531 295 38 51 0.025506161 
331 21 24 26 0.025443394 
873 275 23 28 0.025426865 
384 398 24 33 0.025414936 
311 311 43 54 0.025362844 
272 381 21 28 0.02533356 
314 99 20 25 0.025057347 
2 451 23 30 0.024949403 
185 5 21 24 0.024936328 
981 144 22 31 0.024923561 
101 130 20 25 0.024806857 
250 475 38 45 0.024764014 
367 126 20 25 0.02459116 
981 230 21 29 0.024461417 
237 103 19 25 0.024256025 
591 281 26 33 0.024253698 
851 226 21 26 0.024187524 
440 97 21 27 0.024170388 
106 302 20 27 0.023993539 
311 279 23 30 0.023968615 
966 -3 41 55 0.023926554 
185 130 21 27 0.02390954 
638 119 39 49 0.023857765 
276 203 21 26 0.023828216 
938 73 22 29 0.02372493 
438 228 22 28 0.02360777 
314 226 21 26 0.023509156 
232 154 20 26 0.023408247 
900 583 24 28 0.023378799 
363 450 33 43 0.023352202 
23 148 18 23 0.023334093 
438 402 25 33 0.023226094 
510 142 23 30 0.02318379 
847 119 35 43 0.02315871 
802 40 45 57 0.023139233 
368 374 33 42 0.023111884 
234 282 21 28 0.023090847 
367 253 21 28 0.023083176 
55 301 50 64 0.023026232 
458 404 34 47 0.023011714 
3 439 22 29 0.023001269 
194 464 36 49 0.022990717 
852 70 25 32 0.0229126 
901 300 22 29 0.022907441 
5 363 21 29 0.022905568 
899 53 21 27 0.022855146 
21 73 22 28 0.022804102 
150 429 58 72 0.022668712 
238 360 21 27 0.022579651 
277 232 23 27 0.022549847 
794 -2 52 57 0.022496456 
363 281 22 29 0.02247199 
233 77 19 24 0.022441681 
922 300 23 29 0.022439675 
871 52 24 29 0.022245876 
254 438 26 31 0.022170521 
564 276 27 33 0.022108793 
849 -2 44 53 0.022067463 
446 293 64 74 0.02205942 
314 354 21 28 0.022056494 
621 55 24 30 0.022048574 
102 151 21 27 0.022024201 
617 300 20 27 0.021991035 
61 129 20 25 0.021985415 
507 488 29 35 0.021930862 
365 230 22 29 0.021914337 
387 56 20 23 0.0216784 
228 3 19 21 0.021648394 
14 3 32 38 0.021604525 
107 356 19 26 0.021592963 
221 436 53 68 0.021583444 
361 3 20 22 0.021570822 
231 26 18 21 0.021537669 
150 102 22 27 0.021534994 
407 24 19 22 0.021504313 
635 71 24 32 0.021498667 
203 7 22 24 0.02148613 
204 385 22 28 0.021479385 
36 406 61 82 0.021325177 
129 96 35 44 0.021266636 
981 377 21 29 0.021220094 
498 -3 49 54 0.021210436 
745 50 24 31 0.021166096 
341 524 65 73 0.021027029 
233 409 22 30 0.021006718 
457 258 22 29 0.02100384 
812 255 24 30 0.020949943 
184 513 22 29 0.020804478 
239 378 32 40 0.020790325 
848 60 50 58 0.020777225 
865 305 21 26 0.020702787 
152 279 20 26 0.02068206 
11 21 21 27 0.020554962 
311 405 24 31 0.02052244 
493 180 20 25 0.02029093 
149 378 23 28 0.020284755 
332 225 21 27 0.020202879 
248 370 42 51 0.020177722 
237 232 21 26 0.020114573 
52 383 20 26 0.020036658 
406 75 20 26 0.020029655 
766 196 25 32 0.020025348 
