28_Sports_Fan_Sports_Fan_28_723
28
297 24 416 458 0.99990654 
16 301 163 244 0.2278172 
798 223 112 123 0.082972884 
791 110 147 150 0.050499372 
895 215 114 164 0.048686333 
71 362 161 207 0.04626814 
761 100 212 266 0.04538269 
829 176 108 122 0.03542178 
79 366 85 101 0.033512358 
814 105 80 81 0.03255787 
741 -8 80 81 0.029786421 
706 -8 77 87 0.029605249 
884 11 111 106 0.02759031 
825 23 161 139 0.026282627 
767 11 79 91 0.026084343 
167 276 58 81 0.025206601 
0 379 79 152 0.024916545 
35 0 35 39 0.023787323 
824 33 83 88 0.023562713 
760 65 132 155 0.023238933 
842 72 82 80 0.023217496 
798 81 70 80 0.022920618 
196 5 291 361 0.022228697 
569 129 80 93 0.022022085 
832 122 84 93 0.021312756 
66 402 96 123 0.021121629 
736 278 322 376 0.020244569 
868 49 74 81 0.02005485 
