28_Sports_Fan_Sports_Fan_28_877
17
744 76 117 156 0.99933016 
228 215 342 293 0.070236035 
432 334 105 86 0.038011163 
750 736 349 369 0.034606397 
235 104 308 272 0.03459272 
17 270 114 148 0.03046672 
582 528 680 741 0.03003238 
457 326 59 71 0.029384267 
-139 631 525 553 0.027487628 
435 385 24 30 0.026874864 
353 360 193 130 0.026138667 
662 259 82 90 0.02264781 
452 365 47 56 0.02238131 
339 284 326 285 0.022097023 
96 143 594 604 0.02117294 
330 126 108 105 0.020882772 
48 305 135 129 0.020655671 
