28_Sports_Fan_Sports_Fan_28_198
23
840 312 80 112 0.9950275 
327 216 82 109 0.9937196 
727 332 75 98 0.9754649 
473 156 88 104 0.076904096 
687 354 55 74 0.05645976 
539 414 58 74 0.049321473 
627 492 117 138 0.03890585 
642 361 50 65 0.037641734 
519 1286 39 44 0.028294088 
105 1322 37 42 0.026779743 
714 353 52 71 0.025702795 
760 200 87 103 0.0255455 
683 336 38 52 0.02519539 
514 174 68 84 0.02462977 
564 96 79 100 0.023145506 
275 645 105 126 0.022655364 
140 123 93 120 0.022283474 
276 721 57 70 0.021278344 
258 612 92 120 0.02107423 
270 478 204 254 0.021049773 
506 405 80 103 0.020587692 
471 757 61 79 0.020492086 
107 792 30 37 0.02035862 
