28_Sports_Fan_Sports_Fan_28_989
49
457 107 128 181 0.9998184 
48 225 99 112 0.9751745 
625 86 127 192 0.17155218 
859 37 76 92 0.113134444 
126 114 91 99 0.07411532 
954 60 57 90 0.06281399 
143 239 84 105 0.059513684 
714 57 69 103 0.047620356 
216 71 119 147 0.03767831 
140 185 91 110 0.036641642 
406 35 94 94 0.03485461 
395 475 103 106 0.03224469 
295 628 67 67 0.031367328 
203 498 77 87 0.031228833 
676 61 112 155 0.03072048 
896 54 73 90 0.029998345 
743 527 352 369 0.029340362 
728 4 72 69 0.028688118 
776 116 80 100 0.027918426 
101 49 146 148 0.026452767 
725 28 109 133 0.026282903 
805 45 66 80 0.026022816 
34 625 51 55 0.02576151 
54 577 64 77 0.025700899 
749 -6 52 47 0.025041921 
835 58 71 85 0.024854816 
568 304 684 738 0.02453157 
991 -2 25 31 0.023875445 
821 -10 136 153 0.023366341 
854 635 50 58 0.02321924 
598 -8 49 42 0.023159245 
-215 313 708 738 0.023115382 
135 476 58 77 0.022988332 
44 638 30 34 0.02289737 
195 125 95 105 0.02272145 
172 504 65 80 0.02252823 
71 178 83 107 0.02251745 
95 59 75 90 0.022311071 
718 184 127 166 0.02203826 
742 82 88 119 0.021906337 
102 166 65 88 0.021678252 
912 -6 47 40 0.021666983 
216 514 127 129 0.021279957 
-60 529 351 350 0.02126306 
750 36 50 58 0.020923894 
240 121 121 134 0.020592798 
52 461 77 111 0.020543613 
726 111 126 166 0.02030112 
793 51 148 181 0.020075127 
