24_Soldier_Firing_Soldier_Firing_24_368
75
367 154 149 178 0.6260633 
438 320 81 86 0.22414784 
401 241 129 161 0.15082099 
793 513 34 39 0.08658141 
392 177 89 91 0.065644465 
932 57 70 94 0.063188836 
979 376 23 32 0.06165197 
839 442 47 57 0.058470376 
811 401 32 34 0.049011048 
806 418 67 83 0.04508381 
852 437 26 34 0.04328379 
280 193 236 263 0.03768342 
774 84 82 107 0.03719087 
811 384 32 34 0.037035637 
864 224 42 50 0.035748933 
921 379 25 32 0.03547744 
618 48 76 90 0.03452311 
790 395 69 76 0.03371189 
422 197 90 117 0.03349506 
820 452 30 37 0.0329559 
562 221 45 57 0.032743495 
847 409 22 26 0.031797636 
846 513 28 34 0.030921316 
862 454 30 39 0.030877866 
188 224 164 174 0.030072687 
810 429 32 36 0.02999605 
865 438 24 32 0.028081562 
801 343 70 74 0.027157502 
228 181 96 103 0.027137766 
450 197 124 169 0.02709404 
977 362 22 31 0.026952917 
73 101 43 59 0.026034484 
847 359 24 30 0.026007548 
605 292 80 93 0.025830083 
829 406 48 56 0.025761679 
868 409 21 26 0.025499456 
489 98 74 96 0.02504367 
524 97 68 91 0.02496926 
392 282 81 108 0.024737889 
671 22 76 81 0.024442183 
937 400 39 51 0.024283811 
944 32 54 67 0.02363731 
889 180 94 108 0.023233157 
800 404 29 32 0.023222577 
842 377 24 28 0.02314854 
768 473 83 103 0.023026131 
790 371 124 165 0.022969898 
478 144 64 85 0.022773186 
788 129 79 93 0.022749316 
435 164 88 95 0.022550922 
329 125 80 107 0.022256728 
827 141 70 88 0.02200919 
783 77 58 69 0.021944579 
844 470 31 39 0.02183742 
337 380 107 114 0.021681702 
748 116 84 107 0.021516733 
823 91 70 91 0.021463564 
228 309 107 125 0.021316886 
250 -12 79 83 0.021016587 
285 318 104 119 0.0209019 
799 120 53 63 0.020898037 
794 305 76 85 0.020878097 
566 189 60 73 0.020834668 
821 360 26 29 0.02083402 
486 188 76 91 0.020827 
580 87 82 95 0.020812398 
923 353 23 31 0.020761045 
586 226 32 43 0.020657264 
585 234 110 138 0.020580316 
753 230 81 93 0.020485416 
113 248 79 103 0.020455137 
797 384 31 34 0.020297987 
358 143 93 103 0.020238142 
843 395 62 79 0.020143889 
284 386 102 108 0.020028412 
