24_Soldier_Firing_Soldier_Firing_24_901
39
103 237 85 100 0.9985038 
932 172 76 102 0.9927247 
679 141 89 108 0.9841876 
444 82 125 139 0.9091841 
845 232 68 75 0.8963478 
817 589 48 68 0.2687737 
483 147 89 116 0.087414704 
203 588 22 29 0.05314122 
455 181 86 96 0.050220434 
516 204 58 85 0.045891132 
205 195 28 43 0.04191005 
530 165 65 95 0.03691833 
564 148 72 103 0.036173157 
763 225 30 41 0.036116794 
707 180 73 95 0.034156006 
526 117 78 109 0.03412235 
54 487 182 231 0.033090837 
683 207 76 91 0.03288958 
0 175 21 34 0.031792384 
901 201 79 95 0.028559612 
77 381 157 171 0.028263792 
20 558 20 27 0.027446633 
421 273 134 160 0.027250381 
641 193 60 77 0.026976012 
733 151 67 88 0.025516296 
186 589 22 28 0.025360363 
759 188 46 63 0.02527686 
770 201 29 38 0.024758728 
236 0 27 27 0.023492437 
175 170 24 36 0.023462618 
592 160 70 97 0.023006793 
481 59 81 89 0.022889765 
0 3 26 32 0.022631695 
182 155 23 33 0.022463612 
931 93 42 50 0.022227842 
483 244 74 97 0.021923764 
0 707 25 42 0.021556595 
173 255 65 86 0.020766597 
751 237 43 56 0.020175569 
