24_Soldier_Firing_Soldier_Firing_24_329
21
618 396 57 70 0.6845181 
878 182 137 208 0.49696374 
868 314 123 133 0.4707431 
649 393 54 63 0.11529949 
681 398 36 47 0.048277352 
667 382 31 37 0.04728527 
647 426 54 65 0.03906643 
676 439 48 58 0.032636955 
904 203 99 114 0.030128196 
884 357 76 79 0.030091977 
670 409 51 59 0.028951788 
682 384 30 38 0.02506563 
777 402 42 48 0.024125397 
552 395 44 53 0.023465458 
764 407 25 30 0.022431558 
638 356 80 88 0.021675162 
731 382 61 73 0.021479318 
709 348 77 90 0.020856624 
900 313 62 70 0.02031683 
728 370 46 53 0.020273473 
609 379 48 60 0.020138005 
