24_Soldier_Firing_Soldier_Firing_24_904
71
306 -9 425 397 0.9350785 
272 26 231 236 0.32094452 
298 37 148 145 0.28912625 
517 18 157 162 0.123046964 
220 413 162 146 0.102618106 
452 15 48 50 0.080019414 
429 87 149 169 0.06531724 
495 427 200 157 0.059638772 
345 418 88 78 0.046126544 
469 416 61 76 0.045535184 
294 400 102 96 0.04269212 
410 298 41 50 0.041813694 
453 417 130 144 0.03951509 
510 378 93 103 0.039403114 
322 70 87 79 0.037343442 
525 326 71 82 0.036845405 
390 108 109 120 0.036689024 
563 459 204 143 0.03580631 
485 253 47 55 0.035697456 
438 87 79 108 0.03471058 
476 124 79 97 0.034597952 
534 47 94 100 0.03447867 
272 379 88 91 0.033234943 
96 392 197 184 0.032865603 
370 64 83 93 0.032660205 
399 276 43 53 0.032457918 
597 338 80 91 0.031996142 
598 -7 254 331 0.031413592 
401 288 79 85 0.031327005 
491 320 136 137 0.03127486 
480 203 31 39 0.030221265 
445 94 333 404 0.029866064 
319 411 157 142 0.029148592 
390 -4 91 91 0.028543647 
470 193 52 62 0.028150117 
498 339 74 90 0.027700607 
520 420 112 101 0.02702658 
607 375 81 89 0.026684606 
447 156 96 118 0.026345199 
312 391 63 64 0.026272753 
329 369 81 82 0.026165772 
685 24 131 181 0.026008667 
251 295 40 51 0.025975076 
361 317 39 49 0.025274755 
379 302 37 47 0.024780087 
460 34 33 42 0.024458596 
257 270 40 50 0.02393565 
741 104 327 395 0.023885772 
395 332 62 77 0.023707332 
426 311 41 53 0.023514345 
487 323 26 34 0.023196671 
578 399 93 90 0.022967067 
473 96 189 220 0.0229163 
439 310 56 71 0.022837982 
593 14 149 172 0.022642134 
478 329 64 84 0.022387963 
542 368 59 68 0.02228253 
488 306 26 32 0.022054838 
501 162 76 87 0.021855693 
-12 432 98 147 0.021365846 
253 322 29 39 0.021328498 
562 361 80 85 0.021268167 
344 293 87 89 0.021246608 
371 519 107 103 0.0210138 
549 473 101 98 0.020994464 
485 65 111 126 0.020908155 
263 314 56 68 0.020555845 
528 121 84 96 0.020541655 
457 209 91 102 0.020457167 
438 -4 88 87 0.020242184 
264 339 62 73 0.020002058 
