24_Soldier_Firing_Soldier_Firing_24_405
148
337 376 67 90 0.9608957 
482 835 98 152 0.08177633 
722 733 566 644 0.07924752 
267 417 40 49 0.07652299 
579 378 32 41 0.07127879 
236 447 42 54 0.07118198 
669 993 196 198 0.066809796 
659 355 37 44 0.06075401 
776 1064 552 584 0.056527838 
534 341 798 930 0.055142663 
166 335 34 43 0.05380798 
255 447 42 52 0.05238232 
544 492 39 48 0.05228983 
527 420 55 69 0.051286153 
992 384 30 44 0.04998924 
851 583 55 69 0.048414085 
535 442 56 72 0.047982536 
726 490 33 42 0.045412634 
415 707 1102 1149 0.04401893 
660 825 69 97 0.0430134 
532 814 98 157 0.04109366 
568 501 33 42 0.040983777 
685 538 35 44 0.038838178 
244 314 32 38 0.038376756 
310 309 32 40 0.03830179 
313 852 250 308 0.037770737 
705 1084 140 155 0.03761395 
635 868 212 236 0.03741719 
752 1042 112 130 0.03710141 
920 427 34 40 0.03708829 
896 428 33 42 0.036966737 
364 785 369 456 0.03678513 
644 818 123 144 0.03628451 
51 276 30 37 0.03622588 
233 423 76 97 0.036019612 
703 493 32 41 0.035905316 
572 422 51 63 0.035579935 
185 230 33 40 0.035095427 
713 718 114 121 0.03508634 
240 496 35 46 0.03491371 
584 778 88 109 0.034030262 
577 448 34 41 0.033867087 
772 388 29 35 0.033600613 
618 537 31 39 0.03332717 
626 787 88 113 0.03314876 
268 150 33 40 0.033009194 
331 411 67 89 0.03224706 
531 835 366 429 0.0319623 
1 424 32 45 0.031910222 
814 200 32 38 0.0313154 
259 774 40 48 0.030646585 
810 532 31 37 0.030636666 
273 389 37 49 0.030195476 
894 451 31 40 0.03011848 
765 197 516 621 0.029493012 
531 302 35 43 0.02932895 
670 155 27 32 0.028814755 
600 590 409 533 0.028646737 
763 897 69 83 0.028099677 
421 764 232 294 0.02808144 
544 541 34 42 0.027995482 
537 470 79 99 0.027899204 
676 788 191 229 0.027747111 
786 778 65 79 0.027682886 
809 575 30 37 0.027260413 
896 500 30 37 0.027138341 
590 810 109 144 0.02711282 
784 -121 515 596 0.027095448 
355 1202 104 107 0.027028294 
550 754 96 117 0.026890734 
183 344 33 44 0.026698256 
769 494 36 43 0.026369683 
609 522 53 67 0.02630406 
854 464 29 37 0.02598446 
580 1018 248 276 0.025473965 
664 545 32 41 0.025446268 
905 415 55 64 0.025341472 
918 499 31 37 0.024986876 
674 743 118 136 0.024927668 
394 862 128 135 0.024915613 
116 196 31 37 0.024874669 
576 535 31 39 0.024494305 
620 503 30 38 0.024451816 
592 648 184 212 0.024343189 
705 537 251 329 0.02425441 
797 988 109 160 0.024222093 
511 307 33 42 0.02408622 
223 501 90 116 0.02407907 
700 916 105 128 0.024000224 
623 354 34 42 0.023991793 
686 967 134 147 0.023689782 
233 302 51 64 0.023561802 
494 434 57 78 0.02350777 
170 230 30 36 0.023460722 
221 458 84 108 0.023388213 
240 518 54 70 0.023302319 
895 314 28 34 0.023163922 
295 974 219 251 0.022747828 
540 381 34 42 0.022685448 
258 500 37 48 0.022677826 
536 562 36 46 0.022571914 
466 439 53 73 0.022461131 
575 150 28 35 0.022407541 
780 744 75 81 0.022352444 
918 451 32 37 0.02232639 
352 975 433 490 0.022274248 
593 503 89 108 0.022259636 
822 424 26 31 0.022151293 
263 313 29 37 0.021930574 
681 543 58 74 0.021929972 
373 948 156 155 0.02191405 
802 187 56 67 0.021874575 
535 199 32 40 0.02186677 
811 499 32 42 0.021853214 
162 415 35 43 0.021852711 
345 560 745 906 0.021766193 
246 531 31 39 0.02175353 
734 684 79 86 0.021734674 
498 625 60 85 0.021719238 
718 1164 116 127 0.021560613 
750 439 112 137 0.021518905 
345 898 122 139 0.021518767 
995 463 26 37 0.021499783 
774 534 32 39 0.02141285 
702 835 93 124 0.021399079 
8 353 29 40 0.02126293 
310 342 36 46 0.02122504 
389 1486 34 41 0.02120998 
826 648 117 140 0.021206865 
967 373 52 68 0.021191996 
420 345 33 43 0.021122258 
680 466 80 96 0.021062855 
189 494 31 40 0.02091201 
808 385 26 32 0.020908572 
367 381 48 66 0.020814741 
261 535 33 45 0.020765126 
663 685 113 122 0.02071169 
853 259 30 37 0.02066776 
639 513 83 103 0.020572973 
888 393 29 34 0.020371648 
631 470 197 228 0.020358974 
216 760 97 113 0.020232618 
850 497 29 38 0.020127857 
161 312 33 42 0.020125365 
720 584 65 76 0.020113012 
506 500 38 48 0.020087188 
115 526 33 43 0.020074591 
777 313 31 38 0.020063015 
