24_Soldier_Firing_Soldier_Firing_24_281
31
203 747 24 28 0.041142136 
584 507 24 29 0.039489683 
583 738 22 27 0.03405931 
776 150 180 195 0.03366945 
134 441 22 28 0.030294308 
352 711 32 38 0.030163601 
376 560 28 37 0.030033935 
58 458 20 25 0.028630143 
277 479 23 27 0.027958559 
42 571 44 66 0.02786921 
483 734 22 28 0.027863178 
175 336 20 25 0.026511863 
72 797 24 31 0.025586188 
749 736 351 367 0.02502095 
206 692 22 27 0.024419094 
749 134 43 57 0.023898838 
437 655 25 31 0.023772446 
536 106 64 88 0.02350378 
557 536 26 30 0.022915835 
790 491 20 25 0.022816638 
-193 508 702 736 0.021655034 
300 138 321 365 0.0216472 
843 408 20 25 0.021293985 
-61 714 365 373 0.020910837 
541 664 21 25 0.020876478 
922 540 22 26 0.020820815 
545 534 24 29 0.020809041 
385 302 21 26 0.020703597 
777 253 181 197 0.02052793 
576 532 675 723 0.020356534 
515 560 21 27 0.020272965 
