24_Soldier_Firing_Soldier_Firing_24_540
125
153 703 101 109 0.8445239 
449 684 58 73 0.2662817 
406 795 50 62 0.22770548 
304 825 60 71 0.20995785 
120 660 37 44 0.20151581 
627 804 31 41 0.13224395 
72 719 63 78 0.12336576 
660 874 32 41 0.1166469 
701 944 38 49 0.10678364 
740 1048 33 42 0.09592087 
665 855 30 39 0.0839404 
478 679 59 72 0.07614892 
417 768 43 53 0.07238826 
186 683 57 66 0.06928421 
644 1099 43 52 0.06708836 
487 619 40 50 0.06489127 
702 992 36 45 0.053654432 
67 720 114 130 0.05362821 
488 988 39 49 0.05344787 
645 804 29 38 0.05224582 
727 1053 54 76 0.050431527 
728 1099 56 83 0.04756166 
85 679 122 127 0.04755104 
50 773 87 127 0.04672998 
466 967 33 43 0.04478295 
524 1208 104 118 0.04457717 
616 841 28 39 0.044312045 
340 809 41 54 0.043698326 
588 1044 32 41 0.042813744 
811 1104 526 559 0.04185181 
662 1024 33 40 0.041430797 
463 1063 35 45 0.038553126 
684 873 29 37 0.038518213 
470 1038 35 45 0.036419973 
658 1005 32 42 0.035895016 
419 1001 35 45 0.03589114 
814 786 503 579 0.035408188 
484 1019 58 70 0.035399355 
460 610 54 67 0.035289813 
124 836 107 131 0.034654666 
681 854 28 36 0.034544032 
571 1057 54 68 0.034477636 
584 843 33 43 0.034187708 
812 -131 524 580 0.034183905 
115 680 41 47 0.033963185 
685 44 761 849 0.033499535 
677 924 74 91 0.033301584 
686 1063 32 41 0.03305397 
723 1000 30 40 0.033042453 
254 1036 109 135 0.032636352 
99 749 52 63 0.03175669 
474 631 57 76 0.031660147 
68 827 45 58 0.031383913 
809 491 510 572 0.031121789 
718 953 31 41 0.031097937 
384 761 91 108 0.029946987 
532 805 1037 1109 0.029521592 
688 1039 31 38 0.029404268 
488 1053 64 75 0.029350298 
426 911 36 46 0.029155133 
493 969 36 44 0.028922088 
377 908 36 49 0.02880728 
497 795 40 54 0.028676007 
102 677 69 84 0.028632585 
254 877 74 85 0.028533746 
425 960 34 44 0.02826877 
116 739 112 137 0.027835239 
80 697 39 50 0.027753942 
99 726 49 58 0.027744327 
528 1033 35 45 0.027494818 
433 687 42 53 0.027332364 
387 774 44 55 0.02717741 
421 1021 35 43 0.027162211 
688 1064 96 138 0.026564514 
96 766 71 99 0.026477743 
376 811 60 76 0.026296316 
709 986 48 66 0.025753858 
672 1056 59 74 0.025536127 
585 912 36 46 0.025350556 
566 1109 41 54 0.02527006 
513 1066 61 74 0.02517994 
9 1309 33 43 0.025171462 
455 968 104 124 0.025018193 
578 989 50 64 0.02483936 
454 801 40 50 0.024819883 
639 853 77 93 0.024521364 
482 1201 94 118 0.024293317 
46 1427 72 79 0.02426797 
651 1080 40 49 0.023733933 
465 1114 36 45 0.023699475 
621 1055 104 132 0.02366359 
453 1086 89 108 0.023643337 
557 1136 70 85 0.02362053 
424 884 37 50 0.023589352 
130 817 75 98 0.023493914 
563 1232 100 115 0.023488184 
457 1040 111 120 0.02341929 
51 814 107 147 0.023308108 
271 828 63 76 0.023196569 
587 1001 30 38 0.022669632 
610 832 47 64 0.022640249 
520 1153 115 127 0.022468496 
672 867 48 64 0.022268943 
271 904 71 77 0.022138577 
605 1042 32 40 0.022125412 
654 1020 52 65 0.021902567 
245 949 119 139 0.021887084 
126 891 120 135 0.021837162 
487 1120 67 81 0.021703659 
687 808 28 38 0.021694465 
625 886 28 36 0.021684432 
182 761 96 108 0.02151924 
619 774 31 41 0.021485237 
195 662 38 46 0.021414924 
533 1004 31 38 0.021373883 
654 774 30 38 0.02125365 
201 875 125 130 0.021205595 
578 889 34 43 0.021181822 
346 902 57 70 0.020922873 
456 1180 38 51 0.020726837 
103 881 77 97 0.020407172 
526 1095 65 75 0.020319145 
510 1054 112 124 0.020265613 
429 713 58 72 0.020259574 
382 961 36 47 0.020241173 
