24_Soldier_Firing_Soldier_Firing_24_702
101
171 63 55 65 0.977513 
828 86 40 51 0.96945 
643 115 26 32 0.29149005 
725 252 56 64 0.2434224 
25 390 23 27 0.13960524 
286 280 29 34 0.1341165 
270 129 31 37 0.10691115 
388 169 22 27 0.09555115 
669 223 36 45 0.06712766 
490 309 22 30 0.066601776 
410 163 20 25 0.0572336 
204 460 20 26 0.05317259 
713 179 27 34 0.050447702 
913 277 27 34 0.048624285 
112 382 21 26 0.047854446 
704 189 38 49 0.0446079 
641 147 25 32 0.037921987 
705 267 66 82 0.037823405 
791 142 34 45 0.036735993 
632 106 44 53 0.035874113 
560 273 25 34 0.035612 
186 458 21 25 0.03519438 
9 362 21 25 0.034918293 
396 161 32 41 0.034097787 
285 296 28 32 0.033581458 
20 364 20 23 0.03335655 
818 110 32 40 0.033151023 
674 237 38 50 0.032624505 
150 1 24 27 0.032069936 
771 151 24 30 0.031788982 
761 177 23 30 0.031661414 
729 184 54 68 0.031098599 
510 305 23 29 0.030469751 
74 418 21 26 0.030093286 
460 313 20 28 0.02926155 
767 335 24 30 0.02845338 
266 463 21 27 0.028085211 
748 175 23 31 0.02765201 
278 268 49 59 0.027420796 
280 381 23 30 0.0271933 
108 416 20 26 0.02713593 
153 409 19 24 0.027084691 
251 125 56 65 0.02641519 
657 123 23 30 0.026176736 
440 304 24 29 0.026083583 
817 3 27 29 0.025856854 
280 324 25 32 0.025715796 
536 251 39 45 0.025624037 
206 439 18 22 0.025391351 
544 378 48 51 0.025352368 
590 267 41 51 0.02527268 
58 414 20 26 0.025246413 
127 124 36 46 0.025218735 
741 265 67 79 0.02509138 
484 323 23 31 0.024798661 
310 325 26 31 0.024741495 
76 390 18 22 0.024634138 
280 362 23 28 0.024259226 
474 347 36 49 0.024211112 
405 330 25 32 0.024149837 
316 492 21 24 0.02393263 
202 509 20 24 0.023901086 
51 390 18 23 0.023488872 
608 171 36 44 0.023303194 
362 357 25 31 0.023197325 
184 440 19 23 0.023151187 
745 165 51 63 0.022989657 
366 235 49 57 0.02296365 
412 141 300 352 0.02287191 
186 530 24 30 0.022813901 
205 485 19 23 0.022693506 
467 323 20 28 0.022430658 
723 213 61 74 0.02236534 
287 510 19 24 0.022362826 
626 128 52 66 0.022296304 
105 514 23 26 0.022226047 
362 180 60 72 0.022113053 
380 355 25 30 0.021989021 
19 393 35 41 0.021737475 
188 513 20 23 0.021735247 
640 74 19 24 0.021579752 
659 137 34 45 0.021445429 
371 157 53 63 0.021416005 
469 357 25 33 0.02138143 
96 4 25 30 0.02130019 
636 177 22 29 0.021215905 
703 368 43 53 0.021004345 
253 284 23 27 0.020783426 
435 175 20 26 0.02070767 
124 434 18 22 0.02069225 
360 134 21 26 0.020653587 
390 334 23 27 0.020635864 
408 407 26 32 0.020593163 
362 149 20 26 0.020389354 
313 464 19 24 0.020362945 
692 3 23 27 0.020330217 
255 307 22 27 0.020256149 
435 159 18 22 0.020145204 
207 407 17 22 0.02013612 
665 202 24 29 0.020128956 
978 117 30 46 0.020077443 
