24_Soldier_Firing_Soldier_Firing_24_1037
50
721 75 158 213 0.20050472 
829 39 69 83 0.0495842 
825 587 26 34 0.045778297 
452 179 294 379 0.045586817 
645 479 22 27 0.044893622 
521 482 381 382 0.044402827 
884 91 61 80 0.03172261 
933 490 46 54 0.031122688 
974 473 24 32 0.03093477 
640 467 23 28 0.030883644 
53 385 548 563 0.030529913 
845 161 74 101 0.029433645 
945 501 27 32 0.029209917 
637 555 27 35 0.027647728 
338 459 374 394 0.0275359 
858 387 154 158 0.027497418 
896 512 28 38 0.027250819 
639 477 36 45 0.027141014 
-66 520 359 369 0.02670433 
913 513 50 59 0.02651303 
634 457 37 46 0.025892723 
720 -50 298 358 0.025853159 
614 515 24 30 0.025754469 
644 430 63 81 0.025365481 
863 116 78 101 0.025333393 
75 264 24 28 0.025171949 
603 525 64 82 0.024941547 
351 240 704 726 0.024262976 
836 584 26 34 0.023914186 
814 559 44 56 0.023826506 
903 450 78 102 0.023401292 
872 59 56 79 0.023078308 
670 347 195 215 0.023009442 
625 511 59 81 0.022789506 
415 27 307 387 0.022613619 
664 411 43 54 0.02222092 
769 -3 164 197 0.022128347 
649 505 62 78 0.021602783 
594 -21 288 354 0.0215985 
995 476 20 28 0.021560302 
860 69 41 61 0.021559361 
673 428 23 30 0.021342997 
615 526 27 36 0.020901294 
758 473 324 380 0.0207802 
929 538 70 75 0.020778641 
662 483 20 25 0.020719968 
518 277 312 394 0.020382117 
929 526 48 54 0.020222152 
958 624 46 54 0.020076308 
666 465 21 27 0.020002205 
