24_Soldier_Firing_Soldier_Firing_24_703
36
480 2 73 84 0.99772054 
237 49 76 96 0.99643517 
352 58 67 85 0.9639491 
632 30 76 86 0.94677633 
530 138 61 75 0.27629074 
383 197 100 120 0.1638786 
271 58 71 97 0.08563667 
363 227 70 95 0.07792933 
319 58 72 95 0.07014874 
531 114 53 67 0.058257766 
563 138 62 77 0.044771507 
709 23 81 100 0.041930486 
656 53 73 85 0.03481994 
212 84 65 94 0.03357423 
331 262 82 104 0.030984303 
668 354 69 75 0.030242696 
791 523 69 85 0.028999059 
654 54 46 55 0.028693423 
178 262 89 103 0.028334372 
416 185 83 89 0.027850892 
6 461 146 187 0.027674159 
132 207 72 91 0.027660232 
131 165 122 130 0.026888326 
199 118 45 64 0.02634191 
347 441 48 57 0.026240092 
147 137 93 94 0.025947839 
673 178 67 88 0.024212658 
469 453 81 93 0.023809446 
397 219 129 160 0.021578014 
710 -11 92 92 0.021356601 
689 59 68 82 0.021228282 
331 311 68 84 0.02086301 
122 7 93 88 0.020759808 
71 219 39 52 0.020618157 
89 218 77 98 0.020516401 
640 -3 76 81 0.02033535 
