24_Soldier_Firing_Soldier_Firing_24_633
150
883 392 48 58 0.9589908 
-1 272 28 49 0.7391695 
291 103 24 29 0.27761206 
852 429 26 33 0.25684002 
423 435 67 81 0.1461904 
943 232 29 38 0.1410825 
772 377 26 31 0.13558036 
377 502 50 67 0.12778221 
665 473 38 60 0.12209292 
823 462 25 32 0.12045281 
797 424 29 37 0.11592557 
850 409 25 33 0.115783624 
784 142 27 34 0.0995599 
812 433 24 31 0.0824594 
783 407 38 50 0.07776768 
865 399 50 63 0.069884226 
979 368 30 49 0.066428654 
352 108 22 27 0.066032805 
469 422 44 59 0.06331808 
841 398 53 68 0.063004516 
478 397 44 55 0.0624092 
369 480 103 110 0.061248094 
816 2 20 20 0.060257275 
421 469 112 127 0.05940219 
766 397 42 52 0.058790684 
824 384 23 29 0.05874011 
147 95 23 28 0.058147352 
615 443 89 121 0.057349037 
197 99 20 26 0.055770613 
840 458 24 33 0.051413383 
779 422 61 77 0.050831538 
816 407 23 30 0.05024668 
778 132 26 33 0.04971038 
489 384 28 36 0.045843992 
286 118 27 32 0.042774532 
807 436 53 67 0.042686827 
667 450 60 90 0.042469203 
975 396 32 50 0.03995603 
596 505 80 89 0.03919639 
449 447 38 52 0.03769461 
430 517 119 142 0.037271567 
188 84 19 26 0.0364084 
337 432 26 40 0.03611208 
54 1 22 23 0.035497464 
467 469 121 141 0.034852974 
785 383 24 30 0.03484509 
803 401 50 65 0.034230173 
906 400 37 47 0.03414314 
342 106 23 28 0.033893965 
567 490 83 93 0.033761177 
630 495 50 61 0.03315683 
589 484 140 175 0.03309625 
318 420 54 82 0.032980673 
338 434 56 76 0.032528624 
379 386 25 33 0.032510612 
823 365 21 26 0.03247707 
417 154 286 336 0.03199436 
745 253 22 27 0.03169609 
617 606 78 89 0.031519156 
104 10 20 21 0.03148373 
711 405 38 45 0.031465087 
491 661 65 89 0.030918393 
739 399 41 48 0.030810054 
591 449 77 89 0.030378742 
562 441 70 91 0.03030498 
468 422 105 130 0.029343603 
773 328 25 30 0.029136866 
865 232 30 36 0.028888078 
916 151 20 26 0.02862273 
842 389 23 30 0.02850043 
792 260 21 27 0.028339626 
252 103 20 25 0.028270828 
641 508 26 32 0.02809582 
688 545 87 110 0.027975753 
526 574 129 159 0.027816415 
640 526 92 109 0.02773969 
800 2 21 22 0.02737605 
402 413 70 81 0.027271831 
343 429 103 133 0.027262347 
563 5 22 25 0.026801849 
702 420 45 54 0.026751064 
608 539 83 95 0.026670653 
899 362 26 31 0.026425922 
571 540 77 79 0.026044205 
687 426 44 56 0.025743103 
583 626 84 102 0.025498759 
655 585 132 167 0.025473326 
718 581 24 29 0.025443582 
531 515 219 269 0.025442773 
938 396 38 52 0.02533403 
698 445 50 69 0.025117524 
687 457 29 42 0.02511421 
365 442 65 80 0.024994934 
516 502 143 169 0.02497038 
587 584 81 85 0.024950724 
489 535 87 113 0.024814205 
972 418 31 41 0.024735782 
715 532 118 162 0.024591895 
994 26 19 26 0.024467701 
349 475 44 56 0.024384538 
201 82 20 26 0.024363661 
746 938 27 31 0.024337644 
695 430 26 33 0.024337124 
501 421 39 53 0.024310738 
486 434 56 75 0.024256306 
394 557 158 195 0.024144005 
376 316 42 62 0.024096701 
729 457 114 150 0.023452269 
540 565 78 91 0.023309216 
390 470 63 73 0.02315664 
956 131 22 27 0.023043742 
-14 247 60 86 0.023001451 
534 649 78 102 0.022979597 
875 381 33 43 0.022880606 
682 635 68 75 0.022736598 
105 20 19 21 0.02259423 
459 444 66 85 0.022369727 
921 133 20 24 0.022233237 
836 384 37 49 0.022166196 
283 92 45 57 0.021979086 
994 201 21 28 0.021919513 
786 256 33 43 0.02183762 
344 427 35 49 0.021786835 
213 52 21 24 0.021703169 
684 690 79 94 0.02166321 
788 329 23 29 0.021611964 
797 452 26 33 0.021567082 
375 391 36 48 0.02151168 
308 82 20 23 0.021481885 
676 429 104 129 0.021461356 
339 342 246 277 0.021321453 
271 430 242 287 0.02122313 
670 133 22 27 0.020960726 
511 476 65 83 0.020939974 
456 429 37 51 0.020837553 
75 3 19 21 0.020772463 
762 372 47 57 0.020759275 
238 101 20 24 0.02071228 
350 519 90 94 0.02064065 
325 385 105 132 0.020577809 
186 120 23 28 0.02048398 
952 5 19 20 0.020461006 
284 82 21 25 0.020372681 
539 439 62 78 0.020355223 
728 404 65 74 0.020293986 
405 515 82 95 0.020249363 
775 1 19 21 0.020230904 
892 361 40 53 0.020142235 
637 529 30 39 0.020057546 
739 26 19 22 0.020041844 
