24_Soldier_Firing_Soldier_Firing_24_644
280
276 170 34 40 0.411398 
103 346 30 35 0.34160858 
210 157 22 27 0.32412216 
49 106 20 24 0.2840502 
28 863 28 34 0.21253459 
544 276 27 33 0.18271992 
457 199 22 28 0.11464862 
439 197 23 29 0.10725038 
437 400 20 26 0.10187172 
0 183 18 30 0.09901271 
795 867 24 29 0.09438547 
391 176 23 30 0.09169433 
110 149 21 26 0.090652175 
304 175 28 35 0.08871832 
282 160 27 32 0.08819679 
364 438 20 24 0.08438838 
339 124 25 30 0.08199867 
205 168 24 32 0.07951936 
461 333 27 32 0.07564435 
102 132 19 23 0.07384143 
968 889 30 34 0.07139679 
157 149 21 27 0.07135181 
280 186 32 39 0.069636494 
317 377 21 27 0.0692463 
84 102 18 23 0.06818231 
130 201 27 36 0.06816867 
139 105 19 24 0.067321494 
225 156 20 26 0.06669472 
542 260 25 29 0.066097826 
175 327 30 33 0.06533847 
231 305 20 27 0.06485581 
363 314 20 24 0.06279094 
152 131 20 24 0.06199162 
291 310 19 24 0.05727694 
101 826 23 27 0.057063572 
174 477 25 30 0.056531776 
328 182 21 27 0.05624177 
281 163 51 60 0.055018652 
313 364 22 27 0.054444388 
384 253 22 26 0.054237653 
31 210 19 27 0.05331464 
211 137 19 23 0.053018816 
397 191 34 43 0.052545786 
566 345 38 49 0.05045684 
367 282 19 23 0.0496993 
583 277 22 28 0.047905825 
179 110 18 22 0.047432274 
179 125 18 21 0.04690348 
480 331 22 29 0.046774756 
300 255 23 29 0.04616401 
169 344 43 46 0.045833144 
212 309 20 25 0.04547322 
383 278 20 25 0.045098342 
435 329 37 45 0.044984914 
125 153 20 26 0.04489101 
50 248 19 25 0.04471742 
301 190 28 34 0.044442497 
361 327 19 22 0.044333566 
227 288 20 27 0.043877482 
129 220 26 35 0.04382431 
383 326 20 24 0.043123703 
381 314 21 25 0.042861864 
289 328 20 24 0.04207309 
71 198 40 52 0.041935667 
21 75 18 22 0.04187432 
76 223 24 31 0.04151404 
138 126 20 25 0.041167397 
468 288 20 24 0.041076854 
37 105 17 22 0.040731333 
150 138 34 43 0.040634435 
459 302 22 26 0.04053461 
622 287 23 27 0.040482085 
156 174 22 26 0.04019444 
83 124 17 21 0.04017337 
457 347 26 34 0.040107448 
83 320 55 64 0.040002387 
88 197 43 53 0.039972432 
129 273 24 32 0.03958732 
327 380 20 25 0.03925509 
182 374 25 29 0.03921748 
121 165 36 45 0.039082013 
252 326 20 25 0.038831167 
438 277 18 23 0.03829443 
252 313 19 25 0.038244374 
413 284 19 24 0.0378778 
174 313 24 29 0.037823386 
76 255 20 28 0.037671864 
100 101 19 23 0.03758068 
332 437 19 24 0.037118506 
362 175 19 24 0.036545116 
331 357 19 24 0.03632976 
306 332 19 24 0.036206257 
129 256 24 32 0.036128253 
149 105 19 23 0.035861664 
228 134 18 22 0.035859432 
98 124 32 37 0.03584474 
374 550 30 37 0.03570824 
30 222 19 27 0.035702247 
78 95 31 37 0.035696693 
10 78 19 24 0.03519073 
195 331 24 28 0.034918666 
213 288 20 26 0.034883555 
149 310 63 71 0.034793854 
60 157 19 23 0.034780636 
889 890 28 33 0.034766823 
49 208 21 26 0.034720648 
144 122 35 42 0.034476843 
31 255 19 25 0.034255445 
539 402 23 29 0.034171645 
515 815 25 28 0.03400316 
185 157 18 23 0.03373151 
539 267 47 54 0.03361625 
302 311 19 24 0.033513837 
265 176 25 32 0.033408936 
339 312 17 23 0.033046197 
52 229 21 28 0.033027604 
811 120 28 35 0.032964695 
285 300 31 41 0.03291986 
28 280 19 24 0.032721456 
24 310 20 26 0.032673188 
458 402 21 27 0.03259863 
121 247 39 54 0.03237321 
517 384 23 32 0.03220488 
107 279 22 27 0.031972528 
68 240 36 48 0.03157625 
388 195 26 33 0.031342067 
409 251 21 25 0.031288207 
302 229 24 31 0.031170027 
6 331 20 28 0.031156637 
187 177 21 26 0.031118933 
205 141 49 63 0.031074595 
231 249 24 30 0.031008018 
435 258 21 26 0.03086457 
375 247 36 44 0.03078878 
490 258 19 23 0.03076855 
337 336 19 22 0.030752286 
282 217 36 47 0.030708868 
386 407 20 25 0.030586263 
376 218 39 47 0.030253502 
290 256 23 29 0.03020946 
310 459 19 23 0.030104471 
57 85 18 22 0.029946586 
403 177 22 29 0.029919628 
93 135 53 63 0.02990096 
511 355 24 31 0.029844273 
27 154 18 24 0.029807065 
517 402 23 30 0.029796215 
148 204 22 28 0.029758677 
333 293 82 101 0.029701015 
257 252 21 28 0.029657366 
160 327 27 33 0.029604405 
0 100 17 24 0.029326681 
76 327 28 36 0.02930911 
23 330 20 27 0.029268434 
486 287 19 24 0.029230678 
359 160 21 28 0.02920878 
135 98 31 39 0.02872225 
304 159 21 27 0.028713945 
260 459 19 23 0.02866917 
314 438 19 22 0.028666075 
388 161 21 28 0.028663665 
950 891 28 30 0.028578628 
114 254 57 77 0.02833326 
619 401 25 32 0.028327871 
436 228 22 28 0.028326357 
203 302 33 42 0.02822043 
462 229 21 26 0.028154058 
79 274 21 26 0.027997838 
818 885 37 40 0.027976187 
415 406 20 25 0.027974425 
256 130 18 22 0.027945396 
362 274 35 45 0.027874494 
835 888 30 35 0.027806345 
523 338 66 82 0.02763717 
873 888 28 33 0.027625652 
813 590 29 35 0.027576616 
362 414 20 23 0.027460627 
360 305 32 39 0.027433822 
359 457 22 25 0.027270239 
289 279 20 26 0.027245598 
112 188 51 65 0.026650408 
258 232 23 29 0.026286865 
356 321 32 39 0.026138412 
323 350 34 43 0.026065156 
116 133 51 63 0.026023084 
441 310 20 25 0.025982143 
150 163 34 42 0.02591281 
226 172 23 29 0.025850002 
53 118 19 25 0.02572663 
103 84 19 23 0.02565537 
24 177 18 25 0.025355663 
77 200 73 84 0.025024397 
43 236 34 43 0.024987621 
489 304 20 26 0.024885822 
261 157 22 27 0.024846615 
219 289 51 63 0.024819484 
584 302 24 29 0.02481797 
406 72 29 36 0.024720453 
335 409 19 23 0.024715727 
460 383 23 29 0.024663093 
372 320 36 39 0.024464661 
363 256 21 26 0.02439574 
55 176 20 25 0.02430634 
238 326 20 26 0.024229279 
43 201 34 46 0.024199085 
300 345 55 63 0.024144737 
468 251 20 24 0.02392556 
58 254 67 86 0.02390325 
70 232 107 129 0.023830121 
201 434 18 22 0.023802798 
80 306 24 31 0.023740172 
502 369 68 81 0.023637548 
331 228 22 31 0.023540067 
488 383 22 29 0.023487134 
916 891 26 30 0.023484945 
44 866 26 32 0.023445195 
227 201 22 29 0.023441188 
245 318 32 40 0.023367701 
94 162 41 50 0.023364278 
102 269 40 52 0.02332607 
161 310 23 29 0.023108382 
283 434 18 22 0.023079071 
373 178 52 63 0.022946391 
320 368 33 41 0.022894554 
261 186 39 47 0.022781847 
490 352 22 29 0.022739798 
283 267 34 46 0.02269614 
375 270 119 145 0.022623664 
255 169 67 81 0.022617389 
2 4 24 30 0.022573624 
540 354 25 31 0.02256625 
194 266 54 69 0.022491487 
633 287 25 27 0.022414846 
282 412 19 23 0.022263724 
351 263 61 76 0.022182759 
76 115 31 38 0.022151064 
144 131 75 85 0.022143273 
231 587 21 25 0.022133773 
403 274 34 43 0.0221303 
132 252 76 89 0.022071855 
330 196 23 31 0.022001637 
415 328 20 25 0.02196554 
563 203 25 31 0.021903954 
229 232 24 30 0.02180914 
261 443 18 21 0.021802051 
208 279 32 43 0.02176804 
380 437 18 23 0.02175619 
215 489 21 27 0.021736266 
401 219 36 44 0.021722414 
535 387 23 30 0.02172138 
338 460 20 24 0.021698937 
511 388 43 51 0.021685427 
103 836 25 27 0.021628354 
460 315 50 63 0.021509256 
413 312 19 25 0.021382662 
57 329 24 31 0.021360543 
230 413 20 25 0.021351228 
181 147 33 40 0.021326503 
252 223 37 48 0.021316797 
362 356 21 25 0.021126354 
234 308 55 65 0.021022787 
300 328 35 43 0.020922111 
360 658 193 202 0.020849094 
271 287 53 70 0.020789992 
5 276 18 25 0.020719131 
108 255 22 28 0.020709926 
232 437 18 21 0.020641478 
169 119 34 42 0.020591533 
23 61 18 21 0.020542894 
300 285 133 163 0.020542452 
399 248 35 44 0.020401234 
486 402 21 28 0.020377433 
54 149 33 40 0.02033896 
181 199 23 29 0.020238938 
303 274 21 26 0.020206857 
-2 154 19 27 0.020135086 
71 266 39 52 0.020124812 
99 241 41 55 0.020046867 
46 261 100 135 0.020039035 
72 302 44 57 0.020026328 
