24_Soldier_Firing_Soldier_Firing_24_254
29
129 78 102 112 0.48229983 
373 201 31 36 0.083237484 
4 376 42 54 0.045309637 
112 81 73 77 0.036551666 
807 308 66 77 0.034449305 
294 232 69 81 0.03024125 
157 248 23 29 0.029258603 
465 295 72 76 0.028269202 
22 220 70 93 0.02794823 
809 89 90 107 0.027104184 
212 76 59 83 0.026730146 
165 56 81 83 0.026530143 
184 231 22 30 0.025988441 
312 244 40 51 0.025478499 
178 248 20 28 0.024614254 
753 315 338 362 0.024206927 
263 322 25 33 0.023766207 
161 131 77 88 0.023351328 
212 275 58 75 0.022757059 
200 227 20 28 0.022715576 
18 236 42 59 0.022530837 
-212 117 682 729 0.022246197 
230 258 22 27 0.02189828 
68 276 97 98 0.021877605 
562 152 56 66 0.02149297 
107 301 52 59 0.020529052 
243 88 36 57 0.020368842 
591 125 656 715 0.020247055 
170 239 34 44 0.020236889 
