24_Soldier_Firing_Soldier_Firing_24_10
95
201 636 42 49 0.5861378 
178 178 38 49 0.42365277 
196 180 25 35 0.12830357 
257 220 25 32 0.10074803 
196 408 23 30 0.09088505 
250 202 36 45 0.07885259 
280 655 34 38 0.06497537 
205 565 26 33 0.06313074 
157 186 41 51 0.058660578 
250 257 25 33 0.05565979 
158 180 26 35 0.054499798 
340 250 24 31 0.053800967 
4 667 26 32 0.05046038 
378 409 21 27 0.050240885 
200 253 23 30 0.043740254 
170 201 42 55 0.04177155 
177 279 25 33 0.04119475 
362 212 23 28 0.04106599 
351 219 33 43 0.041006338 
161 156 67 75 0.039885987 
336 229 24 31 0.039371915 
231 199 39 49 0.038715452 
234 221 26 33 0.038406078 
180 255 26 34 0.037995953 
218 651 32 39 0.037799116 
288 647 50 52 0.036806308 
306 460 19 26 0.035525355 
294 586 20 29 0.035356566 
194 212 40 51 0.034515247 
201 277 23 31 0.034277998 
592 387 520 555 0.034166496 
199 388 20 26 0.034071743 
239 259 22 28 0.03363106 
381 204 20 25 0.032446314 
154 149 24 31 0.03237001 
188 177 64 74 0.03219024 
345 248 32 42 0.031396955 
186 430 22 29 0.03133637 
151 579 21 28 0.029962085 
234 434 18 25 0.029862823 
78 507 27 29 0.029233105 
93 66 36 50 0.027172636 
177 610 22 28 0.026936803 
206 158 23 29 0.026427353 
233 413 18 24 0.02633955 
236 273 22 29 0.026286192 
288 437 18 23 0.026174128 
415 302 21 24 0.026169067 
174 299 25 32 0.025892403 
182 586 21 27 0.025891863 
321 220 53 63 0.025777375 
157 406 20 24 0.025726853 
281 461 23 30 0.025136765 
939 558 28 33 0.025130153 
235 236 76 81 0.024999937 
151 438 19 23 0.024974577 
191 234 75 80 0.024288567 
819 484 26 31 0.024158617 
283 255 24 29 0.024009975 
224 171 38 52 0.023906814 
284 275 25 30 0.023841344 
177 630 44 51 0.023781369 
5 441 148 180 0.023299588 
207 309 25 31 0.023067815 
304 250 24 30 0.02295522 
5 305 20 28 0.02294438 
438 402 252 242 0.022804188 
232 173 21 29 0.02276411 
992 476 23 32 0.022756154 
96 249 41 56 0.022661405 
346 484 391 366 0.02249037 
178 394 49 64 0.022485694 
231 191 68 74 0.022427166 
989 656 28 40 0.022347203 
280 574 50 72 0.022295922 
2 607 25 34 0.022054438 
278 230 22 26 0.021990575 
276 605 76 90 0.021956356 
134 289 78 87 0.021612752 
290 410 18 23 0.021572929 
445 664 24 30 0.021566702 
306 443 17 21 0.021494852 
160 388 20 25 0.021294046 
252 438 70 90 0.020974932 
173 356 22 28 0.020881351 
299 242 41 48 0.02058717 
155 637 24 32 0.02051211 
444 615 24 32 0.02039765 
992 557 22 31 0.020358931 
184 551 68 81 0.020300923 
816 613 22 27 0.02014614 
184 538 22 27 0.020085365 
80 560 23 27 0.020084402 
254 215 54 63 0.020031631 
135 235 74 82 0.020027863 
