20_Family_Group_Family_Group_20_64
79
616 393 70 90 0.99998593 
463 319 61 77 0.9998648 
308 324 61 75 0.9997379 
758 490 69 86 0.9993463 
651 121 55 69 0.99893695 
174 305 50 64 0.99841475 
719 330 55 70 0.9981292 
489 167 52 64 0.9980919 
316 161 47 57 0.99790937 
891 309 45 57 0.9961211 
606 317 55 64 0.99357235 
179 432 51 67 0.9917596 
55 134 49 59 0.98045623 
10 377 56 63 0.97459644 
278 28 39 50 0.9672879 
150 227 45 55 0.9659313 
757 277 50 59 0.95767725 
796 55 46 56 0.9116755 
344 278 49 59 0.87204796 
247 181 42 49 0.6583358 
521 166 49 62 0.33145306 
247 437 51 70 0.19391902 
327 294 60 77 0.19298801 
580 315 53 65 0.18729445 
556 320 47 58 0.18148893 
941 343 34 45 0.1362086 
224 376 44 54 0.115052216 
838 480 45 56 0.11313441 
944 288 35 45 0.11027193 
39 457 38 52 0.10692023 
859 477 43 53 0.06816516 
366 288 46 57 0.06647906 
991 214 24 37 0.06309285 
13 302 42 52 0.06258266 
121 391 49 60 0.060293347 
150 253 46 59 0.0533365 
991 327 24 33 0.05179595 
548 171 38 48 0.04988979 
0 631 28 43 0.04666822 
611 344 59 81 0.042788018 
945 328 32 41 0.040326744 
320 450 46 56 0.040073864 
11 504 44 52 0.03985479 
757 147 39 50 0.03629271 
123 419 44 56 0.035044797 
93 615 52 65 0.034158535 
-2 255 24 39 0.033496633 
320 85 42 52 0.03341557 
95 332 43 61 0.032698777 
4 615 26 37 0.032201547 
993 247 22 33 0.0321774 
906 419 38 50 0.031194136 
741 302 55 70 0.030994548 
577 355 55 72 0.030931361 
231 100 28 35 0.03045327 
968 317 31 45 0.02855786 
148 416 52 66 0.027682329 
129 448 34 42 0.027553866 
96 199 33 42 0.026953395 
85 568 63 95 0.026013615 
213 422 62 77 0.025473908 
18 184 38 53 0.024773251 
976 209 32 48 0.024033692 
937 529 41 53 0.023538474 
843 163 37 51 0.023513848 
992 430 22 30 0.023363974 
969 495 40 60 0.022367498 
964 299 31 46 0.022328611 
841 328 39 51 0.022319667 
93 541 61 81 0.022198342 
374 311 48 62 0.02190317 
265 213 44 57 0.021822512 
-6 395 61 74 0.021670545 
894 368 42 51 0.020913327 
304 210 44 57 0.020533739 
33 130 52 72 0.020287568 
42 241 41 50 0.02023353 
124 545 41 54 0.020165179 
69 244 36 46 0.020117605 
