20_Family_Group_Family_Group_20_326
155
860 200 27 35 0.98086816 
704 223 33 40 0.96123606 
816 226 25 33 0.94227606 
633 198 33 39 0.9320589 
151 222 29 36 0.91350174 
515 250 24 34 0.79646397 
395 250 24 29 0.77996194 
224 227 23 30 0.72795194 
453 280 24 29 0.5873212 
438 240 23 28 0.36340043 
868 336 25 29 0.3590981 
804 285 26 33 0.29969165 
349 232 22 28 0.21864066 
279 247 25 30 0.21386176 
535 247 24 31 0.19713975 
392 237 22 28 0.17989616 
351 248 22 28 0.1619336 
82 210 22 29 0.122947104 
512 236 23 32 0.11831817 
285 234 25 30 0.117403395 
428 381 20 26 0.10467175 
556 251 25 31 0.09606116 
765 214 39 49 0.08261423 
492 251 21 28 0.08099759 
794 219 33 42 0.07268252 
304 247 21 27 0.07176444 
514 179 23 27 0.068542615 
263 253 21 27 0.06341991 
899 203 23 30 0.061918195 
747 411 21 26 0.05529122 
923 207 22 29 0.055120867 
187 181 21 26 0.05418154 
232 211 20 26 0.053730447 
776 73 23 30 0.0536286 
-1 210 20 29 0.05335283 
493 235 20 27 0.052114278 
512 195 23 28 0.051575784 
517 302 24 29 0.051461134 
256 232 20 27 0.05017801 
718 79 20 26 0.048039723 
923 137 19 24 0.046114266 
230 250 23 29 0.04517265 
664 226 25 32 0.044776008 
487 202 20 25 0.044429064 
418 363 21 26 0.044210948 
109 231 21 27 0.04392326 
337 204 20 26 0.043368954 
535 232 24 32 0.043288074 
516 269 24 32 0.04267087 
896 173 22 29 0.04250835 
618 249 24 31 0.042090308 
533 178 25 29 0.04201263 
0 259 20 30 0.04042442 
619 228 27 34 0.039714076 
818 210 25 32 0.039427623 
583 320 40 46 0.039337367 
976 234 26 35 0.03917603 
207 211 20 25 0.03865697 
402 235 22 27 0.038523763 
385 202 19 24 0.037530333 
170 228 24 30 0.037485037 
535 196 25 30 0.036654945 
739 155 21 26 0.034921467 
200 76 22 30 0.034702394 
802 153 20 25 0.034426063 
521 166 45 51 0.03425641 
847 184 26 33 0.03278079 
867 186 27 34 0.032769285 
810 297 25 31 0.032756735 
25 227 20 25 0.032470513 
615 383 22 27 0.032427795 
459 257 22 28 0.032391485 
359 205 20 25 0.0316543 
814 156 21 26 0.031371776 
739 175 22 28 0.031248517 
753 532 349 366 0.030465247 
284 210 21 25 0.030305818 
813 175 22 29 0.0301561 
794 274 42 52 0.02955749 
786 75 23 29 0.02948061 
873 345 26 31 0.029324718 
927 224 23 29 0.029247407 
709 210 29 36 0.028641278 
969 428 20 28 0.028376533 
772 176 22 28 0.02801479 
898 334 21 25 0.02796113 
603 321 46 51 0.027844815 
894 161 20 27 0.027749924 
469 205 19 24 0.027520174 
739 223 26 36 0.02746452 
517 348 26 33 0.027418876 
770 54 23 27 0.027148632 
262 205 19 24 0.027148245 
438 266 44 55 0.026902823 
559 231 24 30 0.026789973 
-153 418 537 560 0.026171649 
768 245 27 35 0.025764868 
993 487 19 27 0.025747016 
994 327 21 30 0.02571477 
750 103 20 27 0.025638314 
663 252 25 31 0.025545465 
806 216 44 54 0.02532327 
852 329 23 28 0.025090868 
25 210 21 26 0.025015296 
505 240 41 55 0.024968145 
430 363 21 26 0.024938595 
461 358 21 27 0.024603544 
458 233 21 26 0.024214821 
584 331 679 726 0.024173956 
539 108 19 23 0.024157863 
106 249 23 30 0.023876466 
607 369 38 45 0.0234733 
591 255 24 30 0.023376098 
387 237 41 51 0.023166465 
259 180 19 24 0.023123587 
410 207 19 24 0.023112394 
460 384 21 26 0.022841865 
4 158 19 26 0.022648983 
24 365 19 23 0.022637654 
407 278 19 25 0.02261844 
159 184 20 25 0.022490922 
3 16 25 32 0.022478497 
595 53 20 23 0.022463126 
434 334 21 26 0.022449737 
762 384 22 28 0.022097994 
928 146 20 26 0.022051094 
32 74 18 23 0.022048132 
133 207 24 30 0.021941066 
391 276 22 28 0.021778328 
493 184 20 24 0.021613335 
719 95 20 27 0.021604152 
613 273 38 46 0.02149564 
519 102 18 23 0.021460552 
289 359 22 28 0.021310281 
98 208 19 24 0.021300627 
125 299 62 80 0.021241263 
209 214 43 56 0.021199727 
764 404 22 27 0.021037122 
1 70 19 26 0.020951895 
-11 -8 77 86 0.020740062 
59 183 20 24 0.02069393 
698 495 19 23 0.020650651 
338 222 40 51 0.020644456 
990 534 24 33 0.020544605 
842 311 23 28 0.020396365 
991 246 23 34 0.020371875 
798 176 23 28 0.020368567 
949 250 23 30 0.020331627 
538 124 20 24 0.020265575 
994 310 20 29 0.020237722 
-4 1 42 54 0.02020105 
989 232 24 33 0.02016063 
588 309 27 33 0.02008817 
337 123 20 25 0.02007682 
74 184 19 23 0.020035552 
