20_Family_Group_Family_Group_20_318
21
181 161 71 99 0.9997311 
751 290 63 72 0.99672335 
425 52 75 95 0.99602306 
874 202 96 125 0.9842844 
526 310 62 85 0.28646174 
482 178 62 73 0.06632576 
522 288 51 69 0.041068375 
530 275 34 41 0.037754465 
559 301 57 83 0.037107635 
888 357 42 52 0.0365302 
782 280 65 80 0.034392595 
408 402 58 63 0.02971599 
508 325 48 65 0.027492618 
870 416 55 73 0.02549439 
609 263 24 29 0.02532836 
599 265 36 47 0.024062814 
586 278 29 37 0.023091868 
759 245 45 57 0.02304586 
377 96 51 70 0.022269795 
-219 108 690 745 0.022125272 
546 297 48 68 0.020327715 
