20_Family_Group_Family_Group_20_90
83
478 -15 189 221 0.46370295 
346 1 216 283 0.39058897 
41 6 90 87 0.1905126 
443 525 79 85 0.15326668 
495 88 164 230 0.095856205 
297 429 41 51 0.084197514 
794 128 100 114 0.081137374 
565 126 172 210 0.07876727 
433 13 112 177 0.06512843 
685 165 149 181 0.0604181 
703 76 166 182 0.0496601 
560 164 120 123 0.04943513 
816 62 75 100 0.047713835 
14 0 81 74 0.03986985 
456 221 89 129 0.03980469 
377 51 121 189 0.0388737 
631 166 112 122 0.038192824 
664 117 129 163 0.037888706 
688 252 106 142 0.03564636 
300 403 63 77 0.035417374 
367 392 62 78 0.034660347 
369 620 49 59 0.034656085 
267 594 44 51 0.034147244 
774 74 91 105 0.0333424 
466 71 74 104 0.032416347 
337 636 27 35 0.032166783 
190 658 76 79 0.03115427 
484 43 105 132 0.030716158 
228 626 45 53 0.030575363 
242 598 47 56 0.030121977 
851 86 45 64 0.02993134 
392 -3 54 40 0.028953213 
228 396 41 65 0.028798506 
201 538 54 76 0.02833112 
611 235 152 188 0.028053647 
812 20 85 90 0.02786192 
614 6 94 106 0.027774666 
566 -1 177 147 0.02735105 
215 556 61 82 0.02638318 
317 527 44 57 0.026229518 
235 406 26 39 0.025819225 
683 596 100 143 0.0255865 
427 106 78 102 0.025053656 
87 0 70 85 0.024917385 
828 175 73 97 0.024822943 
305 364 77 90 0.02480681 
10 396 133 202 0.024360634 
10 478 145 213 0.024122339 
300 499 78 95 0.02377745 
78 363 61 79 0.023768894 
777 259 152 190 0.023636084 
80 398 80 122 0.02345842 
479 220 151 207 0.023251843 
766 15 95 96 0.02291322 
57 -8 147 142 0.022871332 
165 614 72 99 0.022608578 
49 401 75 97 0.022434967 
192 585 67 90 0.022380019 
399 247 116 158 0.022347242 
78 560 158 190 0.022317417 
982 -7 40 47 0.022236492 
106 352 121 167 0.022216555 
790 -4 91 80 0.022070313 
423 112 144 225 0.021862768 
284 429 81 101 0.02167781 
307 412 27 33 0.021602852 
236 385 61 82 0.021387123 
352 544 43 51 0.021224031 
248 634 27 36 0.021187542 
222 332 45 70 0.02114044 
318 375 48 56 0.021098826 
116 12 124 143 0.021066295 
13 21 132 145 0.021049045 
236 650 41 52 0.020966727 
438 323 81 109 0.020927493 
525 375 60 100 0.020898875 
844 77 27 36 0.020607363 
436 584 84 93 0.020568565 
306 469 41 53 0.02036021 
337 547 73 84 0.020342404 
532 201 114 117 0.020317039 
641 389 139 140 0.02024533 
443 373 60 74 0.020091733 
