20_Family_Group_Family_Group_20_447
26
405 522 151 188 0.9998708 
408 33 234 294 0.88304365 
148 99 231 167 0.8809175 
552 413 199 205 0.6375895 
646 208 213 185 0.5903017 
205 341 278 233 0.33614826 
481 437 200 240 0.23417102 
135 150 332 260 0.12148089 
255 429 196 195 0.04905656 
229 424 138 136 0.044826634 
184 -6 313 282 0.044203665 
246 197 294 302 0.04032851 
594 71 293 305 0.039113816 
232 139 117 151 0.035268083 
301 434 92 121 0.033418406 
586 306 254 268 0.032425843 
451 159 248 295 0.032398656 
152 495 155 135 0.027698705 
735 285 180 169 0.02761876 
436 9 183 161 0.025685277 
339 365 142 148 0.024941947 
773 163 66 77 0.022899589 
581 306 153 179 0.022612676 
747 736 351 359 0.022424815 
55 190 313 335 0.022036806 
-10 -20 178 183 0.021280933 
