20_Family_Group_Family_Group_20_696
24
258 293 96 119 0.9995208 
375 417 88 107 0.9989525 
636 313 83 104 0.998314 
791 324 87 112 0.99771166 
475 329 81 104 0.9975501 
110 394 83 105 0.99521047 
555 568 80 93 0.9751253 
25 398 45 58 0.13516411 
769 222 61 78 0.06768231 
703 391 771 939 0.052968044 
845 179 563 629 0.041490648 
808 802 520 647 0.036695886 
84 314 44 56 0.035666797 
855 -134 553 617 0.03463193 
685 219 63 80 0.030622281 
584 -70 1032 1157 0.03059671 
839 1119 563 617 0.028719788 
319 1254 74 89 0.028488716 
970 775 42 57 0.027055858 
3 1242 140 198 0.022960313 
188 270 68 90 0.02279511 
562 781 1055 1194 0.02151977 
722 224 62 80 0.020462537 
21 1010 58 82 0.020009207 
