20_Family_Group_Family_Group_20_672
482
438 154 33 41 0.9639817 
758 341 39 50 0.9292193 
869 314 38 48 0.8976328 
695 279 36 45 0.8924363 
242 495 36 44 0.8575134 
193 228 31 38 0.85029066 
756 234 27 33 0.8426817 
359 277 34 42 0.8377866 
306 139 30 38 0.8250192 
105 484 42 54 0.7839992 
567 269 31 39 0.7699293 
573 490 40 50 0.73194134 
405 229 29 38 0.70710975 
674 861 25 31 0.68513477 
664 143 32 41 0.6850655 
211 863 25 32 0.6677813 
363 224 27 36 0.60389817 
292 228 30 37 0.56736535 
633 240 29 37 0.5625787 
530 211 28 36 0.5531277 
478 268 32 39 0.5479366 
279 288 35 43 0.51353514 
454 1021 27 35 0.4851079 
98 268 39 47 0.4810229 
313 867 24 30 0.4704478 
441 832 24 30 0.45788997 
777 874 25 31 0.44918254 
565 961 32 38 0.44683954 
356 1023 25 34 0.4297139 
216 301 38 48 0.4219934 
643 1022 29 38 0.4010919 
501 835 23 27 0.3785241 
313 257 31 37 0.37662572 
705 192 25 31 0.35850182 
496 1005 28 34 0.34725717 
810 901 26 32 0.3287411 
175 488 34 43 0.32232484 
730 975 35 45 0.31334862 
137 270 34 42 0.31132188 
426 275 29 37 0.27747965 
834 838 27 33 0.27270132 
565 873 24 30 0.2683053 
370 867 24 30 0.26710558 
592 356 31 38 0.26236862 
504 903 23 29 0.25192493 
372 358 34 40 0.24861549 
610 840 23 29 0.24746649 
731 892 24 31 0.24696374 
152 1094 40 49 0.23955968 
605 221 27 35 0.23759419 
663 931 29 34 0.2346019 
821 1034 29 36 0.22733933 
281 222 29 38 0.21705797 
393 875 24 30 0.20445041 
542 871 22 28 0.20372681 
262 872 22 28 0.2010215 
809 1100 50 59 0.1944319 
893 536 50 69 0.1915246 
720 193 25 32 0.18983121 
807 288 30 38 0.18847282 
405 270 29 36 0.18341464 
258 1029 24 31 0.17911859 
508 925 23 29 0.17856336 
206 932 31 36 0.17469257 
559 830 24 29 0.1715442 
806 965 27 34 0.1702108 
325 866 23 29 0.1423574 
394 959 27 33 0.13991061 
438 899 25 31 0.13920508 
272 64 26 34 0.13881592 
733 870 24 31 0.13814361 
398 934 26 32 0.13766173 
693 420 38 47 0.13721962 
289 463 33 42 0.13608058 
729 1034 30 39 0.13482608 
397 987 26 33 0.13475506 
667 954 29 36 0.13461033 
631 1087 34 40 0.13150445 
498 963 24 30 0.12762463 
442 1085 32 39 0.12734514 
546 831 21 27 0.12649508 
305 823 23 28 0.123972416 
688 864 22 29 0.122302726 
591 332 33 40 0.12169016 
279 209 27 36 0.12153573 
457 832 22 28 0.12144929 
766 883 26 32 0.12008037 
721 179 25 31 0.11949262 
367 420 51 64 0.11945943 
159 267 27 35 0.11944645 
369 1000 24 30 0.115604505 
534 886 23 29 0.11281303 
653 1035 28 34 0.11073058 
255 1092 34 40 0.11028861 
292 208 27 34 0.10999634 
502 857 22 27 0.109646216 
608 854 22 28 0.10778237 
228 865 23 30 0.10703661 
674 191 28 34 0.10675376 
564 937 28 32 0.10545557 
270 271 30 39 0.10416464 
338 1071 56 66 0.10149261 
643 250 30 38 0.10134625 
469 891 23 30 0.09807865 
541 1070 25 31 0.09656896 
360 839 22 28 0.09620374 
664 840 24 30 0.0944657 
706 175 26 33 0.09364464 
627 1000 29 38 0.09307485 
303 1032 23 30 0.08926414 
506 205 26 34 0.08801834 
626 839 22 30 0.08722654 
655 238 29 38 0.08709641 
399 283 29 38 0.085290566 
629 857 22 28 0.0845684 
238 169 26 34 0.08292747 
469 866 22 27 0.08270935 
92 858 25 29 0.08174558 
304 928 25 31 0.08060521 
370 211 25 34 0.08015615 
261 896 22 27 0.07932357 
655 257 28 36 0.078847975 
563 977 33 41 0.078705706 
873 998 23 31 0.07840884 
810 1045 50 64 0.077908285 
393 521 34 42 0.077052414 
531 1089 29 37 0.07686313 
808 920 25 31 0.07669041 
98 935 30 38 0.07653493 
207 892 27 32 0.075379446 
803 988 28 36 0.07468189 
787 868 24 31 0.07430113 
328 234 28 36 0.07422185 
301 806 27 35 0.07289288 
442 995 25 32 0.07251955 
160 290 28 36 0.07123679 
198 209 30 36 0.071197495 
566 162 24 31 0.07084476 
411 834 21 27 0.0686385 
440 858 23 29 0.068600625 
206 950 30 38 0.067083105 
194 255 32 41 0.06667562 
469 367 35 42 0.065569535 
566 360 31 39 0.06533806 
38 422 32 46 0.06525376 
465 410 55 60 0.06420759 
63 500 32 43 0.06409574 
468 1004 27 34 0.063814424 
703 896 23 27 0.063153826 
635 58 29 36 0.061799057 
368 966 24 31 0.061546735 
108 364 36 43 0.06099776 
227 995 25 31 0.0609412 
694 392 34 42 0.06078572 
859 853 24 30 0.060555376 
168 467 34 44 0.060219266 
505 139 24 30 0.060052354 
566 138 26 32 0.058460142 
820 357 29 39 0.058196846 
181 236 25 33 0.058156475 
494 168 26 33 0.058099512 
172 1031 29 37 0.057778865 
734 840 23 29 0.05776703 
400 1029 25 31 0.05705393 
669 890 25 30 0.05509224 
626 1120 35 41 0.05476963 
556 1124 32 39 0.054557752 
171 94 29 38 0.053986806 
235 901 24 29 0.05387176 
604 160 25 34 0.053359386 
269 459 34 43 0.053302683 
470 961 25 32 0.05329117 
566 239 26 32 0.0529284 
376 888 26 32 0.052904263 
322 136 27 36 0.05284226 
694 234 28 36 0.051780317 
695 367 34 43 0.05115279 
632 896 22 29 0.050556105 
193 89 30 38 0.050324935 
126 394 33 41 0.049741622 
243 1025 37 46 0.049381536 
335 836 23 30 0.049381066 
135 869 22 27 0.048950065 
760 260 27 33 0.04827655 
468 387 50 54 0.0475654 
437 967 24 31 0.047214054 
937 457 33 44 0.047054436 
469 932 24 30 0.046704993 
301 993 26 32 0.046500165 
534 1121 29 35 0.046326075 
96 891 26 31 0.046217863 
533 140 23 29 0.04618116 
115 256 55 69 0.046160016 
537 932 24 28 0.04592154 
697 835 24 29 0.045634557 
561 1165 35 41 0.045627255 
435 498 29 38 0.045362305 
509 104 24 30 0.045055788 
438 1066 27 34 0.045030978 
865 899 23 27 0.044895336 
453 162 28 37 0.04465967 
544 963 25 30 0.04445029 
608 897 23 28 0.04382536 
104 993 35 42 0.043514326 
228 1234 67 73 0.04332497 
471 235 27 34 0.043280356 
865 934 26 31 0.042955376 
856 840 25 31 0.042846728 
227 930 27 32 0.04268518 
602 140 28 34 0.042300977 
632 1160 39 45 0.042217355 
758 298 30 37 0.04217677 
423 235 26 33 0.042158723 
212 989 27 34 0.04209078 
801 478 44 57 0.041925564 
44 526 30 42 0.041603476 
195 73 27 34 0.041218497 
607 992 29 35 0.041028846 
237 1062 29 36 0.040948354 
472 283 34 42 0.04082069 
666 984 30 37 0.04081464 
103 236 32 38 0.040765833 
229 421 36 46 0.04064119 
391 331 30 37 0.040632907 
401 105 26 32 0.040593337 
599 459 36 42 0.04045089 
229 960 27 33 0.03997157 
303 715 33 40 0.03981354 
860 422 32 42 0.039558567 
173 69 25 32 0.039443333 
423 1161 35 45 0.039020676 
564 805 25 30 0.03869249 
592 962 26 34 0.038691673 
506 805 21 25 0.038585696 
363 1064 31 37 0.03849548 
765 168 23 28 0.03827518 
188 497 29 38 0.038171254 
197 1030 26 34 0.038103368 
208 840 26 34 0.037850883 
105 1011 36 44 0.037761204 
502 227 28 37 0.03757379 
169 1054 33 40 0.037572723 
124 990 29 36 0.037446275 
867 961 25 30 0.03743159 
398 794 25 30 0.037160166 
264 924 22 27 0.03671595 
445 802 23 29 0.036697168 
239 1237 94 95 0.036212076 
265 432 33 44 0.036203597 
625 469 31 40 0.036197107 
338 1064 32 40 0.03582246 
229 1075 68 77 0.03574102 
341 1002 25 32 0.03542246 
820 299 30 38 0.0353306 
431 923 25 31 0.035329804 
466 256 54 67 0.035194647 
298 486 31 40 0.03514968 
171 333 30 37 0.035100605 
529 265 27 35 0.034700345 
257 585 50 56 0.034623444 
637 1061 28 36 0.0346222 
763 211 25 30 0.03460488 
803 276 26 34 0.034507673 
58 457 32 43 0.03445087 
761 991 28 36 0.034395255 
917 550 34 50 0.034352932 
628 204 26 34 0.03434407 
634 963 26 32 0.034330666 
635 92 29 35 0.03419084 
95 839 26 32 0.03405127 
330 922 25 32 0.034000866 
306 958 25 32 0.03374623 
561 467 37 46 0.033704035 
634 135 28 37 0.033696987 
333 205 24 30 0.033674262 
386 453 38 47 0.03360464 
923 302 32 40 0.03349921 
324 163 25 32 0.033494335 
106 378 45 56 0.033491075 
89 923 50 64 0.033341136 
268 1066 28 33 0.03318071 
769 1028 27 34 0.03282046 
590 268 28 36 0.03276791 
168 575 55 69 0.032658104 
535 994 25 31 0.03258431 
824 1001 24 32 0.032531526 
363 134 25 31 0.032438718 
567 1095 30 36 0.03237187 
759 1133 31 38 0.032172658 
168 196 26 34 0.032062996 
401 61 24 29 0.03193364 
538 164 24 31 0.03189105 
753 962 28 36 0.031826053 
698 1059 26 33 0.031807505 
458 1128 29 35 0.03177045 
371 331 33 40 0.03154001 
459 500 33 43 0.031448998 
731 921 28 34 0.031446606 
703 927 26 32 0.031296834 
338 292 29 35 0.031235727 
393 494 35 42 0.031215938 
233 468 35 42 0.031137917 
808 836 24 30 0.031114893 
100 950 32 40 0.031112006 
532 1024 24 31 0.031096859 
728 1101 27 32 0.030765038 
570 329 32 39 0.030621555 
388 362 30 37 0.030485695 
142 98 27 37 0.03047183 
890 1023 27 41 0.0304122 
714 952 64 77 0.030224774 
871 1023 28 38 0.030201118 
303 105 27 34 0.030084513 
900 141 28 35 0.03005935 
900 205 27 34 0.029917689 
370 101 25 30 0.029917283 
232 236 25 32 0.029882157 
708 1089 27 32 0.029811589 
261 969 23 30 0.02973196 
662 1058 26 33 0.02965773 
703 97 25 32 0.029647114 
671 421 33 42 0.029557824 
703 1031 28 36 0.02951425 
701 43 25 32 0.02933309 
307 895 24 30 0.029318912 
765 1092 27 33 0.028716333 
632 161 26 35 0.02865936 
464 1164 30 39 0.028573401 
302 1063 25 31 0.028448166 
840 200 25 30 0.028224595 
700 59 25 33 0.028117832 
462 199 26 32 0.028025413 
563 423 34 43 0.027978923 
560 1064 25 33 0.027958462 
234 704 32 37 0.027941782 
595 295 32 40 0.027864454 
729 1126 29 35 0.027817976 
762 929 26 32 0.027680974 
135 893 22 26 0.027655674 
255 1113 36 41 0.027509507 
405 1217 61 66 0.027507711 
604 1024 29 37 0.027483279 
376 924 26 32 0.02742051 
272 137 25 33 0.027326591 
124 1023 30 38 0.027233152 
596 927 25 31 0.02722267 
565 1027 28 35 0.027211195 
174 43 27 32 0.027184647 
636 43 28 34 0.02716453 
199 1055 28 37 0.027141456 
860 196 25 33 0.027121771 
231 836 23 29 0.027112814 
724 291 31 40 0.027086845 
237 197 24 32 0.026951367 
541 803 20 25 0.026947515 
436 331 29 37 0.026836395 
560 204 24 30 0.026742233 
188 557 39 47 0.02672004 
455 140 28 36 0.026713837 
239 135 26 33 0.026674066 
659 103 27 33 0.026517179 
501 1064 24 31 0.026479144 
386 879 38 48 0.02645203 
333 1107 43 53 0.026363919 
665 324 34 45 0.026295621 
275 94 25 32 0.026261749 
170 865 21 27 0.02624824 
404 133 28 37 0.026229518 
71 165 25 31 0.02619351 
676 391 63 79 0.026062312 
412 1145 64 80 0.025980262 
299 1026 38 51 0.025890842 
369 481 36 43 0.025886284 
630 1212 100 101 0.025734631 
660 1088 29 35 0.025714118 
529 1167 29 36 0.025692737 
500 1166 26 33 0.025687601 
652 1163 35 41 0.025655255 
637 800 24 31 0.02560587 
926 236 25 32 0.0255441 
728 45 26 32 0.025489353 
894 952 27 36 0.025394207 
128 422 33 42 0.025382815 
272 833 22 27 0.02529766 
339 962 25 30 0.025259983 
923 320 33 44 0.025237897 
199 707 32 37 0.025232393 
526 294 28 37 0.02493919 
676 1214 87 92 0.024840208 
369 61 23 29 0.024808342 
89 883 43 57 0.02477615 
539 859 37 48 0.024775673 
194 418 46 60 0.024752975 
290 242 53 65 0.024752341 
468 62 24 30 0.024667054 
237 1118 36 44 0.02463684 
495 825 36 45 0.024630764 
133 1088 64 78 0.024482671 
613 1173 78 81 0.024444824 
730 60 28 38 0.024422908 
762 1059 26 32 0.024394395 
730 262 28 37 0.024354799 
432 103 26 32 0.024351899 
903 162 25 33 0.024349254 
293 64 27 35 0.024344208 
457 803 22 27 0.024341999 
399 1064 25 33 0.024334854 
231 1060 49 60 0.024238462 
99 324 32 40 0.024181798 
662 1122 30 34 0.024076918 
132 1059 32 41 0.02396746 
439 1141 69 86 0.0239495 
871 540 51 66 0.023802167 
198 393 31 40 0.023777738 
188 1018 42 55 0.023604238 
865 174 25 31 0.023554182 
683 175 57 72 0.023529349 
155 475 60 75 0.023469543 
362 384 53 67 0.023364464 
824 927 25 31 0.02327994 
269 998 24 31 0.023225753 
204 970 43 57 0.023224829 
502 1134 25 30 0.02319753 
58 521 34 45 0.023121543 
142 1115 33 41 0.023042131 
235 1221 41 50 0.022967435 
712 416 43 54 0.022832138 
892 998 23 33 0.022815093 
900 229 27 34 0.022662697 
334 900 23 30 0.022658797 
143 196 26 33 0.022640865 
603 1164 33 41 0.022578124 
612 1223 73 73 0.022402894 
138 234 26 32 0.022380363 
468 104 23 30 0.022332652 
825 960 24 31 0.022285998 
169 120 29 38 0.022281531 
597 1091 30 38 0.022150466 
395 707 29 35 0.022132821 
496 285 32 38 0.0220525 
555 1172 55 61 0.021981096 
237 102 26 33 0.021975888 
236 267 29 37 0.021902362 
492 957 38 49 0.021866973 
434 523 28 36 0.021815253 
803 796 28 35 0.021809643 
166 168 27 35 0.021795938 
536 621 30 36 0.021742173 
131 969 25 31 0.021657843 
463 1062 27 31 0.021635143 
77 453 80 94 0.021548798 
738 465 35 41 0.021518394 
763 838 22 28 0.021467391 
830 798 27 33 0.02143521 
631 1146 71 81 0.021367567 
526 107 24 29 0.021307096 
239 515 34 43 0.021145908 
399 44 23 29 0.021139221 
269 163 24 33 0.021002267 
170 434 31 41 0.020968692 
803 468 34 43 0.02095747 
439 1125 32 38 0.020940868 
605 1061 27 35 0.020931114 
78 834 25 33 0.020914957 
733 92 26 33 0.020879181 
156 1002 68 88 0.02072026 
897 514 79 109 0.020631243 
500 636 28 35 0.020630997 
73 202 27 34 0.02062208 
187 909 81 99 0.020606786 
928 267 25 34 0.020515466 
730 138 23 29 0.020506356 
766 138 23 29 0.020483283 
428 1075 62 73 0.020451732 
436 67 23 31 0.020360732 
74 327 32 40 0.02034327 
126 1135 50 63 0.020238085 
801 234 23 29 0.020105576 
759 421 32 42 0.020088976 
565 103 24 30 0.020082539 
129 327 31 38 0.020013908 
158 1132 52 65 0.020009208 
