20_Family_Group_Family_Group_20_272
89
651 87 48 58 0.9975546 
481 59 46 57 0.996089 
277 27 45 57 0.993952 
547 38 52 65 0.99119824 
724 30 42 57 0.9903014 
121 38 44 53 0.98871243 
384 93 46 56 0.9858538 
830 48 47 55 0.97288233 
236 274 38 47 0.11936133 
203 2 26 29 0.093077995 
327 65 30 38 0.09267864 
882 130 82 88 0.0747397 
631 0 26 29 0.065989204 
0 2 28 32 0.065518424 
26 55 22 28 0.058616966 
837 25 46 55 0.057825062 
259 13 49 61 0.05552159 
747 270 26 35 0.0552106 
276 405 21 29 0.050954733 
181 67 26 35 0.05038204 
179 24 23 27 0.04940468 
234 -2 27 29 0.04920636 
336 15 35 44 0.04285119 
666 0 26 29 0.042679396 
890 22 39 47 0.04098842 
539 140 39 57 0.04097592 
476 13 44 53 0.03852036 
770 4 27 32 0.03798056 
181 0 24 26 0.037043475 
509 37 57 77 0.036564536 
22 45 35 45 0.035521846 
233 42 27 36 0.03411527 
206 17 25 30 0.033994447 
-2 15 24 32 0.03398848 
635 67 44 58 0.033754118 
5 51 22 30 0.03360098 
149 0 26 28 0.033400394 
951 92 22 31 0.03337043 
21 199 38 51 0.031611104 
476 249 51 53 0.030885978 
1 179 25 35 0.03075307 
855 160 96 96 0.030180372 
498 17 45 54 0.029993948 
868 27 28 35 0.029398153 
170 100 36 48 0.029341571 
618 10 36 46 0.02913287 
76 18 25 28 0.029130919 
23 343 128 229 0.029108612 
93 241 76 91 0.0289022 
384 2 24 29 0.028744526 
437 71 27 36 0.028627478 
72 64 38 47 0.028341118 
235 25 26 33 0.028083937 
994 68 20 35 0.028054655 
200 70 25 33 0.027900241 
940 80 39 59 0.02774194 
250 -2 26 31 0.027546512 
103 0 26 27 0.027307356 
912 57 35 50 0.027281804 
174 44 35 46 0.026955757 
794 24 27 33 0.026303042 
18 220 27 36 0.026205732 
432 12 36 45 0.025891302 
846 2 25 29 0.025531238 
433 1 22 28 0.025247773 
128 -5 28 30 0.02512493 
545 159 41 57 0.024924679 
33 22 23 26 0.02460962 
27 70 22 29 0.024400482 
46 20 25 28 0.024390947 
117 83 43 57 0.023999048 
26 12 40 44 0.023628483 
303 255 22 26 0.023111893 
909 87 42 63 0.023039233 
951 25 24 31 0.022356927 
976 54 30 57 0.022113293 
337 4 23 28 0.021879256 
945 18 39 52 0.021741051 
412 465 23 27 0.02169243 
276 0 45 56 0.021552391 
870 2 25 29 0.021336772 
854 196 58 54 0.02114208 
949 76 23 33 0.020916514 
852 38 44 54 0.020855784 
11 24 59 73 0.020797059 
72 2 27 29 0.020565774 
80 50 23 29 0.020320578 
326 38 37 48 0.020219075 
439 339 21 27 0.020191507 
