20_Family_Group_Family_Group_20_1015
64
650 321 90 112 0.9998528 
520 353 83 103 0.9938366 
373 282 77 102 0.9914398 
271 241 83 104 0.09181341 
914 288 51 90 0.086944 
967 212 37 53 0.054964803 
303 256 61 61 0.049364377 
125 339 21 26 0.048032746 
850 334 48 62 0.041686263 
281 347 21 28 0.041457042 
750 345 64 86 0.038504694 
263 353 20 26 0.037197817 
228 375 20 28 0.036393825 
600 327 48 66 0.034706548 
461 366 44 56 0.03422062 
988 222 26 38 0.033323627 
265 338 21 28 0.03223094 
934 201 57 72 0.031974945 
883 425 134 184 0.031032935 
408 4 28 31 0.029832967 
383 188 70 93 0.02969947 
686 271 72 98 0.029335221 
313 254 129 151 0.028981246 
993 404 22 36 0.028497996 
181 185 180 195 0.028411 
992 277 21 30 0.028219482 
568 315 74 94 0.028124036 
921 300 31 46 0.027817633 
939 285 23 29 0.027421212 
704 304 72 94 0.027419742 
410 183 40 54 0.027296865 
286 184 92 112 0.027016796 
927 277 41 56 0.025972826 
634 291 81 107 0.025864422 
442 281 72 98 0.025648963 
770 377 73 100 0.025191532 
277 286 58 64 0.025021963 
793 417 76 96 0.024984157 
261 381 19 25 0.024931071 
419 19 75 81 0.02479793 
269 321 44 52 0.02466853 
330 108 87 103 0.024577672 
971 310 21 29 0.024247956 
813 360 43 57 0.024186995 
109 361 20 27 0.023770288 
112 336 20 26 0.02349743 
220 353 34 46 0.022892121 
256 466 21 28 0.02288278 
866 296 105 142 0.022554968 
434 282 29 40 0.022428917 
408 239 62 82 0.022356687 
125 353 22 28 0.02232104 
308 447 83 103 0.021835878 
861 455 52 60 0.021550938 
464 338 60 77 0.021419408 
398 8 71 68 0.021195387 
339 160 82 103 0.021192187 
779 342 47 63 0.021080948 
946 249 24 30 0.021021374 
487 1 29 27 0.020847809 
522 243 76 87 0.020837486 
440 10 138 128 0.020506889 
456 286 25 32 0.02034679 
972 205 26 37 0.020338677 
