20_Family_Group_Family_Group_20_101
178
973 56 39 57 0.9835343 
226 61 38 47 0.9834434 
734 76 42 54 0.97736484 
636 75 38 49 0.97648984 
34 65 44 53 0.97367233 
844 98 42 53 0.97156626 
71 266 45 53 0.96753055 
781 272 48 62 0.9584341 
561 243 38 47 0.9535876 
380 27 40 51 0.9442068 
135 87 36 48 0.92791593 
895 293 46 57 0.85602707 
489 51 38 51 0.8302822 
665 267 43 53 0.58992594 
558 70 31 40 0.34388348 
427 97 28 37 0.18605626 
207 217 39 51 0.15587631 
898 72 28 37 0.13194746 
308 42 41 50 0.10558818 
79 126 31 39 0.101453744 
843 310 26 35 0.09088509 
738 1 26 30 0.09020822 
539 66 35 46 0.077961475 
484 270 25 33 0.07451114 
534 0 29 29 0.07344722 
605 300 28 36 0.06775078 
155 253 30 36 0.064299114 
898 0 29 28 0.063395925 
957 257 48 60 0.063339986 
-3 96 26 39 0.062516764 
406 273 25 32 0.061908968 
705 134 41 53 0.060611006 
216 413 68 83 0.059100486 
613 43 27 36 0.058116972 
3 170 28 45 0.056191936 
852 534 22 27 0.055761598 
914 0 28 28 0.053429462 
-3 457 25 38 0.053371992 
696 412 28 34 0.052103143 
580 126 29 38 0.05145434 
410 256 26 33 0.05093146 
0 321 28 44 0.04762071 
821 76 29 37 0.047502846 
821 4 28 32 0.046969082 
666 290 35 42 0.046746347 
305 392 62 75 0.045496985 
572 232 39 49 0.04370824 
557 412 64 76 0.04363293 
620 71 37 47 0.043284707 
95 4 30 31 0.042926684 
407 217 35 42 0.042153418 
514 3 27 29 0.0415839 
434 224 26 33 0.040730458 
503 10 40 46 0.04061019 
257 420 67 73 0.040401332 
788 430 41 44 0.0404008 
6 403 25 37 0.037929364 
17 304 38 54 0.03777122 
1 347 26 42 0.03762763 
810 432 27 35 0.037615627 
633 270 31 39 0.037364773 
710 416 25 31 0.0370724 
119 274 39 51 0.03705918 
537 43 35 47 0.036790818 
824 92 40 51 0.036639847 
561 162 41 51 0.036614485 
147 261 42 52 0.03635008 
334 115 42 53 0.036099967 
899 89 27 37 0.036085792 
836 79 43 55 0.036019698 
436 0 28 29 0.035923973 
195 422 52 63 0.03563995 
310 63 31 39 0.035377193 
527 8 39 44 0.03522334 
618 273 30 39 0.03457361 
725 0 24 28 0.034482345 
689 98 28 38 0.034405977 
783 136 40 50 0.033381 
250 438 47 59 0.03321866 
208 68 32 41 0.033059895 
486 19 30 36 0.03279908 
863 0 28 29 0.032734595 
635 26 25 30 0.032636374 
299 423 50 56 0.03255962 
529 424 82 97 0.0323186 
413 93 30 39 0.031413794 
100 45 30 36 0.031396244 
-8 108 33 49 0.03083902 
874 297 40 51 0.03052297 
-230 334 714 718 0.030510338 
967 292 29 39 0.03019446 
457 280 24 31 0.02984265 
843 1 28 30 0.029766109 
257 271 40 50 0.029682854 
0 239 33 50 0.02962683 
561 1 24 26 0.029542848 
309 337 60 73 0.029270612 
592 39 34 41 0.028751511 
820 682 25 30 0.028263157 
898 56 26 32 0.028176721 
0 13 34 45 0.028042758 
27 448 23 31 0.027175868 
430 245 32 42 0.027164334 
636 0 24 27 0.026721852 
537 369 68 80 0.026659526 
410 -2 26 29 0.026654152 
526 290 37 48 0.026563166 
685 412 50 54 0.026557954 
994 333 21 31 0.026397737 
449 262 49 63 0.02633109 
834 296 48 62 0.026244331 
863 18 27 30 0.026234608 
15 14 39 49 0.026015233 
430 75 28 36 0.02592987 
687 135 41 56 0.02572923 
770 0 23 25 0.025599279 
-66 533 358 351 0.02531289 
441 278 24 30 0.025298556 
987 347 28 55 0.025210455 
489 4 25 29 0.025048696 
799 285 42 53 0.024978181 
513 330 24 31 0.0248 
954 60 42 55 0.024250448 
428 207 27 35 0.02405457 
398 240 49 61 0.024041915 
461 423 25 31 0.024008747 
83 281 44 52 0.023955679 
618 29 24 29 0.02390307 
565 19 25 29 0.023762649 
636 261 48 58 0.023697082 
175 -1 28 28 0.023425158 
895 274 37 46 0.023415215 
667 437 506 543 0.023130212 
77 11 42 44 0.023065962 
715 685 24 30 0.02299279 
925 274 61 75 0.022985358 
571 141 41 55 0.022959858 
903 475 59 65 0.02288145 
457 329 25 31 0.022834204 
909 60 38 50 0.022702003 
993 640 18 28 0.022690464 
590 25 23 29 0.022576548 
600 419 44 55 0.02250909 
-6 36 34 49 0.0224718 
558 53 27 34 0.022395438 
864 538 21 27 0.022369027 
691 76 25 32 0.02231936 
560 425 33 40 0.022163931 
855 530 90 103 0.02212104 
565 437 75 93 0.021890132 
47 -3 41 43 0.021751685 
73 227 31 40 0.021724552 
977 -1 27 28 0.021682343 
838 12 39 42 0.021653756 
813 500 81 86 0.021628326 
275 448 26 33 0.021524144 
774 596 20 27 0.021468528 
590 0 23 26 0.02143817 
228 429 31 42 0.021400241 
2 78 26 36 0.02136093 
992 0 24 28 0.021307439 
562 407 31 39 0.021300768 
-4 145 33 59 0.02127459 
29 49 32 41 0.021269873 
513 299 35 46 0.021263981 
22 427 38 54 0.0211827 
295 282 61 84 0.020993887 
571 402 44 53 0.020867862 
139 284 47 61 0.020791018 
953 683 26 30 0.020553604 
435 50 26 34 0.020497398 
469 256 49 63 0.020477625 
24 274 36 51 0.020410465 
247 288 45 55 0.020377582 
454 0 25 27 0.020294778 
945 -2 25 27 0.020267062 
540 354 28 34 0.02018682 
655 391 58 64 0.020111283 
