20_Family_Group_Family_Group_20_27
49
786 193 69 94 0.99960357 
176 143 79 96 0.99691653 
898 328 73 102 0.99208695 
300 151 76 95 0.98106325 
715 236 54 73 0.93957204 
602 319 80 94 0.91847944 
522 41 58 71 0.8774665 
331 382 67 109 0.6077073 
428 245 74 82 0.22313692 
572 312 74 89 0.15060137 
232 288 78 98 0.1389973 
379 369 76 94 0.07641928 
269 414 78 87 0.07284815 
5 -6 74 63 0.058946356 
454 380 67 105 0.04651576 
386 619 96 102 0.045705713 
681 232 63 87 0.039573327 
431 221 49 64 0.039167013 
741 518 356 367 0.031957235 
804 491 94 93 0.031166393 
411 383 86 106 0.031161828 
-209 286 731 737 0.029854596 
260 144 79 95 0.029718466 
556 295 53 65 0.029326465 
211 418 67 88 0.029213376 
246 422 63 82 0.028828343 
233 304 114 136 0.028434847 
79 277 80 84 0.027530078 
66 305 51 60 0.027123457 
516 19 101 106 0.026653366 
562 18 78 80 0.026474541 
911 292 76 83 0.026292667 
160 422 74 91 0.025943268 
476 375 107 142 0.025618246 
-63 505 368 365 0.025565742 
22 381 75 86 0.025375862 
928 330 81 108 0.025098938 
437 285 73 99 0.024988584 
306 338 86 113 0.024742862 
554 286 687 740 0.024382772 
636 280 78 97 0.024116283 
168 396 74 80 0.023767136 
765 464 92 105 0.02375708 
177 311 124 130 0.023641225 
647 103 47 56 0.023167768 
407 269 81 98 0.021975981 
287 381 84 102 0.020924492 
461 269 60 83 0.02083636 
764 342 78 97 0.020370506 
