20_Family_Group_Family_Group_20_1003
19
334 96 140 190 0.9997137 
191 56 136 165 0.99949586 
477 111 139 192 0.9992749 
619 142 107 153 0.99677306 
5 220 113 175 0.038808223 
820 197 87 103 0.03273533 
752 322 343 364 0.027426075 
-214 103 690 734 0.026535511 
764 152 68 93 0.024687 
584 106 654 734 0.024637643 
981 134 19 27 0.023864258 
827 148 70 90 0.02326935 
794 115 66 91 0.023042394 
902 125 21 28 0.022345554 
-64 317 353 356 0.021957045 
88 188 88 125 0.021948315 
793 73 19 24 0.02165633 
800 161 73 98 0.02114941 
846 299 79 105 0.020672556 
