20_Family_Group_Family_Group_20_453
17
442 416 149 157 0.98663694 
128 803 97 129 0.07667445 
69 97 94 140 0.045135446 
97 99 59 85 0.039894033 
171 248 41 52 0.035286408 
520 424 107 147 0.032669745 
549 762 209 245 0.030174302 
615 801 90 128 0.028235072 
275 277 66 87 0.026899356 
148 643 66 95 0.0247933 
157 270 74 101 0.023870645 
157 246 33 45 0.023353104 
101 67 37 43 0.023266025 
260 300 92 121 0.023086516 
291 319 42 52 0.022857282 
148 251 155 212 0.020642018 
867 1256 117 135 0.02045079 
