20_Family_Group_Family_Group_20_412
80
412 167 68 90 0.99868244 
252 162 68 91 0.99158454 
665 278 61 79 0.9769116 
45 444 45 53 0.14220501 
76 442 74 100 0.106699504 
52 444 61 82 0.08677894 
374 461 60 77 0.06377889 
165 533 123 110 0.059847925 
5 452 22 32 0.054888565 
585 187 43 69 0.054633938 
52 471 31 41 0.045497466 
456 172 71 92 0.044861365 
484 233 68 90 0.044379875 
181 254 76 88 0.04035596 
119 476 146 147 0.039431587 
67 452 32 43 0.03662211 
28 445 35 48 0.03537024 
758 235 260 471 0.035084616 
192 214 55 63 0.03476102 
46 735 91 111 0.034248006 
102 433 59 77 0.03395755 
486 193 69 89 0.033112977 
91 717 76 94 0.032568306 
50 480 47 66 0.03199954 
212 547 63 65 0.031437557 
179 291 75 91 0.030896634 
15 463 65 89 0.030763362 
27 466 42 56 0.030706335 
183 302 126 132 0.029576413 
483 167 35 44 0.02955454 
99 455 35 48 0.029312758 
168 476 51 63 0.029268866 
104 399 25 34 0.029250981 
30 481 24 34 0.029135276 
200 499 123 111 0.028876135 
206 185 73 90 0.028121758 
3 386 153 182 0.027684493 
588 414 72 86 0.02763008 
99 385 41 54 0.027550064 
69 477 49 75 0.027474105 
72 672 154 169 0.026414955 
96 354 64 82 0.025597507 
0 429 32 47 0.025551004 
140 439 49 58 0.025153592 
185 581 58 66 0.024557611 
98 429 134 140 0.024505135 
77 386 105 136 0.024451913 
382 176 67 83 0.024432741 
119 447 31 42 0.02439956 
144 485 80 94 0.024268417 
142 541 179 181 0.024029097 
105 433 25 32 0.023971438 
100 475 76 95 0.023908095 
478 156 65 81 0.023680782 
754 736 341 361 0.023437914 
233 333 89 93 0.023395946 
824 295 73 98 0.023278238 
31 438 23 31 0.023237392 
166 449 51 59 0.022801671 
297 304 71 84 0.02271175 
574 283 51 74 0.022633787 
185 522 63 72 0.022632321 
113 603 153 174 0.022470681 
695 534 78 90 0.021955088 
104 384 26 33 0.021949256 
25 501 24 34 0.02188345 
124 311 130 144 0.021719161 
323 291 51 59 0.02148877 
130 283 80 97 0.021474494 
202 271 78 94 0.02136923 
263 479 74 86 0.021324782 
70 438 27 35 0.02104603 
-51 700 349 372 0.02102463 
-8 576 162 196 0.020854557 
583 397 52 58 0.020336576 
609 427 77 91 0.020317579 
53 406 27 34 0.020311259 
186 430 150 152 0.020274868 
643 408 71 92 0.0202131 
115 682 387 376 0.0200233 
