20_Family_Group_Family_Group_20_255
87
488 413 62 74 0.99966145 
747 381 54 73 0.996621 
360 288 62 74 0.99641454 
606 423 53 66 0.9943164 
660 230 45 60 0.99131316 
140 444 63 75 0.99059665 
893 373 57 72 0.9900518 
786 221 46 61 0.9767659 
518 126 44 54 0.9741098 
182 328 70 78 0.9269611 
304 439 62 73 0.86786056 
137 673 48 57 0.5949998 
781 193 45 61 0.38379094 
653 307 46 54 0.15188758 
799 189 44 59 0.11752075 
808 183 31 38 0.08380255 
782 299 30 39 0.08203004 
309 395 58 73 0.077075675 
199 657 47 56 0.07465371 
497 2 45 53 0.06964156 
833 261 44 57 0.06940598 
199 296 66 90 0.06006971 
246 383 48 63 0.049114197 
435 355 30 39 0.049109995 
804 250 53 72 0.048009697 
671 312 45 56 0.045818824 
656 358 47 61 0.045439523 
919 184 24 30 0.0451235 
611 737 24 33 0.044313196 
211 660 66 67 0.041587282 
357 434 57 76 0.04094224 
142 653 72 82 0.040308744 
746 736 357 364 0.036005974 
321 416 64 84 0.035936967 
15 180 34 65 0.035790507 
918 268 38 46 0.034083553 
323 394 35 46 0.03311183 
363 251 68 86 0.032836154 
908 326 46 58 0.032803174 
661 385 48 63 0.030191805 
174 647 55 69 0.030186165 
681 360 48 61 0.03010477 
266 401 66 84 0.03002596 
572 515 693 739 0.029573018 
205 351 58 69 0.02908607 
461 122 35 45 0.028584655 
773 199 31 39 0.028581891 
247 268 44 66 0.02848553 
794 2 22 24 0.02828697 
227 327 68 91 0.027399193 
972 230 36 44 0.027116437 
728 302 36 47 0.027060125 
918 289 42 52 0.026950337 
962 759 48 70 0.02605976 
0 1 23 28 0.025798053 
257 357 65 90 0.025159977 
32 558 124 173 0.024950407 
435 123 28 36 0.024948286 
213 344 39 49 0.024530994 
660 202 45 57 0.02399919 
74 147 22 28 0.02368238 
229 529 47 58 0.023660682 
973 103 21 28 0.023654575 
309 328 60 79 0.023252882 
393 502 69 78 0.023139995 
810 287 43 55 0.022921124 
567 22 27 33 0.022502929 
514 93 57 71 0.022490166 
155 80 24 29 0.022445165 
433 243 38 51 0.022297129 
123 691 47 60 0.022282602 
343 458 53 68 0.022100713 
91 667 66 78 0.02193822 
82 607 64 83 0.02183433 
421 291 42 54 0.02170657 
126 721 41 56 0.021686178 
605 278 37 48 0.0212237 
644 220 46 62 0.021093909 
338 747 360 345 0.020917457 
438 0 25 26 0.020814244 
734 348 53 71 0.020449176 
0 429 28 44 0.020331379 
406 398 43 56 0.020280104 
230 283 60 86 0.020252468 
565 3 24 26 0.02010616 
990 232 24 33 0.020095441 
638 303 36 45 0.02008587 
