20_Family_Group_Family_Group_20_72
135
472 163 54 66 0.98425114 
427 259 44 56 0.9704743 
579 268 45 59 0.96438175 
320 202 48 57 0.9020739 
522 229 53 61 0.5684408 
704 217 48 57 0.32983458 
533 666 24 29 0.15956326 
257 246 41 54 0.1436126 
662 143 27 34 0.13255112 
267 211 46 57 0.12781483 
159 315 48 63 0.091352575 
742 172 29 34 0.0909227 
543 239 58 70 0.07952861 
209 235 39 54 0.077546574 
382 581 27 36 0.075922355 
238 375 49 59 0.07432386 
260 268 27 35 0.06824816 
219 265 39 55 0.065684035 
764 206 26 35 0.058208227 
255 200 43 52 0.058195826 
226 355 42 50 0.05632358 
70 404 27 33 0.056227174 
584 254 37 45 0.0546742 
657 200 60 73 0.050729558 
274 273 29 36 0.049731337 
799 171 23 29 0.04938365 
218 386 68 79 0.047395106 
207 244 68 87 0.046710856 
498 186 62 77 0.043764576 
715 223 58 75 0.04178319 
268 285 48 61 0.041611087 
190 369 42 50 0.041483454 
262 303 67 79 0.041023217 
533 261 37 47 0.040381163 
691 150 22 29 0.039566133 
275 204 31 40 0.039255954 
749 125 20 23 0.039115302 
747 177 58 76 0.03908676 
764 172 25 30 0.038308002 
754 161 42 49 0.038217217 
715 129 22 26 0.037450284 
332 431 64 85 0.037323 
728 213 40 54 0.037112277 
766 152 23 27 0.037078734 
791 162 38 48 0.03536485 
594 155 21 26 0.03521603 
731 301 48 58 0.035025246 
666 130 24 31 0.03495088 
768 133 20 25 0.034680337 
579 215 44 54 0.03383529 
744 159 25 29 0.03381048 
299 216 60 73 0.0335571 
659 305 42 59 0.033513736 
742 375 30 39 0.033409644 
529 399 34 41 0.03304116 
228 290 26 38 0.032864727 
735 261 45 56 0.032586 
819 198 24 31 0.03167472 
525 202 47 61 0.031333186 
713 206 33 40 0.03125289 
609 219 29 37 0.03086695 
840 197 24 30 0.030761043 
182 298 62 85 0.030528156 
638 216 46 55 0.030045629 
251 281 45 57 0.029916015 
525 297 43 55 0.029216718 
700 250 46 57 0.029103057 
737 188 42 55 0.028998537 
958 411 21 28 0.02882363 
429 225 46 60 0.0283998 
231 339 77 91 0.02804224 
730 155 56 66 0.02794111 
546 218 47 60 0.027752154 
176 393 131 135 0.027437577 
849 355 24 29 0.027195485 
247 402 63 77 0.026988244 
208 225 29 39 0.026691815 
716 153 23 31 0.026296953 
180 322 112 131 0.026216466 
809 143 72 90 0.02618403 
176 308 26 34 0.02598393 
533 205 30 38 0.025700456 
796 202 23 32 0.025618067 
166 349 62 77 0.025506053 
672 289 45 59 0.025017284 
328 259 43 56 0.02482733 
648 149 23 29 0.024683753 
691 239 37 48 0.024413845 
174 391 46 56 0.02412793 
762 659 26 32 0.023979696 
633 300 58 76 0.023712156 
774 169 57 79 0.023659537 
531 320 43 55 0.023635685 
698 127 20 25 0.023339652 
546 307 56 74 0.023311274 
843 178 25 30 0.023232628 
795 160 21 26 0.023161769 
408 73 23 29 0.02312626 
234 2 23 24 0.023039958 
439 667 21 26 0.022984792 
812 183 38 51 0.022975791 
831 184 38 48 0.022888273 
776 224 54 80 0.022569535 
213 425 77 77 0.022508299 
284 329 74 91 0.022443028 
220 316 43 60 0.022406612 
581 304 47 64 0.0222882 
514 631 23 27 0.022207377 
189 336 59 77 0.022168241 
821 154 19 24 0.02213437 
189 406 71 78 0.022014717 
664 214 34 47 0.021955146 
730 163 98 127 0.021918107 
378 318 48 55 0.021897541 
354 411 73 88 0.021885335 
283 282 64 85 0.021701807 
806 165 40 50 0.021340854 
221 225 29 37 0.02127316 
716 172 26 33 0.02126509 
229 330 26 36 0.021180835 
815 177 23 29 0.0211616 
898 201 22 27 0.021130439 
721 325 69 95 0.02107203 
629 271 46 57 0.020987917 
743 569 23 28 0.020983156 
715 164 41 52 0.020976316 
808 241 40 54 0.020719687 
742 2 22 24 0.020584717 
642 395 38 43 0.020407917 
54 392 41 53 0.02039987 
678 204 98 116 0.02034385 
717 105 283 366 0.020316014 
745 242 58 79 0.020281496 
954 48 21 27 0.020148728 
565 68 25 32 0.02013768 
