20_Family_Group_Family_Group_20_663
215
525 183 50 61 0.9973321 
335 240 45 57 0.9939652 
475 287 47 56 0.9890787 
238 294 39 49 0.98300827 
543 322 42 57 0.9521698 
779 258 42 50 0.9183985 
655 199 34 42 0.88888323 
365 164 37 47 0.18266033 
253 434 37 45 0.14694569 
176 273 35 43 0.14358671 
750 295 27 35 0.13967124 
153 343 45 53 0.13552274 
427 171 38 49 0.105084196 
717 250 30 37 0.09863095 
282 148 22 26 0.09778521 
226 204 24 29 0.088683866 
95 374 42 47 0.082356036 
331 172 23 28 0.079846956 
453 194 39 49 0.0776912 
934 46 39 55 0.073671564 
177 297 38 48 0.07281422 
763 6 28 29 0.07193072 
452 171 41 51 0.07129925 
98 357 28 34 0.06823702 
688 171 25 33 0.06481374 
29 177 23 28 0.06263342 
491 148 36 45 0.060106628 
156 337 27 32 0.05599387 
195 294 37 50 0.052462284 
602 324 39 50 0.05041591 
172 333 29 37 0.049604233 
122 358 28 34 0.04958875 
96 426 41 51 0.04865114 
735 103 23 29 0.04818451 
154 302 21 26 0.048124928 
214 204 24 28 0.046923712 
586 106 23 27 0.04624048 
141 511 22 27 0.044031493 
159 338 63 79 0.043601915 
406 272 39 50 0.04270923 
213 152 22 28 0.04214379 
717 307 26 35 0.041884024 
637 329 35 43 0.041323736 
64 62 71 82 0.041079983 
715 407 27 35 0.04098333 
99 278 25 31 0.040650904 
663 175 37 46 0.040304843 
116 373 35 42 0.040180195 
79 93 29 37 0.040088184 
183 118 23 28 0.0391985 
335 162 22 27 0.039017614 
488 2 29 26 0.038989644 
107 346 57 69 0.03834566 
20 168 35 46 0.038078804 
95 396 32 39 0.037721843 
447 344 44 57 0.0376189 
900 249 22 28 0.03735738 
71 329 24 30 0.036900386 
251 228 23 28 0.036580633 
30 437 21 24 0.03641783 
157 285 23 30 0.036194224 
718 143 27 36 0.035989527 
954 248 46 66 0.035495415 
872 533 21 26 0.035218045 
48 413 24 29 0.03521439 
644 119 23 29 0.03516387 
253 208 22 26 0.034179278 
579 193 41 53 0.034077596 
992 580 21 31 0.03405735 
103 249 27 32 0.03360903 
693 4 23 23 0.032988217 
52 354 23 27 0.032603495 
55 336 21 24 0.032391123 
175 254 27 34 0.03212887 
197 274 35 46 0.032118402 
151 302 36 48 0.031886358 
718 173 26 33 0.03186296 
8 588 19 24 0.031807307 
46 427 23 27 0.03177136 
225 150 21 27 0.031666216 
308 180 21 26 0.031624865 
694 197 28 35 0.031472374 
285 197 35 44 0.031231904 
483 161 39 50 0.0309827 
992 434 19 28 0.03083667 
99 96 27 34 0.030636763 
163 181 20 25 0.030616153 
104 303 24 28 0.030159263 
95 297 38 46 0.030046772 
745 276 35 46 0.029987268 
30 408 22 27 0.029856589 
564 131 24 29 0.029841036 
896 76 23 32 0.028908094 
6 407 20 25 0.028750295 
4 177 20 30 0.028526051 
794 1 25 24 0.028347468 
737 173 25 31 0.027824705 
176 182 19 24 0.027744528 
310 122 22 25 0.02771016 
132 306 19 25 0.027591769 
99 334 24 30 0.027404537 
306 156 20 25 0.027275963 
74 309 23 28 0.027235743 
796 326 32 36 0.027232623 
716 326 28 35 0.027018989 
590 52 21 25 0.026871063 
155 251 24 30 0.026742736 
155 394 35 44 0.026703427 
288 223 24 30 0.026635714 
279 135 21 26 0.02654649 
433 374 42 54 0.026431138 
377 152 26 32 0.026400061 
720 122 26 34 0.026331969 
584 318 39 54 0.026310649 
245 372 32 44 0.026286809 
790 171 27 35 0.026249437 
75 280 23 27 0.026197651 
287 277 26 33 0.02614963 
891 4 22 25 0.026117798 
49 313 54 66 0.026042704 
76 400 39 43 0.025844174 
125 302 34 45 0.025838293 
749 4 23 26 0.025836082 
65 274 39 47 0.025762739 
746 78 22 28 0.025755605 
764 343 72 85 0.025658617 
662 124 24 29 0.025647288 
458 218 33 41 0.025339546 
136 30 84 99 0.025338199 
165 535 20 24 0.025288127 
718 349 36 45 0.025284862 
53 130 21 25 0.025269026 
80 607 21 25 0.025204908 
50 381 23 27 0.025169872 
791 344 45 50 0.025137033 
870 580 20 24 0.025123928 
595 153 23 28 0.025054174 
31 45 75 92 0.025030604 
898 53 21 29 0.024977112 
280 258 23 30 0.024825295 
759 287 38 45 0.024783755 
222 356 52 69 0.024716247 
773 172 26 32 0.024711005 
380 131 22 27 0.024610009 
106 230 24 30 0.024307923 
80 594 19 24 0.024031088 
734 7 267 336 0.024024896 
294 363 64 81 0.023947572 
719 273 27 36 0.023924308 
304 200 24 30 0.023911383 
4 461 20 26 0.023874244 
285 172 21 25 0.023818204 
30 126 18 24 0.023812206 
49 152 21 24 0.023696788 
27 609 19 21 0.023542173 
31 460 20 25 0.023339571 
617 82 20 25 0.023332866 
42 176 22 26 0.02332702 
45 342 39 45 0.023320748 
885 301 43 52 0.023195762 
818 203 23 30 0.023018802 
117 444 39 51 0.022958064 
812 192 37 49 0.022956477 
132 333 23 28 0.022891961 
79 256 56 66 0.022700505 
826 567 20 26 0.022591338 
8 563 19 26 0.02256971 
85 507 22 27 0.022552429 
185 341 48 60 0.022530187 
180 62 75 99 0.022522314 
718 1 21 23 0.02249533 
795 128 21 24 0.022489097 
633 273 28 37 0.022485314 
917 253 22 28 0.02240217 
78 373 41 44 0.022278983 
770 122 21 26 0.022145327 
231 258 28 34 0.022111613 
770 104 20 25 0.022039419 
306 111 19 24 0.021949174 
97 225 41 50 0.021925 
30 160 20 23 0.021911617 
955 615 21 25 0.021746079 
584 119 23 29 0.021709215 
84 488 23 27 0.021695212 
711 428 25 33 0.02168225 
245 251 39 50 0.02167042 
155 0 32 37 0.021539021 
207 177 23 29 0.02152244 
263 176 20 24 0.021365387 
433 192 31 38 0.021329632 
29 390 20 24 0.021283207 
76 251 23 29 0.021246547 
732 247 38 49 0.021184253 
731 163 40 50 0.021182565 
675 370 40 54 0.02105255 
288 74 19 22 0.02101681 
125 -3 79 81 0.020948006 
265 129 19 23 0.020835763 
177 205 21 26 0.020807728 
764 74 22 28 0.020737134 
154 370 35 44 0.020656316 
669 24 23 25 0.020501759 
159 119 20 27 0.020448754 
948 271 30 40 0.020427734 
-5 134 74 99 0.020396274 
75 152 19 23 0.020357648 
175 100 41 51 0.02035064 
126 330 38 47 0.02025744 
588 180 25 32 0.020253848 
776 274 56 62 0.02018404 
787 152 27 31 0.020162502 
873 513 22 25 0.020131145 
412 218 37 49 0.020119892 
770 160 41 52 0.02006574 
155 173 33 40 0.02002828 
