20_Family_Group_Family_Group_20_599
25
387 252 92 120 0.9971744 
678 485 81 102 0.9955481 
218 680 69 87 0.9910937 
414 670 63 77 0.8603485 
590 790 105 108 0.13720855 
624 638 69 86 0.04978949 
71 686 56 72 0.037173424 
842 180 524 593 0.033433598 
640 651 100 122 0.03326702 
118 793 37 43 0.032814804 
846 806 525 593 0.032561358 
348 1218 33 38 0.031249974 
834 1141 540 561 0.031177055 
837 -133 532 595 0.030779716 
840 494 524 591 0.029687935 
559 -361 1062 1131 0.027986133 
552 829 1085 1137 0.027510654 
110 787 60 71 0.026284305 
585 785 57 63 0.024997985 
566 219 998 1125 0.022325534 
436 464 101 129 0.021880671 
697 649 90 125 0.020384828 
539 765 93 112 0.02037639 
655 644 55 71 0.020360306 
164 127 101 121 0.020064015 
