20_Family_Group_Family_Group_20_799
62
535 184 103 132 0.998099 
900 499 83 97 0.93717116 
118 635 77 96 0.92935866 
511 513 123 147 0.23331769 
285 356 30 37 0.095734246 
-1 233 31 41 0.095680796 
836 388 31 38 0.07314038 
191 603 53 72 0.06088847 
113 349 27 34 0.059511155 
121 375 31 41 0.056259762 
763 1046 542 576 0.04788907 
390 370 33 43 0.04484176 
356 356 28 36 0.043432686 
427 349 30 38 0.04272364 
915 1256 87 109 0.040942423 
154 384 30 40 0.040043894 
225 347 26 35 0.036777176 
298 353 28 35 0.035517354 
157 346 26 32 0.035479773 
806 -130 523 582 0.03489711 
203 340 27 34 0.034748267 
522 -336 1043 1111 0.03146538 
744 795 482 570 0.03029905 
880 464 39 47 0.03026515 
922 1266 49 64 0.030156441 
513 757 992 1079 0.029921103 
840 492 92 116 0.02989216 
779 729 41 54 0.029694201 
390 731 38 49 0.029664565 
216 608 40 54 0.02945225 
958 454 38 49 0.027274907 
72 415 32 40 0.027086124 
796 183 508 579 0.026516145 
90 302 29 35 0.025921386 
393 158 29 36 0.025880802 
141 377 49 68 0.025439825 
97 338 48 59 0.025251178 
632 245 54 72 0.025149189 
598 60 53 67 0.025136583 
663 106 61 72 0.024812195 
886 234 32 42 0.024469294 
91 341 30 37 0.024278767 
785 505 500 595 0.023928333 
35 393 29 35 0.023798881 
80 160 32 43 0.023702415 
416 379 31 42 0.023520665 
931 227 38 48 0.02351688 
991 381 26 39 0.022097455 
197 587 33 40 0.022077616 
44 417 31 37 0.021941172 
906 461 66 85 0.021895997 
236 315 26 32 0.02187626 
555 484 114 148 0.021214008 
837 301 33 43 0.021155654 
46 342 27 36 0.02095516 
1 0 33 41 0.020819945 
573 554 101 128 0.020696416 
943 498 51 68 0.020619163 
873 457 63 81 0.020381564 
727 499 62 86 0.020340094 
459 606 35 50 0.020208316 
780 490 95 117 0.020015892 
