45_Balloonist_Balloonist_45_531
113
275 107 130 167 0.34418815 
293 19 70 71 0.08498037 
326 143 90 104 0.06063433 
500 129 68 73 0.055678986 
443 108 40 52 0.05417395 
213 72 213 266 0.04920167 
967 531 39 54 0.049103364 
459 107 28 35 0.048553087 
138 55 113 138 0.04796986 
631 167 45 54 0.046899877 
631 46 44 68 0.045780253 
255 107 80 103 0.044903744 
687 60 256 295 0.044628497 
275 69 78 100 0.04165158 
487 159 71 83 0.04119939 
337 137 56 65 0.040710602 
320 129 142 182 0.0398441 
593 140 63 77 0.039452765 
759 0 28 28 0.038763702 
334 122 26 35 0.03827087 
640 47 25 33 0.03726833 
793 173 24 29 0.035432465 
669 1 24 25 0.034952454 
643 175 26 33 0.034944847 
141 96 65 75 0.034939945 
819 149 23 28 0.033637162 
795 157 26 30 0.033014722 
68 66 65 83 0.03299815 
611 145 29 35 0.03282123 
143 -2 44 43 0.03281885 
255 186 151 198 0.032787465 
801 547 148 146 0.031987753 
765 171 25 31 0.0314453 
352 150 30 37 0.031128243 
348 181 66 96 0.031124268 
97 92 29 42 0.031073801 
151 116 30 38 0.030664403 
448 2 57 72 0.030523736 
86 52 109 137 0.02979838 
270 15 117 127 0.029082146 
607 32 56 76 0.028949635 
29 62 70 92 0.028821347 
613 51 21 28 0.028702704 
809 137 41 45 0.028686319 
664 146 41 50 0.028381057 
169 110 48 54 0.027928205 
663 171 21 28 0.02765248 
113 85 65 87 0.027370445 
642 154 25 31 0.027149076 
670 156 24 31 0.026314136 
730 344 274 328 0.026304014 
746 2 29 26 0.026252203 
421 118 60 86 0.026118245 
243 1 38 48 0.026093675 
639 55 71 94 0.025944203 
326 33 39 46 0.025853215 
446 146 106 149 0.025304057 
846 154 23 26 0.025259372 
794 196 24 29 0.025236817 
753 148 42 46 0.025053883 
337 151 27 34 0.024604376 
825 131 71 72 0.024597798 
265 118 50 65 0.02454179 
849 580 81 92 0.024519935 
676 35 73 88 0.02437937 
816 40 77 84 0.024163846 
433 6 48 56 0.024157435 
385 141 73 98 0.024027305 
135 -4 92 94 0.023951551 
331 100 27 37 0.023864247 
325 7 64 69 0.023785386 
775 152 61 66 0.023712918 
728 144 66 74 0.02352522 
796 125 69 71 0.023397109 
462 86 55 69 0.023332594 
186 -4 84 87 0.023197314 
818 128 28 34 0.02314278 
600 480 78 84 0.023103105 
838 145 42 43 0.023039298 
359 170 28 33 0.02297881 
307 127 24 29 0.022968449 
692 513 124 133 0.022897158 
452 359 117 144 0.02271781 
323 116 50 66 0.022549981 
254 -2 84 82 0.022499457 
669 114 69 81 0.022497518 
368 225 42 65 0.0222506 
312 46 53 66 0.02221135 
204 233 141 166 0.022191098 
176 22 88 110 0.021900348 
603 66 56 77 0.021782903 
845 542 66 78 0.021712916 
642 31 23 25 0.0214509 
292 117 53 68 0.021395398 
652 159 39 51 0.021393996 
715 0 72 62 0.02129395 
73 28 76 88 0.021175463 
848 501 66 83 0.021149766 
614 360 59 80 0.021052465 
817 176 21 25 0.02103564 
455 14 34 45 0.020995278 
603 162 71 83 0.020820923 
3 150 23 31 0.020810561 
869 124 26 31 0.020766696 
302 99 27 33 0.02067334 
720 40 43 48 0.020434603 
849 86 64 72 0.020410545 
597 304 65 79 0.020404715 
607 119 41 51 0.020365827 
458 131 72 105 0.020359963 
866 150 44 48 0.020285616 
696 141 72 85 0.020250617 
628 128 131 155 0.020006742 
