45_Balloonist_Balloonist_45_685
35
495 466 50 58 0.05045183 
457 446 80 81 0.042991422 
377 308 66 86 0.040852387 
692 6 145 159 0.037113633 
333 267 58 80 0.03595299 
563 41 82 97 0.032702673 
-71 540 359 347 0.029778369 
505 -2 78 74 0.029496634 
746 506 352 387 0.028491559 
405 333 24 33 0.028155284 
423 451 161 193 0.028135106 
523 -3 50 45 0.026717553 
363 369 68 88 0.026415287 
476 204 247 348 0.02637915 
616 42 71 101 0.02635602 
538 21 79 94 0.025916126 
347 274 110 134 0.025778012 
-229 320 723 740 0.025718385 
891 0 85 87 0.025164971 
312 287 59 82 0.024892518 
504 175 162 206 0.024332857 
485 59 175 209 0.024146162 
490 485 78 101 0.024078136 
494 14 73 96 0.024061691 
748 30 101 101 0.022868212 
284 342 70 102 0.022700189 
625 16 119 145 0.022605104 
335 225 238 314 0.022524051 
522 39 62 93 0.02232704 
539 272 700 748 0.022167351 
780 13 81 83 0.02114419 
624 37 461 576 0.02098586 
502 -3 46 43 0.020676121 
294 495 86 89 0.020286864 
344 241 67 84 0.020101713 
