45_Balloonist_Balloonist_45_974
20
416 234 210 287 0.9996364 
861 64 45 56 0.67591196 
875 178 53 66 0.092238225 
854 168 54 72 0.09182163 
421 33 29 34 0.03971462 
373 3 29 33 0.038164012 
822 150 72 98 0.03649356 
322 7 36 40 0.0352251 
829 153 34 46 0.03117207 
598 179 39 56 0.030781822 
825 137 33 42 0.030282231 
795 145 52 67 0.029987387 
62 50 87 103 0.029943975 
394 6 28 33 0.026424266 
409 27 29 35 0.025219886 
889 159 42 52 0.024956403 
85 82 82 105 0.024649242 
582 146 79 102 0.022669103 
830 56 50 62 0.020876829 
801 156 30 41 0.020178847 
