45_Balloonist_Balloonist_45_277
75
456 584 97 124 0.9364771 
556 1168 125 161 0.17375393 
372 771 86 106 0.16986413 
531 1103 144 166 0.06737642 
327 866 47 61 0.059529852 
644 838 65 84 0.056501474 
551 809 68 90 0.056092247 
361 942 102 142 0.04698017 
385 648 103 131 0.0447376 
385 704 76 96 0.04110765 
587 681 49 63 0.041073166 
399 595 104 130 0.041049883 
726 622 68 86 0.040647414 
544 843 57 73 0.03976825 
373 1002 47 62 0.039538443 
539 1117 84 104 0.037670963 
543 732 49 65 0.03648669 
168 930 123 158 0.035549734 
645 817 49 64 0.03435029 
415 885 123 158 0.033970874 
528 968 131 166 0.0324054 
362 936 67 90 0.032004073 
601 949 48 63 0.031024357 
552 1054 123 144 0.030927591 
630 971 129 161 0.030297931 
659 810 66 87 0.029901873 
302 949 115 149 0.02966543 
623 1134 126 149 0.029527111 
540 1072 80 104 0.02883092 
327 963 42 54 0.027852554 
367 946 43 55 0.027544636 
238 935 170 245 0.027367825 
270 1035 120 174 0.026650777 
302 821 102 132 0.026609808 
399 683 54 69 0.026310485 
654 1096 112 136 0.026207251 
548 1130 52 65 0.025714198 
241 897 114 148 0.024979739 
341 804 104 128 0.02493448 
609 18 381 373 0.02489534 
632 902 48 64 0.024842478 
401 623 53 74 0.024696236 
273 159 678 663 0.024308447 
342 875 108 137 0.024103127 
44 765 192 334 0.023997257 
294 682 126 148 0.023552254 
492 1127 110 142 0.023050532 
614 923 65 85 0.022844909 
542 1030 74 97 0.022832867 
370 909 43 57 0.02262369 
377 718 44 60 0.02259968 
311 878 72 96 0.02249902 
47 1108 65 90 0.022462167 
326 990 39 51 0.02208103 
826 1128 119 153 0.021823272 
332 906 164 233 0.021822816 
366 671 70 91 0.021686517 
398 936 54 71 0.02168298 
582 847 50 66 0.021551045 
277 1050 45 57 0.021372544 
144 974 180 243 0.02128433 
238 668 114 140 0.021127267 
522 732 96 118 0.021107925 
895 1150 79 109 0.021046834 
615 869 91 116 0.021031745 
487 824 100 121 0.020830171 
300 1005 174 244 0.020705163 
549 1081 50 65 0.020695705 
513 879 123 158 0.020511705 
568 970 79 100 0.020450076 
317 745 76 97 0.020384768 
264 1031 74 96 0.02037452 
311 798 75 96 0.020293154 
139 850 189 267 0.020170692 
269 911 47 65 0.020001354 
