45_Balloonist_Balloonist_45_692
56
92 173 60 75 0.18109643 
414 137 68 89 0.15991667 
594 124 159 129 0.06987631 
993 717 19 24 0.054327667 
817 730 31 35 0.051792726 
-2 721 21 29 0.050362367 
919 714 22 23 0.049124308 
981 721 19 23 0.045212295 
176 38 58 86 0.043521013 
80 715 23 27 0.039108064 
722 196 22 27 0.038024694 
57 178 22 28 0.03741463 
904 712 21 24 0.036491968 
216 46 73 111 0.035187636 
443 149 65 76 0.034586694 
414 21 63 78 0.034152824 
599 147 67 84 0.030954968 
975 732 22 27 0.030162089 
85 121 147 148 0.02971567 
941 716 20 22 0.027562343 
185 720 22 24 0.027456336 
147 728 29 32 0.027040904 
254 100 143 167 0.02672567 
710 189 39 46 0.026678015 
871 720 18 21 0.026650136 
131 55 127 153 0.02648424 
844 718 22 26 0.026041193 
668 185 74 83 0.025827276 
98 150 27 34 0.025587922 
637 158 80 90 0.024840683 
333 111 133 145 0.02416834 
800 71 80 104 0.023875222 
666 172 22 25 0.023648236 
612 176 23 30 0.0236269 
98 718 23 26 0.023442265 
426 149 37 48 0.023441177 
386 138 116 132 0.023292564 
116 177 36 45 0.02311409 
76 175 42 57 0.023099853 
374 130 70 80 0.022933029 
189 89 49 77 0.022438705 
31 735 23 28 0.022197586 
80 698 22 26 0.021915957 
838 735 25 29 0.021753594 
403 80 73 85 0.02153819 
274 147 75 96 0.021504635 
298 166 45 58 0.021352347 
719 186 20 28 0.021331614 
694 159 65 79 0.021286447 
427 3 81 80 0.021026807 
77 729 26 32 0.020971857 
188 123 44 65 0.0208428 
948 735 22 26 0.020395223 
225 733 25 29 0.020205203 
448 170 84 88 0.020174792 
802 429 46 53 0.020054815 
