45_Balloonist_Balloonist_45_142
30
167 297 154 217 0.99938035 
946 750 64 89 0.11022584 
813 655 53 66 0.09955025 
582 557 37 46 0.07161155 
811 682 47 58 0.060592856 
742 655 52 69 0.0579458 
736 686 39 51 0.046367243 
767 649 57 74 0.044252556 
774 167 500 563 0.043007948 
822 641 31 39 0.041238297 
562 549 49 66 0.038896274 
595 742 39 47 0.037416235 
560 720 126 128 0.036129378 
527 -69 930 1055 0.034063287 
784 1059 488 531 0.03282236 
743 636 29 36 0.028956337 
778 640 30 38 0.028850531 
779 461 489 558 0.02616264 
778 -116 499 551 0.02605877 
779 686 43 54 0.023833547 
718 618 87 108 0.023704242 
600 713 35 40 0.023653125 
552 738 34 42 0.02266073 
709 655 53 66 0.02230935 
532 711 102 109 0.022218255 
733 633 51 67 0.02186085 
892 769 38 50 0.020748474 
714 704 32 39 0.020498568 
790 775 470 561 0.020450342 
711 737 30 37 0.020156419 
