45_Balloonist_Balloonist_45_225
24
50 -4 150 158 0.9997687 
534 174 172 219 0.99227434 
414 125 149 238 0.9081738 
435 10 106 109 0.2192499 
284 7 124 127 0.08306399 
3 4 52 87 0.050186694 
468 103 168 253 0.045272443 
414 26 142 195 0.043858744 
679 38 46 55 0.041838128 
504 30 63 98 0.034248494 
270 552 183 165 0.03232992 
618 224 106 137 0.031999346 
615 30 58 85 0.027055088 
235 603 153 160 0.02637905 
552 258 97 120 0.024266984 
590 200 86 106 0.023466945 
663 233 134 173 0.023238048 
689 28 63 74 0.023054376 
339 145 154 214 0.022961576 
39 4 87 117 0.022262616 
695 623 124 114 0.021726204 
281 565 84 89 0.02075833 
475 -8 89 98 0.020517927 
657 27 57 75 0.020493617 
