45_Balloonist_Balloonist_45_211
24
477 797 67 87 0.9741251 
487 493 45 53 0.047886524 
838 -6 103 129 0.046653584 
812 -135 525 581 0.042383734 
819 173 515 581 0.03690256 
456 -9 171 234 0.035038862 
521 -356 1041 1111 0.032453414 
822 786 514 583 0.03169845 
809 1118 527 548 0.031253446 
817 485 511 572 0.031147053 
685 50 125 159 0.029090175 
547 820 1040 1103 0.02762844 
172 1168 70 83 0.026566224 
243 -5 233 275 0.025371548 
7 42 223 253 0.025351426 
299 1069 66 69 0.023678767 
521 8 127 162 0.0234997 
568 496 95 99 0.022855757 
155 1308 35 45 0.022692014 
119 1479 43 52 0.022334497 
688 868 40 54 0.022198021 
568 205 965 1094 0.022150973 
839 34 118 157 0.02150721 
382 105 354 460 0.02012386 
