45_Balloonist_Balloonist_45_118
124
444 265 61 80 0.9980882 
711 81 75 98 0.9965784 
528 204 52 69 0.9943 
197 289 59 87 0.7949029 
353 352 68 101 0.69684625 
297 219 79 89 0.5982688 
310 346 84 99 0.27129635 
423 217 50 60 0.18231817 
850 143 42 48 0.17809878 
427 240 63 81 0.08641803 
979 145 22 28 0.069904044 
673 54 46 61 0.06942344 
713 40 84 102 0.06726636 
377 245 41 56 0.06643324 
977 134 22 28 0.06226689 
473 216 43 56 0.061239786 
892 137 41 51 0.060362488 
166 306 58 68 0.0504295 
225 290 70 93 0.049562138 
383 336 66 101 0.049319565 
13 232 38 48 0.04847559 
161 259 67 80 0.04745205 
901 128 26 34 0.047119103 
669 6 68 64 0.04584168 
512 142 39 52 0.042583294 
615 237 36 48 0.042229217 
518 151 24 29 0.040721036 
345 282 78 109 0.03989947 
924 149 25 32 0.039435565 
687 32 75 92 0.03868817 
583 221 39 50 0.03863269 
842 493 52 54 0.038501136 
601 318 45 55 0.03838159 
294 262 85 98 0.038231455 
388 489 101 99 0.038049724 
155 263 44 57 0.0379622 
439 218 59 74 0.037800834 
954 377 25 31 0.03690226 
861 126 32 38 0.036704686 
285 189 74 88 0.036599543 
299 245 42 46 0.036409516 
331 213 55 68 0.03608341 
974 180 24 31 0.03563164 
965 424 36 56 0.035506465 
945 155 23 29 0.034956925 
917 130 23 31 0.034752842 
404 236 47 64 0.033953607 
992 308 20 28 0.032767676 
523 131 43 55 0.03173333 
992 151 18 25 0.0314456 
238 329 72 91 0.031407833 
261 233 74 96 0.031310584 
607 339 46 54 0.03128527 
327 237 71 82 0.030954039 
683 0 50 42 0.03084212 
148 233 108 128 0.030659894 
41 123 78 87 0.030564738 
407 260 59 77 0.03024151 
558 105 24 30 0.030158315 
494 102 20 25 0.029400118 
539 118 27 35 0.029388335 
169 422 62 98 0.029117716 
992 130 20 25 0.028965391 
150 294 49 64 0.028892 
513 172 29 36 0.028091975 
831 487 91 89 0.027903367 
846 480 31 36 0.027757507 
150 321 85 97 0.02750928 
19 294 38 67 0.027305778 
541 93 43 54 0.027232181 
851 129 63 85 0.027165124 
938 427 54 76 0.026686111 
493 69 89 112 0.026417518 
361 402 58 78 0.026127242 
910 417 46 60 0.025946774 
950 129 22 27 0.025226027 
326 455 145 141 0.025167951 
951 173 24 29 0.025088638 
898 380 57 77 0.025057685 
968 382 20 29 0.024836672 
661 130 44 56 0.024754431 
740 91 53 65 0.0246356 
285 221 31 40 0.024542704 
277 176 39 55 0.02426696 
992 197 21 31 0.024222426 
274 336 70 92 0.024148343 
574 20 48 45 0.023978088 
787 101 25 33 0.023882547 
814 121 67 83 0.02386239 
543 104 25 30 0.023773255 
482 211 26 34 0.023764294 
633 347 30 39 0.023659846 
430 205 33 39 0.023440331 
629 220 37 50 0.02333042 
903 128 55 68 0.023289265 
893 170 27 35 0.02307872 
643 8 63 62 0.023052337 
487 249 61 79 0.022881813 
16 72 105 164 0.022877289 
197 36 84 92 0.02278562 
993 70 22 28 0.022667566 
338 519 112 104 0.022577407 
810 455 92 92 0.022468325 
691 64 126 152 0.022465225 
378 385 75 94 0.022420952 
654 217 38 52 0.022292813 
866 96 30 38 0.022132091 
994 253 19 28 0.02209863 
659 1 28 28 0.02205171 
320 382 122 143 0.021901134 
644 0 26 28 0.021898312 
761 418 74 84 0.021711653 
863 480 34 39 0.021380117 
914 405 28 38 0.021338983 
299 222 39 45 0.020924395 
528 -3 44 40 0.020871835 
283 181 23 31 0.020855587 
829 518 50 53 0.020779505 
285 467 108 115 0.020646432 
584 243 30 40 0.020631986 
725 419 130 127 0.020622129 
918 157 39 48 0.020239009 
509 0 28 28 0.020172928 
965 399 34 49 0.02007049 
