45_Balloonist_Balloonist_45_416
70
414 601 62 71 0.21604097 
121 380 230 269 0.094071336 
327 1294 35 43 0.07059043 
536 1023 36 42 0.058288597 
79 25 99 145 0.047079608 
421 1018 55 69 0.04610878 
596 480 61 87 0.040212117 
121 233 374 432 0.039199494 
393 764 107 121 0.03711039 
423 1006 40 50 0.034159865 
387 1216 57 79 0.033818536 
567 792 31 39 0.030746503 
513 613 91 104 0.030521968 
407 776 61 74 0.030262912 
179 476 137 166 0.030202797 
555 635 97 115 0.030116795 
567 811 31 40 0.028624188 
386 817 117 127 0.028523186 
584 852 29 38 0.028124757 
619 638 94 111 0.027537197 
807 364 184 156 0.027512763 
407 599 111 112 0.026699528 
546 472 99 124 0.026500352 
38 1379 42 46 0.026315236 
540 819 29 36 0.026112389 
446 972 151 146 0.025840543 
422 809 38 45 0.025704144 
348 812 32 40 0.02538532 
377 845 56 67 0.025271337 
602 854 31 41 0.02500211 
66 1357 33 38 0.024892602 
-13 256 219 293 0.024422819 
386 859 32 38 0.024124742 
534 642 35 45 0.024088334 
475 752 118 125 0.023857567 
407 674 113 132 0.023537662 
676 623 80 100 0.023465127 
418 888 39 45 0.022940466 
501 816 32 40 0.022845818 
578 668 32 40 0.022807501 
106 77 119 130 0.02279852 
642 709 31 40 0.022645151 
290 548 366 363 0.022514986 
464 847 30 37 0.022504725 
-3 324 111 196 0.022416977 
421 712 34 43 0.022179693 
540 741 116 134 0.022129023 
535 849 28 35 0.022075437 
394 953 31 37 0.021987706 
575 842 46 60 0.021980274 
390 1231 96 114 0.021964485 
434 584 185 167 0.021861656 
500 661 97 122 0.02155159 
127 25 130 136 0.021523496 
450 1028 40 49 0.021513969 
549 788 30 36 0.021448912 
541 709 90 109 0.02144068 
527 804 176 205 0.021423176 
538 667 29 36 0.021418352 
548 888 178 187 0.021231838 
441 889 187 190 0.021198383 
209 18 103 110 0.020878045 
370 855 30 36 0.020710686 
472 825 121 130 0.020660957 
748 14 105 137 0.020660939 
533 570 101 126 0.02041938 
21 26 97 139 0.020384828 
492 517 217 234 0.020175586 
321 1253 85 100 0.020171324 
405 1022 89 124 0.020124927 
