45_Balloonist_Balloonist_45_936
22
136 157 327 456 0.9996006 
330 810 27 33 0.05804495 
993 142 22 38 0.052132607 
71 934 79 84 0.04451664 
910 433 67 91 0.043395605 
119 743 69 81 0.040571038 
4 828 36 64 0.03619937 
715 714 25 31 0.031251647 
918 435 25 33 0.031088293 
906 432 44 58 0.029740065 
741 452 34 38 0.02828116 
20 924 86 98 0.027703961 
323 796 45 50 0.027392022 
990 191 24 36 0.02532733 
609 842 65 98 0.025279056 
848 2 28 27 0.024875116 
735 435 57 63 0.024182027 
110 797 56 64 0.022390502 
470 55 74 105 0.022080224 
899 438 25 31 0.021738054 
713 281 26 29 0.020968247 
478 648 105 93 0.020867364 
