45_Balloonist_Balloonist_45_207
29
474 261 274 413 0.9795608 
546 603 82 91 0.16816242 
139 427 371 529 0.13251854 
257 522 185 230 0.061954804 
305 545 92 116 0.05724979 
306 354 297 418 0.052339118 
353 582 98 126 0.0437545 
487 407 119 172 0.042449344 
86 598 63 75 0.042390257 
906 385 423 478 0.04059729 
201 587 433 528 0.036463965 
788 -202 651 707 0.03546312 
916 634 419 482 0.033971056 
349 233 464 620 0.032982763 
916 906 426 452 0.03254902 
128 567 240 279 0.030505227 
320 598 142 183 0.028620983 
907 153 416 478 0.027923694 
633 382 219 244 0.027246028 
222 615 155 182 0.026506852 
514 507 150 208 0.026343193 
135 464 98 150 0.02562319 
493 344 117 155 0.024759445 
670 651 868 904 0.023471678 
189 461 207 237 0.023066 
481 516 76 92 0.022298258 
461 462 95 120 0.021285936 
558 621 50 56 0.020080902 
267 656 150 183 0.020054163 
