16_Award_Ceremony_Awards_Ceremony_16_56
27
767 86 64 91 0.99943036 
330 87 68 88 0.9993936 
685 136 39 51 0.14899619 
130 401 26 30 0.077335045 
129 390 24 27 0.050702766 
637 390 22 29 0.045495596 
120 431 26 32 0.042365626 
159 229 21 26 0.0403675 
110 435 24 30 0.034452923 
596 359 24 34 0.034111373 
754 42 48 56 0.029988725 
954 691 21 25 0.0299262 
627 413 72 82 0.0264293 
146 407 23 28 0.024895312 
765 772 20 26 0.024539348 
766 1 30 33 0.02412115 
344 797 45 48 0.023924414 
974 173 24 33 0.023900706 
666 408 25 29 0.023196623 
-146 632 525 549 0.022960965 
694 401 21 27 0.021914037 
136 58 43 56 0.02157892 
176 9 26 29 0.021081341 
625 397 46 54 0.020818692 
796 819 24 28 0.02070263 
131 230 18 23 0.02047724 
592 373 24 33 0.020033933 
