16_Award_Ceremony_Awards_Ceremony_16_143
84
259 267 425 570 0.99985826 
684 1411 38 48 0.51620466 
640 1377 32 40 0.3547742 
821 1392 44 50 0.16570157 
409 1405 29 35 0.13117158 
460 1450 27 33 0.12431326 
345 1441 26 30 0.121209115 
615 1396 28 35 0.11029302 
532 1398 28 34 0.10853021 
832 1371 38 46 0.10485549 
397 1403 28 33 0.10435639 
807 1401 35 41 0.10105639 
524 1443 27 31 0.10048581 
760 1395 28 35 0.09405153 
510 1438 27 32 0.093011215 
771 1452 28 33 0.09269468 
578 1395 28 34 0.08234795 
345 1418 26 31 0.07941472 
508 1416 26 33 0.077705674 
577 1444 28 32 0.07267497 
617 1472 34 40 0.07205668 
612 1379 28 36 0.07135411 
579 1379 28 34 0.06854602 
733 1369 29 36 0.06404855 
727 1410 30 37 0.063174255 
760 1378 31 38 0.06290601 
463 1415 25 31 0.05817769 
803 1374 32 39 0.054855045 
536 1380 27 35 0.05234698 
615 1441 27 33 0.052214425 
688 1380 29 38 0.04848154 
455 1466 35 42 0.047733445 
231 1404 30 36 0.046508174 
761 1468 33 41 0.04371004 
318 1409 24 28 0.0431376 
266 1397 25 30 0.040963814 
82 1412 29 37 0.038769282 
797 1371 80 90 0.03876774 
796 1435 31 37 0.03850399 
794 179 498 578 0.03841753 
877 1376 30 42 0.037101064 
883 1392 32 44 0.03668835 
124 1453 29 34 0.036606472 
882 1437 31 39 0.033524614 
785 1085 523 547 0.033254176 
526 1472 32 39 0.0330455 
790 763 507 588 0.032652963 
751 1385 47 55 0.032346938 
763 1438 47 53 0.032278165 
791 -120 519 582 0.03212417 
717 1434 29 35 0.031955168 
391 1445 27 31 0.031734724 
340 1465 34 40 0.030762138 
150 1371 28 33 0.030703027 
569 1472 33 39 0.030104049 
669 1394 65 81 0.029909348 
836 1345 29 35 0.028187415 
805 471 496 581 0.027784266 
198 1409 31 36 0.027134722 
508 786 1031 1090 0.026706345 
804 1344 27 32 0.026449488 
337 1429 46 50 0.026351169 
143 1442 29 34 0.025883932 
886 1324 27 37 0.025171094 
536 22 74 75 0.025161285 
226 1436 28 33 0.02497085 
835 1466 36 46 0.024676437 
868 1364 49 68 0.024636274 
277 1445 26 28 0.024208099 
651 1435 30 39 0.02338823 
385 1469 33 38 0.023290796 
509 1380 25 31 0.022803204 
353 1377 24 30 0.022020454 
790 1414 57 62 0.021833893 
502 1471 31 38 0.021790983 
418 1441 27 32 0.021757765 
417 1475 32 38 0.02169514 
731 1345 27 34 0.021694807 
551 -322 969 1086 0.02166727 
833 1432 37 44 0.021507867 
315 1444 25 28 0.021414505 
462 1378 24 29 0.021079298 
384 1382 25 32 0.020840524 
607 1432 45 51 0.020153197 
