16_Award_Ceremony_Awards_Ceremony_16_270
63
210 892 87 115 0.99957997 
438 134 250 393 0.9994487 
888 1205 98 103 0.14104263 
726 28 265 307 0.08708553 
555 899 772 848 0.07785003 
911 291 83 108 0.07474189 
881 1210 55 69 0.0703854 
56 591 58 84 0.06654258 
47 567 54 76 0.061665278 
607 1190 66 67 0.04547266 
669 -2 202 222 0.04445144 
936 1185 71 88 0.043587815 
225 548 63 83 0.041986782 
634 350 780 908 0.038990054 
417 986 57 72 0.03567335 
924 1237 81 98 0.035507903 
292 1185 45 57 0.03327497 
841 1283 98 135 0.032152884 
695 1274 39 50 0.03142144 
941 1273 69 99 0.031117883 
50 606 36 53 0.030687599 
656 8 133 133 0.030287383 
459 1106 43 53 0.028900173 
765 156 510 558 0.02840659 
543 948 39 51 0.02811261 
943 1138 65 87 0.026704784 
886 1255 50 65 0.026583893 
621 961 39 47 0.026122043 
888 1275 109 151 0.025241908 
624 1207 64 69 0.025173774 
658 1037 431 562 0.024987603 
500 373 134 163 0.024982903 
713 -95 506 528 0.024960564 
99 764 67 87 0.024864621 
965 1097 43 56 0.024341457 
-4 814 55 89 0.024064872 
-10 662 58 80 0.02345251 
24 591 81 121 0.023433609 
962 1145 40 51 0.023314355 
239 492 107 119 0.02324351 
502 908 57 70 0.022558827 
739 124 98 110 0.022480205 
523 919 55 70 0.022295006 
840 1236 91 119 0.022272257 
792 1312 90 116 0.021862108 
726 1227 35 45 0.021714186 
661 1268 39 47 0.021577561 
398 828 62 77 0.021450154 
-9 732 105 141 0.021202097 
234 535 43 57 0.02117495 
913 1187 55 61 0.021116324 
863 1140 96 116 0.021064792 
-1 1171 50 101 0.020960758 
978 1326 48 86 0.020871734 
747 1124 74 104 0.020863323 
502 834 39 50 0.020766392 
845 19 168 184 0.020743398 
965 1298 40 58 0.02053285 
754 13 147 144 0.020490607 
798 159 157 180 0.020387895 
948 1200 84 114 0.020185625 
837 91 167 196 0.020092685 
426 220 156 254 0.020072434 
