16_Award_Ceremony_Awards_Ceremony_16_239
30
566 110 115 153 0.99982053 
104 254 261 339 0.28719532 
128 329 80 92 0.06941918 
119 296 159 202 0.0430665 
118 362 61 77 0.03924603 
311 355 68 93 0.037028596 
199 292 155 191 0.03636017 
340 357 63 100 0.033788167 
718 293 67 70 0.03325498 
289 261 47 55 0.032698054 
153 357 80 112 0.0322477 
191 370 68 103 0.028730514 
330 302 66 92 0.027758228 
312 280 60 79 0.027038386 
213 239 141 158 0.026928417 
265 328 97 117 0.026722388 
370 356 60 103 0.025615271 
264 286 66 75 0.024465628 
382 239 41 53 0.024372209 
404 253 28 35 0.023715964 
240 239 68 73 0.022935852 
325 267 44 59 0.022923019 
-43 359 267 344 0.022468666 
495 578 97 107 0.022127574 
341 235 62 78 0.022112766 
105 263 76 79 0.021743245 
116 244 51 57 0.021277448 
167 320 284 361 0.020954177 
344 286 45 67 0.020831702 
158 235 71 77 0.020737298 
