16_Award_Ceremony_Awards_Ceremony_16_512
25
359 134 230 332 0.9997273 
162 982 136 162 0.06282048 
109 760 63 73 0.058900397 
117 798 42 51 0.054983255 
143 1473 33 39 0.05466243 
147 764 38 49 0.05039483 
117 765 38 45 0.049468413 
115 742 34 39 0.040441357 
795 1104 544 554 0.04021921 
108 767 91 117 0.03991781 
127 1487 37 46 0.03731642 
811 -128 530 581 0.035773713 
512 801 1048 1074 0.032726303 
796 506 521 572 0.031195745 
147 907 139 150 0.02971072 
162 769 92 132 0.028078726 
820 185 513 571 0.02768963 
784 793 521 557 0.02416044 
996 1465 26 35 0.022517247 
548 -329 1021 1075 0.022454623 
149 797 41 51 0.021938654 
561 250 925 1038 0.02169289 
136 814 74 96 0.021139564 
142 824 130 171 0.021116082 
124 769 199 310 0.0210389 
