16_Award_Ceremony_Awards_Ceremony_16_231
74
564 98 117 159 0.9998758 
427 149 124 149 0.99883074 
37 141 43 55 0.9878762 
132 136 61 67 0.9275299 
107 339 154 182 0.4214345 
862 261 65 89 0.15789561 
289 125 26 34 0.12080171 
82 105 25 32 0.10024096 
99 140 29 38 0.09984141 
166 141 39 47 0.07277222 
905 156 21 28 0.07141594 
866 246 24 31 0.05539589 
223 112 39 46 0.05322105 
962 351 43 54 0.04953957 
367 98 59 82 0.048135266 
55 427 187 240 0.047876023 
126 167 39 40 0.0419988 
284 113 66 84 0.04190076 
126 147 38 40 0.041748103 
866 235 21 26 0.040921815 
891 282 28 39 0.04076298 
97 132 56 64 0.040560003 
388 127 66 96 0.0394292 
199 110 42 51 0.039420668 
146 127 38 46 0.03812224 
324 106 77 98 0.038024347 
904 173 21 30 0.036193468 
135 95 51 64 0.03433645 
42 516 152 233 0.03400305 
413 77 26 35 0.033493802 
482 132 131 156 0.033207826 
379 98 31 41 0.032766875 
858 244 42 58 0.032726422 
3 204 25 34 0.03160797 
401 86 44 64 0.031394508 
793 155 23 30 0.031355087 
766 202 22 30 0.030515622 
915 152 20 27 0.030016916 
902 166 34 57 0.029956836 
154 365 99 103 0.029852591 
279 125 44 56 0.029773025 
896 261 21 28 0.02965692 
202 100 32 39 0.028481143 
792 171 28 35 0.02786613 
409 93 27 36 0.027328502 
228 101 31 37 0.026454682 
415 661 21 28 0.02643844 
211 86 56 65 0.026094476 
384 113 33 46 0.026088234 
921 131 20 25 0.025328526 
150 101 27 32 0.025214175 
869 296 31 39 0.025155082 
874 141 75 100 0.024845274 
833 281 72 86 0.02471482 
689 2 26 28 0.023822632 
748 163 66 86 0.023780769 
301 131 82 105 0.023779022 
414 645 22 26 0.022866154 
245 114 38 47 0.022704653 
137 56 47 55 0.022556428 
730 536 72 74 0.022507375 
880 204 18 26 0.022324007 
683 543 103 88 0.022089977 
383 646 24 27 0.021867834 
883 256 41 61 0.021645203 
101 173 29 36 0.021567857 
860 161 99 140 0.021210436 
770 149 61 76 0.020889668 
994 205 20 28 0.020873506 
867 -13 89 80 0.020654682 
12 6 58 47 0.020281088 
155 47 69 81 0.020278275 
127 130 31 35 0.020270102 
776 178 21 27 0.020044766 
