16_Award_Ceremony_Awards_Ceremony_16_4
332
144 264 39 47 0.36006072 
452 347 36 51 0.27156 
244 370 40 53 0.20439495 
361 275 20 25 0.19916132 
513 258 18 21 0.19550553 
0 299 22 36 0.18159933 
622 302 18 23 0.14425457 
637 250 19 24 0.14177126 
384 360 25 33 0.13724427 
981 499 37 61 0.13671853 
73 255 19 24 0.13513926 
238 275 20 25 0.12465579 
235 309 22 27 0.120234065 
459 334 22 27 0.118915185 
253 306 21 24 0.11707068 
946 270 20 26 0.11619844 
412 382 24 32 0.11257706 
920 375 33 42 0.11176455 
590 308 20 25 0.111078 
332 275 19 23 0.108274385 
403 375 40 53 0.10817678 
572 354 23 28 0.1053043 
228 328 25 31 0.10449633 
310 306 19 24 0.10328023 
386 377 27 35 0.10315581 
775 305 18 22 0.100601405 
931 458 39 46 0.100387506 
373 365 61 74 0.09882836 
273 352 39 52 0.098737255 
202 278 19 24 0.09796342 
792 228 19 24 0.0965685 
118 259 51 64 0.095650606 
536 354 23 29 0.09363388 
288 281 18 22 0.089208625 
845 277 20 24 0.08737805 
491 309 19 22 0.085471496 
828 279 18 24 0.08475308 
115 308 22 26 0.08431617 
691 304 18 22 0.08287766 
179 271 22 28 0.08262567 
254 279 20 24 0.08160355 
460 312 19 22 0.07831414 
673 252 18 23 0.077113636 
564 258 16 20 0.07637539 
486 333 21 25 0.07599379 
329 310 19 24 0.0741653 
596 287 17 19 0.07330211 
65 249 31 41 0.07306316 
256 357 28 37 0.07229658 
917 352 40 50 0.0714023 
350 369 55 71 0.07139984 
840 401 46 51 0.070270136 
621 290 15 20 0.06981881 
625 252 18 23 0.069134146 
311 283 18 23 0.068805136 
770 341 21 26 0.06868928 
465 257 18 23 0.06791086 
901 275 19 24 0.067851864 
743 418 30 40 0.067279704 
718 260 16 19 0.06542897 
675 288 16 20 0.06535393 
799 277 17 21 0.0652541 
3 247 19 28 0.064079426 
383 311 19 24 0.063857816 
581 357 24 29 0.06370985 
743 309 18 22 0.062298797 
234 379 32 39 0.061136268 
638 308 17 21 0.061069544 
613 337 19 24 0.06102183 
66 337 38 49 0.0610016 
104 318 35 46 0.060990963 
828 263 18 24 0.060305458 
486 284 16 20 0.059938096 
536 328 22 28 0.059695236 
413 290 18 23 0.059341963 
564 335 20 25 0.058590434 
290 306 18 22 0.05779469 
994 384 21 33 0.057792388 
286 334 24 31 0.05764233 
445 332 19 23 0.05686298 
537 310 19 23 0.056283183 
813 393 40 48 0.05626647 
896 265 18 24 0.056177404 
595 329 21 25 0.05542495 
796 310 17 21 0.05475929 
795 377 24 31 0.05342867 
407 353 64 88 0.053332217 
360 383 27 37 0.0530306 
361 390 72 92 0.05302974 
364 303 20 24 0.052840777 
748 338 18 23 0.05274522 
414 333 19 23 0.051930103 
62 258 20 24 0.051112756 
795 263 18 21 0.05106316 
445 357 23 30 0.050755303 
208 305 20 25 0.050674535 
381 330 22 28 0.05041001 
520 310 18 23 0.04977692 
670 329 20 26 0.049375374 
3 286 20 31 0.04926844 
114 288 37 47 0.049143758 
206 409 64 78 0.048248224 
468 281 17 21 0.04815604 
221 379 60 71 0.047639538 
291 346 37 49 0.04751779 
673 304 19 23 0.047202166 
895 309 19 25 0.046699993 
415 304 17 22 0.046436638 
535 372 25 32 0.046265848 
591 260 17 22 0.045953996 
122 348 39 52 0.04534771 
617 351 22 27 0.045273267 
127 276 25 31 0.045158934 
720 278 16 20 0.04491323 
867 278 19 24 0.04485417 
940 256 35 46 0.04485001 
541 230 15 19 0.044836953 
993 430 20 30 0.043751646 
641 374 22 32 0.0436499 
226 346 42 55 0.0435144 
797 363 22 29 0.043120913 
515 352 23 32 0.04272906 
125 372 29 39 0.042187497 
945 308 19 25 0.0419301 
690 363 21 28 0.041824546 
333 375 42 54 0.041739956 
443 330 33 44 0.041684423 
517 330 21 28 0.041329857 
331 349 37 49 0.04099509 
721 308 18 21 0.040990535 
411 363 21 27 0.040765855 
580 376 30 37 0.04045578 
155 257 48 61 0.040194627 
819 304 20 25 0.040043533 
488 258 17 23 0.03982116 
771 285 16 19 0.039621282 
518 279 18 20 0.039442305 
673 237 18 23 0.039221335 
745 277 17 20 0.039192047 
443 252 18 23 0.039065313 
24 257 18 23 0.03904955 
441 309 18 21 0.038915224 
643 359 21 29 0.038840447 
994 280 17 22 0.03881792 
358 201 24 30 0.038579527 
792 333 19 24 0.038552776 
201 266 18 24 0.03854664 
541 255 16 19 0.038216457 
517 222 20 26 0.037900895 
627 241 31 40 0.03784405 
862 410 29 36 0.03758767 
608 487 67 96 0.037306346 
569 376 28 33 0.036943723 
693 290 18 21 0.03644479 
245 422 44 56 0.036242668 
636 236 22 26 0.035957675 
878 261 19 24 0.035750758 
564 310 19 23 0.035550904 
696 252 18 21 0.035528466 
718 362 20 26 0.035493206 
926 338 24 30 0.035322033 
121 326 25 32 0.03517039 
302 331 24 30 0.035168443 
505 248 33 41 0.03514656 
316 265 19 23 0.03498245 
357 394 33 46 0.0349613 
973 278 18 23 0.03492958 
929 304 19 24 0.034898326 
760 338 34 44 0.034892175 
228 308 259 256 0.03484123 
990 0 26 30 0.034776933 
479 357 26 35 0.03452117 
690 236 17 21 0.0345014 
927 275 20 25 0.034246556 
799 392 34 45 0.034071382 
455 181 75 97 0.03406235 
228 395 33 41 0.034036484 
422 453 43 54 0.033913106 
614 294 31 39 0.033775076 
758 407 26 33 0.03369015 
847 302 22 28 0.03359862 
513 204 23 31 0.033215843 
565 281 16 20 0.033070568 
286 364 51 68 0.03295423 
748 350 20 27 0.03276673 
356 121 241 292 0.032613188 
681 296 31 37 0.032594744 
643 281 16 19 0.032381095 
724 331 18 22 0.03234269 
253 376 57 73 0.03225329 
258 329 24 30 0.03218357 
979 421 32 48 0.032103397 
635 202 22 27 0.032004945 
441 287 17 21 0.03189701 
814 383 29 38 0.03185277 
384 284 18 22 0.031711638 
542 284 16 19 0.030753948 
670 375 24 34 0.030621273 
432 378 25 34 0.030374436 
255 266 19 23 0.030064836 
406 401 73 91 0.029953249 
352 405 51 66 0.029802114 
37 314 57 73 0.029727163 
896 355 56 68 0.029489176 
713 381 23 29 0.029450702 
742 238 16 19 0.029308664 
740 405 50 66 0.029224703 
747 262 16 19 0.029121008 
485 299 34 42 0.029076295 
879 226 23 30 0.02877712 
210 321 33 42 0.028763955 
204 431 30 38 0.02876309 
334 324 23 29 0.028730849 
784 362 50 65 0.028716326 
813 400 67 75 0.028654633 
59 363 107 143 0.028559845 
722 238 17 18 0.027986588 
200 437 50 60 0.027901543 
77 277 20 24 0.027637273 
478 327 35 45 0.027524494 
844 265 18 23 0.027446166 
100 380 28 37 0.027145095 
378 303 31 39 0.027105803 
703 372 37 49 0.027081862 
606 327 32 42 0.02689092 
22 281 19 26 0.026818408 
335 511 82 85 0.026787885 
745 340 33 44 0.026723342 
80 304 20 25 0.026658617 
392 410 53 70 0.026492054 
219 313 50 62 0.026393875 
511 374 25 34 0.026366442 
667 359 22 28 0.02627265 
358 353 35 49 0.026244452 
551 216 106 138 0.02605962 
489 220 23 29 0.026046447 
408 327 33 42 0.02603227 
1 230 30 47 0.025922956 
285 299 30 37 0.025851415 
375 435 48 61 0.025841238 
952 235 20 24 0.025653023 
623 235 21 26 0.025338287 
53 240 53 67 0.02532526 
316 393 74 86 0.025297767 
264 438 44 56 0.025249604 
896 267 31 39 0.025215395 
430 370 65 83 0.025068382 
74 390 63 80 0.02493318 
5 384 22 33 0.024894144 
902 378 26 32 0.024882559 
433 403 24 31 0.024868434 
281 275 30 37 0.024843719 
830 375 48 62 0.024809988 
643 497 65 95 0.024721958 
444 217 76 103 0.024684783 
769 300 32 39 0.024658237 
127 354 53 68 0.024597704 
501 193 36 51 0.024541916 
930 244 56 75 0.024476226 
89 363 59 75 0.02441749 
831 343 47 61 0.02441014 
173 405 109 123 0.024250718 
90 332 55 69 0.024213051 
929 262 20 25 0.02421193 
710 356 35 45 0.024166236 
941 330 23 30 0.024126051 
74 296 36 47 0.024097662 
317 220 241 297 0.023863755 
490 180 27 36 0.023788046 
386 489 66 93 0.023756044 
693 210 18 23 0.023598954 
995 404 19 29 0.023589056 
-2 358 112 151 0.023585547 
256 445 30 39 0.023467354 
113 282 20 25 0.023412948 
557 360 54 62 0.023404399 
837 429 51 60 0.023293208 
516 299 33 42 0.023169165 
660 356 47 68 0.023133272 
618 375 24 31 0.023108901 
668 242 31 40 0.023012444 
459 347 51 72 0.02287584 
459 229 24 29 0.02283266 
41 299 39 52 0.022825556 
250 322 38 48 0.022810178 
301 350 67 83 0.022806833 
564 239 16 21 0.022674317 
268 321 53 69 0.022571547 
365 457 70 86 0.022559866 
454 306 33 41 0.022557458 
29 355 65 77 0.022402305 
468 208 105 139 0.022372786 
957 264 35 46 0.022372585 
874 305 21 26 0.022367727 
689 330 19 23 0.022314558 
203 399 45 57 0.022261601 
573 387 43 51 0.022129172 
792 212 19 23 0.022117052 
237 302 64 78 0.022047294 
886 252 34 44 0.022036111 
78 237 20 24 0.022001812 
689 373 25 34 0.021865027 
535 211 18 22 0.021857528 
778 232 17 21 0.021852618 
987 399 29 50 0.02182592 
874 212 38 49 0.021762343 
404 162 149 187 0.021719841 
370 273 147 184 0.021595556 
-4 284 62 86 0.021522181 
934 389 36 48 0.021481473 
816 352 24 33 0.021321602 
233 286 51 62 0.021294646 
603 232 70 95 0.021253252 
592 232 18 23 0.021180328 
523 337 51 62 0.021179978 
857 373 43 56 0.021032484 
318 311 52 64 0.020955553 
960 473 46 72 0.02080752 
957 438 47 67 0.020791098 
117 250 303 276 0.020747565 
890 301 31 41 0.020636456 
108 273 34 43 0.020559682 
488 200 28 38 0.02052315 
508 307 55 69 0.020429384 
973 304 19 25 0.020302331 
471 284 62 75 0.020180702 
669 283 33 44 0.020071369 
570 474 86 104 0.020065468 
645 329 19 24 0.020032566 
664 317 35 43 0.020028286 
922 293 35 47 0.020025348 
972 260 19 23 0.02000393 
