16_Award_Ceremony_Awards_Ceremony_16_305
30
390 289 91 121 0.9996879 
596 296 81 107 0.996228 
565 401 60 76 0.084593244 
475 1419 76 92 0.06179747 
503 1404 93 110 0.047051277 
461 1436 50 68 0.044752702 
620 259 75 104 0.043439094 
808 175 508 582 0.0402646 
529 1437 45 54 0.03759317 
810 -127 524 582 0.037359368 
185 1388 37 44 0.036361583 
805 480 506 590 0.033319157 
347 473 74 99 0.032856315 
590 1377 37 42 0.031809594 
794 1097 530 551 0.031443845 
582 1369 63 67 0.031058237 
823 285 98 125 0.030903634 
528 -345 1043 1106 0.030864213 
802 775 511 583 0.030331971 
450 1361 107 137 0.02911071 
804 312 69 89 0.029003585 
526 789 1047 1106 0.028539212 
596 1340 121 124 0.024421478 
549 1396 101 103 0.024073005 
561 219 946 1086 0.023745405 
644 1374 79 72 0.023187159 
498 1472 47 63 0.021185804 
428 1312 104 124 0.020832304 
867 280 72 97 0.02053226 
347 295 46 63 0.020024741 
