16_Award_Ceremony_Awards_Ceremony_16_84
46
432 156 259 355 0.9993747 
37 1499 33 42 0.07701288 
719 226 215 333 0.074541666 
697 480 240 313 0.06473087 
523 94 269 397 0.0521762 
715 64 203 277 0.05207752 
758 738 198 302 0.04353637 
810 -117 543 614 0.04317881 
512 799 1089 1155 0.038700167 
811 1126 555 591 0.03551382 
631 35 130 140 0.0335811 
738 1184 212 311 0.033024024 
670 64 131 164 0.032885473 
727 1042 215 307 0.03251321 
93 1552 35 41 0.03232064 
804 181 524 604 0.030510262 
701 59 78 90 0.029882794 
38 302 35 43 0.028436922 
35 589 34 43 0.026919961 
74 7 62 66 0.026565177 
80 1506 31 37 0.026464207 
818 56 180 265 0.025731362 
33 232 226 294 0.025175868 
608 -24 223 311 0.024582941 
833 1107 177 255 0.02454003 
87 92 31 38 0.024414103 
809 481 524 613 0.023946997 
103 24 174 196 0.023564868 
14 1506 33 44 0.023224823 
14 1484 33 44 0.023025589 
970 356 34 49 0.022869946 
820 808 530 617 0.022841115 
751 79 35 45 0.022820497 
748 1315 228 312 0.022578336 
952 92 56 90 0.022476224 
828 315 167 225 0.022476213 
888 737 212 298 0.022337966 
863 839 162 249 0.021895276 
731 857 220 353 0.021613583 
558 -300 1011 1086 0.021332102 
74 73 58 73 0.020715509 
548 202 931 1116 0.02066963 
968 104 33 52 0.020644967 
791 559 208 309 0.020446101 
896 1200 210 297 0.020228742 
899 1341 232 300 0.020200856 
