16_Award_Ceremony_Awards_Ceremony_16_124
20
446 127 259 363 0.9995666 
426 976 164 190 0.4202296 
625 250 90 126 0.056846514 
504 1014 95 124 0.037135728 
896 -103 421 468 0.03603826 
890 886 425 446 0.035399508 
906 145 408 458 0.035220936 
396 237 90 149 0.035012186 
905 389 407 463 0.032143865 
432 227 115 148 0.028801093 
698 -276 801 884 0.027419385 
89 1052 35 42 0.026646608 
903 634 401 459 0.026073348 
642 269 42 58 0.025674498 
957 759 32 42 0.025575835 
679 651 817 878 0.024268022 
518 362 137 126 0.023251511 
335 996 212 220 0.022028692 
84 1024 83 95 0.020879447 
713 167 740 872 0.020685345 
