16_Award_Ceremony_Awards_Ceremony_16_85
36
522 234 53 67 0.99858236 
823 259 58 73 0.99744415 
407 229 52 69 0.9961123 
162 184 58 74 0.9945892 
270 238 51 66 0.9945523 
680 234 54 67 0.9925062 
350 270 46 54 0.2469222 
460 266 42 55 0.21674864 
340 38 73 75 0.11475901 
379 234 53 68 0.11199076 
579 276 36 46 0.07008939 
741 582 24 29 0.059018005 
460 215 39 52 0.043720815 
480 222 28 38 0.039974883 
452 146 47 65 0.039254252 
898 615 23 28 0.03798791 
576 170 45 54 0.037625853 
463 204 27 36 0.032325186 
225 537 23 28 0.031464104 
476 152 45 59 0.03060295 
471 554 18 22 0.029317318 
342 545 19 26 0.029148616 
377 152 46 59 0.02715851 
470 717 23 30 0.02695353 
611 568 18 23 0.02667104 
664 248 56 71 0.02612802 
457 151 29 40 0.024710879 
434 141 44 60 0.024111379 
480 558 17 21 0.023638356 
599 568 19 23 0.02333191 
352 555 19 25 0.02295399 
487 167 26 34 0.02289329 
615 686 22 29 0.02281372 
401 149 47 60 0.022233633 
920 289 43 58 0.022129303 
480 0 30 28 0.021473989 
