16_Award_Ceremony_Awards_Ceremony_16_569
64
257 16 70 86 0.99992716 
86 15 72 89 0.9996099 
563 145 144 169 0.99953234 
443 3 71 87 0.99891794 
819 89 134 207 0.997747 
187 35 47 57 0.9857621 
-3 37 41 59 0.5413421 
2 659 52 62 0.4233772 
885 150 87 149 0.26083228 
514 6 57 73 0.25772712 
463 701 46 46 0.15614837 
307 697 23 27 0.14088482 
7 24 50 59 0.13680726 
389 730 25 32 0.12638383 
353 75 34 40 0.11183283 
167 636 47 59 0.09510345 
348 6 56 56 0.08987695 
308 709 23 26 0.088804126 
12 49 43 62 0.05074984 
146 -7 45 47 0.043733552 
785 97 78 118 0.040270902 
371 -2 51 47 0.039154444 
309 734 25 30 0.037274826 
-1 129 25 37 0.03629006 
170 -7 45 44 0.034902573 
401 717 22 27 0.031472437 
279 399 30 34 0.031415056 
326 736 24 29 0.030586828 
202 27 55 71 0.030347656 
283 386 27 31 0.029059742 
527 16 68 86 0.028973902 
303 661 20 23 0.02773573 
190 -8 45 46 0.026301924 
343 76 56 66 0.025541235 
527 18 34 42 0.024878275 
329 719 20 24 0.024855195 
160 87 42 60 0.02468239 
9 685 54 59 0.02446156 
123 24 61 79 0.023993427 
204 660 26 34 0.02390757 
798 126 96 139 0.02342896 
410 694 21 25 0.023157725 
743 64 141 195 0.022624912 
19 111 42 59 0.022583697 
514 145 66 96 0.022317033 
281 221 69 124 0.022299666 
930 173 71 116 0.022188313 
776 40 76 117 0.022174906 
48 730 33 39 0.022000417 
745 133 65 92 0.021667216 
477 725 33 36 0.021652384 
401 8 48 56 0.02156326 
220 -4 43 50 0.02146244 
0 118 66 94 0.0212462 
304 647 20 25 0.020996865 
32 15 44 54 0.020938503 
230 715 26 30 0.020682957 
221 272 27 33 0.020360105 
130 663 24 30 0.020299582 
532 686 27 31 0.02026821 
162 639 28 34 0.020142946 
158 -1 71 86 0.020134168 
518 1 28 34 0.020104792 
465 696 30 33 0.020037279 
