49_Greeting_peoplegreeting_49_787
29
210 70 142 187 0.99956936 
673 164 124 155 0.99435824 
779 162 76 110 0.05645978 
720 507 76 85 0.03706963 
485 390 131 178 0.03223315 
837 330 25 31 0.031735886 
837 499 37 51 0.030588146 
663 462 43 53 0.028928101 
731 142 97 134 0.028078614 
822 483 23 30 0.026999755 
758 111 48 67 0.025716161 
652 199 92 102 0.025189096 
807 507 61 78 0.024356795 
730 463 71 78 0.023644626 
806 448 67 89 0.023341788 
800 280 82 110 0.023324676 
789 456 25 31 0.023243438 
842 536 51 78 0.023185518 
841 526 25 37 0.02239144 
631 452 53 71 0.022102134 
648 472 61 80 0.021234443 
801 330 82 104 0.021000443 
796 13 78 96 0.020961108 
846 451 23 29 0.020821057 
846 489 25 33 0.020679422 
821 464 22 28 0.020274164 
678 473 66 86 0.020175952 
771 441 56 66 0.020116689 
335 546 105 107 0.020056682 
