49_Greeting_peoplegreeting_49_124
42
489 302 65 83 0.9994924 
253 228 62 76 0.36595312 
317 276 54 74 0.08505027 
304 182 21 26 0.04819644 
285 251 73 95 0.047280226 
273 197 26 33 0.04316687 
253 189 47 56 0.041034162 
306 195 25 32 0.040795602 
200 163 117 142 0.037806228 
615 304 55 71 0.03660987 
270 199 73 95 0.036198575 
340 156 19 26 0.03529745 
251 258 76 94 0.03400804 
804 611 89 86 0.0334316 
297 185 42 53 0.03207275 
266 244 40 46 0.029399432 
224 91 44 58 0.029009582 
272 265 32 39 0.028691396 
331 292 32 46 0.027901182 
235 90 61 83 0.027692454 
277 378 42 53 0.027368814 
263 183 24 27 0.026217232 
271 320 45 55 0.026094588 
271 372 118 148 0.02605616 
280 184 21 26 0.025851674 
279 334 28 35 0.025561435 
286 349 25 33 0.023500055 
225 117 28 38 0.023097565 
287 300 61 77 0.022877887 
339 172 20 28 0.022835784 
798 710 26 29 0.022374399 
262 305 25 32 0.022338392 
270 230 33 38 0.021769399 
199 222 27 34 0.021710217 
332 147 34 48 0.021101587 
244 292 69 89 0.021022184 
286 384 23 30 0.020798387 
308 153 19 25 0.020739859 
266 395 69 95 0.02069776 
200 202 29 34 0.020676624 
265 404 22 28 0.020675378 
69 18 269 348 0.020492718 
