49_Greeting_peoplegreeting_49_894
408
480 245 50 61 0.9942643 
87 256 49 70 0.99167705 
784 266 41 51 0.99115354 
714 256 45 59 0.9908721 
909 262 49 57 0.97544664 
362 562 119 120 0.9360558 
565 292 48 57 0.91093946 
401 290 54 68 0.9105987 
569 97 21 26 0.5265751 
394 201 21 26 0.5091015 
437 151 20 24 0.41769883 
492 132 19 23 0.3947525 
66 275 53 76 0.37067747 
789 130 20 25 0.35223073 
556 206 22 27 0.32975036 
901 270 37 43 0.3073169 
688 153 19 22 0.30098888 
743 135 20 25 0.28555125 
739 99 20 24 0.27338922 
776 133 19 24 0.2714614 
619 123 20 25 0.24606611 
640 60 18 24 0.23393948 
874 201 21 26 0.22525607 
749 79 17 21 0.22488244 
818 74 17 21 0.21145137 
781 387 46 54 0.2068925 
974 82 21 28 0.20683114 
41 296 45 63 0.20123547 
460 177 19 23 0.19936669 
548 211 21 26 0.19625999 
801 71 18 22 0.19115362 
433 174 20 25 0.18784346 
969 269 34 49 0.18687586 
463 105 18 22 0.18304296 
308 245 36 48 0.17234947 
570 84 20 25 0.16894774 
441 135 20 25 0.16569483 
824 55 15 19 0.16523059 
303 197 21 26 0.16127318 
272 249 33 52 0.1593934 
315 105 17 21 0.15215339 
617 234 26 30 0.13489677 
744 146 18 24 0.13160889 
621 108 18 24 0.1305733 
838 266 33 44 0.12875102 
718 58 15 19 0.12535241 
325 485 84 97 0.12441391 
512 182 18 23 0.12161686 
669 100 18 24 0.12113768 
644 123 19 24 0.121128984 
931 48 17 21 0.11942722 
637 249 28 37 0.116679244 
442 105 17 21 0.11443756 
932 253 42 50 0.11304283 
310 183 20 23 0.111649126 
926 208 21 26 0.110632904 
540 109 17 23 0.110276796 
693 83 16 19 0.110171564 
691 100 18 22 0.106976785 
773 151 17 21 0.10585536 
643 109 18 23 0.104647115 
948 151 19 23 0.10217358 
798 60 16 20 0.10153006 
548 160 17 21 0.10133836 
542 52 16 21 0.099990666 
384 75 17 21 0.09966794 
840 180 18 23 0.09893855 
674 80 17 21 0.09881984 
462 127 17 22 0.09698571 
772 102 18 22 0.096882544 
408 109 18 23 0.095612735 
489 149 18 21 0.09505619 
515 106 17 20 0.09290421 
775 51 15 20 0.09127853 
719 73 16 21 0.08897873 
751 58 15 19 0.08806569 
194 257 46 58 0.0872679 
676 154 18 22 0.08684335 
857 78 17 20 0.08581153 
492 106 17 22 0.08561172 
260 149 18 21 0.08468154 
358 163 19 23 0.08426587 
417 182 19 24 0.08375568 
727 102 17 23 0.08290246 
574 53 18 21 0.08102979 
340 316 41 52 0.08056024 
992 278 21 33 0.07951018 
867 81 17 21 0.078744434 
311 154 18 22 0.07858422 
639 267 35 44 0.07837475 
564 176 19 24 0.07704065 
671 204 21 26 0.075022645 
254 203 23 29 0.07459076 
541 122 17 22 0.07446 
978 205 20 26 0.07414007 
771 79 16 20 0.074066386 
410 125 19 23 0.07397177 
868 100 18 22 0.07386723 
874 230 25 32 0.07349454 
566 160 17 22 0.07305115 
772 37 15 19 0.07295346 
334 174 20 24 0.07280236 
224 246 26 38 0.07230688 
977 218 30 44 0.071889214 
720 182 18 23 0.0718723 
877 159 18 22 0.07168069 
665 129 18 23 0.07153849 
491 78 16 20 0.06963617 
516 84 15 20 0.06897459 
872 184 19 23 0.06882018 
328 301 42 55 0.06857376 
348 370 48 62 0.06747066 
666 225 24 31 0.06680709 
310 131 17 22 0.06550358 
583 102 18 23 0.06547173 
235 131 18 21 0.06534001 
925 171 19 23 0.065262385 
623 80 16 22 0.065237485 
2 248 23 33 0.064510725 
951 134 19 24 0.06424771 
28 308 39 52 0.064220585 
261 251 29 42 0.06291522 
851 106 18 21 0.06275277 
51 127 21 26 0.0624099 
211 241 48 67 0.06235409 
978 53 19 23 0.06222085 
825 36 15 19 0.061838202 
512 130 17 22 0.061401207 
323 252 28 36 0.061211035 
289 129 17 22 0.061068345 
842 204 20 26 0.061020423 
586 51 17 21 0.060968358 
465 80 16 19 0.0606725 
515 459 66 101 0.06017372 
823 103 19 23 0.059789117 
620 180 20 25 0.05931921 
542 80 16 21 0.058650587 
842 156 19 23 0.058562577 
945 54 17 21 0.057771794 
826 155 19 23 0.05723078 
791 207 19 25 0.057131283 
333 101 17 21 0.057113748 
928 37 17 21 0.056428738 
898 161 18 23 0.05642094 
566 252 30 37 0.05621649 
356 128 16 19 0.056006737 
796 147 19 23 0.055267375 
290 201 19 24 0.055109404 
257 224 25 36 0.05499027 
696 134 19 22 0.054929513 
237 100 18 22 0.05490563 
340 161 19 23 0.054378226 
830 208 20 25 0.054357436 
487 59 16 20 0.054022543 
341 131 16 20 0.05398364 
412 243 27 35 0.053800773 
390 183 19 24 0.05368634 
594 203 21 26 0.053331178 
697 50 16 20 0.053261295 
23 208 21 28 0.053121693 
56 272 41 56 0.052655842 
973 124 20 28 0.052357677 
227 50 17 22 0.05166121 
830 177 18 22 0.05144394 
928 161 19 24 0.05132048 
493 180 19 23 0.050947506 
662 270 35 45 0.050393008 
337 85 16 21 0.050321538 
974 179 17 23 0.050238766 
545 177 18 23 0.050093785 
265 474 42 54 0.049999997 
718 202 20 24 0.049972903 
900 130 19 23 0.04972638 
898 59 17 20 0.049652662 
370 76 16 20 0.049430907 
309 235 24 31 0.049388148 
254 138 18 22 0.04896221 
635 236 26 32 0.048871826 
688 180 18 22 0.048800174 
357 172 19 24 0.04877603 
413 233 22 28 0.048425656 
391 104 18 21 0.048270486 
465 158 17 21 0.047842324 
690 202 19 23 0.04771634 
620 56 16 21 0.047395993 
853 57 14 18 0.04724473 
991 225 20 29 0.047017142 
592 33 17 19 0.04701039 
165 316 44 53 0.046881337 
360 234 22 28 0.046735454 
827 229 25 30 0.046489503 
839 233 24 31 0.045800295 
556 214 33 42 0.045793276 
798 33 15 19 0.045718685 
720 156 17 21 0.04550919 
166 293 46 54 0.045359865 
675 180 18 23 0.045149848 
208 127 17 22 0.045095973 
759 249 42 53 0.045063805 
869 58 17 20 0.0448649 
725 134 16 21 0.044655148 
696 35 17 20 0.044302307 
951 177 17 21 0.04418466 
186 127 18 22 0.043954823 
696 266 40 51 0.04391653 
228 235 26 35 0.043913215 
732 231 39 50 0.043865636 
407 59 16 19 0.043440737 
795 105 19 22 0.042575423 
896 205 20 24 0.042241715 
361 106 16 21 0.04215741 
514 155 17 20 0.041955583 
897 70 18 23 0.04187644 
417 159 17 23 0.041817132 
386 230 22 28 0.04123673 
821 128 20 25 0.040880647 
144 345 30 40 0.040804755 
517 204 22 26 0.040712986 
299 287 43 56 0.040579002 
263 179 18 21 0.040561713 
338 201 20 25 0.04054612 
807 255 39 48 0.039953258 
806 494 71 91 0.039743364 
426 315 40 50 0.03957559 
208 100 18 23 0.039203964 
936 232 39 51 0.03877137 
666 254 28 35 0.038517438 
288 110 17 22 0.03837585 
791 232 25 30 0.03798381 
259 268 29 42 0.03793586 
466 59 16 20 0.037393592 
149 207 43 60 0.037319537 
670 56 16 19 0.03722276 
253 100 17 21 0.0371993 
616 203 23 29 0.037120577 
919 224 28 35 0.037109546 
848 33 15 17 0.036990684 
433 206 21 26 0.036791783 
926 132 17 22 0.036687125 
442 82 15 19 0.036681358 
59 259 25 33 0.03667452 
432 532 78 92 0.036661744 
875 32 15 18 0.036569558 
254 87 17 21 0.03652939 
1 223 23 34 0.03649033 
746 176 18 22 0.036336485 
947 203 19 24 0.036022697 
57 149 22 26 0.03570042 
307 178 30 38 0.03563261 
570 123 19 24 0.03536276 
899 174 19 23 0.03518722 
748 34 16 19 0.035080045 
588 130 19 25 0.0350728 
409 75 16 20 0.0349497 
357 246 24 30 0.0349411 
895 233 25 30 0.03491371 
957 77 18 23 0.034813337 
362 495 112 135 0.034778632 
947 34 16 20 0.034641415 
746 526 352 368 0.0345668 
734 425 42 50 0.034532283 
772 175 18 22 0.03449264 
386 280 41 56 0.034398388 
540 212 32 43 0.034376 
930 102 18 23 0.034207936 
422 503 73 88 0.03387381 
617 31 17 20 0.03382708 
844 126 19 24 0.033765413 
567 32 18 21 0.033562377 
491 484 72 100 0.033546455 
796 179 18 23 0.03320332 
587 85 17 21 0.033165798 
314 261 41 51 0.03289308 
588 182 19 23 0.032878075 
465 476 66 79 0.032761764 
592 291 43 52 0.03273703 
641 32 18 21 0.032722104 
775 207 19 24 0.032611307 
58 227 22 28 0.032479744 
901 30 15 18 0.032406505 
2 565 79 107 0.032377224 
463 203 20 26 0.03221313 
25 219 22 30 0.03203332 
144 322 40 51 0.031972755 
383 159 18 23 0.031777646 
195 226 44 65 0.031697344 
248 194 37 46 0.031687595 
155 153 20 25 0.031655293 
282 235 21 30 0.031480458 
126 183 20 25 0.031408127 
974 149 19 26 0.031365562 
385 249 24 31 0.031115161 
237 151 18 22 0.030901961 
388 128 18 21 0.030764677 
280 154 18 21 0.030647643 
35 130 18 24 0.03052314 
160 211 61 81 0.03047366 
72 312 29 44 0.03028605 
559 327 44 55 0.030249761 
877 127 18 22 0.030094994 
928 75 17 21 0.030056726 
430 225 23 30 0.030000525 
243 285 40 54 0.029529598 
507 174 29 39 0.029482218 
541 33 18 22 0.029381625 
243 209 49 72 0.029353 
205 229 28 38 0.029307062 
200 206 23 29 0.028897868 
381 299 53 67 0.028748255 
392 59 17 20 0.028738357 
281 190 33 42 0.028734474 
641 181 20 24 0.028557045 
294 312 59 72 0.028470768 
227 274 28 38 0.028461017 
1 105 17 25 0.028455386 
32 179 20 25 0.028375838 
720 35 15 19 0.028300319 
125 204 23 28 0.028195173 
670 32 17 20 0.02805442 
711 228 41 54 0.027738454 
52 177 21 25 0.027594047 
900 7 17 21 0.02751341 
28 278 22 30 0.02750873 
55 208 21 26 0.027372573 
315 87 15 19 0.027337141 
51 219 35 46 0.027303603 
71 226 26 33 0.027251966 
360 205 19 25 0.02721022 
541 450 58 76 0.027142974 
131 153 18 23 0.026984876 
283 180 17 21 0.02697227 
175 199 30 38 0.026756695 
104 124 18 23 0.026467519 
967 315 41 58 0.026401026 
152 125 20 24 0.026382703 
619 152 19 24 0.026313484 
746 209 19 23 0.026292566 
145 293 39 50 0.026191775 
558 309 691 731 0.026165374 
636 203 22 27 0.026096754 
978 34 16 20 0.025925638 
150 106 18 22 0.025671948 
296 341 41 52 0.025660416 
796 2 17 20 0.02545178 
693 227 24 30 0.025241405 
367 342 49 66 0.025149096 
23 258 21 28 0.024831323 
589 228 23 28 0.024697926 
335 378 74 94 0.02465877 
208 84 18 23 0.024572803 
963 247 33 50 0.024567503 
644 153 18 23 0.024566332 
445 317 38 50 0.0243385 
746 406 56 71 0.024252994 
603 276 38 50 0.024195809 
218 382 37 44 0.024067292 
75 207 21 26 0.024066059 
890 195 32 42 0.02396788 
955 100 18 24 0.023679527 
156 205 28 35 0.023628945 
347 304 30 39 0.023562066 
331 234 23 28 0.023559893 
995 149 18 26 0.023485009 
235 179 19 24 0.02340001 
479 501 116 132 0.023382872 
394 363 50 65 0.023367273 
589 150 18 22 0.023349477 
994 126 18 27 0.023347769 
286 83 16 19 0.023309434 
281 319 41 53 0.02323673 
237 85 17 23 0.023149846 
325 336 54 69 0.023093166 
363 59 17 21 0.02307214 
176 182 23 27 0.02300254 
292 481 75 92 0.022908757 
108 495 74 88 0.022848757 
406 276 39 50 0.022600492 
49 111 19 23 0.022224708 
337 55 18 21 0.022151772 
251 141 32 41 0.021984223 
683 197 29 40 0.021809109 
352 350 36 46 0.021661252 
868 248 27 35 0.021496002 
996 258 19 29 0.021453952 
557 278 39 49 0.02124049 
179 150 20 25 0.021181619 
518 421 61 79 0.02112247 
30 151 19 24 0.021085018 
443 288 52 67 0.021075021 
446 446 68 76 0.020965708 
135 257 63 76 0.020916248 
448 415 61 72 0.020858314 
148 242 42 57 0.0208063 
237 203 23 28 0.020803088 
430 596 64 78 0.020695373 
133 487 56 60 0.02065287 
217 50 18 22 0.020626763 
910 216 56 70 0.020623798 
638 289 38 48 0.020575892 
957 341 43 61 0.020570785 
823 2 16 20 0.020528348 
309 99 28 37 0.020507053 
812 68 27 34 0.020472195 
898 104 17 22 0.020211922 
6 207 22 32 0.020128258 
389 187 45 58 0.020093491 
148 504 78 87 0.020081947 
979 1 18 21 0.02005792 
