49_Greeting_peoplegreeting_49_810
202
504 139 82 99 0.9832402 
204 341 61 81 0.64855003 
292 170 51 73 0.5611319 
295 17 64 78 0.23081063 
257 36 40 50 0.2034681 
498 99 72 94 0.16223025 
271 164 52 74 0.15448076 
741 173 26 32 0.15042622 
810 171 27 36 0.13669725 
585 485 53 80 0.1038703 
-1 532 117 172 0.09387398 
465 488 23 31 0.08332539 
396 379 42 50 0.07289331 
265 140 48 68 0.07004536 
974 180 21 31 0.066102445 
978 197 20 27 0.065235354 
242 358 46 60 0.06399999 
497 88 49 68 0.062332276 
504 75 28 34 0.060908213 
979 230 21 30 0.05743163 
206 527 77 85 0.056682322 
304 509 30 43 0.054121513 
543 409 26 30 0.054091085 
981 76 20 29 0.049821142 
152 381 85 91 0.04922825 
946 208 19 26 0.04840432 
503 455 24 30 0.047805347 
651 503 76 109 0.04763912 
878 205 19 25 0.047607012 
944 109 21 28 0.04751265 
261 -2 27 28 0.046988253 
840 121 22 29 0.04674583 
891 202 21 25 0.046081565 
794 158 51 65 0.045046657 
265 32 58 70 0.04470707 
133 498 40 51 0.04336394 
929 205 21 25 0.04328916 
798 198 24 31 0.041196164 
894 247 24 32 0.041166287 
256 167 45 57 0.040445417 
798 152 23 29 0.039682165 
175 349 102 110 0.03962797 
164 184 59 78 0.039584618 
506 438 22 29 0.03956318 
920 171 23 28 0.039557453 
953 -1 46 37 0.039274164 
276 142 30 40 0.03837814 
919 148 26 33 0.03810045 
96 394 40 50 0.03802719 
276 0 27 28 0.037076496 
140 402 62 79 0.03695426 
946 221 21 26 0.036744617 
730 144 40 51 0.036446877 
292 361 40 54 0.036384538 
100 388 26 33 0.036321953 
133 484 29 36 0.03604482 
845 151 23 31 0.03580723 
542 464 25 31 0.03554539 
258 62 31 39 0.034964897 
192 377 59 70 0.034770004 
286 263 41 51 0.034481928 
423 -1 45 41 0.034137413 
896 172 26 29 0.03406739 
817 83 19 24 0.03335296 
229 36 36 47 0.033262298 
898 151 29 33 0.03263944 
928 223 21 25 0.032502457 
817 98 19 25 0.032353748 
265 353 56 70 0.032295 
221 559 40 40 0.03228197 
947 45 23 28 0.03196259 
4 117 81 152 0.031758577 
253 24 31 37 0.031531982 
145 331 61 76 0.03138568 
182 374 27 36 0.031342536 
132 431 83 95 0.031148009 
817 195 26 33 0.030657176 
314 0 53 56 0.030572342 
979 153 21 31 0.030368507 
275 142 86 116 0.030304354 
947 21 27 26 0.029928887 
118 505 60 80 0.02984782 
181 424 28 38 0.029795608 
257 359 27 38 0.029729936 
386 329 29 34 0.029709203 
277 126 27 37 0.029572291 
602 621 53 60 0.029457537 
883 5 51 44 0.029423008 
182 409 25 32 0.029408336 
209 154 66 79 0.029229354 
178 358 48 63 0.028900884 
309 193 61 85 0.028794926 
171 229 44 60 0.028407797 
895 6 29 28 0.028392673 
299 312 58 73 0.028380498 
592 523 30 41 0.028338348 
114 407 59 75 0.028090822 
623 482 74 105 0.027767263 
594 476 32 41 0.02768977 
152 177 94 125 0.027343038 
172 200 30 39 0.027066892 
817 157 25 32 0.026691666 
895 129 54 68 0.026668971 
92 408 54 71 0.026593674 
4 538 26 37 0.026468595 
506 93 31 38 0.026328564 
169 319 64 82 0.025867064 
88 369 113 135 0.025864854 
872 77 21 27 0.025616923 
285 498 41 55 0.02547352 
27 313 66 85 0.0253409 
204 331 35 46 0.025267731 
927 76 22 28 0.025211975 
271 229 61 79 0.02444647 
118 332 59 76 0.024378518 
243 297 72 92 0.024097057 
177 220 32 41 0.024032673 
49 356 25 32 0.023888228 
159 174 25 31 0.023802277 
244 385 45 59 0.023795474 
202 50 28 35 0.023523737 
199 130 26 31 0.023506137 
799 224 26 33 0.02347409 
59 521 119 151 0.023459505 
199 166 138 155 0.023392133 
304 55 37 49 0.023364082 
89 472 109 142 0.02321599 
270 509 61 73 0.023108179 
325 107 71 100 0.023100283 
282 370 28 39 0.022970058 
786 177 78 96 0.022905778 
29 377 21 27 0.02288965 
894 235 21 29 0.022870544 
181 224 77 94 0.022836449 
538 416 37 45 0.02283464 
579 453 58 74 0.022720013 
819 50 22 27 0.02266406 
289 65 75 95 0.022627948 
946 72 21 27 0.022604045 
735 122 25 31 0.022603977 
191 135 44 55 0.02256479 
326 214 58 85 0.022365024 
181 129 24 29 0.022211468 
166 55 43 55 0.022117844 
951 259 24 31 0.022105182 
885 195 34 43 0.0220972 
940 215 34 44 0.022091212 
191 160 51 64 0.022083448 
477 440 50 63 0.02202141 
312 161 50 70 0.022011567 
802 95 19 27 0.021957425 
126 325 39 50 0.021946529 
723 161 37 48 0.021928446 
763 655 34 37 0.021866424 
134 490 81 92 0.021850443 
408 0 31 31 0.0217499 
813 227 24 30 0.021596884 
482 487 21 26 0.021587979 
347 410 41 56 0.021441413 
923 198 34 43 0.021389633 
169 411 120 126 0.021385077 
528 87 77 99 0.021279523 
297 341 46 58 0.021190828 
232 505 80 86 0.021122264 
587 153 26 36 0.021093622 
588 505 72 98 0.021082517 
100 436 80 108 0.021071274 
496 436 23 29 0.021023566 
187 495 74 89 0.020989398 
176 539 118 130 0.020971887 
222 330 35 45 0.020959534 
765 120 121 149 0.020886717 
518 409 22 28 0.02087319 
779 348 46 51 0.020871159 
257 114 44 57 0.020821152 
584 555 109 137 0.020810653 
276 473 41 54 0.02077021 
513 487 22 29 0.020761007 
373 422 39 52 0.020756787 
253 83 44 56 0.020737976 
844 226 87 102 0.020720687 
753 129 58 76 0.02071011 
940 99 34 47 0.020682665 
877 179 19 25 0.02067458 
456 368 35 46 0.020669855 
156 215 44 59 0.020601092 
27 421 123 184 0.020552542 
639 632 27 35 0.020485446 
322 364 47 62 0.02047955 
288 255 28 36 0.020448277 
843 173 21 28 0.020442981 
513 120 30 41 0.020186229 
464 467 53 68 0.020181086 
262 -7 62 58 0.020165782 
434 374 28 38 0.020136325 
585 430 25 30 0.020134008 
846 111 19 25 0.020129258 
272 279 67 77 0.020125711 
626 111 44 71 0.02011813 
286 366 62 83 0.020101625 
844 103 119 154 0.020034375 
129 533 27 35 0.020030666 
