49_Greeting_peoplegreeting_49_991
28
222 380 47 57 0.17175494 
189 550 72 75 0.15075171 
816 137 19 25 0.09122109 
113 591 112 105 0.072459154 
819 147 19 23 0.05716004 
637 160 18 22 0.04876145 
650 260 20 24 0.04864202 
193 382 55 71 0.04498193 
391 173 23 28 0.044823643 
60 541 142 144 0.044379413 
613 184 18 24 0.042934477 
548 108 20 24 0.034697577 
16 538 93 88 0.033517394 
587 265 20 24 0.032043695 
16 468 119 123 0.030598875 
754 528 348 370 0.030361706 
803 133 17 23 0.028696815 
99 531 72 96 0.027830344 
-59 503 350 346 0.027678512 
701 105 20 23 0.027438281 
140 535 121 123 0.027115982 
68 508 79 91 0.02546777 
580 318 686 744 0.02524001 
-207 328 676 706 0.023706643 
624 159 19 22 0.02315382 
741 78 23 26 0.022461586 
775 106 19 24 0.021320319 
134 503 90 101 0.020386871 
