49_Greeting_peoplegreeting_49_564
29
685 421 131 165 0.9988091 
339 76 184 253 0.9794632 
982 285 20 29 0.051311333 
260 106 70 137 0.051004183 
845 529 20 25 0.048541456 
871 554 24 33 0.04627202 
872 544 21 26 0.045551915 
975 306 21 31 0.038986288 
866 545 40 56 0.037878685 
98 16 54 63 0.037040457 
992 301 22 32 0.036170933 
969 321 21 30 0.03317183 
993 286 20 30 0.032519415 
840 518 36 46 0.029163182 
856 547 68 93 0.028689707 
864 249 23 28 0.0248766 
415 115 103 121 0.024845056 
841 239 41 44 0.024772307 
102 -1 139 158 0.023618983 
835 534 69 82 0.023535356 
993 361 20 29 0.022150327 
67 72 118 171 0.021546263 
126 4 73 83 0.021204753 
788 467 117 144 0.021158677 
831 506 64 76 0.020927738 
848 234 25 28 0.020765169 
979 353 22 29 0.020596817 
875 521 68 90 0.02018058 
977 258 18 25 0.020100404 
