49_Greeting_peoplegreeting_49_456
37
234 203 116 153 0.99981827 
371 311 125 156 0.9996408 
847 313 112 151 0.99810153 
84 270 123 162 0.9973266 
484 109 96 161 0.6610179 
773 237 78 114 0.31215635 
784 249 109 146 0.12118878 
717 40 55 56 0.10468621 
893 153 24 29 0.06631477 
230 439 67 76 0.06600196 
749 182 106 137 0.060115635 
58 178 145 177 0.04950601 
313 261 140 177 0.043983027 
697 10 80 73 0.0408057 
904 173 90 94 0.038424075 
441 130 73 116 0.035363253 
444 50 176 267 0.034752157 
177 72 72 100 0.03145821 
760 162 64 87 0.030310197 
556 146 114 151 0.028924538 
889 152 39 47 0.027073814 
730 243 76 97 0.026876962 
424 150 128 189 0.026471188 
578 45 51 58 0.025533054 
769 142 115 138 0.025120586 
505 164 121 153 0.024540203 
773 185 23 30 0.024080742 
104 146 72 82 0.023898672 
195 383 85 111 0.023749257 
856 168 114 124 0.023025202 
394 173 81 115 0.022466559 
611 116 67 108 0.020801079 
801 297 58 73 0.020777585 
474 231 115 163 0.020469014 
28 167 104 140 0.0203252 
843 276 89 112 0.02002846 
914 177 30 32 0.0200215 
