49_Greeting_peoplegreeting_49_56
72
439 88 84 113 0.9977012 
800 59 45 55 0.98594624 
717 79 49 65 0.9822091 
577 64 48 62 0.9764287 
954 46 46 80 0.7477297 
909 62 46 59 0.6156372 
937 40 48 70 0.25355715 
227 104 49 115 0.24419574 
828 5 59 56 0.124025814 
43 461 57 62 0.10578971 
353 42 83 101 0.10565978 
891 73 48 58 0.09383539 
650 18 58 58 0.07936848 
812 358 25 33 0.078110665 
804 6 55 56 0.07724783 
977 52 36 70 0.07648827 
713 395 31 38 0.06917581 
633 57 51 69 0.06777049 
678 18 45 52 0.06362123 
968 15 43 66 0.055866707 
197 107 62 102 0.055651482 
916 45 38 50 0.04964258 
276 61 115 155 0.048598263 
211 80 71 94 0.04835277 
849 -3 49 43 0.047951285 
784 191 46 55 0.04549065 
538 112 60 86 0.04215016 
740 77 53 68 0.04042429 
504 -1 45 39 0.038484924 
165 113 69 93 0.036878027 
970 0 28 32 0.034523286 
624 241 59 83 0.034466177 
935 22 45 55 0.034228336 
637 33 53 61 0.033211067 
11 287 97 195 0.03306898 
697 11 44 49 0.031431254 
299 41 88 107 0.031111144 
509 102 65 94 0.030604068 
389 43 61 76 0.03049146 
810 -1 37 35 0.029434912 
797 -2 33 34 0.02867427 
232 26 100 128 0.028525434 
0 352 65 142 0.028120989 
687 90 60 74 0.027533142 
232 -4 78 75 0.02753244 
592 49 60 80 0.027522523 
405 57 71 100 0.0271713 
202 -2 47 42 0.024922842 
257 76 77 104 0.024704367 
644 254 82 95 0.024634108 
6 431 66 105 0.024229823 
864 90 42 52 0.024008036 
231 89 29 40 0.023122655 
694 303 25 30 0.022977287 
6 171 23 37 0.022831874 
688 -1 32 36 0.022720713 
212 -3 69 53 0.022675501 
225 125 31 68 0.022383684 
631 -2 36 35 0.022245701 
213 24 79 77 0.021777859 
881 100 47 59 0.021690654 
865 61 42 54 0.021468477 
732 9 48 48 0.021372845 
638 271 33 44 0.021358892 
700 406 23 28 0.020525008 
615 -1 34 33 0.020496871 
0 433 38 78 0.02039546 
657 104 46 63 0.02034865 
631 88 59 78 0.020328658 
195 65 62 69 0.020238472 
-2 138 60 102 0.020222928 
257 -4 48 41 0.02001203 
