5_Car_Accident_Car_Crash_5_133
34
282 201 26 32 0.06745643 
382 136 104 109 0.049437746 
755 82 16 21 0.03890994 
282 183 22 27 0.036040712 
352 170 25 31 0.03444005 
334 147 63 75 0.031583633 
335 219 253 265 0.031049255 
-225 333 703 733 0.030420592 
-64 531 354 355 0.02993197 
338 157 25 31 0.027489629 
538 -2 46 41 0.027435286 
563 67 25 30 0.027129019 
356 146 164 179 0.026903193 
276 255 183 193 0.026118077 
234 176 21 26 0.02571971 
138 186 40 49 0.02493579 
275 178 36 46 0.024819179 
905 99 21 27 0.024129378 
351 158 25 30 0.023750523 
772 172 249 324 0.023707373 
763 86 18 23 0.023287214 
404 9 129 157 0.02297859 
293 284 71 87 0.022615595 
466 322 89 89 0.022520356 
384 274 144 139 0.022423292 
236 204 21 26 0.021984037 
440 1 84 103 0.02166677 
757 533 340 363 0.021603428 
764 95 19 24 0.021571267 
341 173 24 30 0.021336183 
794 492 25 26 0.021207547 
452 267 182 188 0.020658791 
751 96 20 25 0.020264318 
543 43 66 75 0.020219425 
