5_Car_Accident_Accident_5_642
66
565 756 22 28 0.15178074 
697 748 39 56 0.10115502 
445 209 84 114 0.06406897 
700 738 24 32 0.05880376 
435 386 86 121 0.057666212 
574 741 22 27 0.055918127 
535 674 23 29 0.052375473 
585 737 21 26 0.04706816 
483 253 29 34 0.04222926 
4 508 28 41 0.04150182 
473 207 59 70 0.040700633 
400 230 77 107 0.037268855 
684 725 82 94 0.036883093 
631 758 22 26 0.0367782 
810 719 29 41 0.03479353 
403 307 138 208 0.032715086 
191 110 79 105 0.032657098 
588 761 22 27 0.03244861 
798 728 26 34 0.029768933 
641 759 23 28 0.029278181 
411 231 48 67 0.028953725 
362 729 23 30 0.028282564 
780 751 47 62 0.028125277 
597 788 22 27 0.027804812 
712 749 45 60 0.027210046 
343 194 152 212 0.02663491 
484 272 27 33 0.026366819 
415 186 139 210 0.025840392 
124 85 153 169 0.025355173 
719 758 91 99 0.024500603 
257 541 25 30 0.024420286 
893 438 53 60 0.024375688 
499 248 30 39 0.02431329 
486 754 20 26 0.024174798 
262 729 26 34 0.024157392 
740 624 21 26 0.023929968 
487 649 22 27 0.023862546 
621 796 25 30 0.023811795 
485 709 21 24 0.023757191 
842 452 55 61 0.02353877 
798 710 23 30 0.023299834 
420 344 82 123 0.023204643 
821 673 22 30 0.023128582 
347 731 24 33 0.022986684 
831 426 102 94 0.022874262 
455 224 23 28 0.022422904 
369 264 90 117 0.022370886 
485 184 57 70 0.022318887 
690 735 22 27 0.022293827 
421 243 27 38 0.022268979 
624 752 39 45 0.022182873 
475 252 49 61 0.022182118 
482 220 30 35 0.022121927 
762 668 25 30 0.021751596 
791 643 20 25 0.021544633 
579 751 38 45 0.021300634 
318 244 227 321 0.021281607 
766 652 23 28 0.0212652 
565 710 21 26 0.020909885 
533 737 20 25 0.020675512 
0 645 20 29 0.020473527 
769 480 28 32 0.020350264 
505 650 20 25 0.02031681 
727 759 26 35 0.020168943 
601 709 22 26 0.020095548 
853 647 21 26 0.020036956 
