5_Car_Accident_Accident_5_203
42
762 330 44 54 0.12348023 
788 289 20 25 0.07980959 
769 333 27 33 0.0680507 
780 287 18 23 0.055364147 
353 365 24 29 0.05455348 
959 408 19 25 0.053561654 
776 306 21 25 0.045670945 
929 385 19 23 0.045453418 
946 382 17 22 0.040998165 
844 386 20 23 0.03761386 
769 303 40 48 0.035065547 
695 192 313 353 0.034384836 
952 441 20 25 0.032871455 
923 405 21 25 0.03127607 
948 366 18 22 0.029685149 
976 303 19 24 0.028415257 
774 278 33 43 0.027683634 
6 200 22 30 0.027659405 
857 565 20 24 0.027392058 
880 389 17 21 0.02687024 
826 384 20 26 0.025271408 
349 258 47 52 0.025213612 
175 186 22 25 0.024853837 
308 109 87 92 0.024778727 
979 280 21 27 0.023773398 
841 415 20 25 0.023587683 
979 387 18 23 0.023418272 
822 340 21 26 0.023132794 
760 263 57 73 0.02312156 
827 412 21 25 0.02262674 
342 362 22 28 0.022567142 
484 362 21 24 0.022235554 
975 359 17 23 0.022212459 
879 408 18 22 0.022147976 
954 456 20 25 0.022046443 
157 198 36 44 0.02160142 
775 407 24 29 0.021337349 
431 329 86 100 0.021262936 
597 231 21 25 0.021048829 
948 258 19 22 0.02097868 
927 367 17 22 0.020627614 
161 183 20 25 0.02014218 
