5_Car_Accident_Accident_5_948
20
152 259 73 97 0.34359163 
619 333 21 24 0.039984144 
738 517 351 378 0.029252267 
5 157 35 59 0.028877215 
654 130 275 337 0.027590744 
551 278 181 208 0.026947364 
-2 232 67 104 0.025067644 
297 173 159 178 0.024946934 
418 439 23 28 0.02490322 
162 387 73 78 0.024873517 
684 72 182 208 0.023360634 
70 141 41 50 0.02295413 
802 4 44 44 0.022513429 
0 1 30 37 0.022245917 
-62 505 369 352 0.021788461 
284 334 74 84 0.02139183 
31 231 71 96 0.021280091 
612 443 77 82 0.02112996 
542 299 676 727 0.020279774 
326 288 337 338 0.020023104 
