5_Car_Accident_Accident_5_340
202
45 224 24 29 0.49194217 
197 232 21 26 0.397057 
499 215 80 85 0.2347385 
333 156 20 24 0.17901234 
281 315 22 27 0.17812473 
584 159 59 70 0.16424249 
106 213 21 26 0.15889284 
0 205 20 28 0.14639136 
37 226 21 28 0.13030833 
187 176 21 25 0.12740646 
981 28 25 34 0.11999721 
305 207 19 23 0.108553685 
430 158 21 24 0.10534168 
335 305 19 24 0.0977093 
201 175 19 23 0.0895011 
231 230 19 24 0.08807765 
178 201 21 26 0.08308457 
339 231 20 26 0.082627445 
1 281 20 28 0.08183615 
695 72 18 22 0.08160406 
160 154 19 25 0.07719954 
103 227 21 27 0.07582101 
3 257 19 28 0.06602163 
80 233 19 25 0.0635793 
150 303 19 23 0.061220568 
278 228 17 21 0.060084604 
51 214 24 29 0.058355466 
880 77 21 27 0.05798521 
261 163 16 22 0.057965674 
264 213 19 24 0.05578671 
334 362 20 24 0.053565133 
283 211 19 22 0.053351406 
103 249 23 29 0.05247677 
260 173 18 23 0.052079603 
206 163 17 20 0.04991883 
153 358 21 26 0.049802434 
229 211 18 23 0.049314737 
296 155 17 21 0.04929462 
188 249 20 27 0.04873993 
335 131 19 22 0.048528835 
308 284 16 19 0.048178498 
296 126 17 22 0.047976125 
281 286 18 22 0.047767114 
136 302 21 26 0.04769906 
339 250 19 24 0.047699016 
160 176 20 25 0.04762008 
84 248 21 27 0.047035612 
5 230 20 29 0.046882294 
186 159 17 21 0.046545036 
266 225 17 22 0.04605933 
228 284 18 22 0.04604749 
162 135 19 25 0.045677613 
266 280 19 23 0.044963185 
337 289 19 23 0.04462632 
78 303 21 26 0.043853723 
29 281 20 26 0.043821804 
237 255 18 22 0.0435257 
162 209 20 25 0.043412436 
382 155 20 24 0.042613454 
34 254 20 27 0.04230461 
135 336 21 27 0.042045243 
26 334 22 26 0.04104391 
128 280 20 26 0.040765814 
124 254 21 26 0.040339794 
159 280 20 24 0.04023262 
31 209 45 63 0.040168535 
337 175 20 23 0.039631892 
213 128 17 21 0.03827905 
29 307 20 26 0.03820791 
304 331 19 24 0.03762013 
753 531 342 364 0.036439855 
239 331 20 24 0.036301713 
309 258 17 20 0.036278863 
29 208 21 27 0.03609037 
233 177 17 23 0.035728227 
698 105 19 25 0.035704456 
259 259 17 22 0.035532612 
126 204 19 25 0.03487719 
334 212 19 23 0.034698848 
211 284 20 24 0.03458965 
560 382 47 46 0.034507472 
201 304 19 22 0.034494147 
338 386 21 26 0.034290407 
23 178 18 23 0.03420019 
879 55 20 24 0.034198847 
354 233 22 30 0.033933554 
645 226 25 32 0.033290897 
151 338 19 24 0.033070892 
160 261 19 24 0.032764588 
229 160 16 20 0.032533605 
260 130 17 21 0.032494303 
177 430 24 29 0.032227844 
765 197 75 83 0.032219812 
389 130 19 21 0.03187489 
154 225 19 24 0.031702857 
184 220 42 54 0.031325024 
188 305 20 24 0.031322014 
751 73 18 23 0.03129287 
847 128 18 24 0.031099977 
-1 249 30 46 0.031041622 
251 355 20 25 0.030824317 
185 333 20 24 0.03075219 
311 308 17 22 0.030567098 
850 110 18 24 0.030445445 
334 241 31 40 0.030155381 
741 227 21 28 0.029966814 
179 134 17 22 0.029865436 
283 252 18 22 0.02981216 
765 127 18 21 0.029252104 
713 80 16 21 0.02889311 
284 385 24 29 0.028874356 
970 81 21 27 0.028811246 
209 209 20 24 0.02846277 
611 195 31 38 0.02813774 
73 225 32 41 0.027872963 
291 109 19 24 0.027868375 
26 349 22 26 0.02764955 
544 131 21 26 0.027559262 
364 200 21 27 0.027546918 
328 297 33 42 0.02735183 
313 226 17 21 0.027305944 
803 104 19 23 0.027257156 
991 42 20 30 0.02724924 
676 81 17 20 0.027171135 
56 310 21 25 0.027143646 
308 184 18 22 0.027114322 
31 242 33 47 0.026979132 
767 207 29 36 0.026644504 
75 214 19 25 0.02645585 
226 128 18 22 0.02639598 
751 513 78 102 0.026161125 
289 181 17 22 0.026149329 
338 329 19 23 0.026143488 
47 124 19 23 0.025980188 
77 286 21 27 0.025978593 
183 278 20 25 0.025859995 
717 251 22 26 0.025546433 
127 232 20 25 0.025467182 
564 284 683 751 0.025227845 
422 156 17 21 0.02511555 
816 99 19 24 0.024941286 
560 278 22 28 0.024886204 
52 326 21 26 0.024754586 
544 193 67 78 0.024379706 
202 249 20 25 0.02433294 
-229 319 706 745 0.024274787 
6 73 24 31 0.024171637 
236 306 18 23 0.023926072 
-66 535 351 353 0.02386285 
827 144 22 27 0.023847446 
-5 287 66 87 0.023783237 
263 298 50 62 0.023773987 
597 348 157 204 0.023773221 
765 313 43 53 0.023773182 
590 233 20 26 0.023693768 
367 154 19 23 0.023673305 
49 248 21 27 0.023660265 
114 245 34 43 0.023644319 
784 325 30 37 0.023623412 
304 111 19 24 0.023531064 
746 210 22 28 0.0235181 
144 296 30 38 0.023243656 
210 212 53 66 0.023178002 
202 331 19 24 0.02301389 
260 108 18 21 0.022951864 
948 3 21 25 0.022906557 
96 307 22 27 0.022703957 
771 109 18 22 0.022449154 
717 235 24 29 0.022261787 
332 279 32 42 0.022205453 
230 382 21 27 0.022070996 
155 379 21 26 0.02192795 
239 355 21 25 0.021874664 
25 205 34 48 0.02185964 
975 1 22 26 0.021783091 
24 272 32 44 0.021727106 
35 121 19 24 0.021687042 
510 228 35 39 0.021667488 
53 282 19 23 0.021627296 
415 361 18 24 0.02160904 
671 240 72 79 0.02154564 
585 256 20 27 0.021449637 
754 309 135 144 0.021438543 
59 178 19 24 0.021421032 
283 359 20 26 0.021292608 
469 152 19 24 0.021193238 
5 299 20 29 0.021175824 
531 529 365 348 0.021171823 
751 131 17 22 0.021153368 
243 348 33 43 0.020967966 
105 273 24 29 0.020784216 
534 238 67 85 0.020719275 
370 358 17 22 0.020627175 
354 246 22 32 0.020557875 
713 101 18 24 0.020477735 
764 75 18 23 0.020427939 
748 105 18 22 0.020417891 
72 277 34 43 0.020391824 
995 2 19 25 0.020383874 
179 416 23 27 0.02037706 
334 108 19 23 0.020266945 
321 229 54 68 0.020121623 
