5_Car_Accident_Accident_5_244
213
845 199 32 40 0.68917453 
858 201 32 39 0.59935194 
651 204 20 25 0.56936646 
495 205 21 24 0.5223405 
989 196 26 38 0.46227932 
630 303 47 57 0.3216676 
713 197 20 26 0.15855864 
796 197 21 27 0.15308842 
512 244 28 35 0.14776048 
919 199 22 29 0.14629571 
762 222 27 34 0.14311825 
117 288 135 176 0.14179449 
615 206 18 23 0.13480842 
461 295 28 37 0.13065594 
562 202 19 23 0.12437386 
750 198 19 25 0.12089554 
750 183 19 25 0.1200064 
926 187 21 27 0.11130857 
764 206 22 28 0.106347635 
482 299 25 34 0.105363175 
700 202 20 25 0.1029813 
406 353 47 49 0.095941246 
589 210 20 23 0.09321799 
516 453 59 72 0.09205374 
622 183 17 20 0.088324666 
482 226 24 29 0.08393901 
619 227 20 25 0.08263481 
901 206 22 29 0.07068746 
37 292 198 265 0.07047928 
746 160 19 25 0.0698459 
588 221 21 27 0.06748071 
641 183 18 22 0.062280502 
564 187 18 23 0.058168627 
472 233 19 23 0.05791975 
249 268 40 49 0.057546474 
843 184 27 34 0.051752478 
538 285 24 31 0.0507686 
467 286 45 59 0.05061856 
470 252 21 28 0.04940813 
943 223 26 33 0.047908682 
864 214 32 38 0.04674492 
922 211 32 42 0.046668015 
511 157 19 23 0.0456791 
437 210 19 24 0.04467961 
767 186 19 24 0.044261925 
669 186 18 23 0.04414805 
945 206 22 29 0.04404707 
611 199 29 38 0.042846203 
549 204 18 24 0.04211288 
943 181 21 26 0.04187643 
437 226 18 23 0.041809335 
993 183 22 33 0.040240906 
330 283 57 77 0.040165335 
480 249 25 33 0.03990215 
588 182 17 20 0.039371435 
513 279 25 32 0.039168704 
492 186 19 24 0.03890588 
2 385 219 271 0.03868174 
655 305 33 43 0.038604684 
827 194 30 39 0.038435392 
139 186 78 97 0.03793451 
0 175 19 30 0.037343264 
19 274 152 185 0.036842123 
755 522 341 365 0.03651431 
974 208 34 49 0.035671216 
617 320 35 42 0.035506986 
412 177 21 27 0.035418488 
496 233 49 61 0.03540632 
708 179 30 39 0.035262816 
560 196 30 38 0.035083953 
788 216 33 44 0.03486735 
358 279 60 81 0.03457323 
611 331 45 54 0.034169838 
481 314 36 49 0.033538498 
143 162 66 76 0.0333604 
358 228 26 32 0.033352394 
657 237 36 45 0.033295874 
752 229 20 27 0.03292823 
67 233 140 162 0.03270777 
533 469 36 44 0.032335985 
181 303 72 97 0.032309446 
672 156 19 24 0.031918567 
473 216 46 60 0.03183119 
867 185 25 30 0.03181281 
34 268 38 51 0.03119825 
511 460 33 39 0.031154454 
545 181 17 23 0.031119034 
367 341 75 78 0.031041838 
75 250 88 95 0.031038975 
312 451 405 385 0.030953364 
665 231 22 28 0.030901503 
218 244 66 82 0.030646592 
699 184 19 24 0.030043583 
444 345 37 47 0.029621815 
616 176 30 39 0.029539192 
489 558 34 38 0.029420128 
741 150 33 44 0.029413417 
644 227 21 27 0.029229643 
107 198 80 93 0.029150655 
892 377 25 33 0.02907195 
568 222 21 26 0.029001078 
473 447 57 69 0.028692156 
182 233 69 88 0.028345607 
233 280 27 34 0.02825881 
2 158 19 29 0.0282393 
547 458 44 53 0.028193662 
223 300 27 35 0.028168868 
426 329 41 51 0.027955234 
719 227 20 26 0.027662849 
698 155 19 24 0.02759961 
533 462 68 88 0.0273699 
510 301 23 32 0.027273048 
498 262 53 69 0.027257504 
255 243 60 76 0.027219588 
754 211 44 58 0.027144967 
584 315 40 49 0.02711173 
470 226 30 39 0.026996484 
231 156 20 27 0.026739394 
6 -1 24 26 0.026563399 
484 285 23 32 0.026546378 
792 180 31 40 0.026398672 
449 318 38 51 0.026364041 
219 325 38 53 0.02608283 
800 158 19 24 0.025951197 
53 108 20 29 0.025850585 
128 225 75 89 0.025717488 
428 291 52 66 0.025552256 
717 159 18 23 0.025497928 
629 275 44 57 0.025486171 
691 224 22 27 0.025220163 
351 278 29 37 0.02501754 
129 473 380 382 0.02483972 
412 258 20 26 0.024836663 
534 229 22 28 0.024775269 
905 157 19 25 0.024735447 
356 253 25 31 0.024624674 
976 183 24 33 0.02458695 
896 221 24 32 0.024537368 
766 158 19 24 0.024478424 
413 282 22 27 0.024436392 
-5 265 90 132 0.024338014 
825 182 21 27 0.024301568 
512 182 19 22 0.024263246 
431 347 73 72 0.02411364 
495 426 68 75 0.0241083 
641 161 19 23 0.024104996 
33 279 24 31 0.024104122 
466 207 17 21 0.024037875 
213 277 55 68 0.02390988 
444 23 45 45 0.023671556 
232 175 23 30 0.02366034 
634 192 43 54 0.02364956 
535 534 92 96 0.023567433 
436 333 25 31 0.023250813 
385 253 23 28 0.023223238 
0 340 139 204 0.023199596 
336 320 32 42 0.023163876 
465 180 17 21 0.023081413 
387 0 24 25 0.023068875 
633 239 36 45 0.023033984 
439 260 19 25 0.022967651 
162 254 686 694 0.022943836 
292 354 192 219 0.02294332 
256 261 26 33 0.022846702 
464 246 66 81 0.022762815 
459 450 196 188 0.02272124 
384 231 21 27 0.022686189 
-52 488 332 365 0.022633852 
843 125 20 24 0.022533217 
441 283 20 26 0.022388287 
231 259 23 30 0.022273429 
605 206 50 63 0.022143248 
173 178 28 35 0.022143243 
970 236 37 53 0.022110797 
525 408 42 50 0.022045275 
686 378 38 58 0.021967623 
564 211 34 43 0.021880021 
215 299 22 32 0.021876324 
412 228 20 25 0.021815838 
542 55 24 27 0.021725565 
475 340 39 49 0.021708554 
909 233 40 53 0.021479324 
919 157 19 23 0.021474304 
114 279 230 291 0.021473717 
44 540 94 98 0.02145777 
436 42 26 29 0.021405833 
561 461 26 33 0.021254662 
573 202 54 65 0.021122117 
227 163 36 50 0.020959279 
634 180 29 38 0.020928167 
360 207 26 31 0.020872703 
493 155 20 24 0.020782921 
334 230 70 86 0.020780265 
477 429 46 52 0.020769274 
491 546 59 62 0.02075425 
504 315 36 48 0.020712646 
933 309 50 69 0.020663911 
146 269 80 98 0.020660117 
441 305 22 28 0.020593492 
561 434 24 29 0.020560427 
406 0 23 25 0.020474376 
79 116 21 31 0.0204678 
952 75 22 27 0.020412963 
617 240 35 44 0.020379022 
968 80 20 25 0.020343047 
510 435 30 35 0.020276442 
541 72 22 26 0.020265814 
277 256 25 31 0.020189546 
27 167 114 147 0.020189505 
556 311 694 737 0.02018379 
815 79 22 26 0.020124752 
834 196 57 73 0.020084668 
885 194 46 59 0.020054407 
