5_Car_Accident_Car_Crash_5_365
57
925 171 33 40 0.16419868 
396 132 50 58 0.14656156 
279 165 27 34 0.13049902 
359 284 62 87 0.11840475 
919 147 27 34 0.115368 
261 297 84 105 0.11191203 
231 139 37 46 0.056595087 
251 146 24 29 0.050424285 
505 337 66 88 0.048270725 
918 182 43 51 0.045772713 
239 135 82 95 0.040371258 
898 176 23 30 0.037593268 
743 302 26 31 0.036970727 
929 133 22 28 0.03599432 
24 598 116 100 0.035076853 
769 274 25 32 0.03424211 
898 205 23 29 0.032893382 
256 162 42 49 0.03156517 
303 347 32 37 0.031151973 
232 131 25 30 0.03110888 
940 149 23 29 0.030734086 
898 224 27 33 0.030720936 
906 304 79 112 0.029557955 
770 260 25 31 0.029430687 
512 331 26 31 0.026637621 
341 315 74 101 0.0264189 
894 203 38 46 0.026401386 
356 280 28 37 0.0247614 
206 155 40 49 0.023861565 
266 270 69 83 0.023321172 
348 0 47 39 0.023269601 
881 436 22 26 0.023236165 
845 206 22 27 0.023224222 
506 328 42 52 0.02309123 
912 144 43 55 0.022796467 
280 248 42 48 0.022733642 
794 208 24 30 0.022730304 
224 110 57 70 0.022677923 
909 220 45 51 0.022674114 
243 86 127 151 0.022393202 
314 280 72 90 0.02208698 
270 216 108 145 0.021904025 
72 611 94 102 0.021786425 
435 486 89 82 0.021614144 
290 355 79 115 0.021529503 
286 251 25 30 0.021271436 
818 239 40 49 0.02122741 
235 326 79 102 0.021205582 
744 440 24 26 0.021193113 
746 181 262 326 0.0209786 
279 177 88 97 0.020851145 
410 149 52 64 0.020749968 
282 301 29 33 0.020678887 
723 29 311 364 0.020635521 
211 146 61 76 0.02043148 
824 198 23 29 0.020222407 
363 132 73 81 0.020156188 
