5_Car_Accident_Accident_5_735
84
919 74 22 27 0.30338615 
282 517 106 103 0.2922083 
854 72 18 23 0.20621783 
954 265 21 26 0.11342994 
919 94 22 28 0.09146076 
461 76 20 24 0.06796911 
805 77 17 21 0.064993314 
762 73 18 22 0.063855864 
850 177 23 28 0.057391144 
852 61 20 25 0.054357745 
994 223 17 23 0.05317297 
515 78 19 24 0.048016343 
865 74 19 24 0.046465777 
919 60 23 28 0.04591843 
633 315 69 72 0.04554998 
813 74 18 23 0.04394799 
949 131 25 28 0.042839333 
165 202 36 49 0.041121118 
981 222 19 23 0.03880767 
921 128 23 28 0.03856377 
896 256 20 22 0.037560735 
996 258 16 24 0.037063893 
721 76 19 23 0.036511056 
800 260 23 27 0.03645212 
971 260 18 26 0.036442664 
803 61 17 21 0.036197092 
864 181 20 26 0.036138594 
995 57 19 25 0.035578083 
764 62 18 22 0.0344167 
956 103 20 23 0.034233615 
165 183 19 24 0.03385326 
995 74 17 22 0.033117536 
993 130 20 26 0.032447707 
101 80 20 23 0.03234708 
819 175 25 34 0.03180946 
905 77 21 27 0.03168657 
945 229 19 23 0.03086521 
693 172 29 33 0.02997921 
968 99 18 23 0.02992927 
750 529 348 366 0.028512944 
528 527 375 354 0.028170317 
-67 535 352 351 0.028139874 
710 129 25 30 0.028129168 
847 97 18 23 0.028059397 
335 61 20 24 0.027862953 
161 205 22 29 0.0273111 
408 79 21 27 0.027254395 
52 9 22 24 0.02719433 
840 160 20 26 0.027069552 
105 51 19 21 0.026566895 
135 205 19 23 0.026303656 
338 72 17 22 0.026074214 
-218 334 692 729 0.02580538 
750 75 19 24 0.025790459 
266 79 17 19 0.025336478 
801 70 27 36 0.024807144 
773 149 65 75 0.024363445 
802 97 19 24 0.024091342 
109 30 18 20 0.023930373 
813 259 21 26 0.023720779 
970 80 17 21 0.023339178 
571 300 685 741 0.02319222 
86 79 20 23 0.02310078 
818 96 20 26 0.022760013 
930 227 18 22 0.022616208 
894 24 25 27 0.022551015 
814 60 17 22 0.022231363 
130 184 18 24 0.02213188 
758 245 74 92 0.02198562 
928 210 21 25 0.021535464 
904 99 21 25 0.021318771 
994 105 18 22 0.021178875 
78 101 21 25 0.021175409 
366 207 24 28 0.021140046 
792 257 40 47 0.021135824 
800 276 24 30 0.02112172 
954 80 18 22 0.021119425 
679 250 175 198 0.021018378 
108 4 19 21 0.020907488 
697 167 172 197 0.02067635 
867 59 20 25 0.020496953 
800 144 61 75 0.020386705 
722 99 22 27 0.020319829 
827 160 52 63 0.0201245 
