5_Car_Accident_Accident_5_668
105
713 192 35 42 0.50958997 
875 179 26 32 0.21450444 
868 194 25 32 0.1341784 
823 196 23 31 0.118027434 
877 229 24 31 0.103920296 
480 181 65 69 0.10129068 
687 155 22 29 0.08221757 
886 176 24 31 0.07570225 
298 181 149 228 0.06749923 
675 176 22 29 0.066140026 
686 171 24 32 0.06238449 
815 224 24 31 0.06193375 
757 221 38 49 0.0609275 
734 197 27 35 0.05847495 
743 236 37 48 0.057041775 
529 262 69 76 0.055455185 
891 233 22 28 0.05536721 
892 247 22 27 0.05170522 
556 220 43 52 0.04804388 
784 213 34 45 0.04596184 
616 204 25 30 0.045766257 
717 250 27 35 0.045724794 
697 186 38 49 0.04481861 
877 248 23 29 0.04413735 
517 187 42 50 0.0436851 
337 164 76 91 0.042736534 
375 207 44 61 0.042667355 
847 201 22 30 0.04195739 
544 245 52 61 0.041759364 
848 250 22 28 0.040604234 
770 201 23 30 0.038484786 
468 164 107 108 0.038128477 
507 205 70 78 0.038022827 
326 187 98 122 0.03793774 
868 213 49 61 0.037314553 
656 282 79 78 0.0368131 
820 252 23 29 0.036157805 
490 214 107 121 0.035460323 
864 170 44 54 0.0334875 
705 228 57 69 0.033296205 
923 210 19 24 0.03244222 
850 230 23 30 0.032391615 
703 194 55 66 0.030889148 
536 185 24 31 0.030634046 
979 205 19 25 0.03053193 
-152 432 530 553 0.029619128 
809 185 45 58 0.029090306 
564 271 43 55 0.028557219 
974 177 19 23 0.028523201 
794 206 21 29 0.028165046 
566 160 20 25 0.028118016 
956 163 18 21 0.027911453 
305 0 28 28 0.027878469 
917 286 20 26 0.027068311 
682 159 49 63 0.02700033 
923 178 19 23 0.02657035 
559 249 31 37 0.026530346 
560 293 33 42 0.026431443 
739 184 23 29 0.026399096 
534 249 35 40 0.02611159 
582 226 24 30 0.026107905 
672 149 34 45 0.02609897 
670 195 24 33 0.025543923 
792 595 97 95 0.025260013 
454 189 44 52 0.025204029 
761 259 44 55 0.025106985 
949 212 19 24 0.025064863 
925 227 18 23 0.025017284 
747 226 28 36 0.02494048 
767 187 20 24 0.024862416 
194 168 233 327 0.024854904 
715 217 31 38 0.024817336 
605 209 40 49 0.024693877 
970 163 19 22 0.024583127 
366 178 144 187 0.024463274 
848 179 22 28 0.024032619 
385 123 64 81 0.02400112 
300 146 88 93 0.023997625 
802 208 49 61 0.022937454 
662 157 48 65 0.022822108 
948 224 18 23 0.022711517 
781 266 39 52 0.022562817 
628 291 69 73 0.022342188 
649 225 69 78 0.022335758 
514 248 106 128 0.022260692 
562 174 21 27 0.022083538 
559 153 35 47 0.021950603 
737 257 41 53 0.021910707 
730 207 54 64 0.02184764 
156 275 733 744 0.02184031 
993 262 18 23 0.02183595 
326 525 374 351 0.021675214 
433 207 118 130 0.021594504 
509 184 31 39 0.020987881 
956 175 18 23 0.020953488 
719 349 28 33 0.02092929 
838 186 49 61 0.020723049 
976 228 19 23 0.020650072 
437 188 37 48 0.020596446 
494 -15 90 93 0.020491522 
311 184 73 88 0.020401038 
959 573 54 64 0.020257007 
688 283 85 83 0.020157399 
645 229 113 112 0.020118972 
904 281 22 27 0.020104025 
