5_Car_Accident_Accident_5_177
399
981 201 20 28 0.61705106 
874 257 24 30 0.4995596 
798 200 17 22 0.31606394 
752 188 17 22 0.2897628 
802 189 17 23 0.28879806 
904 159 18 22 0.28229672 
894 208 19 25 0.2706534 
815 270 24 29 0.26852083 
118 240 306 440 0.26321968 
831 211 20 26 0.23823853 
795 233 18 24 0.1578498 
280 422 26 33 0.14583969 
882 204 18 23 0.14444959 
839 222 22 28 0.14282528 
772 210 17 23 0.13692296 
675 210 18 22 0.13151026 
686 205 18 24 0.12132061 
770 226 18 25 0.116534926 
798 259 19 24 0.11647922 
802 276 21 26 0.10907698 
612 74 20 25 0.10880754 
531 357 24 32 0.1080579 
897 179 19 25 0.107388765 
666 120 18 23 0.10588322 
723 203 18 22 0.102126375 
897 278 23 28 0.100671254 
892 260 23 28 0.10008878 
747 203 18 24 0.098545834 
588 262 21 25 0.096772835 
386 448 28 36 0.096008465 
723 187 17 22 0.092398316 
748 228 20 26 0.09014279 
623 240 17 21 0.088631645 
983 187 19 25 0.08757125 
975 371 21 30 0.08614049 
894 224 20 25 0.085786134 
924 350 23 29 0.0854723 
918 248 20 25 0.08184825 
675 158 18 23 0.07712363 
311 437 21 26 0.076927744 
927 337 22 28 0.07600352 
280 138 179 231 0.07531041 
797 132 18 23 0.07493174 
638 233 17 22 0.07287965 
880 186 17 23 0.0705282 
803 155 16 20 0.06967373 
794 193 27 38 0.06964843 
314 454 23 28 0.0685406 
544 281 20 26 0.06699737 
763 185 17 21 0.06690477 
285 371 26 35 0.06668455 
298 432 37 44 0.06641224 
302 381 21 26 0.06637028 
771 253 19 23 0.065123595 
992 183 18 25 0.06484513 
305 411 21 27 0.06481296 
612 254 17 21 0.062450867 
639 201 18 23 0.06081448 
268 410 54 62 0.058813076 
646 185 18 22 0.05865864 
357 354 24 29 0.05755157 
-53 457 378 393 0.05571939 
356 228 20 24 0.055577867 
665 77 18 22 0.054843202 
306 358 22 28 0.054748375 
845 375 29 36 0.054647166 
669 180 18 21 0.054413687 
645 312 21 27 0.05395742 
669 112 18 23 0.053728152 
594 127 19 24 0.052445866 
815 183 18 23 0.052340753 
587 238 18 22 0.051853366 
869 357 24 29 0.051303893 
689 183 18 22 0.051301677 
844 332 24 27 0.051173568 
646 255 20 24 0.05090552 
616 203 17 21 0.050850168 
840 403 25 32 0.049133282 
595 198 19 23 0.048997946 
976 216 21 32 0.048964817 
991 200 20 28 0.048555057 
564 233 20 25 0.048241314 
647 77 17 22 0.04751536 
148 354 26 30 0.047401976 
435 348 24 30 0.046509534 
671 223 19 25 0.046269856 
511 263 18 24 0.045800723 
878 229 21 26 0.04554161 
572 258 19 24 0.045498762 
145 391 38 49 0.045104396 
646 124 17 22 0.044888522 
184 171 20 25 0.044639938 
846 359 29 34 0.044588514 
304 210 20 24 0.044586387 
898 301 20 26 0.043881062 
385 384 24 30 0.042771153 
829 322 66 78 0.0423796 
900 155 28 37 0.04219513 
265 367 59 74 0.042102195 
735 432 26 33 0.041913938 
918 284 20 25 0.041698396 
612 303 20 26 0.041505236 
512 325 22 28 0.041253142 
691 227 20 26 0.04124447 
392 292 51 54 0.04112264 
383 326 28 34 0.04095595 
544 227 21 27 0.040911973 
390 202 20 24 0.040842876 
645 278 21 26 0.04047117 
432 330 26 32 0.040421657 
293 406 36 43 0.039893694 
358 439 23 29 0.039821796 
747 248 22 29 0.03979866 
544 257 20 25 0.03979486 
433 386 22 29 0.039791852 
381 402 26 33 0.03967763 
508 275 20 26 0.03967572 
468 304 22 28 0.039572924 
542 302 20 26 0.03934982 
872 244 48 58 0.039186273 
293 376 36 46 0.039179936 
339 360 20 26 0.038950976 
296 466 407 398 0.038820714 
365 409 22 28 0.0387433 
622 371 551 589 0.03849156 
692 310 20 26 0.038484037 
924 74 19 24 0.038244132 
539 206 61 78 0.03778007 
130 342 58 65 0.03773867 
846 308 19 25 0.037255608 
824 332 21 26 0.037081223 
405 303 30 34 0.03701897 
279 454 24 30 0.036997143 
511 233 17 23 0.03698526 
30 294 514 568 0.03678889 
359 451 23 30 0.036708176 
511 411 23 31 0.036535252 
659 112 30 39 0.036465142 
365 302 62 73 0.03605165 
722 228 21 26 0.03578452 
774 278 19 25 0.035344686 
922 305 19 24 0.035305906 
875 271 23 29 0.035210025 
874 337 21 26 0.03506515 
848 186 18 22 0.03495414 
257 404 45 52 0.034820978 
850 253 22 27 0.034549132 
334 256 20 24 0.034442127 
614 283 20 24 0.03438086 
593 187 20 24 0.034276657 
466 262 19 22 0.034274198 
640 300 34 45 0.034237392 
772 157 16 20 0.03391597 
616 57 18 23 0.033459045 
359 335 25 30 0.033217005 
597 72 19 25 0.03318666 
359 210 20 24 0.033100322 
715 283 20 26 0.03301364 
334 437 19 24 0.032975536 
407 326 28 34 0.032754056 
854 346 44 48 0.032724593 
695 279 21 26 0.032713275 
768 201 29 38 0.032525625 
481 414 57 90 0.032364417 
582 259 34 43 0.03228047 
184 363 23 30 0.03198839 
308 337 21 26 0.03197572 
193 350 38 51 0.03195724 
366 262 72 80 0.031952456 
691 256 21 27 0.03187299 
894 357 22 27 0.031822816 
433 405 22 28 0.031689893 
819 301 20 26 0.031635784 
370 428 52 63 0.031438425 
363 384 21 26 0.03134708 
343 232 19 22 0.031316176 
552 221 37 47 0.031299524 
545 209 21 27 0.031136177 
100 59 17 20 0.030875647 
643 158 17 22 0.030851578 
613 187 18 21 0.030785348 
690 112 17 22 0.030776674 
765 244 32 39 0.030391809 
303 223 18 22 0.030141428 
438 233 18 23 0.030047523 
555 228 61 77 0.029969992 
529 360 37 51 0.029667461 
123 299 21 27 0.029402563 
438 257 19 22 0.02938882 
568 278 20 25 0.029370164 
221 153 469 604 0.029361043 
514 312 21 28 0.02931352 
335 414 19 24 0.029196965 
345 453 60 76 0.029047463 
152 384 27 33 0.029041355 
233 54 20 23 0.029021999 
615 230 30 38 0.028841615 
559 206 19 24 0.028839814 
763 411 24 31 0.028707076 
691 123 18 22 0.028629528 
595 58 18 23 0.028566197 
966 186 42 60 0.028525118 
379 278 24 28 0.028404763 
458 355 22 29 0.028348584 
255 69 20 24 0.028289892 
338 206 19 22 0.02827409 
50 439 23 28 0.028213285 
619 153 17 22 0.028029868 
649 108 16 20 0.028016841 
381 472 40 49 0.027992627 
180 341 161 205 0.02797589 
740 382 23 28 0.027871786 
386 228 20 25 0.027713902 
469 230 18 22 0.027697489 
916 157 17 21 0.027659718 
177 363 38 53 0.027622847 
464 281 20 24 0.027482351 
429 305 26 31 0.027296918 
956 208 17 23 0.027289169 
667 311 19 25 0.027221704 
385 257 22 25 0.027210668 
358 485 21 28 0.027185634 
519 159 17 20 0.027124366 
721 196 29 37 0.027116725 
607 293 35 44 0.027050298 
289 283 21 27 0.026936289 
566 245 35 45 0.026799336 
290 209 20 23 0.026725128 
593 309 21 27 0.026476908 
512 185 18 23 0.026450867 
338 382 18 22 0.026404869 
802 301 20 25 0.026272753 
261 307 20 26 0.02611729 
153 340 21 24 0.026061961 
150 428 25 35 0.026021766 
296 198 37 44 0.025956742 
744 278 20 26 0.025938423 
827 409 24 30 0.025904536 
603 247 31 38 0.02581106 
891 292 33 43 0.025781954 
533 291 35 44 0.025774317 
182 431 24 31 0.025760446 
212 127 20 25 0.025756812 
632 223 30 38 0.02573202 
921 205 17 22 0.025707023 
862 375 25 31 0.025527976 
668 147 31 40 0.02550329 
593 150 19 23 0.025491139 
894 336 20 25 0.025468513 
487 308 21 27 0.02530767 
262 426 27 33 0.025108071 
537 269 35 45 0.02506598 
250 369 48 60 0.025020136 
664 255 21 26 0.024970315 
338 337 21 25 0.024859719 
386 308 27 32 0.024854835 
533 185 104 136 0.024802601 
237 480 27 33 0.024755668 
260 326 21 27 0.024701877 
621 126 18 24 0.024636038 
687 161 17 21 0.024626002 
911 230 31 40 0.024565794 
910 336 51 62 0.024565738 
814 160 18 21 0.02456509 
954 233 18 25 0.02453687 
595 2 22 24 0.024531918 
348 219 36 42 0.024437536 
205 328 20 25 0.02433862 
805 249 44 56 0.02430888 
155 131 22 27 0.024288004 
994 156 18 23 0.024216661 
849 156 19 22 0.02416226 
409 284 26 28 0.024137115 
979 275 21 29 0.024014529 
412 228 18 23 0.02398349 
640 249 34 44 0.023967488 
110 306 20 26 0.023904156 
471 209 18 22 0.023838414 
283 273 34 44 0.023837503 
556 485 24 29 0.023566758 
290 340 55 66 0.023547051 
438 210 18 22 0.023490597 
596 103 19 26 0.023483654 
173 392 38 51 0.0234417 
747 160 18 22 0.023400512 
131 79 20 24 0.023349855 
336 129 22 26 0.023326935 
595 587 75 82 0.02328187 
617 97 17 23 0.023232583 
817 209 44 56 0.02319676 
559 380 25 34 0.023124557 
185 332 17 22 0.023105273 
0 0 22 26 0.023086654 
687 268 34 43 0.022987196 
180 162 21 26 0.02295565 
83 58 19 21 0.022903355 
536 336 22 28 0.022876434 
566 331 21 26 0.022858823 
875 306 18 23 0.022853224 
232 464 24 30 0.022794722 
542 78 21 30 0.022771444 
496 280 19 25 0.02271257 
328 456 21 26 0.022624569 
510 4 24 25 0.022606289 
956 387 49 78 0.022569414 
407 206 20 24 0.022530831 
639 269 36 46 0.022517534 
364 179 20 24 0.022409525 
505 405 36 52 0.022377083 
630 99 59 72 0.022367403 
283 307 20 26 0.022351872 
183 261 17 20 0.022343704 
744 405 24 30 0.02229796 
593 366 36 46 0.022282362 
211 262 18 22 0.022248473 
812 294 34 44 0.022165349 
436 431 23 28 0.02216241 
201 330 61 76 0.022161702 
941 336 22 27 0.022133589 
462 384 21 27 0.022118775 
261 454 67 80 0.022118427 
949 182 16 21 0.02211672 
612 327 21 26 0.022097934 
286 176 20 24 0.022097379 
630 239 57 72 0.022046864 
945 304 21 26 0.022032809 
839 304 34 46 0.022025093 
643 113 32 41 0.022011455 
384 353 25 32 0.0220101 
564 397 24 32 0.021954713 
923 373 26 33 0.021918463 
714 487 42 51 0.021897472 
609 377 24 31 0.021879058 
283 480 23 29 0.021829208 
726 542 21 29 0.021802446 
823 371 56 68 0.02175604 
255 287 19 25 0.021692626 
183 602 55 58 0.021680966 
587 297 36 45 0.02162776 
718 459 23 29 0.021609629 
389 486 24 30 0.0215997 
222 410 60 72 0.021589119 
184 238 96 123 0.021563806 
954 439 61 96 0.021542994 
587 191 34 43 0.021531899 
233 283 19 24 0.021509523 
721 488 25 31 0.021450173 
228 327 23 29 0.021419851 
712 395 57 73 0.021389488 
382 192 37 45 0.021385338 
722 180 29 37 0.02137586 
566 572 79 88 0.021358145 
354 470 36 48 0.021343239 
819 291 108 125 0.021310978 
335 178 20 24 0.021269018 
590 117 32 41 0.021237042 
994 72 20 29 0.021207226 
404 302 59 69 0.0211956 
871 334 59 68 0.021158265 
325 434 34 44 0.021156097 
461 133 23 28 0.021121623 
327 241 38 46 0.021099333 
489 230 17 22 0.021087835 
573 183 58 73 0.021077627 
950 154 18 22 0.021017792 
545 482 24 33 0.02099806 
162 316 62 77 0.020930942 
607 316 37 44 0.020911174 
368 283 21 26 0.020860715 
314 424 56 71 0.020851731 
508 474 402 378 0.02084927 
285 330 21 26 0.0208153 
970 433 21 31 0.020765737 
482 155 18 21 0.020735785 
642 54 17 20 0.020701116 
975 254 20 27 0.02067814 
921 181 17 21 0.020657286 
188 57 19 22 0.020646656 
672 480 22 26 0.020600423 
239 334 66 76 0.020584576 
-7 79 65 98 0.020508442 
101 180 18 21 0.020442126 
373 363 56 72 0.020415155 
133 353 26 33 0.020388568 
156 70 19 23 0.020382438 
291 226 18 23 0.020367716 
297 170 40 47 0.020353692 
913 297 33 42 0.020289026 
100 330 20 27 0.020286802 
330 97 21 25 0.020260986 
716 305 20 25 0.020255007 
242 477 40 48 0.020252276 
665 278 21 28 0.020130686 
565 264 34 44 0.020102084 
951 251 19 24 0.020089537 
132 96 22 26 0.020075869 
198 372 27 37 0.020068757 
949 83 18 23 0.020037927 
410 260 20 23 0.020025112 
