5_Car_Accident_Accident_5_641
72
772 127 27 33 0.29440466 
818 81 25 30 0.1184248 
39 535 51 48 0.08318854 
768 140 27 35 0.06760026 
89 253 36 45 0.06755582 
187 245 24 30 0.066405945 
362 362 23 28 0.06266776 
103 520 33 39 0.056506846 
617 459 25 29 0.044977173 
211 541 24 28 0.042071246 
873 48 40 56 0.042033374 
201 251 21 26 0.041924477 
32 145 334 419 0.040667392 
21 514 85 78 0.04057151 
835 307 69 78 0.04014544 
946 403 31 38 0.03644951 
337 519 372 356 0.035730723 
904 385 27 36 0.0354895 
322 288 381 408 0.03522725 
622 158 21 25 0.03419533 
897 285 25 31 0.033829473 
27 333 28 33 0.03365707 
784 125 22 29 0.033382878 
628 296 269 287 0.033151537 
636 154 21 25 0.032418314 
853 27 24 29 0.030744743 
150 253 21 27 0.03040281 
668 154 24 26 0.030283784 
568 300 20 24 0.02990153 
-137 326 568 599 0.029474916 
978 205 19 23 0.029453127 
863 297 77 93 0.028902166 
693 132 23 30 0.028756252 
952 200 21 24 0.028649352 
745 347 142 163 0.02808585 
280 279 22 26 0.027948104 
799 101 22 28 0.027785238 
846 324 76 93 0.02616801 
855 270 67 78 0.026135437 
82 508 62 60 0.025531447 
994 205 16 21 0.025252914 
119 522 29 35 0.024993794 
30 284 22 27 0.024929728 
946 181 19 22 0.024446325 
838 345 117 143 0.02436876 
616 179 21 26 0.024365155 
53 308 26 31 0.023796795 
892 370 54 71 0.023737427 
844 97 26 36 0.023735603 
30 319 45 48 0.023445718 
970 234 21 26 0.023156991 
657 406 493 540 0.023106026 
952 305 22 28 0.022844024 
229 253 19 22 0.022723433 
669 131 21 25 0.022712452 
952 235 25 28 0.02239683 
990 353 24 35 0.022077095 
772 110 24 28 0.021996774 
697 286 62 70 0.021767545 
756 127 49 58 0.021763926 
379 363 22 27 0.021577546 
892 152 22 29 0.021319034 
866 26 24 31 0.021255748 
711 481 102 97 0.021220762 
930 128 21 27 0.021178717 
786 297 128 149 0.021174252 
906 383 74 91 0.021153474 
871 283 24 28 0.021076545 
223 541 25 29 0.021020895 
567 353 26 30 0.02057429 
645 139 82 87 0.020163568 
441 254 81 89 0.020068401 
