5_Car_Accident_Accident_5_515
60
918 477 36 41 0.6222624 
841 217 33 42 0.3150368 
846 204 31 39 0.1173305 
672 292 70 74 0.08062505 
459 203 24 31 0.07368256 
122 376 44 54 0.06203239 
485 204 24 31 0.058579385 
895 464 60 63 0.053547744 
691 186 39 54 0.05251358 
378 625 100 99 0.050358173 
926 461 42 51 0.044830583 
824 190 67 77 0.044047624 
705 195 40 50 0.04255445 
993 107 20 28 0.04170785 
517 451 81 104 0.035385102 
636 273 116 120 0.034813 
903 480 26 31 0.03475103 
692 235 88 90 0.034709923 
447 193 55 66 0.03447335 
967 207 34 46 0.033906177 
953 222 21 30 0.033432767 
689 302 40 46 0.03325353 
484 176 198 198 0.033130288 
716 273 76 82 0.032016587 
617 288 81 84 0.030649964 
910 546 56 81 0.030411279 
697 198 70 80 0.029382255 
873 537 74 89 0.029320441 
861 202 26 33 0.028959459 
527 207 235 236 0.028076096 
456 219 25 34 0.027437804 
119 352 75 88 0.027070772 
644 168 117 134 0.02685657 
569 279 146 147 0.02649546 
823 199 40 52 0.025095498 
508 402 93 97 0.025023676 
585 608 23 30 0.024163427 
360 572 171 156 0.023943951 
647 177 64 84 0.02390442 
685 307 74 91 0.02386031 
943 204 51 66 0.023251742 
424 202 65 82 0.023176804 
664 175 163 180 0.023007587 
929 229 21 27 0.022978313 
397 181 148 157 0.022813454 
724 196 48 52 0.02280219 
421 60 287 290 0.022419013 
930 230 56 82 0.022416025 
843 457 72 76 0.022287117 
316 331 21 27 0.022023184 
859 223 30 37 0.021947734 
687 205 47 58 0.0214377 
829 224 24 32 0.021402705 
170 242 49 63 0.021140832 
435 199 42 51 0.021034101 
441 203 23 29 0.020390954 
685 232 53 63 0.020263994 
575 592 55 66 0.020257464 
359 321 263 281 0.020216167 
676 460 77 106 0.020108275 
