5_Car_Accident_Accident_5_460
67
114 307 20 24 0.07646353 
123 309 20 24 0.06810075 
95 366 65 72 0.048583116 
181 315 18 24 0.043450896 
171 479 30 37 0.043305513 
157 305 19 25 0.041810963 
108 301 34 43 0.03908798 
231 315 17 23 0.03897813 
969 335 22 30 0.03629884 
33 329 21 30 0.035736278 
303 334 20 25 0.035686277 
289 329 20 25 0.03541623 
202 105 18 21 0.03342688 
1 284 19 29 0.03156347 
151 290 19 23 0.03094716 
-67 519 356 366 0.030776158 
423 360 95 110 0.030661447 
742 526 350 364 0.030549498 
210 313 18 22 0.030386288 
265 314 17 22 0.02993795 
98 350 31 37 0.029692288 
181 326 20 26 0.028745268 
393 370 157 162 0.028404662 
256 332 21 26 0.028280528 
930 362 20 25 0.028224738 
31 312 18 24 0.027785148 
234 327 20 25 0.027422413 
-222 304 695 747 0.027128303 
491 657 28 31 0.02709237 
3 300 18 28 0.026264103 
5 333 21 31 0.026046498 
126 330 23 28 0.02597231 
252 362 25 31 0.025909372 
209 331 19 25 0.02567245 
134 287 18 22 0.025522249 
106 335 24 29 0.025471231 
975 348 23 33 0.02521212 
278 315 17 22 0.02510005 
290 439 20 27 0.02502629 
962 330 35 52 0.024542863 
695 213 40 48 0.023971284 
312 294 67 90 0.023919849 
311 313 19 25 0.023871044 
556 198 67 81 0.023566118 
306 243 64 84 0.023428168 
333 266 65 94 0.02325822 
930 382 20 25 0.023186857 
730 177 76 84 0.023102345 
87 305 114 141 0.023044532 
39 72 18 25 0.023025705 
260 306 63 76 0.02291268 
643 163 117 133 0.022763193 
155 333 20 27 0.022564283 
99 311 65 81 0.02236398 
244 356 40 51 0.022358222 
627 245 142 162 0.022047546 
599 196 66 75 0.021855058 
264 406 61 83 0.021835929 
74 282 17 23 0.0217744 
760 193 71 80 0.021422021 
894 364 19 23 0.021318119 
232 388 71 98 0.021080738 
312 255 24 30 0.021056602 
616 280 81 94 0.020465953 
297 323 35 46 0.02030432 
569 161 68 88 0.020199075 
714 253 81 88 0.020106172 
