5_Car_Accident_Accident_5_796
21
223 117 65 89 0.99984336 
60 117 75 95 0.9996958 
400 155 72 93 0.99948573 
681 316 149 139 0.9830972 
678 267 87 97 0.07504591 
778 -18 237 306 0.0679871 
649 254 150 157 0.04580422 
653 203 235 247 0.043763362 
736 298 87 100 0.04038596 
734 87 244 304 0.03813435 
627 222 45 55 0.03465437 
309 585 150 137 0.032239217 
642 341 87 103 0.030776259 
651 288 81 105 0.029463056 
605 230 128 140 0.028297339 
706 354 138 170 0.02765218 
538 202 61 85 0.023322556 
900 317 82 100 0.02294844 
-227 322 700 737 0.021467142 
493 193 69 97 0.021215023 
-69 541 350 346 0.020469002 
