5_Car_Accident_Car_Crash_5_866
154
367 88 44 51 0.34152272 
419 331 102 114 0.28994983 
634 424 82 108 0.23340695 
377 198 49 58 0.22491658 
361 463 218 233 0.1261721 
615 412 70 92 0.111708194 
354 75 73 87 0.1094602 
610 110 56 73 0.10347332 
609 415 48 63 0.08525023 
483 84 34 43 0.08451382 
665 421 63 76 0.071791634 
483 163 46 59 0.064368166 
245 286 59 72 0.06410052 
493 133 47 66 0.060613677 
412 284 67 76 0.05914367 
408 177 65 79 0.054090366 
614 412 30 37 0.051377784 
406 293 100 111 0.04903622 
251 109 47 54 0.04850269 
293 111 42 51 0.047441192 
445 287 83 89 0.042181764 
580 115 72 87 0.04057939 
255 120 62 75 0.039507825 
425 293 36 45 0.038620844 
632 126 28 38 0.03855263 
390 351 90 103 0.03837141 
354 172 93 114 0.038124975 
324 62 44 55 0.03807613 
798 4 27 30 0.037226286 
578 200 59 81 0.03672307 
611 311 24 32 0.036625277 
391 228 49 61 0.036431734 
394 348 249 287 0.036226682 
523 130 45 61 0.036120832 
398 202 37 45 0.035977814 
446 173 71 85 0.035726406 
442 13 47 50 0.035681453 
321 77 60 75 0.03548437 
307 180 156 164 0.034826912 
622 134 65 91 0.032590926 
286 115 63 80 0.03256393 
464 86 39 46 0.0324766 
226 237 49 56 0.032243297 
485 113 45 61 0.031849675 
694 336 26 33 0.031529374 
415 507 112 111 0.03146373 
524 224 46 56 0.0314296 
275 116 33 40 0.031229855 
449 343 130 153 0.031167118 
199 224 122 136 0.03097931 
662 176 22 30 0.029944919 
277 148 29 37 0.029868977 
433 198 26 33 0.029571606 
674 322 57 68 0.0294153 
579 420 70 85 0.029267814 
378 176 34 42 0.02904793 
467 193 70 83 0.028939074 
436 277 127 151 0.028893216 
321 119 59 76 0.02885222 
159 177 24 32 0.028830292 
64 100 45 65 0.028764158 
792 14 28 34 0.028709562 
495 213 53 59 0.028613573 
505 239 53 58 0.028575338 
632 108 71 88 0.028141443 
239 221 48 59 0.027737886 
181 126 256 291 0.027724864 
472 118 96 125 0.027683392 
328 179 61 77 0.027611645 
653 302 59 77 0.027473181 
118 77 74 94 0.027420983 
225 111 120 135 0.027203798 
437 278 60 67 0.027113779 
813 176 70 77 0.026716553 
630 433 33 43 0.026413731 
775 19 73 83 0.026329901 
385 230 87 100 0.026149644 
483 265 83 89 0.0260444 
368 333 76 96 0.025983602 
653 161 40 53 0.025955891 
314 34 65 70 0.02594205 
181 162 132 150 0.025885822 
222 256 72 82 0.025731541 
661 39 148 177 0.025563885 
498 70 39 48 0.025545752 
568 247 62 84 0.02523975 
244 310 308 389 0.025228854 
601 295 51 68 0.025077375 
567 371 111 142 0.02502331 
433 229 82 90 0.024987003 
26 282 26 34 0.024979185 
302 67 46 55 0.02494116 
764 231 26 32 0.024696201 
619 363 74 88 0.02452414 
254 146 32 41 0.024502588 
221 123 60 74 0.02447544 
378 140 81 102 0.024467848 
258 65 238 275 0.024323165 
647 306 24 32 0.02431249 
512 303 66 76 0.024254773 
594 168 79 98 0.02413865 
265 7 46 52 0.024123034 
552 208 66 82 0.023913981 
275 170 29 38 0.02385495 
586 164 46 61 0.02383383 
304 147 25 33 0.023814972 
665 140 74 89 0.023764892 
535 115 68 84 0.023519251 
644 383 22 26 0.023484048 
645 407 60 70 0.023470808 
199 56 40 56 0.023352392 
333 257 247 266 0.023335423 
733 -3 124 135 0.02329251 
452 282 34 39 0.02317323 
614 76 130 150 0.023038799 
342 253 140 147 0.022822728 
302 100 30 38 0.022819832 
361 124 66 83 0.022745965 
485 189 34 45 0.022623943 
576 286 56 74 0.022623094 
145 66 70 89 0.022590825 
425 1 49 47 0.022488741 
292 117 119 135 0.02246637 
408 0 28 29 0.022133859 
562 331 25 33 0.02211895 
577 82 70 82 0.02207835 
648 343 79 99 0.021928195 
216 78 61 77 0.021761997 
460 375 52 70 0.021696154 
719 156 63 75 0.021613846 
429 458 89 93 0.021484852 
602 62 60 73 0.02142534 
-1 54 142 178 0.021173898 
445 37 68 83 0.02110623 
472 468 52 60 0.021020787 
242 146 57 73 0.021010334 
870 1 33 34 0.020960758 
360 219 33 41 0.020843254 
372 27 99 118 0.020807175 
594 256 63 84 0.020724244 
554 338 44 54 0.020707699 
270 185 42 57 0.020671848 
643 163 84 102 0.02064891 
552 155 99 128 0.02064143 
496 423 50 65 0.020633074 
255 235 66 81 0.020597523 
540 345 214 262 0.020492706 
786 -3 58 58 0.020424012 
337 125 26 35 0.02034281 
629 298 56 77 0.020271238 
204 1 66 71 0.020255707 
480 370 74 91 0.020204095 
352 -3 80 70 0.02012435 
462 317 79 96 0.020045796 
