5_Car_Accident_Accident_5_77
355
931 44 36 46 0.94140136 
573 67 27 34 0.8688478 
488 68 22 27 0.8546007 
808 47 29 37 0.8447466 
718 67 25 31 0.8443093 
288 75 24 30 0.84342474 
638 58 26 31 0.8084207 
438 75 24 30 0.71236825 
376 58 23 30 0.53222567 
886 54 29 37 0.5282614 
514 34 21 26 0.473264 
234 172 37 48 0.4084865 
560 4 20 24 0.3280471 
310 4 27 30 0.3186278 
754 35 31 38 0.31029058 
977 39 26 35 0.30637795 
534 77 22 29 0.28032196 
698 31 19 24 0.27334023 
584 48 23 29 0.26719555 
643 0 20 22 0.2208677 
694 70 21 27 0.1978992 
695 53 22 29 0.17716675 
468 32 19 23 0.17405309 
439 54 22 26 0.17075358 
162 19 23 28 0.16261832 
2 343 60 83 0.16159347 
415 34 20 24 0.15790388 
712 4 19 23 0.15342072 
187 76 20 25 0.15124585 
301 75 23 28 0.15007691 
193 140 44 54 0.14888643 
389 2 19 23 0.14183548 
510 3 20 23 0.13920559 
593 33 20 26 0.13254328 
701 2 19 22 0.12067824 
625 57 22 28 0.11976115 
234 68 20 25 0.11636186 
203 166 29 37 0.1127786 
414 44 21 27 0.111618154 
442 91 25 31 0.10809071 
160 5 23 27 0.10766917 
714 23 20 26 0.09732748 
769 77 28 34 0.095888674 
352 173 23 30 0.09534422 
312 154 24 30 0.09204454 
623 24 20 24 0.08710329 
544 2 18 21 0.084262654 
670 30 19 23 0.08344424 
381 151 25 34 0.08138604 
190 117 45 54 0.08063566 
302 175 24 29 0.080193825 
127 165 41 50 0.079121925 
657 52 21 27 0.07899739 
992 2 21 26 0.07700039 
615 2 20 23 0.07605353 
232 104 25 30 0.07578606 
675 175 27 31 0.07563735 
798 1 23 27 0.07304081 
466 0 19 22 0.07152866 
634 26 21 25 0.07098714 
329 74 19 25 0.07078888 
324 4 23 27 0.069667675 
665 1 18 22 0.06910785 
984 274 20 28 0.06904092 
761 382 68 70 0.06770702 
494 0 18 21 0.064992726 
224 148 40 50 0.06354908 
583 127 25 30 0.063526675 
489 32 17 21 0.06333608 
514 78 21 27 0.06263487 
288 58 22 28 0.06250578 
172 24 21 26 0.0621086 
102 93 42 52 0.061892346 
331 153 22 29 0.06089046 
342 174 23 28 0.05931281 
119 103 25 31 0.058427956 
592 206 24 30 0.057461563 
981 1 23 27 0.05701748 
369 69 21 28 0.05587053 
562 22 20 24 0.05553654 
72 5 24 27 0.055245757 
385 26 19 24 0.05487873 
287 0 21 24 0.053890936 
637 221 26 34 0.053645205 
379 164 33 43 0.053501446 
202 2 19 22 0.0534414 
846 3 21 25 0.052786358 
255 0 19 23 0.05244779 
436 0 19 21 0.052279208 
434 31 19 23 0.0522715 
206 24 20 26 0.052218266 
489 97 22 27 0.05160277 
285 180 24 31 0.051092748 
642 202 33 42 0.05036889 
432 146 25 33 0.05024514 
540 226 25 31 0.049819868 
456 213 39 50 0.04974567 
656 198 34 42 0.049476523 
288 25 20 24 0.049332537 
576 137 35 45 0.049104374 
145 171 31 40 0.048972286 
870 25 24 31 0.048858527 
870 3 22 26 0.048055045 
3 43 23 34 0.04780487 
285 92 23 31 0.047750127 
200 101 27 33 0.047575057 
454 78 20 27 0.04650481 
694 317 39 49 0.04584798 
432 125 24 30 0.045487862 
83 118 64 77 0.04542055 
407 1 18 22 0.045270905 
108 78 24 32 0.04519838 
2 322 89 145 0.04510912 
255 107 20 27 0.044850785 
593 3 18 21 0.044825204 
257 28 19 24 0.044668697 
279 151 22 28 0.04465037 
113 106 43 54 0.04422543 
121 79 22 26 0.04420967 
238 0 19 21 0.044059433 
534 53 21 27 0.043841418 
20 71 22 30 0.04312343 
620 140 31 41 0.04296997 
537 31 19 22 0.04293231 
154 124 25 33 0.042713653 
453 99 22 28 0.042709514 
745 0 21 26 0.04258122 
229 122 26 33 0.042270895 
361 0 18 20 0.041865136 
110 131 60 74 0.041788787 
76 154 70 80 0.041519247 
541 208 22 29 0.041481767 
694 121 26 33 0.041165084 
816 0 23 27 0.040695406 
361 155 24 31 0.040531836 
361 28 19 25 0.039708618 
844 23 22 28 0.039690387 
460 47 20 25 0.03939315 
306 52 22 27 0.03902388 
968 459 36 74 0.03891208 
990 46 21 30 0.038754616 
756 118 39 48 0.038227636 
976 302 33 48 0.037560843 
346 325 83 87 0.03713879 
539 246 42 57 0.03671519 
894 554 97 84 0.036696706 
258 123 22 27 0.03651266 
179 122 31 39 0.0363646 
667 101 23 29 0.035527617 
481 124 23 29 0.035511497 
609 206 25 33 0.035290375 
201 77 19 25 0.035275403 
582 222 27 35 0.03506032 
713 353 137 144 0.034911264 
635 147 24 30 0.034520075 
156 103 20 25 0.034420773 
34 165 115 127 0.03430792 
100 174 28 35 0.034279607 
156 80 19 24 0.03422093 
634 88 33 41 0.0341955 
914 90 38 47 0.03406385 
663 73 22 27 0.033892833 
300 201 27 33 0.03378564 
954 32 42 57 0.033698622 
-3 143 36 58 0.033285845 
100 113 31 42 0.03318732 
4 28 22 32 0.033131093 
492 151 24 31 0.032927334 
299 142 49 57 0.032908432 
556 226 38 49 0.032557625 
846 50 23 30 0.032503318 
619 220 26 33 0.03250131 
705 0 29 38 0.03229069 
322 304 64 78 0.03224144 
608 289 73 84 0.032217927 
280 128 22 28 0.032191813 
947 -2 24 29 0.032184 
67 100 65 73 0.031385034 
498 146 36 43 0.03124992 
179 52 20 25 0.031075025 
186 99 23 29 0.031053334 
22 22 21 27 0.030712275 
127 337 74 70 0.0304385 
237 29 18 23 0.030120974 
410 150 25 32 0.030062787 
320 139 47 58 0.03005571 
333 54 20 24 0.029959058 
971 61 30 44 0.029957501 
256 152 25 32 0.029904757 
417 76 21 27 0.029718714 
143 147 32 41 0.029609803 
985 69 31 42 0.029500198 
615 169 34 43 0.029451994 
482 204 26 36 0.02921365 
466 123 23 28 0.029129585 
876 547 70 78 0.029125644 
872 580 30 35 0.029070016 
81 69 23 31 0.028959308 
0 100 22 32 0.028942304 
259 77 19 25 0.028904377 
659 152 34 42 0.02878446 
763 88 37 45 0.0287456 
280 207 58 66 0.02830619 
149 139 69 78 0.028240282 
619 320 73 83 0.028219229 
684 144 36 44 0.02818019 
681 296 65 79 0.027946647 
715 170 26 31 0.027844463 
591 527 129 117 0.027813463 
330 18 22 26 0.027663888 
182 98 39 50 0.027599271 
76 57 21 27 0.027495706 
300 -2 45 47 0.027425604 
19 353 38 49 0.027370129 
12 58 35 51 0.027369235 
579 194 53 66 0.02732294 
667 304 22 25 0.027192596 
97 318 79 78 0.027192002 
384 320 71 81 0.027167277 
376 116 35 43 0.026998514 
974 416 35 59 0.026987378 
919 114 38 47 0.02688762 
150 7 47 58 0.02683425 
884 578 43 45 0.026816456 
211 91 53 62 0.026812801 
502 14 47 58 0.026696566 
974 576 24 31 0.026595933 
424 63 45 56 0.026544161 
424 313 73 77 0.026496165 
267 164 50 64 0.026465848 
706 60 44 55 0.02639037 
822 28 25 31 0.026331725 
741 116 36 46 0.02629385 
546 242 69 85 0.026158733 
174 5 21 24 0.026142305 
3 134 55 81 0.026134033 
917 443 65 87 0.026129913 
30 3 19 23 0.026111238 
664 450 22 28 0.025891805 
256 52 19 25 0.02579997 
619 98 22 28 0.025772527 
135 108 55 70 0.025721813 
27 254 23 28 0.025697721 
91 64 54 67 0.025680302 
645 289 70 85 0.02567403 
647 433 168 168 0.02559013 
897 493 83 85 0.025489619 
862 559 49 55 0.025315134 
923 36 61 73 0.025268003 
205 130 97 119 0.025142374 
660 220 25 33 0.025117656 
690 103 22 28 0.025048193 
34 42 62 79 0.02502047 
8 69 22 32 0.025014691 
897 27 24 31 0.025003135 
928 524 54 63 0.02496868 
97 357 74 77 0.02488359 
568 115 49 57 0.024859061 
601 351 122 136 0.024796877 
287 160 51 61 0.02475103 
947 485 71 91 0.024678826 
744 342 88 92 0.024557509 
486 163 35 46 0.024529912 
9 178 78 97 0.024393976 
536 122 25 30 0.024343878 
150 97 34 45 0.024182983 
196 74 30 41 0.024150819 
63 47 65 77 0.024112485 
607 375 177 178 0.024087638 
-8 389 80 136 0.023978245 
52 53 21 27 0.023854613 
626 47 40 51 0.023851547 
992 420 23 39 0.02371185 
798 411 68 74 0.0236923 
704 242 66 76 0.023654724 
231 51 30 39 0.023535466 
956 553 44 55 0.023531115 
365 46 41 51 0.023464844 
77 15 22 26 0.023462437 
336 127 21 27 0.023460647 
-220 298 703 742 0.023396846 
34 74 109 125 0.023327671 
-1 203 20 31 0.02330427 
240 180 64 84 0.02318288 
342 161 46 56 0.023158155 
583 165 38 47 0.023025742 
739 75 24 31 0.022981368 
432 193 37 49 0.022977168 
62 172 53 62 0.02294673 
57 0 23 23 0.02289905 
373 137 45 58 0.022788284 
284 195 28 35 0.022751728 
206 114 55 68 0.022740746 
940 551 34 42 0.022735558 
798 334 75 79 0.022729013 
457 176 28 37 0.022688704 
539 94 23 31 0.022681832 
1 3 56 78 0.022623437 
111 169 63 75 0.022537587 
415 123 23 29 0.022440087 
171 42 32 40 0.0224265 
633 122 32 41 0.022358423 
641 393 513 553 0.022339411 
306 96 23 28 0.022248833 
848 70 23 30 0.022245381 
623 246 39 47 0.022240603 
942 29 28 36 0.022228526 
661 332 22 27 0.022178622 
171 62 54 68 0.022168724 
539 177 24 31 0.02211516 
951 604 26 32 0.022102684 
-63 519 358 360 0.022017647 
150 192 27 33 0.022005444 
688 402 23 28 0.021870077 
353 142 45 57 0.021775002 
508 171 26 32 0.021657124 
-5 86 35 53 0.021643627 
530 65 43 55 0.021640712 
558 161 38 50 0.021509776 
921 0 22 26 0.02139447 
668 285 23 29 0.021373035 
698 311 24 31 0.021360653 
817 448 48 57 0.021314658 
-8 188 37 58 0.021265185 
622 208 51 60 0.021243494 
363 99 23 30 0.021223394 
464 228 62 74 0.021223042 
503 248 66 86 0.021218248 
658 299 42 53 0.0212098 
89 343 59 59 0.021209652 
684 186 36 45 0.021183614 
759 61 48 58 0.021170173 
657 323 270 261 0.021124616 
333 535 367 346 0.02109832 
154 96 68 77 0.02107926 
897 460 61 72 0.020977698 
480 220 25 34 0.020966295 
794 23 23 31 0.020773554 
655 446 37 45 0.02075549 
214 61 51 62 0.020713704 
201 198 24 32 0.020685151 
671 167 45 54 0.020608395 
42 168 47 59 0.020560766 
922 607 24 26 0.020527942 
766 424 81 98 0.020488571 
52 72 23 30 0.020333279 
849 337 49 53 0.020282576 
596 263 72 83 0.020208359 
132 0 20 23 0.020191114 
301 219 34 41 0.020183263 
716 149 26 34 0.020156609 
783 359 77 81 0.020153446 
891 333 28 33 0.02006195 
278 66 42 53 0.020057162 
434 164 36 46 0.020010693 
