5_Car_Accident_Accident_5_576
40
571 351 43 50 0.16551694 
712 371 74 81 0.08012271 
0 425 26 41 0.07824651 
974 148 28 40 0.07598117 
336 589 33 40 0.07480179 
612 184 288 297 0.061991572 
811 125 29 37 0.059302464 
103 361 25 31 0.04803608 
729 340 91 97 0.039330304 
762 287 97 99 0.037498694 
1 513 24 35 0.032772347 
220 641 42 44 0.032645572 
446 622 87 76 0.029794885 
638 352 78 79 0.029592743 
593 353 77 81 0.028625675 
0 630 21 33 0.028468722 
730 271 57 56 0.027199786 
799 584 49 52 0.027106727 
671 359 71 81 0.02619175 
211 643 27 32 0.025390359 
443 470 145 150 0.025094656 
351 70 169 194 0.02430488 
717 298 92 106 0.024289902 
468 588 98 98 0.023452153 
152 435 25 29 0.023325108 
840 127 94 95 0.023273706 
382 252 83 93 0.022904241 
406 290 90 93 0.022797782 
748 235 103 98 0.022487257 
747 298 143 148 0.022357976 
812 104 70 83 0.022345737 
794 116 56 71 0.021848176 
733 376 42 48 0.021572107 
624 354 306 323 0.021387583 
663 314 74 90 0.02112781 
598 317 190 203 0.02108565 
324 585 54 62 0.02088991 
715 374 36 47 0.020206867 
957 716 43 44 0.020186055 
790 250 164 151 0.02017696 
