5_Car_Accident_Accident_5_448
538
157 435 18 22 0.53157604 
913 545 38 46 0.4953985 
917 298 24 30 0.33666196 
204 428 18 24 0.28268975 
806 432 19 24 0.2465683 
842 456 20 26 0.22808455 
289 389 18 22 0.20688309 
814 433 20 25 0.2043894 
262 353 18 21 0.18733567 
892 407 18 23 0.18324131 
78 408 18 23 0.18200001 
213 341 17 19 0.18093537 
795 465 20 25 0.17143773 
293 316 17 22 0.16978325 
922 229 17 21 0.15615092 
274 479 59 79 0.15292123 
231 542 24 30 0.14588723 
289 463 20 24 0.14182465 
27 541 23 31 0.13935637 
815 534 29 35 0.13666707 
57 386 19 23 0.13471769 
260 335 17 21 0.13433477 
215 354 17 20 0.13361253 
873 405 21 26 0.13170657 
176 381 16 21 0.1306969 
918 285 22 28 0.13057613 
136 168 794 786 0.13055031 
255 315 16 19 0.12994908 
853 278 20 25 0.12440184 
163 361 15 19 0.119329244 
845 440 20 26 0.1184465 
750 441 21 25 0.11129166 
7 352 18 26 0.110711545 
330 416 19 23 0.11031168 
450 438 40 57 0.108724095 
993 207 16 23 0.10638752 
211 286 15 18 0.10422803 
78 508 20 25 0.10281108 
163 511 21 27 0.10216982 
304 317 17 21 0.10025366 
259 618 25 32 0.09932678 
187 433 17 22 0.09873094 
923 260 19 24 0.09857493 
183 331 15 19 0.09783815 
47 438 17 22 0.0966325 
128 258 16 20 0.094551645 
189 308 15 19 0.09412823 
38 436 18 22 0.09281546 
239 311 16 19 0.09180229 
285 440 18 22 0.090944186 
155 335 16 20 0.09016123 
216 261 14 17 0.08775402 
230 208 16 19 0.087653674 
158 420 17 22 0.086538255 
105 409 18 21 0.08439337 
180 463 18 23 0.08415481 
301 533 24 33 0.08288664 
292 326 17 22 0.08234676 
175 366 16 20 0.08197249 
283 287 15 19 0.08138872 
75 391 18 22 0.0811313 
188 417 17 21 0.08107881 
290 517 38 52 0.0808681 
303 327 18 22 0.08030576 
183 290 16 20 0.080119155 
905 284 21 27 0.07991805 
260 457 16 21 0.07962228 
278 630 31 39 0.079378255 
174 508 25 31 0.07816284 
81 340 18 22 0.07763217 
264 285 16 20 0.0775378 
138 341 17 20 0.07726183 
33 386 18 23 0.07699577 
59 405 18 23 0.07699041 
264 443 17 23 0.07637917 
108 263 17 21 0.07521211 
281 361 17 21 0.07509263 
301 461 20 25 0.073053405 
233 263 15 18 0.07263902 
313 255 15 19 0.07255077 
55 461 18 23 0.07238308 
485 279 18 22 0.07076921 
286 485 26 31 0.07027231 
207 305 16 18 0.06994906 
285 404 18 24 0.06933654 
155 283 15 18 0.068861514 
309 440 17 21 0.06811274 
763 438 18 23 0.067690544 
51 364 17 21 0.06757823 
228 360 16 19 0.06715237 
0 435 18 25 0.06709615 
339 317 17 21 0.06671814 
875 389 22 26 0.066198155 
390 454 23 27 0.0638277 
127 434 17 21 0.06362272 
177 254 16 19 0.06350669 
83 433 18 22 0.06339832 
849 260 19 24 0.06319952 
283 504 29 36 0.06268139 
799 419 18 23 0.06185078 
258 260 16 19 0.061718427 
180 233 16 19 0.061483804 
901 556 25 33 0.061095998 
214 234 14 17 0.06073264 
816 487 21 27 0.06057641 
30 361 16 21 0.060477242 
340 328 18 21 0.06046728 
263 234 15 18 0.06036445 
817 512 23 27 0.06000594 
235 382 16 20 0.05952361 
380 257 19 23 0.058971383 
126 416 17 21 0.058846015 
229 437 16 21 0.0579515 
102 581 20 26 0.057885375 
907 299 22 29 0.057809323 
514 479 28 32 0.057498578 
336 228 17 21 0.056188986 
84 354 17 20 0.055648625 
27 406 17 22 0.055534355 
365 432 18 22 0.055276603 
231 612 21 26 0.05480632 
798 478 21 26 0.054583948 
86 532 19 25 0.054529995 
162 259 15 19 0.053664483 
389 441 22 27 0.053400267 
240 483 18 23 0.053310774 
132 309 15 18 0.05244693 
771 464 20 25 0.052227587 
336 364 17 20 0.052164353 
101 567 18 25 0.051836908 
975 329 18 22 0.05173673 
109 224 16 20 0.051721726 
257 489 19 24 0.051529128 
339 490 20 26 0.051521335 
639 438 21 27 0.051509872 
167 382 15 19 0.051483322 
363 417 18 23 0.05116892 
234 284 15 18 0.05052691 
879 208 16 20 0.050439235 
283 464 36 47 0.050329354 
9 339 17 25 0.049837448 
136 355 16 20 0.049777776 
176 487 22 27 0.049775705 
816 418 19 23 0.04975313 
342 458 17 22 0.049700268 
318 414 18 21 0.049099702 
970 256 18 23 0.048970614 
611 519 64 74 0.048962038 
985 209 17 22 0.048386756 
107 390 16 20 0.04811082 
817 188 20 24 0.0480206 
162 455 18 23 0.047880992 
484 403 24 28 0.04781957 
334 384 18 22 0.047804065 
212 385 16 20 0.047694962 
334 434 18 22 0.04753793 
53 307 16 20 0.047338497 
901 430 19 23 0.047165748 
155 313 15 19 0.047060862 
433 172 23 29 0.04705747 
104 362 15 19 0.04704148 
853 414 18 23 0.047007933 
483 455 25 34 0.046638705 
314 284 16 19 0.04649233 
953 277 19 24 0.045942135 
279 615 27 35 0.045562506 
56 336 17 21 0.04525746 
925 215 18 21 0.04522113 
871 541 21 28 0.045182995 
870 432 21 26 0.045071147 
238 462 16 20 0.044773713 
230 231 14 18 0.04460543 
892 511 23 28 0.044483706 
265 411 16 22 0.044456724 
746 459 20 24 0.044188075 
228 334 16 19 0.044083335 
333 282 17 20 0.044069707 
110 309 16 19 0.043928694 
353 484 22 27 0.04390702 
31 486 21 27 0.04383272 
464 224 20 26 0.04346705 
905 262 18 22 0.0432594 
102 275 16 20 0.042547558 
75 461 17 22 0.04225985 
977 315 17 22 0.04222421 
104 336 16 19 0.042122424 
80 492 20 26 0.04211296 
290 209 17 20 0.04204229 
109 437 17 21 0.041782573 
371 280 17 21 0.04124824 
158 490 19 24 0.041245844 
875 327 21 26 0.041173764 
428 468 38 50 0.04079928 
394 409 19 23 0.04069459 
2 387 19 25 0.040456578 
954 339 18 23 0.04039079 
235 415 17 20 0.040332075 
101 542 18 23 0.040160734 
878 228 16 20 0.040065695 
699 509 21 26 0.040063776 
750 509 23 29 0.039737046 
826 200 19 23 0.03968824 
35 462 17 23 0.039528515 
312 358 16 21 0.038889676 
26 337 15 20 0.03885348 
950 410 19 24 0.03882865 
549 351 64 88 0.03871699 
589 404 20 26 0.038367745 
891 392 21 25 0.038286366 
515 467 23 29 0.03827228 
469 444 43 53 0.037788052 
815 228 18 22 0.037690654 
536 375 24 31 0.037635155 
287 230 15 19 0.03733393 
206 489 20 25 0.037322704 
898 484 21 28 0.03728942 
666 490 21 27 0.03727627 
263 208 15 20 0.037267577 
926 334 21 25 0.036975637 
4 410 18 24 0.03675567 
863 535 35 45 0.03666574 
184 213 16 19 0.03657621 
871 555 23 31 0.03639216 
205 507 22 28 0.03637668 
920 354 19 25 0.036320087 
264 608 55 69 0.03628831 
365 335 16 20 0.036150396 
955 261 18 23 0.036114205 
111 459 19 24 0.03610551 
975 410 18 26 0.035971563 
260 387 17 21 0.035797272 
417 377 20 23 0.035761718 
889 568 40 53 0.035742622 
48 487 20 26 0.03569284 
137 280 16 19 0.035671107 
501 463 67 70 0.035363443 
918 460 22 27 0.03531614 
829 455 21 26 0.035137393 
922 510 25 32 0.034862112 
158 234 15 19 0.034742508 
412 366 20 23 0.034705848 
640 455 22 28 0.03466162 
357 461 18 23 0.03448559 
31 593 21 25 0.034405008 
432 379 21 25 0.034260374 
924 483 23 28 0.034236763 
255 592 22 26 0.034088664 
215 211 16 18 0.03400163 
84 282 17 22 0.03384148 
129 540 17 21 0.033780806 
405 531 23 28 0.033465248 
289 260 15 18 0.033253025 
899 541 68 80 0.033206064 
848 604 22 31 0.033038493 
381 338 18 21 0.03282136 
209 458 17 21 0.032807924 
384 385 17 21 0.03269127 
972 362 17 23 0.0325587 
846 231 16 20 0.032485366 
369 236 17 20 0.032445822 
974 234 15 20 0.032393187 
471 283 18 22 0.03232943 
488 265 19 23 0.0322343 
80 522 31 42 0.032226805 
798 184 20 25 0.032117087 
773 593 19 26 0.032107938 
901 460 21 27 0.032034926 
520 499 61 76 0.03199025 
870 313 21 25 0.031911038 
661 509 23 31 0.03189695 
371 259 17 20 0.03183296 
174 636 21 26 0.031741332 
771 253 19 25 0.03141937 
-64 500 386 376 0.03138353 
412 233 17 21 0.031309843 
994 363 17 22 0.031278975 
716 484 20 24 0.03127438 
129 387 16 19 0.031229999 
331 259 16 19 0.031137932 
463 242 726 765 0.030971795 
803 228 20 23 0.030970603 
645 529 67 78 0.030695926 
307 384 17 22 0.030692082 
155 633 23 29 0.030684138 
55 506 20 24 0.030647485 
442 233 18 23 0.030632956 
312 238 16 19 0.030515231 
877 511 21 25 0.03043623 
993 436 19 26 0.030297402 
974 383 18 24 0.030245174 
633 507 65 76 0.030049577 
841 206 17 20 0.030041637 
34 428 27 37 0.029964896 
-177 294 728 736 0.02994326 
854 539 55 73 0.029915005 
5 303 17 23 0.02982636 
382 359 17 20 0.029814761 
558 429 20 25 0.029787933 
847 587 24 35 0.029775131 
953 432 20 24 0.029742343 
366 386 17 21 0.02968782 
794 305 19 25 0.02968148 
769 611 18 24 0.02966543 
749 252 18 24 0.0295252 
822 519 57 70 0.029473282 
675 560 22 27 0.029245498 
545 521 47 55 0.029162128 
620 435 21 26 0.029115822 
718 289 19 22 0.029065704 
865 283 19 23 0.029058252 
977 434 19 26 0.028981354 
336 214 17 20 0.028799362 
423 161 40 50 0.028781733 
620 617 22 27 0.028660089 
531 364 38 51 0.02858472 
613 414 20 25 0.028450249 
135 236 16 19 0.028391657 
958 356 18 22 0.028370554 
535 365 21 27 0.028326744 
516 309 18 22 0.028294971 
873 254 18 20 0.02822321 
476 461 43 57 0.02814555 
514 338 19 24 0.028144816 
468 410 24 29 0.028134026 
128 594 20 25 0.02813242 
57 284 18 22 0.028125135 
436 450 40 51 0.028099742 
443 258 18 23 0.028090121 
631 550 32 37 0.02805162 
515 284 17 21 0.028022945 
919 254 30 41 0.02791332 
546 333 19 23 0.027766682 
535 479 27 32 0.027652038 
539 464 23 28 0.027642047 
381 275 18 22 0.027641488 
559 335 19 24 0.027640337 
211 612 19 24 0.027617097 
157 560 18 24 0.027540224 
382 515 21 27 0.027428092 
232 588 22 26 0.02737584 
438 366 21 24 0.02737052 
801 508 59 72 0.027324254 
850 481 21 26 0.027287662 
973 557 26 36 0.027148971 
612 507 33 41 0.027087599 
305 206 16 20 0.027026488 
675 461 20 25 0.026909426 
517 428 21 27 0.026900979 
130 564 17 23 0.026793865 
973 276 18 23 0.026678607 
905 276 49 63 0.02667681 
382 239 18 21 0.026671428 
333 578 69 82 0.026615065 
4 454 18 24 0.02651578 
481 432 24 32 0.026508687 
663 546 41 49 0.026485402 
992 653 23 32 0.02648225 
845 534 24 29 0.026424857 
507 459 40 45 0.026365051 
410 308 17 21 0.02616499 
859 392 47 62 0.026118077 
688 564 19 25 0.026093995 
994 309 16 20 0.026074674 
924 408 19 23 0.026060175 
161 495 51 61 0.026044128 
405 410 20 24 0.025939437 
31 379 28 38 0.025928883 
994 336 16 21 0.025918612 
614 262 23 29 0.025910877 
872 360 20 24 0.025899656 
464 405 39 48 0.025879648 
408 204 18 22 0.025782587 
771 309 21 26 0.02572018 
47 458 31 39 0.025700694 
643 490 24 29 0.025693486 
83 303 17 20 0.025684092 
415 283 18 23 0.025663486 
870 455 20 26 0.025569325 
589 459 20 27 0.025564898 
899 541 24 30 0.025540434 
85 263 17 22 0.025508221 
227 608 36 43 0.025504747 
232 515 19 24 0.025464661 
953 307 19 23 0.025419548 
301 505 26 36 0.02539751 
337 613 26 31 0.025375063 
847 514 21 26 0.025358368 
456 364 20 24 0.025344465 
901 232 15 19 0.025341447 
384 420 57 68 0.025312822 
302 488 24 31 0.025192235 
263 506 20 27 0.025182877 
92 560 31 42 0.025177453 
31 310 15 19 0.0251138 
134 487 18 22 0.025104443 
258 561 21 26 0.025058163 
617 455 22 27 0.025021553 
152 207 17 20 0.024992231 
334 507 21 30 0.024943445 
564 531 28 35 0.024783282 
334 562 21 27 0.024758114 
689 460 19 23 0.024754541 
7 287 18 25 0.02466013 
995 411 17 23 0.024486065 
920 225 27 36 0.0244719 
514 494 47 53 0.024449453 
565 101 24 27 0.024372108 
543 431 22 27 0.024295881 
689 440 20 24 0.024212813 
642 274 20 25 0.024180355 
746 483 20 25 0.024071174 
158 536 19 24 0.024017133 
370 357 16 20 0.023986623 
88 567 19 24 0.023979822 
696 487 19 24 0.023953704 
409 133 19 24 0.023949804 
788 420 46 59 0.023892233 
715 587 19 26 0.02388267 
183 586 21 24 0.023873929 
516 264 17 23 0.02378979 
638 508 32 38 0.023751553 
590 354 20 24 0.023740172 
233 188 16 20 0.02360448 
180 562 20 26 0.023589095 
574 496 60 72 0.023579447 
519 344 65 83 0.023559911 
762 510 21 26 0.02355897 
66 387 30 37 0.023557184 
922 437 18 23 0.023541022 
642 263 21 25 0.023532156 
770 481 20 25 0.023520228 
562 459 23 28 0.023478637 
893 206 16 21 0.023421647 
6 206 148 172 0.023405693 
6 131 21 28 0.02339509 
336 589 22 28 0.023388011 
995 380 17 24 0.02322471 
57 262 19 24 0.023200009 
549 417 34 43 0.023170726 
252 469 58 74 0.023127822 
994 455 19 26 0.023093643 
620 472 70 85 0.023065064 
182 530 23 27 0.023056159 
264 186 15 20 0.023055956 
563 409 21 28 0.02305573 
312 183 17 19 0.022929082 
864 422 33 43 0.02290209 
24 398 28 39 0.022889424 
876 249 65 82 0.02286997 
584 531 25 34 0.022855045 
528 470 64 73 0.022851808 
333 536 21 28 0.022843407 
100 639 27 31 0.022821283 
870 505 34 45 0.022740303 
298 633 25 33 0.022734452 
30 458 32 43 0.02270794 
464 259 18 23 0.022697106 
393 311 17 20 0.022655226 
84 588 19 24 0.02257215 
432 161 22 27 0.02253911 
368 205 16 19 0.022498805 
872 488 20 25 0.022461114 
519 357 20 26 0.022362875 
361 312 16 20 0.02236269 
134 611 20 26 0.02233205 
118 202 137 171 0.02231939 
411 338 18 21 0.022147743 
668 295 71 86 0.02209555 
713 304 21 25 0.022056786 
924 383 19 24 0.022023857 
936 552 30 38 0.02201499 
486 478 26 34 0.022001602 
49 559 20 26 0.021995205 
793 656 26 31 0.021992149 
390 537 20 24 0.021961698 
842 187 17 21 0.021942733 
281 438 30 40 0.021927577 
945 482 22 28 0.021831991 
876 285 62 79 0.021799533 
49 502 34 43 0.02178157 
978 458 20 26 0.021759905 
105 487 19 24 0.021635056 
437 411 22 28 0.021631507 
995 283 16 22 0.021626834 
406 458 25 32 0.0216233 
155 621 21 27 0.021616876 
773 415 18 22 0.021605795 
126 459 18 23 0.021564607 
690 334 42 52 0.021520536 
697 474 383 403 0.021512803 
410 517 24 31 0.021502757 
944 509 26 33 0.021493169 
196 516 55 68 0.021440364 
438 429 22 29 0.021375151 
742 611 18 24 0.021300526 
180 621 20 25 0.021291217 
491 390 21 26 0.021263778 
496 289 156 192 0.021223407 
576 388 37 47 0.021175196 
383 559 21 26 0.021127785 
387 205 16 19 0.021123525 
711 508 20 25 0.021115746 
407 408 68 82 0.021097727 
29 507 20 28 0.021071745 
589 510 26 34 0.021069748 
852 383 19 25 0.021052994 
817 258 18 22 0.02099316 
871 639 21 28 0.020986233 
46 590 19 25 0.020937335 
693 502 34 42 0.020911446 
388 483 21 24 0.02091106 
567 288 20 25 0.02086988 
551 448 39 46 0.02086341 
781 444 48 62 0.020848665 
613 529 38 44 0.020844597 
528 456 40 46 0.020811707 
418 481 24 29 0.02078081 
692 535 20 27 0.020770617 
298 310 28 36 0.020754598 
590 340 22 26 0.020522984 
131 515 18 23 0.020491691 
325 526 35 47 0.020474883 
312 507 59 78 0.020453293 
417 153 20 23 0.020452384 
2 496 66 90 0.020444592 
644 309 18 22 0.020370115 
302 434 30 40 0.020366129 
479 272 32 39 0.020342937 
432 395 103 121 0.020334767 
848 643 20 25 0.020247107 
537 557 33 41 0.020226767 
433 536 25 30 0.020200113 
208 335 27 33 0.020186145 
724 614 21 27 0.0201469 
407 142 69 90 0.020049732 
758 432 29 37 0.020025322 
747 533 22 29 0.020011239 
415 259 18 22 0.020005055 
