5_Car_Accident_Accident_5_777
78
509 144 27 34 0.47061664 
633 144 21 28 0.25042814 
824 148 17 22 0.14994511 
847 197 21 26 0.07850232 
147 288 24 27 0.077505484 
638 136 20 26 0.067713656 
763 150 20 23 0.0651076 
981 204 21 29 0.060924184 
141 365 78 105 0.058313757 
849 187 19 22 0.05463373 
2 281 24 36 0.047171682 
138 286 23 27 0.044815026 
520 146 34 43 0.037892178 
881 160 16 20 0.037681065 
896 490 29 34 0.036665007 
875 205 18 21 0.035132915 
818 143 30 38 0.03481284 
-60 528 355 356 0.034353927 
571 271 146 180 0.03355157 
496 148 22 28 0.033263814 
753 150 18 23 0.033048913 
730 477 156 176 0.032677487 
183 287 21 24 0.03128271 
879 182 16 19 0.03099915 
846 157 16 21 0.030766902 
975 227 23 32 0.030506905 
893 159 16 19 0.03043803 
895 207 20 23 0.030228771 
610 129 49 63 0.02939598 
752 497 328 366 0.029107995 
108 361 74 102 0.02902124 
765 138 20 24 0.029011313 
509 156 39 49 0.028789937 
551 312 110 114 0.02861458 
990 206 21 29 0.02844411 
590 172 23 28 0.027929146 
928 159 17 22 0.02655817 
131 292 38 41 0.026476452 
974 245 27 35 0.026170159 
174 243 87 94 0.02587103 
756 141 32 39 0.025419474 
-204 334 702 727 0.025360828 
893 182 16 19 0.025198594 
584 288 79 92 0.02508338 
969 214 37 53 0.024988558 
5 106 18 24 0.024540957 
138 251 134 160 0.024442116 
796 153 17 21 0.024368184 
123 268 56 61 0.024234831 
612 161 38 49 0.024078375 
593 160 19 24 0.024068398 
625 134 19 24 0.023978524 
741 527 100 105 0.023719752 
841 179 34 42 0.02369893 
942 248 24 30 0.023205673 
478 202 66 82 0.023124827 
303 175 19 24 0.022773447 
947 235 21 27 0.022662217 
173 278 40 45 0.022385648 
288 163 17 21 0.022315176 
241 312 68 91 0.022122808 
628 182 41 51 0.021939853 
277 307 24 32 0.02188274 
485 305 147 161 0.021827446 
135 252 44 52 0.021811524 
155 340 84 97 0.021776894 
489 129 50 67 0.021754665 
928 248 23 27 0.021743871 
926 180 17 20 0.021738246 
102 304 25 29 0.02127014 
797 134 18 22 0.021121927 
314 371 311 356 0.020996967 
926 226 56 67 0.0208222 
289 176 19 23 0.020747447 
501 196 46 59 0.020712383 
150 258 23 26 0.020539124 
670 160 17 23 0.02053791 
613 198 27 36 0.020031508 
