5_Car_Accident_Accident_5_607
41
77 37 31 35 0.2237375 
105 1 29 34 0.19491372 
238 29 27 32 0.09955864 
99 13 37 46 0.07254738 
87 34 37 46 0.06377697 
473 363 181 152 0.05308968 
489 394 79 96 0.05119046 
458 381 44 53 0.04921884 
151 52 27 34 0.040797293 
371 317 285 250 0.03585219 
446 215 367 311 0.035131153 
464 377 65 77 0.032102056 
63 28 54 60 0.03198946 
120 24 25 34 0.030481534 
63 57 47 53 0.0289979 
123 34 35 49 0.02821594 
45 42 42 49 0.027184272 
538 404 81 92 0.027038863 
356 463 71 79 0.026925066 
48 48 25 30 0.025829056 
45 30 26 30 0.02502734 
227 1 23 25 0.024670511 
168 42 38 44 0.024157671 
333 72 616 597 0.023409363 
478 382 32 42 0.023223162 
435 170 94 111 0.02303063 
573 184 509 557 0.022931436 
43 61 42 52 0.02293103 
677 60 77 71 0.022595908 
993 529 21 31 0.022140134 
976 0 32 42 0.022072822 
698 78 26 28 0.021889703 
77 1 69 78 0.02188292 
514 426 31 40 0.02135006 
371 372 161 144 0.021313392 
992 3 21 28 0.021307334 
369 423 193 198 0.021227665 
227 17 47 53 0.021138586 
364 445 117 110 0.020940255 
44 16 107 132 0.020926887 
78 -1 25 27 0.02030519 
