33_Running_Running_33_286
24
481 295 50 64 0.9720661 
476 470 50 56 0.071412146 
632 398 26 31 0.054693274 
738 434 98 103 0.044920474 
482 381 31 41 0.03453086 
434 385 24 32 0.03430009 
543 384 25 34 0.03371388 
924 387 24 30 0.03126208 
509 704 172 237 0.03115494 
468 480 76 82 0.03112795 
643 399 27 35 0.027667575 
998 570 20 30 0.027393483 
747 452 60 60 0.025795896 
784 528 44 55 0.02558478 
521 637 72 98 0.0247848 
792 540 27 33 0.024694644 
416 365 57 74 0.02399183 
434 349 39 51 0.02209367 
515 740 94 109 0.021932168 
633 415 81 92 0.02140092 
740 481 101 116 0.021151554 
823 492 195 240 0.020794526 
615 507 178 212 0.020547068 
0 889 23 34 0.020495418 
