33_Running_Running_33_577
21
507 172 263 277 0.99573505 
215 257 169 162 0.9570022 
153 179 186 200 0.1283171 
112 232 135 139 0.10602862 
121 252 67 79 0.065970585 
174 295 187 203 0.058298826 
143 177 113 152 0.04867288 
113 100 168 180 0.038877342 
147 263 66 79 0.037126005 
121 245 185 205 0.03379491 
60 166 156 192 0.032940082 
191 254 104 125 0.031793855 
9 169 81 134 0.031202184 
10 171 30 49 0.031121362 
41 191 98 131 0.030638263 
372 247 90 169 0.029506788 
93 247 67 79 0.028775522 
155 115 84 87 0.027026527 
384 198 89 150 0.025900861 
556 292 128 158 0.021305041 
21 244 59 88 0.020157473 
