33_Running_Running_33_760
96
432 345 95 118 0.9997454 
712 249 70 79 0.72470176 
544 292 88 125 0.6039475 
167 271 131 171 0.39680117 
578 192 67 85 0.23618165 
245 333 74 94 0.19050181 
123 715 53 65 0.17826764 
737 263 67 85 0.10673809 
590 222 62 83 0.09935038 
752 444 123 146 0.09815399 
709 284 76 101 0.093533084 
550 219 86 121 0.09186059 
340 206 31 37 0.07843058 
276 347 75 100 0.06550681 
685 221 112 137 0.049800944 
476 350 88 110 0.048792537 
48 713 50 62 0.0485062 
290 276 96 131 0.046521485 
143 695 39 50 0.04290784 
19 687 56 67 0.042312726 
665 241 75 93 0.041397896 
583 143 36 42 0.040963955 
500 322 90 115 0.03942706 
116 664 96 105 0.039140686 
725 327 42 54 0.038987115 
277 291 34 45 0.037133217 
534 222 55 79 0.035663545 
388 270 33 45 0.03534969 
347 193 46 57 0.03460168 
181 650 84 109 0.034500614 
257 429 56 73 0.034499977 
565 341 97 114 0.034271747 
195 318 73 92 0.033215825 
154 669 36 45 0.03301151 
883 -92 412 473 0.03264754 
350 239 75 102 0.03202874 
336 267 85 126 0.031918757 
358 207 27 33 0.031758804 
37 681 128 153 0.03144462 
126 698 40 50 0.030103179 
889 882 419 438 0.02975482 
859 133 407 468 0.029399935 
556 169 119 143 0.029138438 
313 339 81 112 0.029087545 
677 638 831 882 0.028863782 
723 244 44 53 0.028571483 
104 850 89 140 0.027915101 
651 -247 809 887 0.027884213 
48 657 95 104 0.027541826 
79 708 66 85 0.02724418 
345 192 29 34 0.026945716 
504 238 75 101 0.026896438 
610 236 77 97 0.026692677 
581 182 44 53 0.026592145 
220 384 88 113 0.026403606 
401 187 30 36 0.025432544 
773 280 53 73 0.025425794 
115 655 159 189 0.025369836 
781 490 605 685 0.02524652 
-42 493 267 371 0.025143342 
87 731 32 45 0.025047593 
107 739 82 129 0.024649609 
311 207 82 96 0.024358572 
277 149 35 40 0.024212183 
365 137 93 98 0.02404889 
402 205 29 36 0.024037987 
386 225 50 70 0.023977384 
251 274 75 92 0.023955286 
441 294 62 71 0.023890583 
876 371 407 461 0.023279907 
27 715 42 53 0.02315945 
396 191 48 63 0.023103911 
-5 736 51 70 0.023094088 
198 430 78 93 0.023089617 
34 748 84 104 0.022789665 
686 312 83 108 0.022682417 
539 349 70 93 0.0225766 
352 164 85 110 0.022339985 
132 829 108 139 0.022065353 
96 727 149 205 0.022053573 
690 803 208 249 0.021963174 
694 264 67 88 0.02167522 
706 243 42 50 0.021651907 
274 280 29 36 0.021647247 
359 188 28 34 0.021572202 
634 320 104 122 0.02143713 
332 229 32 39 0.02138174 
155 451 103 122 0.021313787 
289 401 55 74 0.021275107 
545 233 34 46 0.02113573 
123 669 34 45 0.021024037 
770 260 47 64 0.020986982 
512 275 78 110 0.020729532 
62 666 32 41 0.020712813 
269 332 42 54 0.020643454 
56 701 36 47 0.020604957 
