33_Running_Running_33_341
57
511 260 69 88 0.99627906 
598 272 31 42 0.09070523 
4 815 29 44 0.07533735 
66 277 36 45 0.05417992 
672 191 25 30 0.05328807 
660 244 30 39 0.048121523 
955 1160 53 61 0.046540614 
637 221 30 38 0.046070382 
54 352 224 211 0.03935275 
897 889 447 474 0.037463427 
632 194 25 32 0.037037913 
661 225 28 34 0.035599034 
118 298 56 73 0.034905534 
62 161 51 74 0.033824842 
917 400 418 504 0.03347624 
928 -105 429 488 0.033254683 
99 252 29 38 0.033118684 
1 1199 41 51 0.03226659 
124 280 37 47 0.03138018 
692 278 46 59 0.030183235 
919 141 414 488 0.029742343 
7 919 27 40 0.029547492 
661 298 48 60 0.029308809 
692 -277 853 925 0.029296057 
897 652 409 500 0.028951874 
736 218 29 35 0.028627345 
643 244 31 40 0.02852443 
144 342 107 126 0.028071482 
730 188 26 33 0.026626429 
559 411 62 75 0.026479883 
408 1110 27 32 0.026393248 
702 131 22 29 0.025712017 
684 300 51 62 0.024860302 
701 189 25 32 0.024319338 
764 224 25 32 0.023835883 
793 314 26 36 0.023801856 
581 121 29 38 0.023469321 
769 281 28 39 0.023298271 
543 157 36 48 0.023053631 
549 1124 27 33 0.021974936 
636 158 22 29 0.02195102 
798 156 26 33 0.021705275 
92 244 47 65 0.021640915 
91 278 33 45 0.021614036 
604 316 32 40 0.021591937 
126 317 93 108 0.021409 
569 160 29 39 0.021315016 
695 248 30 39 0.021306315 
70 156 30 39 0.021250451 
531 93 30 38 0.0208734 
566 179 30 41 0.020697845 
71 133 25 30 0.020694308 
704 157 22 31 0.020690812 
615 191 26 33 0.020513862 
768 254 26 33 0.020405354 
666 283 34 44 0.020235075 
725 283 32 43 0.02014818 
