33_Running_Running_33_786
221
504 125 28 34 0.7558587 
131 377 26 34 0.5513605 
503 457 35 42 0.5156732 
307 364 27 34 0.37668303 
14 429 41 58 0.25717458 
727 447 47 60 0.25167373 
330 458 36 48 0.20250879 
915 455 23 29 0.17770427 
517 242 29 35 0.17661226 
952 112 21 26 0.17459756 
357 121 21 27 0.15038162 
899 131 22 30 0.1440647 
458 159 22 27 0.12691306 
131 367 22 29 0.12159965 
813 293 141 155 0.101841696 
357 108 22 27 0.10021943 
496 128 22 29 0.09284756 
45 254 22 27 0.08998419 
82 452 23 29 0.08975976 
543 388 19 23 0.0810899 
968 145 22 29 0.07982834 
980 339 18 24 0.06564065 
108 251 18 22 0.064931184 
219 253 19 24 0.06456469 
666 232 22 25 0.06386366 
714 354 19 25 0.06374941 
146 383 22 29 0.063396156 
262 132 21 25 0.06296072 
42 456 23 31 0.06294204 
338 176 20 24 0.06169723 
330 257 17 21 0.06076442 
80 388 21 28 0.060286783 
58 385 20 25 0.0602798 
81 481 24 31 0.059009258 
978 134 21 26 0.058186248 
528 234 28 34 0.05767675 
308 254 19 23 0.057617515 
692 119 31 36 0.055684123 
177 364 20 24 0.054860197 
177 378 21 26 0.054735795 
283 226 17 21 0.053878926 
414 174 20 26 0.053241923 
281 215 18 23 0.052603126 
5 527 23 33 0.051884133 
279 333 21 26 0.051781286 
107 241 17 22 0.04971259 
417 157 20 24 0.04807078 
850 309 76 84 0.046591282 
982 351 18 24 0.045013458 
490 392 21 26 0.04445616 
117 367 45 56 0.043920934 
747 130 24 33 0.04297608 
335 160 20 24 0.04280694 
955 152 23 28 0.04179981 
176 328 20 25 0.041666187 
177 315 20 25 0.041650046 
77 398 25 33 0.041591216 
23 477 30 37 0.041558117 
691 106 28 31 0.04142897 
52 405 22 30 0.04107014 
542 336 19 27 0.0408414 
34 236 22 28 0.039969806 
13 463 48 59 0.03992256 
59 366 20 25 0.039887737 
36 250 23 28 0.039452247 
106 384 21 27 0.03932005 
275 130 20 24 0.038665004 
981 386 20 30 0.03864874 
993 135 19 27 0.03859196 
76 365 17 22 0.038460743 
749 462 47 57 0.03815417 
287 358 22 28 0.037680633 
45 437 23 31 0.037206315 
235 353 22 26 0.03668628 
945 336 19 23 0.036080673 
436 157 20 24 0.035865832 
234 464 22 29 0.035786036 
296 353 44 54 0.035600115 
924 484 23 31 0.035494756 
439 312 21 26 0.03482224 
265 228 17 21 0.03473094 
27 388 20 26 0.03446539 
4 407 40 59 0.034200676 
971 107 18 24 0.03394911 
512 110 25 30 0.03361911 
176 283 20 23 0.033457946 
512 138 26 32 0.033033967 
76 432 36 47 0.03302693 
21 406 25 34 0.032992985 
340 99 21 26 0.032757547 
109 363 18 23 0.032708395 
209 357 19 25 0.03266584 
258 332 21 26 0.032646354 
439 331 21 26 0.03261659 
293 257 18 23 0.032226864 
383 235 21 26 0.03219767 
786 505 27 32 0.031693596 
334 237 17 22 0.031674072 
48 237 21 26 0.031134084 
943 355 19 23 0.031091291 
106 526 26 32 0.03092502 
918 443 21 28 0.030344069 
444 175 21 24 0.030002974 
668 103 60 64 0.02983599 
542 528 24 29 0.029644396 
714 434 46 56 0.02957289 
873 334 25 28 0.029470721 
463 133 20 24 0.029200565 
416 127 20 25 0.029169101 
653 223 37 41 0.029052155 
947 116 32 40 0.02900035 
3 355 20 28 0.0288024 
234 336 21 25 0.028713567 
66 438 53 67 0.028303746 
382 99 18 24 0.028246222 
917 132 18 23 0.02793056 
640 95 24 30 0.027922658 
486 231 21 28 0.027898801 
544 518 21 24 0.027888665 
264 212 17 22 0.027668294 
96 451 23 30 0.02750989 
713 99 25 32 0.0274778 
156 256 18 23 0.027412022 
306 335 23 27 0.027183125 
916 150 19 25 0.02710415 
703 355 20 25 0.027010629 
227 238 17 21 0.026855402 
636 93 39 46 0.02683085 
639 530 26 32 0.026758568 
889 333 25 30 0.026711004 
787 105 23 28 0.026628673 
6 509 20 28 0.026628297 
436 351 21 25 0.026506187 
439 389 20 25 0.026470235 
469 229 20 25 0.026370896 
344 126 19 24 0.026211327 
690 86 58 69 0.025955718 
5 104 26 35 0.025949338 
538 383 31 37 0.025943927 
684 176 24 32 0.0259069 
973 210 23 28 0.02589885 
382 251 20 25 0.02584302 
435 402 23 28 0.025396975 
311 237 18 21 0.02533655 
459 311 21 26 0.02518206 
983 284 20 27 0.0251539 
9 407 24 35 0.024924522 
325 363 22 29 0.024901668 
825 385 20 25 0.024865603 
126 258 17 21 0.024711223 
741 104 23 31 0.024558026 
231 310 19 23 0.024472697 
640 145 71 84 0.024386194 
362 529 26 32 0.02438179 
254 356 20 26 0.024212 
92 426 38 49 0.024196181 
592 126 20 26 0.024075761 
708 124 25 32 0.024064457 
133 454 21 27 0.023993889 
845 349 25 29 0.023961935 
543 351 19 24 0.023874128 
66 371 50 61 0.02314418 
668 247 23 28 0.022983955 
160 332 20 25 0.022981461 
161 280 19 23 0.022934964 
28 209 20 25 0.022913601 
847 332 26 30 0.02283537 
756 485 47 56 0.022803804 
928 336 20 24 0.022438504 
538 511 36 41 0.022426225 
441 512 21 23 0.02239692 
619 119 79 90 0.022391738 
104 145 24 28 0.022361139 
416 312 21 26 0.022270262 
670 163 40 51 0.022237433 
127 237 17 21 0.022215553 
129 149 24 29 0.022151422 
35 466 41 49 0.022104774 
25 505 23 27 0.021970445 
633 279 27 32 0.02189058 
125 437 23 30 0.021884937 
78 237 17 21 0.021539347 
981 308 19 25 0.021515239 
213 308 18 22 0.021507408 
972 222 19 25 0.021502255 
880 150 21 30 0.021451363 
98 485 23 28 0.021430904 
693 332 19 24 0.02131321 
843 131 19 24 0.021277187 
160 313 20 24 0.021236362 
251 459 23 30 0.021108475 
314 437 64 81 0.02098512 
267 348 65 76 0.020977188 
508 354 19 25 0.020923272 
416 109 19 24 0.02091688 
361 147 19 23 0.020906648 
300 246 31 37 0.020893518 
493 356 21 25 0.020877898 
155 363 19 24 0.020863999 
89 473 40 49 0.020836633 
717 341 20 26 0.020824369 
310 128 18 23 0.020760115 
133 207 18 22 0.020733928 
352 464 25 34 0.020672588 
214 237 18 24 0.020634595 
206 382 20 26 0.02060897 
666 207 24 28 0.020605726 
569 413 23 26 0.02057022 
435 532 26 29 0.020567529 
509 404 23 26 0.020516627 
559 388 19 23 0.0204743 
565 102 20 24 0.020462241 
497 232 65 78 0.020373773 
622 285 24 29 0.02030816 
212 338 19 24 0.020244483 
510 530 23 28 0.020218626 
3 485 24 32 0.02021737 
537 397 35 42 0.020182118 
168 308 33 41 0.020107592 
841 384 21 25 0.02009262 
460 328 21 25 0.020060256 
