33_Running_Running_33_891
36
420 117 147 194 0.99984777 
142 277 132 120 0.049604803 
824 382 19 21 0.042042226 
151 221 133 128 0.039875206 
845 383 17 20 0.034404676 
799 334 18 22 0.030296402 
876 129 19 23 0.029975746 
800 358 18 21 0.028399078 
822 364 18 24 0.02816647 
977 373 25 32 0.02813784 
892 669 83 94 0.02785053 
972 363 24 31 0.027130604 
878 390 17 20 0.02654097 
107 342 51 60 0.025434515 
91 309 49 58 0.025431538 
646 8 102 125 0.025334254 
801 127 77 91 0.023746794 
815 375 35 42 0.023421848 
824 407 19 21 0.022342537 
846 367 17 20 0.022335028 
822 151 36 46 0.022226917 
872 406 16 19 0.022205697 
746 226 20 25 0.022173319 
847 412 17 19 0.022154428 
953 359 22 27 0.021495216 
797 363 66 78 0.021420093 
138 329 147 163 0.02129656 
793 0 20 21 0.021209188 
902 492 85 96 0.021159776 
743 309 138 162 0.021152224 
745 232 236 296 0.021109657 
847 102 17 21 0.021104377 
770 202 20 24 0.020682871 
823 333 19 23 0.020313252 
869 253 22 29 0.020160822 
876 74 19 23 0.020142127 
