33_Running_Running_33_747
65
612 416 47 61 0.80357045 
307 404 58 72 0.16247927 
944 175 24 28 0.10364992 
421 385 54 79 0.09299074 
306 425 34 40 0.08770937 
757 399 42 51 0.07064169 
947 403 40 75 0.05416254 
994 175 18 25 0.052626934 
677 435 59 83 0.05193496 
296 378 114 128 0.04693122 
641 432 66 86 0.042422723 
398 375 94 126 0.041904304 
289 418 40 51 0.038385503 
-149 407 540 566 0.034811523 
431 418 31 46 0.03260179 
445 406 43 63 0.03255786 
436 453 25 33 0.029819142 
720 396 69 85 0.02958651 
428 434 40 57 0.02925889 
697 438 24 31 0.02865348 
691 414 62 76 0.028319795 
664 395 507 572 0.028295334 
334 393 50 62 0.0282719 
612 409 33 42 0.02815236 
602 389 82 113 0.027983753 
8 149 19 25 0.027973615 
3 3 21 26 0.027381776 
407 417 43 58 0.027248178 
406 447 24 32 0.027238622 
326 510 363 365 0.02704187 
400 372 60 75 0.026934136 
614 442 35 44 0.026909446 
536 305 23 28 0.026594985 
712 429 24 31 0.025727939 
567 477 24 31 0.025669144 
365 402 69 86 0.025604729 
305 448 28 34 0.025531363 
364 371 64 73 0.025285825 
743 376 24 30 0.024990456 
24 227 21 28 0.024480315 
875 209 21 26 0.02441806 
931 176 22 27 0.024141446 
644 214 19 22 0.023998704 
980 209 22 29 0.02398917 
743 422 31 39 0.023987776 
662 458 27 36 0.023817757 
983 178 19 25 0.023667283 
718 413 21 28 0.023606032 
633 412 31 38 0.023141444 
839 16 154 193 0.023047548 
625 450 49 67 0.02263922 
137 491 357 374 0.02255284 
-8 248 684 749 0.022506105 
973 210 34 49 0.022339892 
896 181 19 24 0.022253348 
408 383 26 36 0.021770865 
681 411 101 129 0.021696884 
747 407 26 33 0.020846069 
789 198 23 29 0.020845614 
288 428 25 32 0.020804266 
893 208 22 25 0.020631144 
784 252 71 82 0.020576252 
696 452 27 37 0.020251587 
449 438 42 56 0.020141441 
767 260 19 25 0.020115517 
