33_Running_Running_33_107
34
744 171 32 42 0.9570586 
459 163 35 45 0.91606784 
597 192 28 38 0.90351534 
420 257 22 27 0.062081933 
618 296 24 29 0.061833017 
634 285 25 33 0.060005 
582 398 39 53 0.0525673 
485 593 21 27 0.051076323 
771 250 29 36 0.04720695 
583 304 25 32 0.04451142 
736 370 40 50 0.035203014 
565 709 39 45 0.03347006 
598 284 51 60 0.033097584 
559 280 23 30 0.030728504 
586 385 29 36 0.030112715 
622 562 20 27 0.030084541 
605 185 24 32 0.025911 
587 421 27 35 0.025905048 
504 325 23 31 0.02553997 
724 377 25 34 0.025124205 
617 582 21 29 0.024801806 
613 360 25 31 0.024306197 
588 619 18 23 0.024281822 
587 281 27 34 0.023704695 
561 726 31 38 0.02299144 
490 559 19 24 0.022559375 
725 176 23 33 0.022395698 
576 289 50 59 0.022299033 
716 219 34 44 0.022240931 
577 317 37 43 0.022199623 
778 251 36 49 0.021171119 
566 306 23 30 0.02097866 
413 707 25 35 0.020663708 
616 270 46 58 0.020094836 
