33_Running_Running_33_316
174
525 224 39 52 0.99284196 
854 200 49 64 0.985372 
757 153 54 69 0.98491585 
406 185 42 55 0.9825278 
624 184 42 55 0.97851527 
350 172 42 53 0.9566849 
223 169 41 50 0.91932845 
154 190 32 40 0.8757774 
264 174 37 46 0.8248224 
177 127 22 27 0.57332164 
645 124 23 30 0.33262658 
478 132 21 27 0.28193527 
744 264 37 46 0.17777571 
679 222 39 51 0.16994415 
430 128 20 27 0.16479453 
817 118 20 27 0.16296947 
35 107 18 23 0.15588571 
475 225 36 47 0.1508037 
642 107 22 28 0.14568755 
99 74 21 25 0.14177084 
790 254 37 47 0.12723516 
684 201 29 37 0.12493239 
905 127 23 27 0.12211033 
721 477 103 131 0.11832216 
327 124 22 27 0.10860476 
689 149 22 28 0.10463965 
567 129 20 25 0.098559916 
313 152 23 31 0.09854403 
543 125 21 25 0.09422703 
317 132 21 27 0.09336435 
178 110 20 25 0.09129776 
660 132 22 28 0.084786505 
464 223 32 41 0.08402718 
618 319 44 53 0.0813572 
485 105 19 24 0.07949971 
263 122 22 27 0.076648876 
850 114 18 23 0.075906165 
509 126 20 25 0.07063038 
385 178 45 60 0.070393816 
311 170 27 35 0.069832675 
185 74 20 25 0.06742124 
484 147 25 31 0.06334831 
761 293 37 46 0.06256483 
511 110 18 23 0.060902838 
360 133 21 26 0.058741994 
586 123 21 26 0.058666836 
452 243 37 47 0.057817113 
920 224 28 35 0.05718484 
55 71 19 24 0.057181872 
354 152 30 35 0.05579074 
873 156 25 30 0.052830294 
170 377 45 57 0.05270702 
99 248 25 35 0.051928 
32 160 19 24 0.05129485 
670 146 24 29 0.05026574 
29 197 21 28 0.050079856 
30 177 20 25 0.04933261 
693 175 25 32 0.049205314 
437 151 26 33 0.048422292 
136 76 19 25 0.047902565 
469 102 18 23 0.047779478 
96 207 22 27 0.045661207 
543 156 22 29 0.044854585 
681 255 43 64 0.0430978 
210 173 30 39 0.043036055 
99 151 22 28 0.042927302 
227 158 30 36 0.042471085 
846 173 43 56 0.04233299 
176 388 60 71 0.042165175 
150 76 20 26 0.041580167 
567 153 22 27 0.0414699 
2 181 21 29 0.041106254 
431 110 18 24 0.040684186 
462 82 18 23 0.039888345 
802 111 18 22 0.0398689 
57 172 20 26 0.039430603 
649 191 36 47 0.039352775 
559 173 24 31 0.03910276 
163 405 60 79 0.03873632 
45 108 19 23 0.038390063 
696 136 20 25 0.037480064 
201 75 18 24 0.037259985 
138 193 34 42 0.036946703 
716 134 20 25 0.03613654 
169 183 26 34 0.036057763 
309 196 29 38 0.035955083 
275 130 21 27 0.03554994 
459 178 30 38 0.035137117 
368 170 45 60 0.0348385 
81 157 21 27 0.034227274 
505 155 24 29 0.03390346 
588 154 24 29 0.03358602 
596 189 38 49 0.033491 
301 227 29 39 0.033023782 
463 150 22 28 0.032394737 
543 233 42 54 0.03233002 
80 77 19 24 0.031408183 
483 175 28 36 0.031220738 
814 264 37 49 0.031121392 
308 59 22 28 0.030736217 
798 123 24 29 0.030628579 
418 174 42 52 0.03040419 
133 174 24 31 0.029872334 
3 151 18 25 0.029557351 
180 144 24 30 0.029515186 
101 234 25 32 0.02942697 
176 432 77 99 0.029385332 
355 303 32 43 0.029060077 
331 71 21 26 0.029032229 
150 154 23 29 0.029003063 
228 47 20 25 0.028934851 
847 156 22 27 0.028772337 
458 378 39 49 0.028678905 
137 158 22 28 0.028508011 
480 197 29 39 0.028429927 
209 154 25 33 0.028105434 
540 170 27 33 0.027975718 
916 176 25 31 0.027956305 
72 174 20 27 0.02784462 
618 131 22 27 0.027692748 
2 194 22 31 0.027488755 
507 170 26 33 0.027353508 
272 238 37 48 0.027066734 
160 129 20 25 0.026843766 
330 107 20 24 0.026777318 
874 129 21 26 0.026759354 
667 105 21 26 0.026235802 
274 153 26 32 0.026123878 
387 131 20 24 0.025856974 
213 104 18 23 0.025712818 
303 340 41 54 0.025604144 
156 102 20 24 0.02558563 
805 247 40 51 0.025342118 
646 82 20 24 0.025296317 
436 74 18 23 0.025027981 
104 59 20 24 0.025023658 
636 110 44 57 0.024913946 
718 190 36 46 0.024475532 
564 25 20 23 0.024182942 
870 111 18 22 0.024001636 
134 125 20 25 0.023827173 
51 160 20 26 0.023796072 
386 104 18 22 0.023593493 
286 103 20 24 0.023460452 
226 107 19 23 0.023457758 
133 104 19 25 0.023302881 
260 111 20 26 0.023183843 
743 132 24 30 0.02303648 
824 150 21 28 0.022886802 
542 112 19 24 0.022859985 
462 400 31 39 0.022674033 
29 75 18 22 0.022503503 
663 76 20 25 0.02239083 
459 193 37 47 0.022326268 
33 122 18 23 0.022189764 
73 124 21 25 0.022165157 
388 1 22 25 0.02208411 
134 404 64 81 0.022032844 
337 58 20 26 0.021962952 
887 146 32 42 0.021615013 
638 143 39 53 0.02157232 
419 108 21 26 0.021474108 
976 5 20 21 0.02137898 
336 153 26 32 0.020883827 
701 261 45 60 0.020744432 
119 7 275 310 0.020598596 
532 207 32 40 0.020513086 
593 175 28 37 0.02035477 
615 149 27 35 0.020259531 
690 105 19 24 0.020230368 
670 55 20 25 0.020205304 
2 134 18 25 0.02012471 
95 264 37 52 0.02009358 
199 295 59 72 0.020005232 
