33_Running_Running_33_35
17
626 306 102 133 0.9915535 
859 -134 544 612 0.03217081 
80 1327 36 49 0.032079965 
510 356 88 119 0.028696515 
869 180 527 618 0.02776102 
477 326 70 95 0.025990915 
669 294 109 149 0.024559846 
567 -363 1081 1164 0.024114195 
859 1170 552 581 0.023432022 
567 442 46 59 0.023262538 
466 898 130 151 0.023257907 
667 334 69 93 0.022651708 
579 841 1088 1165 0.022560487 
556 534 127 206 0.022169018 
535 528 87 153 0.021680543 
555 320 96 119 0.020682408 
429 318 96 116 0.020113194 
