11_Meeting_Meeting_11_Meeting_Meeting_11_295
192
608 370 47 58 0.98700607 
120 461 69 98 0.979448 
48 337 39 52 0.9769657 
809 548 67 107 0.83576006 
138 375 38 52 0.82952434 
796 303 24 32 0.81753606 
229 337 27 35 0.5643736 
903 309 25 33 0.4726537 
503 330 31 41 0.44698128 
687 294 24 32 0.35157847 
455 329 29 36 0.24614748 
586 312 24 30 0.18460135 
150 199 21 27 0.17687161 
486 325 36 46 0.1437683 
176 320 34 43 0.14076672 
127 304 25 31 0.118825704 
144 504 67 75 0.11104202 
0 326 25 35 0.108104534 
787 317 25 34 0.10463009 
441 521 80 112 0.094840534 
437 324 39 47 0.082902685 
210 194 20 26 0.081914105 
352 540 108 124 0.072855875 
210 182 23 29 0.0727036 
395 495 103 140 0.069931805 
838 349 24 31 0.069262326 
460 174 20 24 0.06676917 
173 305 32 41 0.06444546 
129 325 23 30 0.064070925 
815 300 21 28 0.06366626 
132 277 23 29 0.06284372 
942 332 23 31 0.06184798 
103 301 23 30 0.060749605 
795 287 25 33 0.060379643 
534 322 25 31 0.05990038 
258 388 23 29 0.05895472 
195 321 36 44 0.05893279 
738 530 26 30 0.05861832 
305 560 74 94 0.058442492 
437 213 21 28 0.05408858 
151 188 21 26 0.053595852 
831 574 95 105 0.05352816 
945 352 27 36 0.052497484 
415 358 22 28 0.051962163 
581 316 34 44 0.05179556 
135 262 21 27 0.05045389 
646 170 25 35 0.050432 
1 273 22 33 0.048590835 
508 233 19 23 0.04821658 
538 272 23 29 0.047362655 
253 437 27 33 0.04691661 
102 284 20 26 0.04679633 
66 333 30 43 0.04572891 
150 356 31 42 0.045454476 
537 187 19 24 0.04407068 
826 349 26 33 0.04285939 
82 301 25 32 0.042542033 
572 307 22 29 0.042146962 
666 668 28 31 0.041470565 
674 296 33 43 0.04145179 
255 401 26 33 0.041388575 
329 601 33 38 0.041028816 
226 506 72 89 0.04035239 
301 573 45 63 0.040332388 
436 347 27 34 0.039684586 
707 513 24 31 0.03862197 
209 149 27 31 0.038359288 
445 392 41 51 0.03816397 
596 515 26 34 0.0379019 
817 288 23 30 0.0377359 
691 322 33 44 0.03662028 
136 200 20 26 0.03648446 
777 323 24 34 0.03645265 
310 179 18 22 0.0364483 
386 489 64 85 0.035790164 
324 491 60 76 0.03532412 
259 178 20 25 0.03506188 
476 549 44 55 0.034913473 
912 317 32 41 0.03393413 
510 310 26 34 0.033847027 
226 196 20 25 0.033758804 
417 336 22 28 0.03353915 
296 512 66 95 0.033509765 
157 258 21 26 0.032983 
206 134 45 52 0.032935116 
227 179 23 28 0.032578625 
336 160 17 22 0.031990115 
488 542 26 33 0.03135489 
836 324 33 43 0.031153908 
332 347 29 36 0.030954577 
427 306 40 49 0.030908385 
224 126 28 33 0.03070565 
401 553 50 72 0.030575704 
282 178 21 24 0.030570788 
199 308 25 30 0.030545317 
826 332 22 27 0.030417057 
216 324 45 57 0.030380456 
230 309 22 26 0.03035818 
156 297 33 41 0.029876966 
85 286 21 26 0.02987142 
788 293 42 54 0.029722115 
704 326 33 44 0.028987098 
336 175 17 22 0.028814288 
261 234 17 20 0.02841346 
133 186 20 24 0.028380966 
223 145 27 32 0.027950602 
418 529 46 64 0.02758069 
410 556 79 103 0.027575627 
361 595 80 84 0.027308682 
1 307 25 36 0.027233467 
541 199 17 22 0.027145144 
352 459 80 89 0.027033305 
776 310 24 31 0.026986727 
207 168 38 47 0.026964162 
435 310 23 27 0.02685237 
381 309 21 26 0.026674088 
178 228 20 26 0.026455082 
457 313 25 31 0.026245767 
283 351 25 30 0.026079498 
742 517 27 32 0.025841748 
889 509 43 53 0.025813146 
890 297 41 54 0.025518991 
265 423 41 48 0.025220107 
155 277 23 30 0.025186978 
659 651 56 61 0.024884848 
185 206 18 23 0.02477407 
946 309 20 26 0.024326913 
335 499 31 42 0.024182877 
180 98 20 28 0.0241794 
809 534 49 72 0.024176968 
183 178 19 25 0.024061171 
99 229 22 27 0.023997279 
888 520 59 74 0.02397017 
335 494 77 108 0.023951532 
162 538 49 57 0.023831684 
452 553 49 66 0.02377839 
763 502 67 89 0.023697434 
414 377 24 31 0.023514803 
119 291 45 57 0.023507275 
463 83 23 28 0.023487056 
298 342 42 47 0.023486918 
263 279 20 24 0.023468617 
477 364 39 53 0.02344651 
228 280 19 24 0.02344132 
-1 551 40 61 0.023338985 
258 202 18 22 0.02333519 
339 587 51 58 0.023209948 
156 331 26 33 0.023189632 
32 346 30 41 0.023075178 
172 511 68 79 0.023067122 
258 312 19 24 0.023035696 
176 347 26 35 0.022933874 
435 641 29 37 0.022721179 
384 483 34 43 0.022437647 
441 177 18 23 0.022411536 
384 547 144 155 0.022395438 
227 234 19 22 0.02233552 
464 161 19 24 0.022287836 
151 365 51 65 0.022253608 
268 398 38 46 0.022120878 
460 541 23 29 0.022053378 
689 341 35 46 0.022003176 
476 501 42 53 0.02199813 
542 108 19 22 0.021902889 
451 367 43 53 0.021868592 
377 563 53 69 0.021868117 
788 335 41 52 0.021833401 
441 496 66 83 0.021771155 
185 156 21 28 0.021729417 
230 254 19 25 0.021667397 
102 254 20 26 0.02165661 
425 550 48 72 0.021390453 
741 107 257 291 0.021354368 
399 590 50 63 0.021313822 
460 562 27 39 0.02130169 
102 204 20 25 0.021287058 
264 248 149 183 0.021228975 
853 521 67 80 0.020954475 
359 335 23 28 0.020755041 
427 594 73 88 0.02070356 
157 225 20 26 0.02066971 
108 327 23 30 0.02065845 
433 535 23 32 0.02049554 
347 611 54 58 0.02046909 
572 328 22 30 0.020354705 
861 315 36 45 0.02030149 
744 486 64 77 0.020294985 
261 258 19 23 0.020249343 
252 351 22 28 0.020183258 
638 150 51 70 0.020161849 
354 352 23 29 0.020072538 
101 416 43 55 0.020059738 
