11_Meeting_Meeting_11_Meeting_Meeting_11_108
23
658 148 47 72 0.9190062 
886 353 39 52 0.80996686 
194 154 49 65 0.582817 
166 152 48 65 0.4851523 
214 160 46 67 0.363467 
237 178 42 64 0.0665221 
647 425 46 53 0.052409004 
216 189 52 73 0.051165115 
5 75 21 34 0.047426905 
680 150 60 76 0.040870223 
982 219 32 59 0.03836628 
713 145 34 45 0.033720724 
150 172 44 63 0.03370534 
892 338 27 35 0.033270024 
606 402 63 81 0.03191601 
842 382 26 34 0.031868417 
837 351 38 50 0.027652293 
830 385 41 53 0.026803466 
161 352 167 248 0.026557187 
597 355 89 109 0.023826798 
848 436 70 92 0.0215403 
995 694 22 29 0.021212332 
0 73 32 60 0.020325206 
