11_Meeting_Meeting_11_Meeting_Meeting_11_633
35
708 356 153 203 0.99946433 
170 436 175 218 0.99677014 
455 202 214 269 0.9946666 
-1 269 22 37 0.110378414 
136 211 22 29 0.090860285 
157 185 21 25 0.054016337 
72 278 60 69 0.049170755 
4 259 24 35 0.044205677 
23 260 20 27 0.042801015 
147 205 24 29 0.040332317 
179 206 18 23 0.038599968 
172 298 27 35 0.033950943 
76 291 33 39 0.03279358 
52 257 21 24 0.03158328 
175 188 18 22 0.030710537 
30 275 20 29 0.02777676 
0 222 20 27 0.026845202 
32 302 21 30 0.025958909 
211 207 20 25 0.025952583 
23 160 19 24 0.02520886 
259 132 19 23 0.02417369 
154 157 18 21 0.02404563 
487 0 23 24 0.02345233 
101 161 20 24 0.02315031 
52 280 22 28 0.023136005 
5 133 20 25 0.021727521 
0 211 20 26 0.021361977 
102 175 19 23 0.021256477 
103 253 22 24 0.021017361 
237 225 259 323 0.020718772 
158 274 53 65 0.020668708 
232 186 19 23 0.020584866 
147 222 21 26 0.020227354 
100 263 68 76 0.02022462 
9 153 19 26 0.020161213 
