11_Meeting_Meeting_11_Meeting_Meeting_11_663
21
245 225 43 53 0.91118145 
917 466 23 26 0.1750242 
985 333 21 26 0.05877728 
946 303 22 25 0.038912572 
906 465 21 26 0.037481185 
143 244 49 55 0.034725938 
263 374 85 99 0.031247837 
55 482 19 21 0.0309048 
98 207 24 29 0.026790714 
9 24 127 165 0.025975313 
103 257 75 85 0.024767632 
199 129 21 26 0.024512641 
98 219 38 49 0.021983724 
101 80 19 25 0.020739492 
132 68 21 27 0.020676779 
454 196 84 98 0.020366391 
102 256 40 50 0.020295953 
9 480 18 25 0.020226086 
931 305 20 25 0.020157676 
994 265 17 23 0.02014232 
383 233 25 31 0.020080516 
