11_Meeting_Meeting_11_Meeting_Meeting_11_349
157
186 167 78 126 0.9468409 
139 20 43 47 0.54187596 
662 41 19 24 0.36417136 
822 66 21 26 0.27276507 
593 47 18 23 0.19639443 
731 57 17 22 0.19299875 
626 58 18 22 0.17802005 
381 120 36 41 0.1640574 
637 53 18 22 0.12846686 
571 27 16 21 0.11586269 
589 34 17 21 0.10598984 
527 53 15 19 0.10591951 
775 59 17 21 0.09976553 
475 52 15 17 0.09344702 
693 70 19 24 0.09026184 
949 70 19 22 0.08716226 
849 52 18 22 0.086740606 
430 52 19 22 0.08661624 
869 98 20 24 0.0860952 
572 48 16 21 0.08096633 
741 73 21 24 0.07938174 
621 74 18 23 0.075304836 
981 50 17 22 0.07429156 
635 69 18 23 0.071491145 
876 84 19 22 0.07010394 
774 74 18 22 0.06896777 
950 60 17 22 0.06887438 
157 12 43 49 0.06425356 
849 29 17 20 0.063517295 
598 81 19 23 0.057760097 
800 56 16 20 0.057366434 
431 34 19 22 0.05674947 
993 123 18 28 0.054983344 
149 188 97 129 0.05469885 
922 6 23 26 0.0545069 
738 95 23 27 0.054147217 
618 25 17 19 0.05261159 
517 26 15 18 0.05208416 
461 4 18 20 0.050468132 
642 1 20 23 0.049661573 
511 8 19 22 0.04956933 
693 59 17 22 0.049119025 
566 81 18 22 0.048104007 
869 56 17 21 0.04608726 
260 117 37 48 0.04565439 
620 1 20 23 0.045381565 
483 52 13 18 0.045171354 
598 95 20 24 0.04495389 
437 67 21 26 0.044478483 
570 6 19 23 0.044365518 
539 24 16 20 0.043970805 
644 103 21 24 0.041740652 
398 125 28 33 0.040651068 
745 30 18 21 0.0405736 
440 133 22 28 0.040428627 
648 29 19 21 0.040188566 
421 48 18 22 0.04005194 
467 32 14 17 0.03979358 
586 3 18 22 0.03936502 
203 145 73 100 0.038383704 
420 34 18 23 0.037957497 
845 5 19 22 0.03774332 
925 77 17 20 0.03764766 
442 147 22 28 0.037568837 
1 8 38 56 0.03738002 
485 108 18 22 0.0370082 
798 31 17 21 0.036850825 
512 76 18 22 0.036786783 
174 6 27 32 0.036786273 
36 -1 78 86 0.036587335 
610 98 19 24 0.0365536 
688 2 19 23 0.035419963 
540 8 18 22 0.03490531 
899 80 16 20 0.034764875 
826 31 18 21 0.034332972 
800 75 18 23 0.033532485 
973 100 20 29 0.033525236 
694 24 18 22 0.033427443 
216 196 82 108 0.033357535 
498 77 17 20 0.0324138 
977 72 20 26 0.032306027 
924 18 21 24 0.03198602 
1 1 28 37 0.031975854 
425 44 30 36 0.031884614 
720 1 18 21 0.031882837 
241 139 60 88 0.031826228 
845 74 18 22 0.03172521 
776 101 20 25 0.031586677 
589 180 24 28 0.031503268 
670 2 21 23 0.030681755 
981 118 27 41 0.030456102 
100 71 39 51 0.03042565 
791 103 19 23 0.030243969 
902 102 18 22 0.029740913 
460 132 18 23 0.029618435 
259 161 68 94 0.02948752 
722 99 21 26 0.029277097 
461 152 19 24 0.029264165 
900 54 17 21 0.029187145 
751 332 347 362 0.028704245 
437 1 19 21 0.028507035 
405 143 25 31 0.028384393 
772 0 19 22 0.028163902 
486 123 19 22 0.028068934 
975 45 28 39 0.027753375 
719 30 17 21 0.027629727 
927 57 17 21 0.027347809 
583 126 676 734 0.027283581 
981 35 17 22 0.026739966 
932 126 18 22 0.026352672 
947 26 18 22 0.02607344 
566 160 21 26 0.025891323 
925 103 17 21 0.02581131 
391 121 57 65 0.025582027 
382 105 30 34 0.025578544 
588 43 29 37 0.025302365 
6 4 57 83 0.025240887 
467 103 19 23 0.025193969 
744 0 19 22 0.025182655 
385 10 134 146 0.024963137 
569 98 21 24 0.024822975 
542 77 18 23 0.024752751 
467 44 28 32 0.024658762 
-207 106 677 742 0.024602225 
860 94 37 43 0.024129726 
294 303 85 96 0.02355068 
979 0 17 20 0.02343618 
231 155 26 35 0.023366151 
945 63 32 35 0.02335625 
82 29 67 78 0.023324603 
109 0 67 75 0.023215894 
461 74 17 21 0.022978388 
271 282 78 95 0.022957478 
408 72 21 26 0.022900548 
486 31 14 17 0.022893185 
830 129 19 23 0.022784855 
511 101 21 25 0.022691129 
488 5 18 21 0.022682214 
850 105 20 23 0.022622483 
952 101 19 23 0.022082286 
36 38 69 89 0.022045141 
354 122 68 86 0.022012254 
186 121 50 59 0.021908926 
160 136 76 92 0.021888906 
152 -1 29 29 0.021711297 
366 124 27 31 0.021659242 
876 0 20 23 0.021504952 
-63 316 343 364 0.021470642 
944 5 20 23 0.02120463 
793 1 17 21 0.021088758 
406 122 71 89 0.02096333 
588 127 19 22 0.020681363 
996 1 17 22 0.020624245 
441 100 21 24 0.020574085 
513 121 22 25 0.020478567 
725 72 18 25 0.020406175 
826 2 17 20 0.020245722 
