11_Meeting_Meeting_11_Meeting_Meeting_11_176
203
118 240 43 52 0.9821354 
690 242 39 50 0.94987327 
796 87 45 59 0.9489985 
338 225 29 36 0.87677884 
208 265 32 39 0.76702267 
281 210 27 34 0.71943396 
495 210 26 33 0.6853015 
4 210 39 54 0.53920186 
181 203 31 37 0.44019678 
411 222 21 27 0.3322842 
569 212 22 28 0.28801033 
36 330 43 50 0.26179227 
655 200 25 32 0.22031863 
57 272 30 38 0.20994808 
584 286 26 32 0.19723725 
164 73 24 28 0.19476743 
366 117 39 47 0.18025516 
247 251 30 37 0.1709653 
770 253 26 32 0.16194905 
168 171 45 54 0.1383683 
542 253 23 29 0.123199165 
331 326 67 81 0.1153036 
641 295 23 31 0.11194464 
740 235 27 33 0.11034884 
164 378 43 54 0.10873978 
65 346 48 52 0.102068126 
755 494 76 84 0.10131969 
4 343 38 56 0.10066892 
107 246 33 41 0.09585125 
582 252 22 27 0.095814645 
395 321 44 51 0.09067807 
357 318 66 82 0.08992018 
548 291 39 48 0.089592576 
618 296 23 29 0.08685984 
542 285 27 33 0.084849305 
222 257 33 40 0.08460425 
65 400 56 70 0.079334125 
197 217 26 33 0.07290217 
701 598 53 56 0.06843738 
-1 303 27 39 0.06554211 
381 277 30 37 0.06333125 
542 225 22 27 0.062138014 
408 353 29 35 0.060753476 
882 174 58 87 0.059529234 
71 364 55 57 0.058308754 
302 335 67 76 0.058092564 
239 291 40 49 0.057163727 
132 223 44 52 0.055935815 
429 332 25 33 0.05340814 
357 206 24 31 0.053367786 
673 244 39 49 0.05267929 
376 304 50 64 0.05228267 
570 276 46 56 0.052230313 
413 249 23 30 0.05169956 
465 334 27 33 0.051659748 
403 205 32 40 0.05093192 
774 318 33 45 0.05010714 
410 318 54 65 0.05009047 
614 321 34 44 0.04966578 
584 232 21 27 0.04865811 
469 353 43 49 0.047586143 
142 246 31 41 0.047442075 
460 356 33 40 0.046813786 
388 227 21 28 0.04578673 
542 209 21 27 0.044200696 
2 4 25 31 0.044081636 
765 230 25 31 0.043248735 
570 377 42 47 0.041070744 
60 327 44 52 0.04093992 
299 296 38 49 0.04091757 
152 190 45 52 0.040791202 
77 258 26 33 0.039160624 
670 575 49 58 0.039021183 
640 255 22 29 0.03896037 
533 313 41 51 0.037914578 
301 324 45 54 0.037724715 
127 407 57 70 0.037491594 
895 215 26 41 0.03740716 
538 83 42 47 0.037402768 
-4 319 41 60 0.036844082 
202 391 67 106 0.036699735 
244 271 38 46 0.03668591 
15 230 36 48 0.03649177 
-1 280 23 34 0.036319286 
655 294 34 44 0.03612928 
169 324 38 46 0.03597803 
504 96 26 31 0.0356282 
747 526 345 368 0.035445623 
279 290 38 48 0.0346877 
506 220 22 27 0.033844065 
515 328 27 36 0.03307816 
302 272 36 47 0.03295596 
511 254 21 26 0.032911275 
557 320 30 38 0.032719813 
604 618 62 60 0.032686464 
299 374 79 96 0.03251217 
489 92 28 32 0.032253686 
562 287 26 32 0.032193907 
453 326 55 67 0.03197262 
684 324 30 38 0.031905204 
301 225 23 29 0.03176926 
772 270 25 33 0.031291485 
391 348 49 61 0.03124403 
607 276 47 57 0.031212665 
356 271 35 42 0.031032631 
489 144 24 32 0.030669767 
511 308 25 31 0.030499546 
84 436 75 95 0.03022647 
271 197 45 57 0.030170286 
616 543 61 70 0.029319251 
606 546 43 54 0.029083608 
490 128 25 31 0.028745832 
331 348 35 42 0.02868532 
774 309 24 32 0.028678186 
482 335 25 30 0.028644826 
761 294 55 75 0.028609054 
189 384 54 85 0.028592281 
810 33 49 55 0.028409155 
564 254 23 28 0.028381925 
50 400 47 58 0.028334418 
387 205 23 31 0.0281527 
114 491 68 81 0.027979411 
829 162 46 59 0.027837053 
335 211 26 34 0.027724208 
691 205 27 33 0.027640156 
8 394 43 57 0.027591959 
715 182 24 29 0.027471034 
491 288 23 27 0.027428657 
159 391 58 81 0.027263498 
784 254 25 33 0.027104037 
549 630 45 47 0.027077079 
334 240 28 36 0.027073415 
292 409 68 82 0.027053094 
39 332 67 78 0.026997374 
167 354 43 55 0.026951592 
172 295 36 46 0.026951192 
433 230 19 26 0.02691918 
355 331 31 41 0.026606306 
541 507 83 103 0.026423177 
749 124 60 71 0.026286308 
179 268 37 48 0.026280444 
606 574 51 59 0.025673246 
826 91 41 52 0.025610197 
556 93 27 34 0.025600843 
326 268 37 48 0.025520429 
547 319 690 726 0.025250934 
238 331 107 129 0.025146348 
408 273 29 34 0.025145547 
44 373 101 121 0.025051514 
404 310 33 40 0.024998307 
354 303 44 59 0.024829682 
508 316 52 67 0.024690414 
156 176 31 37 0.024491511 
644 228 22 28 0.024209041 
86 497 68 77 0.024067752 
114 532 69 89 0.02394667 
742 206 24 30 0.023840064 
95 292 38 49 0.023795053 
351 164 40 50 0.023499027 
327 362 81 94 0.02345102 
627 283 46 57 0.023311924 
50 253 34 47 0.023238555 
665 316 34 44 0.023202851 
42 298 41 56 0.02309391 
59 484 71 79 0.023076829 
755 257 54 68 0.02303997 
740 274 25 33 0.022713013 
90 353 41 50 0.022511763 
26 302 41 59 0.02248782 
396 212 46 56 0.022443524 
103 258 42 50 0.02233289 
150 148 46 57 0.022332428 
785 130 43 56 0.0222882 
60 336 102 116 0.022276724 
214 375 49 69 0.022275502 
779 164 39 51 0.02224477 
-222 301 692 738 0.022076506 
315 290 62 78 0.021997426 
26 501 144 158 0.02186476 
26 269 34 48 0.021848517 
397 238 47 55 0.021818224 
309 353 29 35 0.021804292 
107 368 54 65 0.021606501 
360 137 31 37 0.021434685 
276 243 36 44 0.02138679 
-62 510 342 357 0.021375109 
90 320 41 53 0.02136708 
541 126 26 33 0.021289969 
494 253 21 27 0.021272166 
492 301 22 28 0.021227894 
178 149 31 37 0.021055462 
510 284 22 28 0.020933013 
496 638 52 45 0.02083049 
281 319 43 51 0.02081737 
28 451 73 84 0.020735187 
256 220 35 44 0.020730367 
240 278 103 124 0.020588508 
435 308 24 31 0.020550624 
151 293 39 48 0.020505268 
786 199 27 34 0.020441314 
376 342 38 48 0.020241732 
735 318 41 49 0.020063771 
14 465 46 60 0.02001651 
