11_Meeting_Meeting_11_Meeting_Meeting_11_339
152
887 249 89 126 0.9947901 
163 152 42 53 0.918314 
280 140 30 38 0.9175011 
670 144 40 59 0.90885735 
615 125 27 34 0.90787715 
455 122 24 28 0.60295355 
717 184 42 59 0.38933724 
113 217 42 57 0.32387385 
518 253 25 29 0.27928865 
729 201 42 56 0.14877939 
99 232 49 59 0.11642476 
227 159 25 33 0.108921126 
29 190 35 53 0.102401115 
554 276 29 35 0.100182325 
461 112 21 26 0.072240844 
617 138 26 34 0.071027406 
446 132 21 26 0.067423835 
95 200 47 67 0.06082662 
693 158 52 74 0.059916582 
683 129 42 59 0.058835067 
53 174 24 33 0.05522413 
26 148 22 34 0.054751478 
45 201 27 39 0.05410725 
389 177 22 27 0.053903975 
30 174 22 33 0.05245742 
616 108 24 30 0.051088125 
543 280 25 30 0.05045265 
550 295 40 49 0.049841914 
442 181 20 26 0.0459402 
483 151 20 27 0.045811046 
390 211 19 24 0.044907525 
19 134 34 55 0.04489374 
792 177 34 44 0.044711024 
791 258 54 58 0.04443399 
431 223 20 27 0.043869447 
434 207 19 26 0.043561492 
254 242 37 52 0.042056967 
73 210 55 71 0.041823465 
746 151 24 31 0.0409717 
696 144 40 55 0.03993319 
382 260 28 34 0.03904922 
198 160 37 49 0.03881537 
554 320 39 54 0.03810877 
516 236 21 26 0.037929345 
97 14 31 36 0.03785654 
412 279 25 31 0.03783904 
420 226 20 26 0.037615784 
745 99 20 26 0.037077814 
912 222 74 86 0.03526419 
441 147 20 26 0.03507334 
622 123 36 44 0.034715682 
83 351 80 99 0.033655453 
22 125 21 34 0.033638258 
1 3 23 29 0.033579748 
587 74 23 28 0.03311963 
724 54 22 28 0.033089537 
35 195 48 69 0.03300262 
13 109 34 58 0.032645926 
737 208 58 73 0.031910162 
459 181 20 24 0.031714346 
974 305 27 37 0.031665288 
586 307 27 32 0.03164535 
6 120 22 37 0.03158582 
-5 160 36 56 0.031496108 
0 129 36 59 0.031223798 
883 211 73 94 0.03061888 
740 72 21 26 0.03025302 
760 253 61 69 0.030026253 
388 224 20 26 0.029738016 
666 129 28 36 0.029612605 
740 173 30 40 0.029612055 
673 26 23 26 0.029583644 
4 145 22 35 0.029538373 
685 27 22 25 0.02952699 
0 171 20 31 0.028961862 
609 236 25 32 0.028802708 
575 316 42 56 0.028654778 
544 271 47 55 0.028489608 
461 231 21 27 0.02817045 
71 171 25 34 0.028083857 
744 130 20 27 0.027841628 
-5 301 29 49 0.02776947 
719 101 21 25 0.027729519 
71 150 36 46 0.027429482 
66 248 69 79 0.027154287 
463 249 21 27 0.026599694 
726 27 22 25 0.026263228 
590 235 23 29 0.025810257 
486 135 20 25 0.025803266 
693 101 21 26 0.02565262 
486 230 19 24 0.025560426 
721 67 23 29 0.025132967 
736 23 25 29 0.024798183 
-11 302 46 80 0.024690265 
-64 527 361 349 0.024500815 
774 277 58 63 0.024304302 
839 655 29 34 0.024250403 
233 252 58 78 0.02421642 
465 147 22 26 0.024204794 
588 152 25 32 0.024140282 
697 534 171 131 0.023900641 
68 194 39 56 0.02363064 
111 251 49 64 0.02354168 
275 161 33 44 0.02345203 
920 231 28 34 0.023397435 
413 257 23 29 0.023309385 
668 106 20 25 0.023253143 
857 238 68 91 0.022996841 
209 231 58 70 0.022857258 
491 209 19 23 0.02263883 
94 81 36 53 0.022583738 
431 258 21 27 0.022381214 
222 192 37 49 0.022339216 
302 227 24 32 0.022317262 
430 204 33 46 0.022306163 
825 235 58 76 0.022215342 
685 95 37 50 0.022106908 
0 188 36 53 0.022032367 
210 155 49 61 0.022015734 
870 196 39 50 0.021996632 
563 269 55 64 0.021888606 
404 177 21 27 0.021722991 
107 265 69 89 0.021654759 
416 220 33 43 0.021481436 
53 157 22 31 0.021421567 
452 220 38 47 0.021362621 
686 46 23 29 0.021360653 
390 241 68 81 0.021331847 
738 52 22 27 0.02129628 
255 195 25 32 0.021269219 
751 238 52 61 0.021231456 
804 171 40 48 0.021231085 
710 131 22 29 0.020887675 
680 323 42 45 0.020829236 
98 78 24 34 0.02081725 
767 104 19 25 0.020770054 
461 199 20 25 0.020762945 
640 75 21 26 0.02076117 
755 172 35 45 0.020723222 
733 63 33 43 0.02070842 
562 261 23 27 0.02065903 
699 461 90 81 0.02047573 
105 172 28 36 0.020395983 
673 52 21 27 0.020375967 
258 284 62 78 0.020326208 
172 215 46 54 0.020219373 
265 142 34 43 0.020202683 
545 300 25 31 0.020177709 
782 223 45 56 0.0201585 
75 82 39 56 0.020124175 
885 198 42 55 0.02008286 
441 205 61 76 0.02003084 
