11_Meeting_Meeting_11_Meeting_Meeting_11_573
19
182 237 91 113 0.99991 
65 149 106 163 0.9988697 
527 185 103 128 0.9985109 
778 146 88 148 0.991553 
190 186 64 67 0.06563556 
164 211 69 88 0.05257903 
119 191 77 105 0.041739125 
5 190 66 114 0.035184134 
92 136 71 109 0.03433794 
748 529 351 366 0.029614216 
173 221 38 50 0.027991116 
992 255 23 34 0.02574567 
881 228 87 97 0.025739541 
564 304 683 732 0.024177667 
-68 534 357 349 0.0221016 
-218 303 710 738 0.022030532 
342 350 56 76 0.021940516 
424 467 72 82 0.021484856 
218 196 38 44 0.021259515 
