11_Meeting_Meeting_11_Meeting_Meeting_11_206
267
88 325 41 57 0.8434758 
971 306 38 60 0.77694625 
803 220 34 42 0.7049203 
474 256 34 45 0.6784219 
197 366 50 81 0.5959568 
617 235 28 36 0.5385951 
877 311 49 73 0.3578407 
50 184 21 27 0.2180787 
304 281 28 36 0.1546837 
839 243 29 37 0.1384728 
74 339 34 46 0.120098785 
135 186 21 26 0.11549583 
277 185 20 25 0.112813495 
940 297 40 60 0.11073546 
317 181 19 22 0.10836278 
850 317 61 86 0.106736846 
528 244 33 40 0.09562735 
979 258 23 30 0.09486958 
965 271 29 38 0.08597728 
896 307 54 75 0.0825609 
178 372 48 70 0.08031999 
85 204 20 25 0.07693611 
617 304 33 39 0.072366536 
895 252 28 33 0.071942516 
759 380 31 39 0.06960318 
917 255 26 32 0.06871423 
833 309 55 72 0.06782687 
551 429 57 72 0.06671556 
990 256 21 29 0.06616572 
151 299 25 36 0.06515118 
831 363 65 69 0.06428979 
338 242 34 46 0.0625153 
865 301 43 68 0.061370347 
778 427 79 85 0.059958007 
285 268 38 51 0.058018465 
353 248 23 32 0.05701289 
907 265 41 54 0.05637272 
805 331 72 80 0.05633563 
133 197 19 23 0.055272907 
213 208 17 20 0.055010714 
100 203 18 24 0.054804128 
402 371 31 43 0.054541316 
491 476 62 84 0.050291516 
918 298 36 48 0.049869783 
846 537 131 150 0.048751347 
265 186 20 24 0.048429836 
3 332 21 31 0.048345372 
531 439 57 75 0.048282094 
227 202 18 22 0.0473905 
31 333 19 27 0.046941735 
173 290 35 47 0.04678174 
309 176 31 38 0.045500237 
172 282 24 31 0.0448485 
110 318 39 56 0.044791803 
217 351 44 71 0.044314027 
53 311 22 29 0.04429383 
832 264 41 56 0.04382475 
250 339 37 56 0.043691915 
153 283 26 34 0.041940104 
239 279 24 30 0.041473772 
332 231 22 29 0.041397568 
516 246 28 33 0.041281253 
362 123 22 34 0.041249517 
280 196 20 26 0.040771976 
147 230 22 27 0.040652283 
328 203 19 27 0.040477194 
560 273 28 34 0.0402145 
316 199 21 26 0.039667767 
929 321 54 73 0.039629366 
565 255 26 32 0.039299387 
750 449 83 85 0.0390455 
319 194 33 44 0.03900199 
751 297 53 71 0.038570344 
752 391 44 54 0.03840921 
811 231 40 49 0.038347024 
211 185 17 22 0.038318608 
31 350 22 30 0.03820304 
612 209 21 25 0.038156968 
750 416 69 78 0.037605803 
136 280 49 68 0.03677639 
631 234 24 32 0.03657023 
670 304 32 41 0.03645948 
151 181 17 22 0.036308147 
148 374 63 82 0.036187377 
684 302 24 31 0.035893463 
289 437 66 73 0.035624288 
328 178 17 23 0.035595063 
225 374 66 87 0.035536174 
152 207 18 22 0.035438735 
231 188 18 23 0.03530331 
775 308 63 75 0.03526193 
479 234 26 33 0.035184078 
138 230 20 24 0.035023246 
291 488 83 96 0.03481554 
469 229 26 34 0.034663137 
319 384 56 71 0.03451027 
894 270 33 41 0.034464456 
877 250 33 44 0.03440466 
52 328 25 34 0.034236323 
773 463 84 99 0.0337144 
350 327 39 48 0.03331308 
972 542 34 56 0.033222828 
205 227 20 24 0.0327378 
185 205 16 20 0.032698385 
888 302 36 49 0.03266534 
201 352 34 50 0.032624498 
327 224 35 47 0.032547273 
223 321 41 57 0.032516263 
447 475 62 74 0.03243627 
296 244 61 82 0.032306492 
202 281 25 31 0.031774994 
569 226 23 29 0.031672064 
708 99 64 84 0.03163548 
791 462 118 138 0.031632245 
227 354 28 42 0.03161468 
105 185 19 26 0.03160107 
470 205 20 25 0.03152618 
530 158 24 30 0.031472553 
948 272 37 51 0.031330075 
739 302 41 53 0.031246105 
668 202 23 27 0.031237343 
181 325 25 33 0.031201852 
469 451 63 83 0.031166516 
805 394 73 83 0.031081393 
131 299 26 37 0.030989673 
864 486 80 107 0.030978056 
519 156 22 28 0.030727308 
283 258 24 29 0.030664042 
910 523 75 93 0.030540192 
310 157 18 23 0.03044719 
889 246 52 64 0.030421894 
520 491 52 62 0.030323515 
869 267 41 54 0.030223202 
408 172 23 31 0.030113427 
312 467 69 79 0.030007899 
246 271 32 45 0.029904064 
483 507 48 61 0.029760024 
129 240 37 46 0.029623771 
326 344 43 56 0.029550368 
148 300 64 84 0.029034043 
867 334 64 89 0.028684927 
810 506 128 148 0.028644018 
183 187 17 21 0.028372489 
584 232 22 28 0.028288726 
588 211 20 25 0.028177708 
348 96 83 132 0.028175037 
273 186 33 42 0.028163549 
301 317 37 49 0.028156685 
508 503 30 43 0.028006416 
306 457 33 39 0.027882332 
510 476 29 41 0.027857525 
520 226 56 67 0.027565561 
379 148 43 65 0.027483905 
175 319 39 54 0.027445212 
325 517 47 59 0.027146978 
749 363 50 63 0.027070545 
193 292 38 48 0.027054714 
813 452 74 94 0.02687753 
386 167 28 39 0.026808964 
571 459 48 64 0.026760053 
808 294 47 63 0.026643923 
388 227 23 30 0.026636915 
134 281 25 34 0.02653321 
741 346 40 52 0.02652798 
533 258 44 49 0.026438931 
526 60 57 79 0.026405407 
759 424 35 41 0.026390627 
270 403 71 81 0.026268568 
353 104 41 63 0.02624324 
435 295 40 55 0.026188709 
332 32 98 143 0.02601014 
28 276 20 26 0.025999181 
662 196 36 44 0.025988424 
148 309 35 52 0.02594999 
98 309 30 40 0.02593265 
313 430 107 129 0.025926689 
140 338 60 79 0.025729356 
279 367 99 122 0.025683457 
369 341 47 64 0.02555526 
528 470 73 80 0.025534024 
263 198 20 25 0.025445877 
842 376 74 89 0.02535964 
276 344 34 47 0.02526575 
569 211 22 27 0.025237696 
143 247 67 81 0.025219578 
157 401 29 41 0.02513688 
289 76 112 171 0.024972117 
195 248 68 83 0.024743253 
483 480 29 38 0.024669666 
216 400 49 71 0.024595924 
950 256 23 29 0.024584565 
76 184 19 25 0.024448643 
436 497 44 50 0.02436747 
399 342 51 72 0.024338216 
765 219 37 47 0.024297604 
330 326 38 48 0.024202183 
370 416 63 71 0.024120098 
580 425 37 55 0.023950474 
195 325 42 59 0.023947373 
527 342 37 46 0.023900088 
515 205 21 25 0.023860803 
272 359 61 77 0.023839576 
405 159 21 28 0.023836698 
846 610 113 116 0.02382465 
387 194 25 33 0.023816476 
341 335 53 68 0.023746653 
128 194 32 39 0.023690658 
377 214 39 49 0.023688883 
38 183 17 23 0.02366872 
781 450 241 261 0.02363502 
460 482 31 36 0.023580419 
32 310 18 26 0.023487033 
356 235 23 31 0.023353484 
301 360 62 73 0.023278346 
3 347 20 32 0.023253968 
113 342 63 85 0.023187613 
178 258 20 26 0.023123793 
717 463 81 81 0.023095094 
241 497 132 139 0.023086885 
448 507 47 58 0.023020081 
301 468 49 56 0.022982256 
361 200 23 29 0.022835566 
614 101 21 28 0.022814145 
230 288 36 49 0.022802591 
243 366 41 64 0.022788111 
491 526 28 37 0.02277597 
781 272 41 50 0.022680616 
71 311 84 110 0.022628639 
817 351 36 43 0.02261346 
485 149 21 27 0.022540748 
325 267 34 46 0.022530813 
842 295 35 49 0.022527322 
287 300 26 33 0.022464374 
186 230 19 23 0.022389265 
746 515 133 146 0.022374716 
431 182 20 24 0.022294628 
859 379 38 47 0.022246609 
80 226 23 27 0.02221785 
123 213 54 63 0.02219977 
259 331 25 35 0.022091502 
151 251 23 29 0.022049654 
434 200 21 25 0.022012401 
78 280 25 31 0.021998791 
309 216 36 45 0.021992052 
353 304 26 33 0.021949 
824 233 50 62 0.021941029 
358 219 58 78 0.021856168 
950 574 26 39 0.021817574 
349 225 38 51 0.021816893 
360 474 65 82 0.021692075 
262 231 19 23 0.021609906 
282 224 20 25 0.021439428 
897 466 76 99 0.021164438 
645 206 21 25 0.021119144 
515 159 33 44 0.020955134 
658 221 36 43 0.02093908 
180 351 31 42 0.020929748 
207 159 18 22 0.020890009 
295 255 40 52 0.020622881 
329 371 100 127 0.020557584 
736 140 28 37 0.020492448 
292 278 63 84 0.02039341 
332 301 25 32 0.020357128 
383 365 38 53 0.020229409 
29 262 21 27 0.020210663 
505 523 29 38 0.020192755 
347 259 37 48 0.020151287 
