11_Meeting_Meeting_11_Meeting_Meeting_11_250
38
596 144 40 48 0.99088824 
861 131 45 58 0.9901327 
700 165 38 49 0.98359805 
346 170 37 46 0.96220654 
100 128 41 51 0.946633 
224 199 38 48 0.86148953 
466 187 34 45 0.6654769 
394 119 63 78 0.09767319 
426 119 48 58 0.08002509 
449 110 42 53 0.070430785 
63 378 22 30 0.06461434 
289 352 24 30 0.05963928 
455 96 31 39 0.057443015 
481 138 40 51 0.056136593 
381 130 41 56 0.052070435 
486 122 27 35 0.046273377 
543 352 23 30 0.038292237 
243 199 34 44 0.037543967 
221 238 38 48 0.035876933 
505 144 29 38 0.034122404 
448 143 42 54 0.032098383 
432 88 43 51 0.03110614 
768 392 21 27 0.026414007 
417 363 23 28 0.025093637 
402 139 34 43 0.024600476 
5 84 30 56 0.024429988 
538 105 24 30 0.024384025 
483 105 27 34 0.024291687 
496 118 40 53 0.024209904 
207 454 140 161 0.023233743 
211 198 31 42 0.022947425 
0 104 31 57 0.02264982 
455 77 31 38 0.022616573 
514 202 28 35 0.022444222 
920 86 77 91 0.021667691 
402 150 47 60 0.021656526 
254 376 20 24 0.021359386 
467 110 55 68 0.02012844 
