11_Meeting_Meeting_11_Meeting_Meeting_11_644
353
611 461 29 36 0.44861788 
673 440 20 24 0.17438303 
455 431 25 31 0.15656452 
158 141 746 791 0.1409335 
595 454 36 43 0.1398271 
644 402 22 28 0.1268065 
538 390 19 23 0.12330843 
493 409 23 28 0.12241657 
495 433 45 53 0.12203104 
254 466 21 27 0.11481056 
644 381 32 40 0.11252749 
443 455 23 30 0.11035603 
510 437 27 34 0.103644654 
992 501 24 41 0.10198682 
178 468 18 23 0.098696016 
458 412 22 29 0.0984491 
643 518 20 26 0.09826305 
454 453 25 33 0.09824412 
494 506 22 28 0.09522044 
358 433 22 29 0.09065834 
363 457 20 25 0.088720895 
9 535 21 28 0.08710786 
410 485 22 31 0.08575912 
535 454 22 28 0.08226899 
457 389 21 26 0.0775121 
382 457 19 25 0.076900095 
827 454 21 25 0.07665932 
365 361 23 29 0.07604407 
238 467 19 25 0.07602151 
827 439 22 26 0.074936494 
293 423 37 50 0.073733084 
345 484 18 23 0.073080085 
843 454 19 26 0.069896705 
492 432 27 32 0.06888299 
87 465 19 23 0.067700885 
511 411 22 27 0.0661477 
204 484 18 25 0.066082105 
769 416 22 27 0.06589012 
701 404 19 25 0.06572109 
96 462 19 24 0.06556609 
658 384 22 28 0.06500224 
694 501 26 33 0.064781055 
765 506 24 32 0.06467426 
701 384 19 25 0.06416513 
163 469 17 23 0.064098686 
663 453 19 25 0.06396348 
182 479 19 24 0.0637504 
508 512 21 26 0.06221335 
841 441 21 26 0.06208821 
744 466 22 27 0.062013667 
485 405 41 50 0.061857753 
490 487 25 31 0.060838267 
612 441 23 28 0.060729526 
238 480 20 25 0.06013851 
358 403 26 35 0.05977727 
721 460 20 26 0.059123956 
101 484 24 29 0.05894793 
345 422 39 50 0.05864248 
355 485 18 22 0.05797513 
798 513 23 30 0.057907134 
234 513 24 29 0.05717551 
570 457 21 26 0.05662593 
488 386 20 25 0.056324635 
530 539 24 28 0.05624247 
491 456 27 33 0.055031143 
365 512 20 25 0.05468364 
598 183 83 80 0.054649495 
538 403 19 24 0.053941835 
747 507 25 32 0.053790517 
800 462 19 24 0.05372664 
51 511 19 24 0.053437084 
483 498 40 49 0.052914273 
590 439 22 27 0.05275764 
332 382 28 34 0.051085636 
820 639 26 30 0.050765052 
157 480 19 24 0.05040172 
532 442 22 27 0.050239768 
742 479 22 28 0.05016009 
452 422 57 70 0.050020542 
690 490 24 30 0.05001255 
20 541 19 25 0.04954517 
339 461 20 25 0.04950358 
85 482 21 26 0.049478915 
472 396 68 79 0.049284298 
649 356 22 27 0.048367377 
821 559 23 29 0.048247162 
639 481 22 27 0.04724928 
607 530 22 30 0.046885706 
689 439 18 22 0.04639627 
519 382 20 24 0.046382673 
378 381 22 27 0.046182405 
660 358 20 27 0.045706984 
646 533 20 27 0.045607086 
326 389 42 52 0.045316774 
824 441 34 41 0.044423155 
572 439 20 24 0.044289224 
856 581 72 76 0.044039372 
529 383 30 39 0.04387514 
292 510 19 23 0.043784928 
482 470 43 52 0.04285414 
333 517 19 23 0.042841375 
768 486 20 24 0.042541984 
715 559 21 26 0.041863997 
744 437 20 25 0.04129909 
209 514 20 26 0.04083811 
748 412 20 25 0.04081845 
390 488 20 26 0.04057577 
303 514 17 21 0.040490635 
245 471 33 39 0.04033957 
34 509 17 22 0.040237695 
336 361 22 26 0.040076826 
546 484 21 27 0.040002078 
383 506 20 26 0.039906006 
315 402 64 78 0.0395936 
720 442 19 24 0.039410517 
250 510 21 26 0.039175402 
695 375 32 41 0.039154373 
310 402 26 33 0.039145656 
993 461 19 26 0.03903373 
377 363 22 28 0.038743507 
853 532 22 27 0.038625926 
565 488 20 26 0.038625542 
801 483 19 24 0.038103927 
31 488 17 22 0.03794536 
383 404 22 30 0.037618395 
822 409 21 26 0.03761146 
813 541 23 27 0.03743866 
337 432 24 31 0.037426483 
519 437 36 42 0.037401494 
639 464 22 26 0.0373821 
798 436 20 25 0.036866304 
444 441 22 28 0.03666719 
128 491 20 25 0.036648877 
597 513 23 30 0.036550596 
354 372 38 47 0.036412887 
363 563 21 26 0.03635992 
190 551 36 48 0.035573155 
886 482 42 49 0.035544585 
793 478 35 47 0.03535835 
516 362 21 27 0.03525406 
812 509 21 27 0.03500603 
408 503 23 30 0.034946103 
207 532 23 30 0.034927823 
948 432 17 22 0.034659754 
286 355 20 25 0.034562055 
766 465 19 23 0.03455412 
662 401 21 27 0.034548678 
629 382 52 64 0.03436846 
799 530 22 29 0.034304287 
509 480 23 32 0.03421421 
643 354 37 45 0.034123607 
464 428 74 89 0.034103487 
697 364 20 25 0.03392283 
362 535 22 26 0.033757024 
98 493 41 47 0.033666305 
52 489 18 20 0.033261787 
352 448 33 40 0.033214476 
768 429 21 25 0.033147678 
208 466 17 22 0.032928903 
106 501 25 30 0.032840982 
490 534 23 28 0.032252263 
88 460 31 42 0.032141022 
375 450 33 42 0.031965602 
588 477 25 32 0.03179133 
565 509 20 27 0.03178082 
760 481 35 45 0.031737123 
651 390 36 44 0.031708572 
415 462 20 26 0.03152402 
519 536 22 28 0.03150034 
184 614 24 30 0.031465672 
283 484 19 24 0.031420495 
918 387 20 23 0.03123189 
847 526 36 45 0.031179318 
-59 494 382 382 0.031156402 
237 371 38 45 0.030970871 
509 379 37 46 0.030910889 
307 386 25 31 0.03088974 
258 439 23 29 0.030852854 
8 458 17 24 0.030849816 
646 434 19 24 0.03077101 
408 438 19 25 0.030757915 
978 492 31 56 0.030703885 
122 506 22 28 0.030623708 
333 564 22 29 0.030456897 
128 611 29 30 0.030316988 
535 362 18 24 0.03028602 
335 535 20 24 0.030253526 
942 414 18 23 0.030206177 
462 479 23 31 0.030065103 
451 386 33 41 0.029845215 
953 327 19 25 0.02980581 
772 561 21 27 0.029761126 
753 490 52 65 0.029713165 
479 385 39 50 0.029695764 
388 439 21 26 0.029655743 
623 387 20 26 0.029387467 
55 459 18 21 0.029320672 
877 464 20 25 0.029307617 
445 390 19 24 0.029305786 
436 478 22 30 0.029278358 
923 462 21 26 0.029229391 
795 385 20 26 0.029123489 
894 432 20 24 0.028782679 
584 507 48 69 0.028716898 
149 611 24 28 0.028691692 
877 485 24 29 0.02862969 
211 639 23 27 0.028619822 
586 439 36 44 0.028369106 
224 642 22 26 0.028301392 
160 535 21 27 0.028235035 
713 410 17 22 0.028174888 
82 468 52 64 0.028129995 
717 542 21 27 0.028016549 
285 505 34 42 0.027835943 
955 488 24 32 0.027790183 
800 610 22 26 0.02775425 
510 529 37 46 0.02772246 
719 479 30 38 0.027704488 
239 503 38 45 0.027676538 
433 531 22 27 0.027672047 
818 487 19 25 0.02764635 
378 495 33 42 0.027605932 
-166 291 729 744 0.027602755 
100 637 30 33 0.027530923 
519 614 22 27 0.027481303 
791 639 25 29 0.027480805 
160 336 21 26 0.027349629 
229 525 26 34 0.027331043 
779 496 48 62 0.027310327 
92 612 54 56 0.027237408 
162 301 20 23 0.027204065 
608 515 23 30 0.027150052 
790 587 22 29 0.027003946 
494 369 61 77 0.026985157 
850 505 68 78 0.026963798 
133 465 17 21 0.02696034 
339 474 32 39 0.026875023 
56 436 22 28 0.026852304 
567 434 32 39 0.026758239 
356 531 35 43 0.026557483 
29 654 27 33 0.026532827 
363 591 20 25 0.026361655 
710 508 21 28 0.026104098 
301 391 56 71 0.026082551 
234 437 20 28 0.026068598 
745 585 23 29 0.026003065 
540 512 21 25 0.025945675 
189 564 24 30 0.025740666 
767 536 23 29 0.025732564 
895 467 55 69 0.025692768 
506 529 60 73 0.025521003 
180 632 25 30 0.025408115 
45 642 22 28 0.025350412 
2 517 19 25 0.025318647 
234 477 33 41 0.025223373 
418 357 18 23 0.025116997 
797 454 33 41 0.025095195 
795 412 20 26 0.024995927 
679 430 31 39 0.024988282 
475 508 60 73 0.024700187 
358 615 21 22 0.024657452 
559 506 34 44 0.024608737 
698 460 19 24 0.024391634 
285 427 82 93 0.024269845 
462 511 22 28 0.024244592 
669 487 22 29 0.024216814 
161 516 20 24 0.024202688 
714 381 18 23 0.024192229 
309 487 18 22 0.024190528 
653 415 51 65 0.02412122 
590 416 18 23 0.024072073 
767 634 29 31 0.023954071 
180 538 19 24 0.023882074 
850 514 22 28 0.02375938 
522 556 23 28 0.02369213 
218 502 59 75 0.02367762 
665 542 21 27 0.023642318 
181 440 19 23 0.02351452 
618 463 51 61 0.02347319 
284 450 23 30 0.023399983 
817 616 21 27 0.023266533 
332 448 37 45 0.023237709 
158 289 20 25 0.023230167 
451 453 59 74 0.023149323 
435 441 48 62 0.02304259 
355 556 35 44 0.023017807 
824 382 23 28 0.022982594 
0 403 20 33 0.022980468 
364 438 58 71 0.022953361 
411 456 33 44 0.022933256 
29 503 30 39 0.022890257 
676 476 49 60 0.02282463 
46 503 31 38 0.022781797 
710 467 354 400 0.02272791 
567 417 18 22 0.022630896 
797 520 51 63 0.022561023 
78 485 79 88 0.02245873 
32 634 38 46 0.022450356 
307 449 23 31 0.022446875 
335 434 57 67 0.02239668 
409 411 18 24 0.022366067 
675 286 21 27 0.022338288 
797 131 72 81 0.0223074 
181 511 19 23 0.022139106 
852 541 72 76 0.022081973 
171 461 29 37 0.022070928 
738 431 35 41 0.022046926 
813 429 54 67 0.022005904 
304 362 20 25 0.021973316 
184 582 26 31 0.021954905 
29 465 16 22 0.021925583 
504 351 39 47 0.021732682 
79 506 21 27 0.021569043 
211 655 26 31 0.02156836 
40 532 115 129 0.021521531 
852 481 20 25 0.021497902 
824 358 24 28 0.02149254 
600 117 96 85 0.021489508 
234 462 55 64 0.021487221 
629 501 52 66 0.021468766 
4 384 20 29 0.021465987 
154 591 24 28 0.021439428 
43 604 38 46 0.021302562 
42 656 25 32 0.021227142 
329 509 32 40 0.021163512 
492 395 432 449 0.021117326 
249 381 84 106 0.021085324 
746 532 23 29 0.021064436 
340 611 19 22 0.021009866 
357 543 66 82 0.021007057 
848 402 22 28 0.021004159 
393 482 52 66 0.02100384 
933 408 19 23 0.020873444 
24 554 22 29 0.02082739 
350 346 54 63 0.020765856 
387 547 63 80 0.02076076 
878 433 19 23 0.020757524 
491 355 23 26 0.020742794 
330 535 34 44 0.020719644 
667 556 20 27 0.020699985 
523 351 35 48 0.020634463 
-15 217 67 90 0.020594398 
372 355 313 366 0.020543529 
359 383 54 70 0.020489905 
222 653 26 32 0.020402934 
947 489 38 54 0.020377591 
437 516 23 28 0.020362362 
102 535 26 30 0.020248113 
680 363 54 68 0.020246299 
661 211 25 29 0.02014485 
74 493 37 47 0.020099629 
458 499 38 47 0.020052055 
347 492 54 65 0.020011876 
