11_Meeting_Meeting_11_Meeting_Meeting_11_102
21
752 194 119 157 0.9997907 
129 66 116 156 0.99946445 
595 23 109 146 0.99924505 
438 181 129 158 0.9992434 
-6 239 103 165 0.9990194 
892 251 91 163 0.99451196 
820 229 119 175 0.09937627 
844 14 84 84 0.042016137 
644 534 73 97 0.031082675 
3 202 80 100 0.030009927 
362 23 65 80 0.02782476 
880 224 77 125 0.027046563 
812 676 46 46 0.026495079 
12 160 69 80 0.026370663 
225 106 68 96 0.024379801 
396 384 104 100 0.02399897 
752 531 344 362 0.022472257 
11 176 116 170 0.021552114 
-217 302 691 745 0.020927202 
340 41 74 89 0.02089373 
164 30 77 124 0.020514362 
