58_Hockey_icehockey_puck_58_880
74
640 272 22 30 0.39376253 
724 309 20 26 0.31692183 
394 311 19 24 0.30793428 
914 353 37 47 0.16144104 
954 280 25 31 0.1605276 
609 312 24 30 0.13335791 
386 358 28 32 0.08752937 
337 332 18 21 0.07960922 
932 353 38 48 0.073893085 
599 310 21 28 0.07042309 
402 359 22 29 0.06997367 
661 335 20 27 0.0668078 
593 356 21 26 0.057081893 
924 280 23 29 0.056873646 
649 336 21 26 0.05494215 
593 327 21 27 0.05468821 
432 387 19 25 0.0527989 
328 356 19 22 0.042403538 
595 289 50 65 0.041119754 
337 316 16 20 0.03997448 
978 378 24 31 0.039672725 
765 306 21 28 0.03857892 
722 325 20 26 0.037823923 
621 277 22 28 0.03673196 
587 389 22 27 0.03660339 
746 356 22 28 0.036320794 
767 287 20 24 0.036318976 
714 361 19 26 0.035632435 
619 270 36 48 0.03545506 
937 269 46 57 0.03491818 
318 361 19 23 0.03355298 
741 304 21 27 0.033291306 
306 333 18 21 0.031958472 
575 394 39 46 0.031612113 
765 355 22 29 0.0315185 
364 358 22 26 0.030684633 
690 313 17 22 0.030621504 
617 227 24 31 0.030023936 
689 332 18 24 0.029032268 
587 404 24 28 0.028665135 
643 382 22 28 0.028584685 
619 255 24 31 0.027514163 
641 326 34 43 0.027117522 
898 362 40 50 0.027109418 
389 327 22 27 0.026817642 
936 475 41 50 0.02672172 
568 387 22 28 0.026617497 
406 460 21 28 0.02581504 
969 393 38 55 0.025803164 
610 357 21 25 0.025446836 
364 278 16 21 0.025111713 
978 361 24 31 0.024903636 
700 361 19 23 0.024421055 
903 359 23 29 0.02437129 
578 340 53 66 0.023765014 
920 336 24 29 0.023432486 
745 288 20 25 0.023357509 
976 399 24 33 0.022788858 
792 333 21 27 0.022761127 
361 337 18 22 0.022659563 
580 478 42 47 0.022579432 
360 310 16 20 0.022429213 
355 476 27 34 0.022133188 
993 362 20 29 0.02137462 
561 480 40 44 0.021320095 
290 331 19 22 0.021307494 
947 263 21 25 0.021196581 
968 420 37 52 0.021111855 
585 424 26 30 0.020750925 
648 358 20 25 0.020649558 
686 134 20 24 0.02063049 
954 358 52 71 0.020484738 
996 283 19 24 0.02008585 
410 408 19 26 0.020000475 
