58_Hockey_icehockey_puck_58_825
199
714 124 29 35 0.98845345 
790 215 34 42 0.98213416 
681 219 33 41 0.96468806 
213 118 29 36 0.95166355 
772 106 25 32 0.94936305 
297 121 29 36 0.9404145 
209 227 36 45 0.9328141 
822 120 27 34 0.914232 
478 215 34 41 0.9072472 
106 109 33 42 0.8946942 
595 114 30 36 0.8718627 
545 99 30 37 0.8086654 
639 107 28 35 0.8010876 
346 217 32 40 0.78989094 
92 379 37 47 0.75033236 
452 95 26 35 0.72828364 
332 344 32 39 0.69966185 
575 229 31 39 0.69298136 
346 103 29 36 0.65511996 
432 349 33 42 0.6436569 
844 394 36 46 0.64204544 
249 110 28 35 0.63756466 
390 115 29 35 0.62504625 
497 124 29 35 0.3991668 
479 327 28 38 0.21602258 
718 366 35 45 0.14757676 
299 106 30 37 0.14217152 
386 171 30 37 0.13894375 
441 80 27 35 0.11901696 
772 355 29 38 0.10683602 
713 198 29 38 0.10051538 
510 201 32 40 0.09984767 
157 95 25 31 0.09725245 
355 299 37 47 0.09314623 
404 106 27 34 0.09123461 
258 380 28 36 0.08779503 
820 109 23 30 0.08423043 
875 351 26 32 0.082619205 
687 173 30 36 0.07996382 
837 221 28 37 0.07935164 
861 398 29 37 0.0716098 
410 322 30 39 0.07122761 
810 216 32 40 0.07110983 
686 301 29 39 0.07005414 
838 124 26 32 0.06926389 
845 382 29 38 0.068085335 
400 169 31 40 0.06340278 
668 3 29 34 0.06048738 
139 419 71 77 0.058699533 
608 198 29 38 0.058623638 
661 123 24 31 0.057789017 
109 391 40 48 0.057288297 
304 344 35 44 0.057242464 
476 301 35 48 0.057134528 
590 175 31 38 0.055140276 
730 123 25 31 0.05495525 
615 324 31 38 0.054715384 
434 332 31 40 0.054604392 
281 349 34 41 0.054369636 
665 101 23 30 0.053718444 
233 104 29 37 0.051895797 
607 173 31 40 0.051195454 
587 45 27 32 0.050641295 
581 296 32 40 0.049934655 
509 106 26 33 0.0489488 
563 44 29 35 0.04847357 
174 95 26 31 0.046492115 
639 27 21 28 0.046218526 
299 192 35 45 0.04619886 
558 300 36 43 0.04595526 
699 122 26 33 0.045833167 
499 220 33 43 0.045567796 
820 372 37 46 0.045243155 
326 170 30 37 0.04495881 
459 114 26 33 0.044176936 
410 349 35 43 0.043750785 
735 191 36 44 0.04339187 
154 83 23 28 0.042724315 
306 178 29 38 0.042260766 
120 170 35 43 0.04093827 
205 107 30 38 0.03973343 
400 269 35 43 0.03943242 
383 198 30 38 0.039272998 
741 104 24 30 0.03920296 
283 300 37 45 0.039035976 
782 102 23 29 0.03848765 
461 322 37 48 0.03833892 
870 284 24 31 0.038267985 
95 171 39 47 0.038046636 
875 337 24 30 0.038005814 
687 326 27 37 0.03769617 
558 76 30 37 0.037579462 
864 384 29 35 0.03748388 
532 194 29 38 0.036631588 
445 342 36 46 0.03657834 
284 215 31 40 0.035884812 
771 79 23 29 0.03584779 
408 305 30 38 0.03537594 
284 101 29 37 0.034653272 
642 47 26 32 0.034651414 
557 2 27 31 0.03343383 
609 295 36 43 0.03315214 
646 376 38 43 0.032991376 
157 249 31 39 0.032698132 
815 177 27 34 0.032204702 
390 359 26 33 0.032157205 
637 3 20 26 0.03202067 
122 196 32 40 0.031974487 
689 101 26 33 0.03193689 
380 273 37 45 0.031718083 
716 108 30 36 0.031506646 
355 173 30 38 0.031117994 
-71 531 362 355 0.031054905 
460 193 67 77 0.03068323 
685 15 34 33 0.030568523 
661 270 35 44 0.030541081 
-229 317 713 738 0.03036193 
302 218 31 39 0.029542062 
540 79 28 37 0.028710043 
487 99 27 33 0.028452244 
615 255 30 38 0.028413765 
613 74 24 30 0.028049441 
429 298 39 50 0.02789458 
673 200 36 49 0.027761329 
714 291 35 44 0.027739277 
769 51 25 31 0.02749989 
270 374 33 43 0.027158905 
515 328 27 35 0.027103685 
538 292 36 45 0.026957281 
560 22 30 34 0.026696665 
753 528 345 366 0.02642363 
792 151 24 32 0.026329963 
554 191 72 81 0.02615608 
640 73 24 30 0.026037456 
432 149 29 38 0.025757268 
667 194 66 76 0.025649365 
310 425 69 73 0.025647966 
144 401 49 61 0.025371287 
865 105 23 28 0.025324952 
485 178 29 37 0.025323719 
431 165 36 46 0.025233116 
381 84 24 30 0.025222545 
257 83 23 30 0.025096156 
375 327 25 33 0.024930226 
333 298 33 41 0.02423455 
123 352 29 36 0.024178104 
785 365 35 44 0.02388565 
11 5 50 54 0.023856489 
199 348 41 48 0.023840053 
841 201 28 38 0.02374975 
337 112 29 37 0.023736542 
121 379 33 42 0.023445249 
711 3 32 33 0.02339727 
226 173 28 35 0.023370124 
770 175 25 32 0.023237275 
488 80 23 30 0.023222558 
150 324 36 47 0.0227226 
410 82 23 30 0.022647278 
542 3 24 28 0.022625513 
403 191 36 45 0.022601215 
667 174 30 39 0.022571351 
151 122 27 33 0.02251356 
125 329 28 36 0.022395296 
590 195 31 39 0.022242127 
131 79 24 29 0.02202208 
612 51 24 29 0.021944268 
153 345 37 45 0.021930102 
532 326 27 36 0.021906061 
770 327 38 50 0.021897087 
793 169 27 34 0.021776961 
781 300 37 48 0.02176397 
558 169 36 44 0.021737333 
586 314 670 734 0.021709234 
478 480 43 45 0.021686936 
588 77 25 32 0.02167863 
993 132 22 27 0.02163417 
202 170 30 39 0.021620616 
561 425 40 44 0.021620424 
838 327 24 30 0.02161269 
385 400 37 44 0.02153437 
626 324 36 46 0.021445645 
131 541 365 343 0.021385511 
82 363 66 74 0.021297636 
733 294 36 45 0.02128311 
463 301 30 40 0.021260107 
826 393 38 47 0.02122418 
80 184 36 48 0.021214494 
766 196 36 47 0.02108879 
634 255 29 37 0.020651648 
483 48 24 30 0.020598646 
88 407 48 56 0.0205861 
896 435 22 29 0.020503843 
361 82 25 31 0.020479541 
617 1 23 26 0.020391405 
348 356 27 34 0.020342508 
702 216 36 46 0.020335162 
148 372 39 47 0.020304171 
796 429 26 32 0.020218963 
630 167 35 44 0.020170491 
