58_Hockey_icehockey_puck_58_553
67
905 224 24 33 0.27016392 
483 202 21 26 0.12235415 
83 201 20 27 0.11875524 
96 198 23 30 0.10641405 
49 251 25 31 0.07843577 
52 236 20 24 0.056117583 
892 213 44 61 0.054311447 
99 186 22 26 0.050596952 
515 289 39 47 0.046136554 
134 177 20 25 0.043532845 
33 230 18 23 0.043492574 
488 250 37 48 0.04336026 
568 202 24 31 0.042369414 
82 185 20 26 0.03736305 
517 103 22 27 0.036056068 
78 222 20 28 0.036018007 
149 174 20 26 0.035426535 
823 172 23 28 0.03517092 
745 305 351 380 0.03493924 
-64 314 351 365 0.034348868 
0 203 18 27 0.034185566 
881 263 59 87 0.034019556 
179 204 23 30 0.0332621 
27 210 18 23 0.03292397 
860 212 55 70 0.032840513 
569 177 22 28 0.032759357 
868 232 19 25 0.03265284 
79 184 48 62 0.03251337 
46 230 35 44 0.032459334 
586 203 25 32 0.03170173 
865 223 34 42 0.03144081 
58 206 19 23 0.03089645 
619 61 19 24 0.030690866 
587 220 24 32 0.030519135 
334 302 369 369 0.03031375 
2 231 19 24 0.029952716 
992 102 20 29 0.029154988 
-213 114 697 734 0.02811734 
823 229 22 28 0.027795676 
2 252 23 32 0.027685981 
487 191 82 90 0.027164595 
616 73 18 23 0.02700008 
72 210 36 46 0.02695887 
567 220 24 31 0.026531616 
104 223 25 32 0.026524909 
47 198 67 80 0.026317595 
562 160 20 24 0.026302539 
594 102 17 22 0.026257046 
572 119 669 718 0.025822133 
929 159 18 23 0.025618846 
49 258 38 49 0.025375403 
526 301 370 370 0.025236899 
901 211 23 28 0.024726305 
154 196 32 43 0.022852989 
0 261 36 55 0.022709638 
134 299 365 369 0.022596836 
907 265 38 64 0.022398882 
172 111 687 694 0.02225687 
891 300 33 46 0.022169854 
826 160 21 25 0.022094589 
95 296 74 119 0.022001443 
551 195 57 71 0.021959595 
566 128 19 23 0.021624632 
921 273 24 39 0.021236926 
854 185 102 139 0.020607585 
487 223 23 28 0.020522773 
543 157 21 25 0.020440953 
