58_Hockey_icehockey_puck_58_671
83
266 245 45 57 0.5977487 
305 291 65 79 0.52608615 
395 258 22 28 0.1423096 
569 242 34 43 0.10569791 
292 233 41 52 0.090677604 
815 113 84 142 0.06831991 
284 262 71 88 0.0641168 
471 118 92 101 0.050036617 
389 264 33 44 0.04203146 
177 332 77 93 0.036477543 
388 396 80 94 0.03533062 
743 528 352 368 0.03425694 
338 356 71 91 0.03350616 
330 316 69 89 0.033405676 
541 304 26 31 0.032706443 
572 232 20 26 0.032611452 
-71 529 359 360 0.031861797 
620 316 71 85 0.03106594 
447 446 122 128 0.030541435 
511 262 20 27 0.03024248 
646 113 72 95 0.029970728 
-222 312 709 747 0.02987081 
427 213 312 342 0.028897831 
461 382 145 156 0.028650094 
639 310 21 25 0.027613275 
615 283 20 26 0.0275063 
598 272 140 151 0.027210386 
780 179 150 181 0.027077293 
442 231 21 27 0.026915487 
743 463 26 29 0.02690792 
274 279 51 66 0.026901066 
251 211 74 84 0.026874527 
468 82 137 180 0.026779456 
172 224 709 731 0.02642996 
625 318 40 48 0.026352331 
635 329 22 27 0.026212862 
566 205 20 26 0.02600688 
460 226 22 28 0.025311412 
167 -4 141 117 0.024938723 
623 332 21 25 0.024889458 
494 397 89 99 0.024724102 
167 356 55 73 0.024638215 
510 280 80 89 0.024485895 
438 249 23 29 0.024353085 
119 290 68 75 0.024323693 
220 274 41 51 0.023862492 
170 49 131 127 0.023441253 
550 232 74 98 0.02338293 
539 381 92 106 0.02320156 
514 273 21 27 0.023176832 
328 108 45 58 0.02302263 
686 251 36 43 0.022935275 
460 239 37 48 0.022775482 
427 212 55 69 0.022749942 
630 139 149 195 0.022693178 
508 225 80 99 0.022624154 
544 288 697 744 0.022380609 
788 132 71 118 0.022339437 
471 230 59 72 0.022312429 
464 281 25 32 0.02226881 
491 254 21 27 0.022151638 
483 243 37 46 0.021900713 
377 290 39 53 0.02183841 
734 135 128 182 0.02179158 
384 231 19 24 0.021622818 
358 122 26 36 0.02151592 
482 269 192 209 0.021460274 
434 402 93 98 0.021387503 
-16 162 162 197 0.02135622 
334 65 40 49 0.021191709 
545 158 62 85 0.021181712 
555 218 54 70 0.021135725 
351 333 289 277 0.021128565 
566 321 158 187 0.021126019 
465 250 23 30 0.02098109 
670 338 21 24 0.020883426 
670 177 21 26 0.020739486 
175 352 134 158 0.020644123 
228 304 275 301 0.020619962 
414 330 134 154 0.020545581 
347 402 97 102 0.020474797 
536 128 63 84 0.020319564 
532 280 39 48 0.020315671 
