58_Hockey_icehockey_puck_58_182
113
382 175 42 52 0.8912394 
822 116 29 38 0.8792913 
613 165 45 51 0.65220505 
630 92 27 34 0.18799753 
510 264 33 43 0.10502977 
700 277 22 28 0.07360817 
710 276 20 27 0.069602326 
615 230 26 33 0.068760894 
693 81 23 28 0.06134536 
748 283 21 27 0.056421556 
823 205 23 29 0.0531296 
821 69 25 32 0.051578224 
518 253 51 66 0.050934326 
360 240 39 49 0.04994587 
751 300 22 29 0.04937397 
617 246 22 30 0.049217403 
556 265 36 50 0.046636585 
454 273 42 47 0.043743193 
875 176 23 29 0.04297346 
644 283 27 33 0.04220282 
828 302 40 48 0.041595776 
474 248 40 48 0.04079885 
651 286 40 50 0.04049911 
617 83 48 61 0.038638975 
663 125 25 35 0.03858994 
815 273 24 31 0.038423404 
594 146 25 30 0.037545983 
668 140 35 46 0.03635772 
507 319 36 44 0.034447774 
584 283 25 33 0.03383875 
742 261 20 25 0.0337773 
800 256 21 26 0.033575904 
814 260 22 28 0.03354916 
479 273 29 37 0.033167537 
715 261 22 27 0.03201062 
440 301 24 29 0.03176863 
628 114 41 53 0.031127661 
836 124 23 31 0.031070538 
422 267 63 74 0.030778801 
657 282 27 33 0.030761216 
694 261 21 27 0.030648243 
689 85 31 42 0.029838176 
871 199 23 27 0.029789213 
847 254 23 27 0.029652683 
533 266 30 41 0.029265892 
665 105 21 29 0.02904783 
796 267 36 42 0.028646551 
475 225 40 51 0.028617766 
821 223 22 28 0.028569367 
655 414 519 554 0.028526835 
845 228 23 27 0.028475069 
711 95 22 29 0.027848057 
809 98 48 62 0.027797159 
612 153 34 40 0.027564898 
843 201 22 27 0.02733997 
693 54 21 26 0.027161598 
718 322 25 32 0.027084962 
366 171 38 49 0.027014667 
673 209 22 29 0.02672514 
609 2 26 30 0.026509743 
432 331 24 31 0.026488205 
486 300 25 31 0.026305744 
455 296 26 32 0.026135689 
717 306 21 28 0.025984151 
-228 309 713 748 0.02592508 
865 195 38 46 0.025809284 
869 158 23 29 0.025780588 
769 236 21 25 0.025686884 
770 253 21 26 0.025638131 
-69 535 356 355 0.025434162 
875 251 26 30 0.024734447 
684 153 21 27 0.024664517 
629 153 33 41 0.024251927 
836 196 36 43 0.024121178 
868 241 43 46 0.02409164 
844 277 25 30 0.023862803 
722 230 21 25 0.023810899 
424 316 40 50 0.023479156 
815 215 36 45 0.023382919 
460 254 33 40 0.02295565 
617 305 22 29 0.02271858 
568 265 49 63 0.022706192 
619 80 27 34 0.022550354 
588 254 22 29 0.022531789 
594 168 39 47 0.022193074 
838 72 24 32 0.022038994 
821 55 22 29 0.021810181 
670 79 21 27 0.021771288 
682 262 50 63 0.021734739 
670 224 22 29 0.021710297 
691 211 19 25 0.021659516 
647 111 50 68 0.02165028 
839 217 41 47 0.02164683 
737 254 33 42 0.021505777 
599 227 53 68 0.021327663 
615 123 27 34 0.021273173 
818 240 74 86 0.021198196 
371 250 55 69 0.020933708 
803 242 54 66 0.020923546 
875 230 24 27 0.020902652 
614 189 33 38 0.020887813 
751 239 58 67 0.020837573 
839 172 34 43 0.02075799 
763 248 34 42 0.020566499 
462 279 61 68 0.020448782 
663 166 35 45 0.020416046 
417 333 25 32 0.02033327 
761 302 22 27 0.020233411 
654 187 55 69 0.020153245 
741 51 24 29 0.020049559 
843 242 41 48 0.020032004 
668 254 23 28 0.02002388 
852 212 67 72 0.020005485 
