58_Hockey_icehockey_puck_58_330
44
596 61 66 76 0.976116 
283 90 68 73 0.96163386 
630 132 126 134 0.28606197 
360 200 24 31 0.07747237 
690 164 79 101 0.053519372 
80 585 25 30 0.05110565 
824 233 26 32 0.050583445 
656 121 82 92 0.04979982 
580 54 202 237 0.037792623 
340 337 65 76 0.03701366 
735 149 126 147 0.03407451 
669 47 79 95 0.032979544 
717 69 66 81 0.03233985 
539 61 40 48 0.031966444 
214 113 63 90 0.031542033 
694 136 59 72 0.031356078 
236 76 62 84 0.03132938 
371 338 63 81 0.030917116 
660 65 112 133 0.030495238 
818 79 23 27 0.030076932 
617 17 60 74 0.028524851 
306 338 68 72 0.02767996 
481 639 24 28 0.027559105 
643 86 82 99 0.027172081 
800 177 73 89 0.026738122 
265 107 73 87 0.025905427 
543 267 81 105 0.02542339 
208 60 66 82 0.024738904 
535 207 63 83 0.024723973 
745 75 28 35 0.024559671 
252 93 25 35 0.024018507 
462 35 75 66 0.023996552 
536 165 121 148 0.023702312 
567 81 75 90 0.023612307 
642 197 83 89 0.023194201 
708 129 83 105 0.021271825 
261 -1 25 27 0.021107282 
390 312 64 80 0.020804456 
216 397 67 79 0.020791253 
559 311 68 82 0.020680107 
466 16 72 52 0.020651763 
557 70 26 34 0.020481283 
555 121 69 86 0.020453755 
639 18 33 41 0.020241901 
