58_Hockey_icehockey_puck_58_17
63
700 213 88 102 0.4796643 
48 327 65 94 0.3343076 
548 215 88 115 0.22510573 
68 99 68 81 0.18357569 
93 125 82 96 0.075859755 
680 213 65 77 0.07397948 
282 451 25 29 0.04273911 
855 340 49 64 0.041309945 
319 482 21 26 0.040085312 
754 345 75 91 0.036708403 
63 317 92 126 0.03464696 
612 254 122 146 0.034149893 
82 74 54 61 0.033533294 
745 528 356 368 0.033205923 
705 200 50 64 0.03106452 
577 199 87 105 0.030982545 
31 166 93 114 0.030426817 
257 446 40 46 0.029717235 
118 151 70 98 0.029538495 
667 216 44 55 0.028798359 
210 485 22 26 0.027598413 
570 310 691 740 0.02756988 
332 465 21 24 0.027274339 
23 569 26 31 0.026759628 
906 337 58 86 0.02643099 
200 476 39 44 0.026039865 
16 450 42 57 0.025712313 
-194 266 736 755 0.025321286 
106 579 28 32 0.02527765 
625 319 92 101 0.02507399 
621 203 64 79 0.02451939 
258 439 25 30 0.024389151 
23 221 86 110 0.024298312 
103 320 105 130 0.024122544 
701 41 61 85 0.024094991 
207 462 22 28 0.024008622 
54 167 133 181 0.023405803 
307 465 20 25 0.023346074 
-68 499 380 379 0.02266571 
205 199 137 160 0.022550896 
488 307 21 25 0.022478878 
871 334 55 82 0.022408597 
199 454 39 46 0.022261584 
348 291 72 89 0.022100745 
305 434 20 25 0.021953577 
24 74 141 170 0.02189114 
205 480 60 71 0.02182849 
202 325 66 75 0.021677205 
640 293 65 78 0.021618236 
354 396 73 82 0.021570755 
132 150 30 36 0.021346638 
51 137 84 98 0.021166889 
619 375 79 74 0.020881992 
197 423 39 49 0.020861266 
928 -5 85 85 0.020702882 
50 584 25 28 0.020607295 
131 367 60 83 0.020559167 
340 435 20 24 0.020366842 
491 451 42 50 0.020341076 
77 162 79 95 0.020163685 
204 430 25 31 0.020117616 
86 284 69 88 0.020107979 
130 290 83 107 0.020016676 
