58_Hockey_icehockey_puck_58_404
42
486 218 47 63 0.83380884 
506 63 55 65 0.77143586 
458 205 62 73 0.06284718 
320 113 46 56 0.055157054 
526 92 58 85 0.04636543 
293 103 85 106 0.04225972 
340 110 37 48 0.0391465 
401 378 43 56 0.03574499 
188 304 179 197 0.03366332 
353 118 22 29 0.033649072 
336 107 28 34 0.03004569 
416 175 58 71 0.028972447 
455 175 28 35 0.028667988 
549 119 41 63 0.02839738 
-58 520 358 354 0.028020162 
340 521 371 352 0.027849818 
438 155 23 29 0.026036525 
443 249 55 68 0.025815224 
494 164 65 84 0.025184328 
399 237 57 71 0.024743617 
231 337 85 96 0.024593737 
354 458 62 77 0.023809984 
348 132 44 58 0.023514489 
257 444 40 53 0.02316203 
72 437 22 28 0.023137836 
372 247 67 88 0.022839969 
528 508 383 337 0.022791866 
439 179 64 77 0.022262443 
272 128 127 160 0.022062415 
587 113 42 59 0.021956144 
636 418 518 534 0.021930683 
373 380 64 80 0.02155472 
-201 319 679 712 0.021492105 
374 340 68 84 0.021442983 
540 126 30 43 0.021339322 
515 13 48 53 0.021277508 
430 169 40 47 0.021257171 
413 257 28 35 0.021134686 
455 274 27 35 0.021109913 
399 168 148 171 0.020851567 
546 128 69 91 0.02057019 
464 166 67 79 0.020074002 
