58_Hockey_icehockey_puck_58_715
52
624 152 156 192 0.9803587 
239 83 185 239 0.8761135 
178 403 91 115 0.20615758 
522 489 69 72 0.080015294 
761 9 104 142 0.051744252 
676 56 154 186 0.049049966 
253 2 197 219 0.047629688 
807 4 71 99 0.04367676 
258 199 26 32 0.04361279 
394 180 41 52 0.043449573 
247 180 104 142 0.042446055 
321 93 143 195 0.041050877 
123 334 148 171 0.04033813 
639 0 30 29 0.038361248 
651 -2 72 66 0.037904486 
484 481 77 80 0.03715682 
722 -5 62 75 0.034566924 
326 6 183 164 0.03394839 
544 12 69 86 0.0323207 
407 251 28 36 0.03217668 
753 -9 79 99 0.03046448 
312 218 68 81 0.029419959 
244 194 68 86 0.026457496 
227 155 240 278 0.026402513 
262 247 57 77 0.025832938 
417 14 78 85 0.02453807 
301 132 81 90 0.024226112 
611 57 43 51 0.02411393 
488 61 171 203 0.023701387 
285 341 73 92 0.023656515 
287 154 18 21 0.023588944 
263 192 42 50 0.023435261 
393 334 68 88 0.022517968 
736 12 28 38 0.022454634 
513 3 73 80 0.022298656 
275 202 23 30 0.022067 
451 270 44 52 0.021986641 
388 156 22 28 0.021950137 
618 1 23 24 0.021840962 
535 515 40 46 0.021623189 
396 239 45 55 0.021279823 
329 150 83 92 0.021061592 
610 88 44 57 0.021044003 
612 24 72 79 0.020852823 
450 6 73 75 0.020733517 
221 375 91 117 0.020651285 
366 237 66 84 0.02063441 
357 200 67 85 0.020620685 
280 179 20 23 0.02041513 
571 25 62 82 0.020124601 
200 0 28 29 0.020106195 
398 324 45 52 0.020014783 
