58_Hockey_icehockey_puck_58_248
63
379 237 50 60 0.69889027 
495 177 38 47 0.57455707 
364 240 41 49 0.17151096 
402 249 34 44 0.16009642 
487 251 23 29 0.07343119 
364 458 37 45 0.07027462 
438 228 24 33 0.061049577 
396 229 61 72 0.05482769 
557 181 21 28 0.052600082 
560 196 23 32 0.045354243 
546 181 21 27 0.04528545 
404 230 31 40 0.044395715 
290 254 23 32 0.04336633 
415 429 24 29 0.04041802 
519 167 49 67 0.039683808 
488 323 36 46 0.039555784 
413 415 24 30 0.039170593 
356 131 40 49 0.038222294 
554 334 37 48 0.03695754 
495 133 19 23 0.036098804 
258 486 25 33 0.03567445 
541 278 24 30 0.031767428 
301 250 23 30 0.031410735 
533 226 22 31 0.029918106 
225 448 40 51 0.02981901 
539 155 20 25 0.02955184 
442 208 23 31 0.02911674 
505 322 30 38 0.028084217 
489 178 61 78 0.026497478 
377 433 23 28 0.026235778 
-64 510 350 364 0.025979064 
529 321 53 67 0.025926499 
509 305 28 33 0.025892586 
317 399 76 88 0.025771331 
408 206 25 32 0.025690593 
459 206 22 32 0.025455885 
560 108 20 26 0.02519358 
378 144 25 31 0.025123166 
541 198 24 32 0.025043234 
491 149 25 30 0.025000168 
470 238 49 60 0.024622243 
364 409 23 30 0.024438638 
357 422 40 48 0.024090335 
411 459 22 29 0.024085205 
362 6 22 25 0.02278736 
406 135 43 48 0.02262942 
345 437 74 83 0.022614904 
357 231 33 43 0.022443993 
507 156 24 29 0.02237023 
400 399 51 65 0.022318292 
346 389 59 72 0.022062223 
351 486 63 76 0.021848923 
649 408 511 559 0.021489218 
490 228 24 31 0.021431545 
434 201 38 49 0.021406764 
337 235 55 70 0.021217791 
434 247 24 33 0.021054283 
561 369 37 49 0.021004958 
351 372 40 50 0.020970922 
247 494 40 47 0.020942956 
544 100 21 27 0.020443855 
509 128 18 23 0.020356106 
492 299 51 63 0.02002465 
