58_Hockey_icehockey_puck_58_655
122
859 76 67 83 0.9984249 
662 93 53 72 0.9146264 
964 0 44 39 0.6270484 
113 182 52 61 0.50184983 
466 19 71 86 0.36065617 
918 22 38 48 0.20830892 
691 102 67 82 0.1392056 
819 437 50 56 0.12875016 
489 12 53 59 0.1256952 
742 359 62 88 0.12045793 
747 60 65 87 0.10154611 
939 5 48 54 0.09985829 
819 47 41 52 0.09236587 
730 42 57 77 0.08777581 
127 541 28 33 0.087179914 
499 43 67 84 0.083697475 
935 95 40 52 0.08135291 
21 176 43 58 0.08079275 
0 248 40 62 0.08055619 
673 74 49 64 0.0776779 
655 372 48 57 0.075175665 
763 258 72 75 0.06866584 
778 82 50 64 0.067910425 
22 40 30 37 0.06360681 
739 52 30 41 0.06309692 
41 233 45 54 0.055821985 
87 162 91 104 0.055636045 
481 24 30 37 0.055167265 
950 188 57 99 0.047805738 
985 -2 30 33 0.047160923 
291 173 87 98 0.045290828 
297 3 150 154 0.04522725 
701 55 61 80 0.04502894 
758 45 29 39 0.044837713 
714 116 66 78 0.04462101 
10 203 67 87 0.042103954 
35 189 74 87 0.040513095 
192 105 40 53 0.03981447 
946 -4 36 39 0.039620362 
504 3 35 40 0.039588917 
18 268 30 41 0.03956694 
921 1 26 31 0.03947377 
61 159 61 76 0.038275395 
740 304 90 101 0.03777909 
311 86 80 86 0.036890782 
609 535 127 147 0.035367195 
784 267 83 86 0.035203785 
719 73 28 38 0.03511693 
930 27 41 55 0.03462391 
704 357 74 84 0.034465894 
586 74 28 37 0.03343889 
239 188 43 56 0.033184282 
576 76 45 62 0.03301853 
497 61 43 54 0.032744177 
656 375 72 91 0.032602686 
289 86 130 151 0.032198798 
127 36 80 94 0.029863942 
476 37 34 43 0.029037774 
489 550 31 35 0.028586825 
144 174 32 39 0.028191358 
162 72 62 78 0.028005118 
487 4 27 31 0.027702225 
271 201 83 90 0.027394433 
963 23 41 58 0.027390216 
520 457 43 51 0.027316922 
733 126 33 42 0.027180236 
269 147 74 88 0.027145075 
775 35 61 80 0.02689369 
4 168 41 57 0.026860574 
306 46 79 89 0.02624438 
339 306 246 273 0.026156684 
22 77 81 97 0.025940653 
24 241 67 77 0.02562209 
758 87 38 53 0.025615757 
8 25 70 93 0.025538407 
228 199 28 36 0.025490971 
491 478 75 84 0.025392741 
728 241 78 86 0.024958191 
5 110 41 55 0.024596477 
40 176 32 41 0.024357757 
712 122 39 47 0.024302144 
483 68 36 45 0.02423291 
968 58 38 59 0.02417437 
379 2 86 107 0.0240779 
747 127 81 90 0.024048282 
544 66 58 78 0.023983892 
764 31 25 30 0.023856394 
774 396 73 97 0.023294454 
115 318 47 55 0.023040842 
719 46 41 54 0.022981657 
125 341 62 68 0.02291047 
255 60 72 89 0.02285474 
320 139 77 104 0.022740243 
418 30 69 102 0.022689588 
338 113 48 55 0.022626147 
24 225 30 37 0.022560181 
742 17 64 77 0.022539888 
108 545 39 49 0.022358965 
222 208 44 54 0.022300895 
82 224 64 84 0.021821808 
577 9 48 53 0.02180647 
753 191 84 87 0.021767054 
255 159 153 158 0.021694615 
599 96 61 79 0.021290267 
442 -7 66 82 0.02122547 
776 386 47 62 0.021213444 
791 70 31 41 0.021107223 
451 59 65 89 0.021106483 
327 70 33 40 0.021084584 
363 563 23 28 0.020869847 
219 112 43 55 0.02086071 
129 322 27 32 0.020824471 
-1 136 40 60 0.020596974 
469 29 24 33 0.020553071 
938 56 42 62 0.02044127 
68 167 161 159 0.020312672 
119 115 45 54 0.020253237 
86 324 73 79 0.020219728 
652 420 85 107 0.020079076 
837 60 59 81 0.020058353 
219 52 70 83 0.020004515 
437 331 235 265 0.020003386 
