58_Hockey_icehockey_puck_58_403
116
288 92 62 77 0.97088474 
563 195 79 97 0.8624415 
537 186 73 89 0.70979226 
631 210 67 89 0.37018102 
-2 2 53 65 0.19656326 
256 99 69 82 0.18517254 
529 170 52 69 0.121350564 
78 280 65 83 0.111170635 
90 191 48 58 0.08966307 
286 194 64 82 0.08920041 
122 189 47 57 0.08789826 
62 127 64 72 0.08670496 
210 214 91 118 0.07511291 
258 211 59 72 0.06366911 
369 334 53 73 0.06244679 
990 155 26 36 0.05655962 
259 139 35 44 0.051363498 
500 275 75 90 0.049489316 
251 68 49 67 0.04911544 
94 10 46 48 0.047249056 
77 157 57 67 0.046005722 
759 311 44 52 0.045415528 
276 183 51 64 0.045377463 
479 240 45 58 0.04425698 
656 224 65 81 0.04024903 
267 140 67 84 0.0398858 
468 247 67 84 0.038134035 
145 144 44 51 0.03785677 
579 165 67 89 0.03745774 
98 131 71 77 0.037360758 
164 264 144 179 0.037234224 
39 70 108 137 0.035330918 
582 431 110 101 0.03480145 
59 153 106 124 0.03473146 
308 115 51 68 0.034639534 
284 178 30 39 0.03447435 
510 231 81 93 0.034118146 
137 167 47 57 0.03410681 
355 321 52 65 0.03361338 
186 317 309 382 0.032907218 
539 275 87 96 0.032401673 
494 207 61 77 0.032056823 
165 226 73 88 0.032040056 
163 138 41 51 0.031746462 
260 230 32 39 0.03157862 
297 195 33 42 0.03152192 
72 142 36 42 0.031232227 
221 125 65 79 0.03113453 
312 209 63 84 0.03104343 
297 177 30 40 0.030385513 
96 173 33 40 0.030139063 
22 23 69 91 0.029805603 
655 409 89 95 0.029787324 
72 165 33 42 0.029271975 
235 189 64 81 0.029096622 
360 296 56 67 0.02887698 
469 327 75 91 0.028530946 
574 401 68 78 0.028440882 
80 203 28 35 0.027987355 
178 258 90 92 0.027454238 
760 373 75 85 0.027376896 
373 351 77 89 0.027036022 
79 94 56 67 0.02694012 
587 166 37 45 0.026938751 
213 158 59 72 0.026369337 
488 231 31 39 0.0258366 
390 295 59 73 0.025815558 
117 228 63 82 0.02551211 
737 290 43 56 0.025452977 
444 268 64 87 0.025374131 
273 241 33 40 0.025313528 
121 62 42 53 0.025222743 
62 4 68 67 0.025183698 
174 183 45 57 0.025022216 
187 109 58 70 0.024899963 
376 402 92 91 0.024243306 
227 299 73 98 0.024102494 
200 175 44 54 0.024097303 
546 318 73 85 0.024051214 
335 427 103 117 0.0239172 
101 0 31 32 0.023788637 
687 246 33 43 0.023641434 
323 94 62 85 0.02357656 
110 171 127 139 0.023565667 
93 140 39 42 0.023560263 
225 347 63 79 0.023339773 
192 184 61 75 0.023271436 
695 246 58 72 0.022643562 
95 130 117 126 0.022627223 
321 93 38 57 0.022562914 
111 1 40 44 0.02239537 
64 253 113 136 0.02224282 
197 233 61 68 0.022002583 
78 221 70 86 0.02174555 
691 342 60 72 0.021691244 
560 327 122 141 0.02145884 
422 283 61 83 0.02130932 
605 432 150 129 0.021295141 
798 407 42 54 0.021139188 
260 256 51 62 0.02104238 
752 335 65 73 0.020957204 
220 192 46 59 0.020922957 
686 394 98 96 0.020914804 
716 284 74 89 0.020811865 
304 243 28 37 0.020792698 
425 391 308 284 0.020760238 
613 410 75 86 0.020746455 
129 177 33 40 0.020607604 
250 197 28 34 0.020549692 
374 284 160 186 0.020548245 
137 207 249 302 0.020516383 
344 -15 77 95 0.020511018 
181 368 104 120 0.020378912 
552 460 109 109 0.020299872 
348 259 65 81 0.020106941 
73 206 44 53 0.020090716 
