58_Hockey_icehockey_puck_58_469
396
605 165 39 49 0.65784717 
97 79 21 24 0.47928873 
397 81 20 27 0.42970967 
547 204 38 46 0.41842702 
572 102 20 26 0.41378945 
162 82 21 25 0.37783048 
413 20 21 27 0.28172612 
620 109 20 25 0.22563216 
373 234 33 48 0.2030658 
457 178 21 27 0.19546008 
303 53 19 24 0.17147918 
24 85 18 25 0.16983446 
264 72 21 25 0.16834812 
470 81 21 26 0.15287104 
334 75 18 23 0.14856097 
260 56 20 24 0.13920408 
358 72 18 23 0.13622709 
174 82 19 23 0.12639053 
639 111 19 24 0.12204066 
80 84 21 25 0.12079619 
5 49 21 30 0.117789574 
589 243 68 91 0.11120308 
469 99 23 29 0.10679594 
94 227 26 33 0.10468138 
745 150 18 23 0.10168771 
63 98 19 24 0.098670654 
335 247 20 25 0.0986661 
711 175 21 26 0.09774219 
719 104 16 21 0.09661944 
414 182 19 23 0.095970035 
713 156 18 23 0.09193345 
301 229 19 25 0.090414114 
277 81 19 23 0.089571536 
744 136 16 20 0.0895354 
430 210 22 29 0.08883708 
480 82 20 25 0.08842161 
363 61 18 23 0.08745654 
749 183 19 25 0.08709493 
234 281 21 26 0.08629112 
158 96 20 25 0.08445852 
214 52 21 25 0.084382124 
225 50 18 24 0.08223436 
778 153 18 22 0.082021855 
564 129 20 26 0.080869235 
743 105 16 21 0.080723606 
466 8 21 25 0.08021389 
362 201 20 25 0.078203894 
581 106 18 22 0.07468624 
418 206 20 26 0.07337568 
458 16 21 26 0.073067605 
161 201 19 24 0.071629874 
266 97 21 24 0.07001352 
162 183 18 22 0.069990814 
335 59 18 22 0.069625296 
341 201 19 24 0.069601655 
666 181 20 25 0.06957321 
62 84 18 24 0.069471985 
585 55 20 24 0.06930309 
334 120 18 22 0.06875684 
289 55 18 22 0.067781955 
338 110 19 23 0.0674116 
310 108 18 23 0.067023985 
641 121 20 26 0.06660421 
669 152 19 24 0.065892436 
277 174 19 23 0.06522045 
485 177 22 28 0.06517773 
765 181 19 24 0.06435746 
147 263 23 28 0.06397226 
303 212 18 23 0.06339031 
490 153 20 27 0.06274887 
545 134 20 25 0.060873102 
292 226 20 24 0.060737427 
275 95 19 23 0.060593173 
411 7 22 26 0.06035156 
493 22 18 22 0.059930995 
378 204 21 25 0.05992291 
823 121 18 21 0.059425905 
92 310 69 88 0.05882576 
138 260 22 27 0.057603113 
54 50 19 24 0.057490606 
309 122 19 23 0.057289205 
699 108 16 20 0.053866923 
616 79 18 22 0.05358145 
540 150 20 27 0.05273622 
208 231 23 28 0.052701056 
262 33 18 21 0.05187422 
315 73 19 24 0.051734563 
570 56 18 24 0.051636055 
341 184 19 22 0.051357098 
492 48 18 23 0.050963737 
7 72 19 28 0.050954264 
562 146 20 26 0.050821926 
131 81 17 21 0.050425567 
517 160 20 26 0.04986166 
485 123 23 28 0.04983482 
205 7 21 23 0.04967872 
559 182 26 32 0.049498193 
234 103 18 23 0.049478665 
585 378 26 34 0.049436647 
438 180 21 25 0.048340555 
358 105 17 22 0.048056763 
700 160 19 24 0.047778733 
536 49 20 25 0.047711927 
366 246 24 31 0.04761297 
531 331 24 32 0.047539916 
610 158 28 35 0.047232565 
382 154 17 22 0.04684472 
537 75 19 23 0.04675947 
516 102 21 27 0.04591848 
180 98 19 24 0.045911707 
232 260 21 27 0.045735464 
669 137 18 23 0.044992354 
156 161 17 22 0.044385538 
363 328 27 33 0.044071887 
311 253 19 25 0.043993644 
237 150 19 23 0.043979093 
515 76 20 24 0.043975808 
285 208 20 24 0.04317421 
458 160 20 27 0.043068647 
176 187 17 22 0.041460037 
466 118 22 29 0.041222233 
494 479 42 50 0.041171726 
536 102 20 25 0.04085648 
132 49 17 21 0.0408121 
50 183 20 25 0.040143926 
589 148 38 49 0.039953005 
82 158 21 25 0.039674234 
393 95 19 25 0.039594624 
151 225 19 25 0.039480604 
872 105 16 19 0.039377462 
474 442 47 56 0.039254364 
7 97 17 26 0.038997702 
228 30 17 21 0.038950685 
158 48 17 21 0.0387747 
134 255 34 45 0.038536716 
613 8 19 21 0.038504597 
611 21 17 19 0.03842989 
134 230 20 27 0.038406618 
570 77 19 24 0.037989765 
589 129 19 25 0.037850536 
18 76 28 41 0.03765471 
667 199 23 28 0.03763754 
484 9 19 22 0.037460975 
308 30 18 23 0.03733634 
377 328 23 30 0.037224628 
892 60 17 21 0.037123248 
387 53 18 23 0.03705673 
128 272 23 29 0.037016287 
127 184 18 21 0.036819223 
587 74 18 22 0.03670304 
233 76 17 23 0.03670098 
130 23 18 21 0.036300007 
80 180 22 26 0.03623365 
280 161 18 23 0.0359753 
904 176 19 23 0.03575452 
439 157 20 24 0.03566169 
788 153 18 22 0.03555496 
210 72 19 25 0.035340916 
583 226 25 34 0.035309173 
515 126 19 24 0.035207782 
105 54 20 23 0.03486771 
136 100 17 22 0.034807265 
185 50 18 22 0.034735505 
546 196 64 78 0.03435923 
311 281 21 26 0.034296915 
228 275 36 44 0.034237154 
461 50 21 26 0.034089822 
412 226 21 28 0.034063816 
612 186 30 39 0.03380441 
333 27 19 22 0.033560745 
514 51 18 23 0.033326115 
282 284 20 24 0.03311962 
355 184 18 23 0.033017598 
312 178 17 21 0.032946482 
282 31 16 21 0.032851286 
512 327 40 48 0.032705892 
700 172 21 26 0.032704845 
724 76 16 19 0.032615583 
440 76 20 26 0.03252036 
691 131 18 21 0.03234232 
46 196 21 27 0.03226077 
617 54 18 22 0.03221269 
768 199 20 25 0.032098517 
646 77 17 21 0.032039873 
878 75 16 20 0.031674642 
78 53 19 23 0.0314184 
653 230 45 53 0.031274997 
110 179 19 24 0.031167768 
333 280 21 26 0.031057848 
211 20 20 22 0.03100991 
903 104 16 20 0.030910658 
778 329 72 82 0.03086567 
65 91 29 36 0.030705903 
595 436 24 29 0.030615997 
776 134 16 19 0.030497087 
158 30 16 20 0.030433768 
177 201 18 23 0.030407285 
435 22 18 24 0.030364461 
484 142 34 44 0.03029202 
83 2 22 23 0.030152682 
234 135 19 23 0.030083006 
540 175 23 29 0.030024046 
132 156 18 21 0.029893244 
456 84 49 58 0.029846177 
927 156 17 21 0.029753707 
435 6 19 22 0.029695319 
596 23 19 21 0.029590249 
725 134 16 20 0.029477859 
389 179 18 21 0.029455857 
205 101 17 23 0.029404888 
356 412 45 57 0.02920329 
369 153 17 21 0.029194877 
83 310 24 30 0.028989796 
746 282 56 72 0.028833842 
210 253 20 26 0.028747724 
366 25 18 21 0.028732864 
634 176 22 28 0.028418044 
798 240 19 23 0.028364152 
122 241 55 72 0.028265357 
333 1 21 24 0.02825247 
540 2 21 21 0.02819308 
566 370 40 46 0.028190069 
415 159 19 24 0.028173098 
308 3 19 23 0.02810402 
767 236 19 24 0.028029596 
231 231 21 25 0.027983533 
123 327 29 36 0.0279734 
79 212 50 64 0.02790087 
742 146 29 37 0.027850775 
107 128 19 23 0.027769707 
490 256 25 32 0.027691578 
264 127 19 24 0.027638055 
791 283 80 86 0.027456066 
97 205 24 29 0.027313977 
619 232 72 84 0.027217746 
757 173 31 41 0.027215842 
900 75 16 19 0.026896073 
526 303 33 45 0.02684451 
642 152 20 25 0.026781967 
616 227 23 29 0.02668545 
540 28 20 22 0.026582422 
179 157 16 21 0.02646301 
662 249 26 32 0.026445081 
186 2 16 19 0.026427597 
747 309 23 29 0.02637948 
313 155 17 22 0.026326168 
514 222 24 32 0.026286026 
82 199 25 31 0.026260592 
882 61 17 21 0.026257092 
581 179 52 65 0.026240809 
846 239 22 26 0.026223144 
777 106 16 19 0.026165664 
283 2 18 22 0.026146827 
333 308 26 32 0.02612315 
356 310 23 29 0.026120868 
488 199 23 30 0.026120001 
854 181 19 23 0.026100583 
257 233 18 23 0.026081147 
735 234 103 119 0.026079101 
363 313 57 71 0.02605317 
726 56 16 21 0.026016457 
663 233 27 32 0.025993707 
746 81 16 19 0.02580693 
223 252 35 44 0.025765417 
358 230 60 73 0.025701886 
617 294 31 39 0.02565011 
388 24 20 25 0.025621422 
395 478 89 92 0.02549489 
900 127 16 20 0.025453795 
688 23 17 23 0.025446061 
465 427 45 55 0.025437258 
5 31 21 28 0.025373645 
641 58 16 20 0.02528095 
281 127 19 23 0.02527745 
851 126 16 19 0.025235077 
180 30 18 20 0.025156636 
408 324 40 53 0.025084237 
789 318 49 54 0.025006026 
304 306 22 26 0.024996137 
31 128 18 23 0.024954857 
738 298 39 48 0.02485957 
436 51 20 25 0.02484079 
352 67 29 37 0.024814183 
288 310 21 25 0.024800168 
633 303 23 31 0.024787463 
34 199 21 27 0.024737578 
107 278 22 29 0.024535239 
762 298 70 83 0.024523815 
128 9 18 20 0.024457606 
102 98 19 23 0.024320763 
307 272 35 42 0.024254328 
414 130 18 23 0.0241941 
851 109 16 20 0.024184356 
355 335 42 51 0.024167484 
791 104 15 19 0.024141481 
316 362 58 75 0.024116686 
441 101 19 25 0.024111928 
158 180 29 38 0.02410095 
511 27 18 20 0.024082225 
740 323 25 31 0.024026114 
97 246 23 29 0.02384628 
262 198 20 24 0.023833219 
133 201 20 25 0.023769405 
374 443 53 58 0.023698471 
99 307 23 28 0.023676269 
462 196 22 29 0.023476742 
794 206 18 22 0.023404835 
903 160 16 20 0.023388533 
722 258 65 88 0.023358993 
337 246 59 76 0.023339601 
384 309 22 30 0.023303205 
334 156 17 21 0.023285406 
715 8 18 22 0.02310219 
109 22 19 21 0.023046358 
68 293 61 78 0.023032114 
269 71 30 39 0.02301955 
509 255 22 31 0.02296627 
53 25 20 23 0.022915326 
257 255 18 23 0.022849487 
251 321 27 32 0.022845121 
128 312 26 31 0.022844834 
595 4 18 21 0.02283131 
797 331 27 31 0.022829235 
744 197 21 26 0.022695271 
558 339 71 88 0.022666775 
823 205 19 22 0.022595225 
107 156 18 23 0.022439944 
750 332 62 75 0.022380313 
418 194 47 59 0.02234495 
554 250 61 78 0.022292878 
259 1 18 22 0.022292502 
665 145 30 39 0.02222417 
415 46 20 27 0.022195134 
205 203 20 26 0.022180526 
611 255 28 37 0.022172222 
765 302 23 29 0.022154521 
306 247 33 41 0.022113074 
56 159 19 24 0.022078613 
26 153 18 23 0.022021756 
144 217 33 44 0.022019174 
287 255 20 24 0.021916352 
227 4 19 22 0.021910667 
357 277 21 27 0.02188485 
551 281 55 72 0.021844508 
561 2 19 20 0.021815326 
332 399 25 34 0.02168666 
478 449 82 82 0.02156772 
434 155 31 41 0.021549249 
206 184 17 23 0.02151782 
751 223 62 80 0.02146777 
594 290 67 83 0.02143164 
154 5 16 19 0.021430781 
596 210 72 92 0.02142942 
23 53 18 25 0.021341657 
943 173 18 23 0.021336503 
334 291 56 69 0.02129823 
794 133 16 19 0.02128341 
604 347 40 50 0.021219496 
678 26 18 22 0.021209959 
212 150 17 21 0.021127043 
183 126 18 21 0.021098275 
230 203 20 25 0.021034915 
102 5 21 21 0.021028334 
326 270 36 44 0.021013103 
438 129 19 25 0.020999797 
56 123 19 25 0.020994743 
642 269 66 85 0.020943778 
672 217 42 54 0.020929543 
210 271 123 144 0.0209221 
519 301 24 30 0.020905169 
292 282 59 68 0.020897124 
515 3 19 21 0.020883474 
608 432 22 28 0.02087821 
924 173 19 23 0.020854479 
329 386 26 34 0.020825896 
188 353 57 85 0.020763677 
266 184 19 24 0.020757273 
510 202 35 45 0.020665314 
386 251 55 76 0.020656839 
692 222 73 93 0.020618947 
231 302 25 31 0.020598434 
565 27 17 21 0.020577887 
721 202 23 27 0.020564022 
600 372 40 50 0.020551132 
856 154 18 21 0.020551056 
529 219 54 70 0.02053378 
593 172 29 36 0.020389685 
115 305 48 59 0.020370556 
513 165 31 40 0.020347243 
501 340 72 83 0.020275371 
569 302 67 82 0.020268263 
579 357 40 48 0.020244267 
27 183 19 24 0.020221904 
511 427 135 137 0.02015577 
640 1 17 20 0.02003358 
632 148 34 43 0.020009037 
