58_Hockey_icehockey_puck_58_697
21
411 103 123 167 0.9998789 
680 352 116 170 0.1333151 
725 374 65 108 0.059243448 
554 631 83 94 0.0485991 
534 622 145 163 0.038999368 
564 587 103 112 0.028610762 
159 487 79 101 0.027600002 
605 559 42 48 0.027381936 
573 581 52 49 0.02728895 
180 517 44 55 0.026924657 
552 647 50 56 0.025535632 
271 538 62 59 0.024869824 
644 596 75 95 0.024325486 
426 509 74 76 0.022079548 
552 556 97 102 0.021931607 
561 638 31 34 0.021857971 
615 532 40 47 0.021729408 
188 530 26 35 0.021345207 
605 641 73 84 0.02128177 
647 636 78 86 0.020771993 
558 660 31 35 0.020372523 
