58_Hockey_icehockey_puck_58_680
645
566 330 31 38 0.8990943 
569 251 25 30 0.86262774 
372 321 32 40 0.8474861 
514 358 29 36 0.7088607 
476 321 33 42 0.6648935 
333 240 30 37 0.635977 
438 232 25 33 0.57826173 
846 212 25 31 0.48403975 
951 122 20 24 0.48069355 
670 356 31 37 0.45717782 
699 231 24 30 0.43743494 
624 259 22 28 0.42694625 
945 221 38 46 0.42653713 
439 103 22 26 0.40965274 
480 151 18 23 0.38781744 
778 344 35 44 0.3549209 
440 206 23 27 0.33328176 
145 285 47 60 0.3148977 
760 223 25 31 0.29900566 
558 182 21 25 0.29567227 
412 446 32 39 0.2943761 
569 229 24 31 0.2929188 
832 129 17 20 0.28887895 
967 162 19 23 0.25504354 
479 284 26 33 0.25151244 
230 202 27 32 0.22300665 
884 133 17 21 0.21954879 
892 366 34 41 0.20120905 
955 158 20 25 0.20000428 
279 328 30 37 0.1921568 
634 261 21 26 0.18933234 
699 125 17 20 0.1892064 
459 104 19 24 0.18490757 
626 56 18 21 0.1790698 
746 206 22 29 0.17716758 
350 228 24 30 0.17265563 
560 203 23 28 0.1723718 
537 131 16 21 0.17132974 
258 182 22 27 0.16564576 
487 225 21 27 0.15949833 
639 188 18 22 0.15928234 
154 262 46 58 0.15908647 
642 146 18 22 0.15871295 
340 155 19 23 0.15712814 
513 72 18 22 0.15615304 
744 376 27 37 0.15582864 
399 82 18 21 0.15081778 
700 151 17 21 0.14277986 
844 177 21 25 0.1427493 
917 7 22 26 0.14024018 
839 280 22 30 0.1402061 
773 311 25 32 0.1389263 
290 151 20 24 0.13654971 
791 125 18 22 0.13645935 
745 274 21 27 0.13296695 
477 300 30 39 0.13269997 
710 229 23 30 0.12699059 
698 246 22 28 0.12509833 
302 154 18 23 0.12439552 
361 78 18 22 0.12165176 
90 257 96 137 0.11824801 
580 257 20 26 0.11775068 
393 230 20 26 0.117644586 
535 262 21 28 0.11753174 
747 187 19 24 0.116918676 
620 149 17 23 0.11412686 
536 109 16 20 0.11388427 
696 110 19 24 0.11133213 
698 78 18 22 0.11133188 
75 171 27 35 0.11127868 
363 100 18 21 0.11088662 
580 482 26 32 0.11039761 
625 235 20 26 0.10973632 
877 47 20 23 0.10824949 
585 51 17 20 0.105061196 
624 73 18 22 0.10463377 
800 235 22 28 0.104371324 
302 80 18 21 0.104051515 
615 185 17 23 0.10260301 
869 31 18 22 0.10259895 
947 112 20 24 0.10091902 
436 26 18 21 0.09916373 
519 109 18 21 0.09609107 
538 397 27 35 0.095955886 
231 181 22 26 0.09518522 
798 152 18 23 0.094977714 
791 250 21 27 0.09483638 
438 155 18 23 0.094361916 
826 109 17 21 0.093804635 
589 98 17 23 0.09291556 
843 154 19 23 0.092850626 
617 305 23 29 0.092418924 
773 320 35 46 0.091214545 
715 153 16 20 0.09115172 
762 207 24 29 0.09096911 
260 282 24 31 0.09044747 
699 211 22 27 0.090053126 
512 3 17 19 0.08978082 
225 83 20 24 0.088236414 
521 125 17 21 0.088123575 
470 77 17 20 0.08806857 
616 499 25 31 0.08776591 
829 34 17 21 0.08776338 
581 229 20 25 0.08680647 
622 135 19 23 0.08641134 
766 186 20 25 0.085927926 
364 57 17 21 0.085347034 
387 131 16 20 0.08488454 
260 253 23 30 0.084643774 
541 148 17 21 0.08462303 
713 380 23 31 0.0840303 
363 128 17 22 0.083933085 
943 355 25 32 0.083640955 
918 103 18 22 0.083534144 
455 232 21 28 0.08346029 
461 251 21 27 0.08252491 
662 280 19 26 0.0820303 
848 107 19 23 0.08191644 
511 58 16 19 0.08093842 
830 46 16 20 0.08064325 
329 309 26 33 0.07981643 
699 51 17 20 0.07943813 
251 228 24 29 0.079365954 
258 300 34 43 0.07913086 
683 327 26 33 0.07893015 
828 281 22 28 0.07888771 
573 102 17 20 0.07827698 
715 354 22 30 0.07798744 
250 200 23 28 0.07781692 
673 74 17 22 0.07749223 
585 85 17 21 0.07735945 
311 21 17 21 0.07712864 
792 73 17 22 0.07634737 
722 127 17 20 0.075783774 
670 157 16 20 0.07563084 
666 108 16 20 0.07528671 
906 6 19 24 0.07523769 
786 312 24 30 0.074903645 
922 78 19 23 0.0737726 
391 98 17 20 0.07373329 
438 83 18 22 0.07352546 
790 112 18 23 0.07314201 
715 208 21 28 0.072987065 
745 259 22 28 0.07288426 
676 58 16 19 0.07229164 
874 101 17 22 0.072251886 
828 182 20 24 0.07170357 
868 4 17 20 0.07169117 
674 179 18 22 0.07164442 
665 234 20 25 0.071535185 
18 266 77 90 0.07146545 
260 323 37 44 0.07109417 
640 198 20 24 0.07070784 
561 160 18 21 0.070665665 
514 329 26 34 0.07047637 
612 106 17 22 0.07045569 
436 121 19 23 0.070436075 
724 110 17 21 0.07028198 
516 152 18 21 0.06968903 
488 210 20 27 0.069488294 
643 276 21 27 0.06917195 
288 260 21 27 0.06909658 
745 359 24 33 0.06792552 
569 49 15 19 0.06792318 
836 348 35 44 0.06759649 
416 176 19 24 0.067452684 
975 169 22 26 0.06733271 
903 101 18 21 0.067291096 
818 344 37 48 0.06725957 
409 233 21 28 0.06703297 
664 257 19 25 0.066895016 
358 211 22 27 0.06684061 
671 325 27 32 0.066622965 
497 32 15 17 0.0661094 
825 78 17 21 0.065799154 
891 51 18 22 0.06568327 
521 262 22 28 0.065661035 
713 249 21 26 0.06549567 
356 154 18 23 0.06533733 
155 254 32 38 0.065245226 
778 109 17 22 0.065174825 
726 5 17 21 0.06516018 
341 33 18 20 0.06497984 
574 83 16 21 0.0648798 
691 181 17 23 0.06463929 
313 202 19 25 0.0643027 
409 101 17 21 0.063833356 
738 128 17 21 0.06342563 
954 22 16 20 0.063329674 
385 254 21 27 0.06324784 
535 82 16 19 0.063223526 
562 310 25 30 0.0628992 
614 201 19 24 0.061499048 
639 234 19 24 0.061113067 
922 256 25 32 0.060975645 
563 27 16 19 0.060676005 
550 182 19 24 0.06052884 
341 132 18 21 0.06042249 
337 46 17 21 0.060406115 
772 153 18 22 0.06020641 
486 137 17 21 0.059953097 
571 128 16 20 0.059902914 
635 54 16 20 0.059611686 
491 78 16 20 0.05958678 
778 128 17 21 0.05930575 
827 148 19 24 0.05912424 
230 310 24 33 0.058910858 
744 155 17 21 0.058888376 
289 383 26 32 0.058580086 
302 253 22 29 0.058508098 
738 110 17 22 0.058058348 
854 77 18 22 0.05756043 
428 222 42 53 0.057033416 
969 131 17 22 0.057001613 
547 31 16 19 0.05648493 
308 10 18 22 0.05617455 
927 154 18 22 0.055436723 
335 178 19 25 0.055429623 
483 397 24 32 0.055395614 
437 181 19 24 0.055251855 
465 56 16 19 0.05522707 
516 225 22 28 0.05511086 
594 204 20 25 0.0549236 
868 80 18 23 0.054732796 
227 181 36 45 0.05416268 
153 316 30 40 0.054002788 
458 206 19 24 0.05375448 
789 25 20 22 0.053437043 
570 7 17 20 0.053404577 
312 183 19 24 0.052753203 
946 55 17 21 0.05229089 
361 385 28 37 0.052184775 
515 275 23 31 0.05202364 
617 272 22 28 0.05176981 
387 153 18 22 0.051515754 
641 300 23 30 0.05129802 
671 126 15 19 0.0511365 
99 170 25 33 0.05102187 
332 205 22 26 0.050753053 
512 305 25 32 0.050095715 
221 190 50 60 0.049986597 
210 122 18 23 0.04976489 
928 131 17 21 0.049672432 
261 127 16 20 0.049517415 
362 302 34 44 0.04947801 
979 98 18 24 0.04943172 
721 22 16 19 0.049316123 
598 184 19 23 0.04931161 
469 127 17 22 0.049266662 
699 31 16 18 0.04918108 
233 160 19 24 0.049176183 
976 21 16 22 0.04897444 
637 77 16 21 0.04892938 
261 158 19 24 0.048893284 
853 0 17 20 0.048833564 
821 328 24 32 0.04872255 
32 76 22 29 0.04831015 
930 56 18 22 0.048168678 
413 252 22 28 0.047914185 
497 51 16 18 0.04778315 
665 5 16 19 0.04776139 
290 228 20 26 0.04729736 
795 182 18 24 0.04713549 
511 182 17 22 0.04638892 
387 55 17 20 0.046205305 
47 48 21 26 0.046135694 
835 198 44 56 0.046074394 
593 375 32 40 0.045814533 
845 51 17 22 0.045807537 
766 44 21 24 0.045726277 
415 161 17 22 0.045315493 
650 104 17 20 0.045300737 
122 246 61 75 0.044999514 
872 278 21 26 0.044975035 
127 256 25 34 0.044806007 
768 276 21 27 0.04469799 
0 246 24 35 0.04458663 
774 256 22 27 0.044449776 
439 48 17 21 0.044281032 
821 308 22 30 0.044256013 
411 406 28 35 0.04424572 
410 280 22 29 0.0442019 
869 224 24 30 0.044091567 
712 54 16 18 0.043996204 
537 332 24 32 0.0439085 
412 128 17 20 0.043559637 
994 54 18 27 0.04345713 
640 354 25 33 0.043243334 
876 150 17 22 0.042663112 
389 29 16 18 0.042532448 
947 206 31 37 0.042256802 
491 103 16 20 0.042072333 
131 274 24 31 0.04193493 
88 309 64 84 0.0415348 
546 48 15 19 0.041450623 
495 2 16 17 0.0413261 
386 281 23 29 0.041186202 
764 365 35 47 0.041159466 
951 8 18 23 0.041150272 
949 293 25 36 0.04090715 
31 93 23 30 0.040698856 
339 106 18 23 0.04049567 
216 78 18 23 0.040461667 
512 29 16 17 0.040330213 
284 273 22 29 0.04013433 
576 342 33 41 0.040097676 
394 1 18 19 0.039734446 
832 401 36 45 0.039643776 
354 249 24 30 0.03964105 
666 370 28 35 0.039563436 
844 33 17 20 0.039429482 
769 30 23 24 0.039333455 
593 31 15 19 0.03926427 
611 326 24 31 0.039263494 
984 54 18 24 0.0391784 
592 280 21 27 0.03915859 
982 76 18 25 0.038797833 
722 185 17 21 0.038712077 
696 376 25 31 0.03861129 
747 211 43 55 0.038482275 
940 269 39 53 0.038476653 
611 403 25 32 0.03825365 
168 257 31 39 0.038155142 
662 400 33 43 0.03809574 
202 292 37 48 0.03799689 
436 330 23 30 0.03799497 
280 180 19 25 0.037775815 
52 278 76 96 0.037571467 
618 31 16 18 0.037531096 
596 155 17 22 0.037510633 
843 433 29 38 0.03738623 
460 26 16 19 0.03728955 
904 20 18 22 0.0371133 
969 297 24 33 0.036827456 
713 81 17 22 0.036790803 
863 209 23 28 0.03673063 
832 124 28 36 0.036650736 
975 8 17 21 0.03645999 
34 55 20 24 0.036421884 
531 352 25 34 0.03617869 
920 181 20 26 0.036172546 
892 331 26 33 0.036094923 
797 282 19 24 0.036089763 
299 380 25 31 0.036011737 
568 472 43 52 0.03600364 
536 233 20 27 0.035946764 
872 180 19 24 0.035907328 
748 80 17 21 0.035775572 
952 169 22 28 0.035638295 
898 152 18 23 0.035542384 
993 255 20 28 0.035454195 
649 25 17 18 0.03538805 
387 210 19 25 0.03508707 
272 344 38 47 0.03485399 
28 64 36 46 0.03470602 
271 243 48 63 0.034464628 
482 256 21 27 0.034341644 
255 343 38 47 0.03431421 
845 257 23 29 0.03417254 
308 485 27 34 0.03399894 
306 104 19 23 0.033958677 
748 526 356 372 0.033904698 
667 307 23 29 0.03387576 
439 306 22 29 0.033748865 
276 309 26 33 0.033626396 
665 23 14 17 0.033565234 
995 159 17 21 0.03349508 
413 53 17 20 0.03348411 
951 78 17 21 0.033479765 
901 81 18 22 0.033448014 
413 381 26 32 0.033313066 
387 181 19 23 0.033283606 
24 23 17 21 0.033152077 
902 180 19 25 0.033140574 
426 400 28 36 0.03313454 
314 50 17 21 0.032932464 
870 307 21 28 0.032921277 
684 450 35 44 0.032887347 
538 4 18 21 0.03284665 
794 55 18 20 0.03280137 
828 206 21 25 0.032752436 
822 6 16 19 0.032633446 
960 236 37 49 0.03251559 
817 366 39 49 0.032480463 
754 49 20 23 0.03242991 
586 2 16 19 0.03242912 
918 238 52 64 0.032176487 
871 255 21 28 0.032132816 
111 103 20 26 0.03211105 
284 134 18 20 0.031926062 
511 207 20 26 0.03172468 
611 383 25 32 0.03147171 
356 28 16 20 0.031405922 
995 2 17 21 0.0313454 
206 238 37 50 0.03132421 
308 132 17 20 0.031129228 
960 268 37 50 0.031035785 
171 304 26 36 0.030999584 
487 178 19 24 0.030880755 
362 285 24 30 0.030749148 
992 232 20 28 0.030706393 
408 354 26 33 0.030694835 
717 334 22 29 0.030513013 
236 166 55 68 0.030488575 
773 76 18 23 0.030336715 
-74 533 361 353 0.030333411 
743 388 36 47 0.030295176 
566 272 24 30 0.03029174 
243 232 55 70 0.029927084 
535 484 23 30 0.029849436 
506 433 22 30 0.029826267 
100 301 24 32 0.029579893 
469 180 18 23 0.029575234 
919 199 25 30 0.029555341 
590 128 16 20 0.02944727 
547 200 21 27 0.0294058 
664 483 23 30 0.029392425 
211 175 20 25 0.029356295 
797 203 19 26 0.029348586 
209 281 25 32 0.0292762 
286 25 17 20 0.029251937 
465 3 17 19 0.029245405 
258 110 17 21 0.029171837 
559 403 23 30 0.029061787 
122 106 18 23 0.029036308 
998 132 16 20 0.028935147 
-234 281 731 765 0.028899154 
409 423 51 66 0.028879313 
617 535 25 31 0.02887306 
408 464 38 49 0.028857552 
689 310 24 31 0.028817309 
721 304 22 28 0.028696403 
416 206 20 25 0.028652065 
378 489 23 30 0.028474974 
791 9 22 24 0.028463 
218 295 48 60 0.028385134 
967 205 26 33 0.028279105 
639 374 33 44 0.028241824 
301 332 25 32 0.028211622 
18 301 47 63 0.028206443 
994 202 19 26 0.028146138 
249 266 51 64 0.028129146 
944 238 29 38 0.02811766 
341 78 17 21 0.028087096 
432 347 35 42 0.027995463 
30 44 35 42 0.027992412 
668 207 18 23 0.027974656 
693 4 17 19 0.027958894 
214 206 23 28 0.027958067 
823 402 29 36 0.02776362 
640 430 23 29 0.02755419 
713 394 35 46 0.027533311 
108 73 18 24 0.027529137 
233 216 29 36 0.027523609 
929 224 37 43 0.027456606 
287 204 19 25 0.027456274 
305 235 22 29 0.02741857 
436 515 23 28 0.0274114 
690 218 44 57 0.027389694 
359 179 19 24 0.027325347 
89 290 49 69 0.027263705 
850 303 22 29 0.02720925 
528 123 29 38 0.027043896 
876 347 60 69 0.027020533 
575 314 688 737 0.026755236 
222 350 38 47 0.02673004 
871 373 37 44 0.026673412 
617 2 17 19 0.026614886 
722 281 20 26 0.026604526 
211 110 18 23 0.026586892 
231 131 17 20 0.026525691 
99 267 44 58 0.026489694 
901 200 21 26 0.026454793 
309 297 34 42 0.02643212 
877 328 24 33 0.02624292 
765 334 60 73 0.02617077 
785 371 31 38 0.026108807 
51 33 19 22 0.025982983 
196 345 42 51 0.02591818 
617 355 24 31 0.025841508 
544 307 21 27 0.025806267 
993 180 19 24 0.025798665 
611 436 24 32 0.025779951 
695 120 29 36 0.025719415 
309 458 23 30 0.025704479 
300 237 47 59 0.02564969 
486 349 30 37 0.02559645 
745 335 21 27 0.02556703 
972 280 23 31 0.025539426 
590 458 26 32 0.025446482 
905 367 39 46 0.025263043 
120 344 28 38 0.025261743 
189 261 58 73 0.025189353 
590 534 27 32 0.025157303 
428 386 26 32 0.025133178 
837 372 36 44 0.025119273 
790 458 39 51 0.025102701 
668 529 26 32 0.025094891 
97 189 37 47 0.025062561 
515 483 24 31 0.02506023 
507 245 48 61 0.025018908 
212 160 19 25 0.024971733 
280 51 16 21 0.024937436 
805 317 51 66 0.02489986 
203 214 38 50 0.02489911 
745 304 20 27 0.024895126 
64 160 47 59 0.024887443 
883 125 27 35 0.024874393 
594 436 25 31 0.024850324 
421 29 17 18 0.024730226 
435 8 19 20 0.02451925 
847 332 22 29 0.024506979 
743 1 20 22 0.024503417 
314 238 60 70 0.024503134 
434 529 22 28 0.024345633 
306 277 24 32 0.024338763 
78 159 25 32 0.02433045 
267 56 17 21 0.024226798 
761 400 28 37 0.024196686 
106 59 17 20 0.024143118 
661 511 24 30 0.024140744 
518 586 22 24 0.024126643 
468 536 21 27 0.024084266 
703 347 46 61 0.024054518 
895 233 22 29 0.02400239 
480 456 25 33 0.023968115 
410 303 23 30 0.023897069 
706 450 38 46 0.023860613 
150 175 21 26 0.023827434 
408 1 17 18 0.02382354 
367 484 25 30 0.023792135 
738 352 46 61 0.023746457 
29 249 51 58 0.02373711 
554 485 54 64 0.023733929 
305 173 31 40 0.023672616 
255 149 34 42 0.023671001 
337 4 17 19 0.02364198 
454 428 38 51 0.02363739 
735 -3 94 96 0.023595141 
825 255 21 28 0.023544922 
532 506 33 41 0.023496145 
412 515 24 30 0.023451813 
921 359 27 33 0.023438316 
594 401 32 41 0.023345921 
634 179 28 37 0.023345659 
736 428 35 44 0.023324564 
374 337 36 44 0.02329345 
925 270 26 36 0.023277622 
670 457 32 42 0.02326606 
695 141 28 36 0.02318373 
27 6 20 23 0.023176404 
784 218 49 63 0.023133101 
697 281 21 27 0.023114637 
995 28 16 22 0.023101361 
817 268 47 60 0.023026036 
206 22 17 19 0.023011027 
427 433 28 36 0.022974905 
897 280 22 29 0.022944711 
637 400 33 42 0.022882864 
750 27 21 23 0.0228814 
229 99 18 22 0.022869345 
229 282 23 30 0.02286592 
441 277 22 30 0.022863436 
249 297 60 75 0.022857472 
187 306 54 69 0.022857271 
41 219 43 53 0.022805708 
605 479 47 58 0.022786023 
215 77 118 144 0.022739409 
22 201 27 35 0.022725383 
574 515 59 64 0.022702686 
357 457 21 28 0.022606958 
126 301 79 112 0.022601018 
284 369 47 57 0.022586811 
816 422 40 51 0.02257874 
767 7 22 24 0.022535186 
715 423 37 47 0.022530481 
158 304 45 58 0.022529641 
372 378 33 43 0.022502774 
62 248 46 57 0.022501135 
871 352 38 46 0.022498386 
164 53 17 20 0.02248765 
539 531 21 26 0.022465989 
410 330 24 32 0.022440612 
946 143 49 61 0.022387756 
44 95 26 32 0.02236683 
1 215 61 85 0.02230795 
617 141 28 37 0.022036023 
635 138 28 37 0.02202952 
335 537 28 34 0.022002734 
731 448 36 45 0.021935495 
225 253 24 32 0.021915175 
388 574 34 41 0.021881374 
20 237 132 177 0.02187352 
641 490 23 29 0.021839505 
289 6 17 20 0.0217097 
344 383 49 62 0.02162401 
819 232 21 27 0.021622583 
99 198 73 94 0.021580122 
513 568 22 26 0.021492595 
943 362 36 49 0.021483192 
4 76 19 25 0.021455646 
719 190 64 78 0.021336801 
667 325 45 56 0.021329187 
9 7 110 137 0.021328676 
106 92 32 42 0.021328408 
331 357 25 32 0.021311156 
72 185 38 50 0.021306826 
129 176 22 29 0.021251291 
243 136 57 70 0.021158047 
215 263 54 70 0.021130418 
546 187 49 60 0.021112736 
592 556 26 31 0.021063332 
353 300 60 68 0.021060102 
530 244 44 58 0.021029029 
209 8 18 20 0.021004414 
643 510 23 29 0.020925589 
15 196 103 132 0.020875178 
415 528 23 29 0.020831775 
434 147 30 38 0.020734755 
553 378 32 41 0.020723322 
382 405 25 32 0.020701008 
863 114 48 64 0.020684727 
45 255 29 33 0.020680627 
359 93 29 36 0.020642778 
129 534 364 346 0.02062514 
108 277 24 31 0.020622937 
689 469 36 45 0.020613346 
192 330 72 93 0.020609412 
306 436 24 31 0.020537848 
68 217 40 50 0.02052819 
790 280 31 42 0.020485556 
49 123 25 32 0.020438088 
136 300 25 33 0.020434808 
460 137 46 61 0.020424517 
104 329 29 41 0.020384569 
525 374 46 57 0.020342078 
462 512 22 27 0.02023602 
608 454 23 30 0.02022244 
188 126 18 22 0.020187097 
430 110 32 40 0.020181883 
213 53 16 19 0.020125777 
126 227 38 50 0.02011556 
144 330 45 59 0.020061063 
6 99 20 25 0.020037696 
125 126 18 24 0.02001648 
