58_Hockey_icehockey_puck_58_94
114
758 117 45 53 0.9844977 
686 168 41 49 0.94160646 
125 28 42 54 0.93376034 
440 116 37 51 0.93094504 
573 141 46 56 0.7140816 
604 107 40 53 0.48300016 
310 96 27 33 0.3120771 
503 40 28 35 0.26757663 
678 251 44 54 0.20744385 
528 232 52 57 0.20477173 
988 119 26 35 0.18669264 
585 114 46 60 0.18094184 
523 84 36 46 0.16275439 
59 15 33 46 0.16153872 
819 231 42 52 0.15204236 
323 98 25 32 0.13623096 
556 296 42 53 0.095674984 
632 31 25 29 0.08664611 
689 148 35 42 0.08511469 
624 43 24 29 0.07494505 
515 217 46 55 0.060717516 
686 0 26 27 0.059302393 
515 198 34 42 0.059038956 
979 106 25 34 0.055644777 
288 102 24 31 0.05562684 
158 125 27 35 0.055213228 
862 217 39 52 0.05346322 
593 93 39 53 0.049953796 
299 113 37 48 0.049536373 
612 74 25 32 0.04760101 
298 135 36 48 0.04685104 
794 41 26 33 0.044577293 
588 50 20 26 0.043923296 
693 133 27 34 0.0426169 
2 38 22 35 0.042172067 
532 294 45 56 0.041765314 
539 146 29 37 0.04125386 
322 136 39 52 0.04119732 
838 239 31 41 0.040564753 
562 93 36 47 0.04044025 
882 213 45 53 0.040106755 
688 236 57 71 0.03851161 
275 168 37 44 0.038308267 
763 6 24 28 0.038224198 
546 193 47 59 0.038214393 
631 56 36 50 0.03815405 
102 0 26 31 0.037820645 
666 170 35 42 0.03752493 
299 88 46 57 0.033923183 
329 196 37 48 0.033771966 
666 438 520 553 0.032392666 
154 139 38 48 0.03221417 
51 533 27 33 0.030287929 
638 170 36 47 0.029722089 
669 96 24 31 0.029449586 
54 3 26 32 0.029356072 
183 369 89 101 0.029318511 
310 84 22 28 0.029135885 
438 102 31 42 0.02822778 
632 123 27 37 0.028213307 
565 117 41 53 0.02814078 
635 0 24 25 0.027560549 
478 116 38 51 0.027492037 
0 16 33 49 0.027354125 
611 29 50 61 0.027220989 
561 161 37 44 0.027007172 
683 217 42 53 0.026902296 
106 18 43 56 0.026366709 
346 195 37 51 0.026340013 
23 17 27 35 0.025869962 
488 142 30 38 0.025719421 
331 164 39 53 0.025711263 
703 220 41 54 0.025615402 
304 196 28 35 0.025576334 
29 537 22 30 0.025575086 
582 215 41 52 0.02555808 
488 -1 23 25 0.025372265 
741 24 22 25 0.02535532 
185 73 21 26 0.024978096 
569 286 51 65 0.024881512 
70 3 24 30 0.024795886 
503 137 36 48 0.024696173 
407 2 22 26 0.024556302 
0 0 24 33 0.024528917 
180 23 23 29 0.02438657 
670 0 25 26 0.024273314 
256 175 36 43 0.02361643 
663 152 29 38 0.02360109 
493 30 25 32 0.023513973 
9 72 21 32 0.02350815 
595 78 22 30 0.023466045 
288 150 27 35 0.023363553 
144 30 28 39 0.023219276 
526 113 39 51 0.023163723 
766 17 23 27 0.02312014 
489 29 46 59 0.022842443 
146 129 66 81 0.022557363 
511 110 37 48 0.022227569 
79 571 39 48 0.02221589 
299 166 39 48 0.022062572 
581 190 42 54 0.021940593 
972 107 41 55 0.021758791 
595 301 57 73 0.021658352 
22 1 25 30 0.021652762 
90 551 42 54 0.021293093 
181 51 23 28 0.021111362 
620 -2 23 25 0.021091333 
895 122 24 30 0.020974694 
592 377 40 46 0.020964436 
600 168 40 49 0.020911831 
489 97 23 30 0.020322753 
530 163 53 66 0.020240875 
166 154 40 50 0.020224407 
319 111 40 52 0.020126179 
