58_Hockey_icehockey_puck_58_785
201
375 342 34 42 0.9758539 
795 320 27 37 0.94337016 
659 306 26 33 0.92647046 
129 329 37 46 0.9235273 
917 310 34 44 0.9184697 
448 355 32 40 0.87324506 
526 348 30 39 0.84529674 
285 304 28 35 0.83215594 
327 334 29 36 0.747225 
425 294 30 37 0.72529 
245 358 33 41 0.67706066 
281 358 35 43 0.6730761 
729 340 32 42 0.6321254 
612 330 28 35 0.54438174 
484 341 27 34 0.47393245 
629 355 28 35 0.4382553 
689 337 27 35 0.43783385 
614 299 26 33 0.22605643 
764 283 22 28 0.20406385 
975 302 28 38 0.19438784 
488 283 23 29 0.14168245 
306 551 27 35 0.13789976 
588 306 24 31 0.13436744 
851 330 24 30 0.13380681 
865 334 24 31 0.13210224 
797 428 22 29 0.12993126 
662 322 25 32 0.12867683 
297 351 34 43 0.1266015 
715 476 24 28 0.09429887 
590 371 26 33 0.092563815 
765 259 20 25 0.08918647 
283 507 26 33 0.08667637 
519 328 28 37 0.08154728 
57 413 23 29 0.08023648 
619 289 23 29 0.07964804 
877 350 25 31 0.07681956 
721 328 30 37 0.07536728 
470 533 21 26 0.073043644 
765 303 23 31 0.06711851 
839 277 22 28 0.06705774 
873 284 24 29 0.06579656 
300 308 24 31 0.06523853 
696 283 20 26 0.065079905 
715 608 23 29 0.06412939 
795 414 23 30 0.062315017 
619 439 25 32 0.06184427 
599 556 18 25 0.060224354 
752 465 23 28 0.05936716 
479 534 21 27 0.0585458 
561 256 21 26 0.057167232 
592 322 25 33 0.056776732 
564 329 25 32 0.05575852 
822 438 24 30 0.054816913 
721 597 22 27 0.05462961 
870 614 24 28 0.054257814 
637 251 21 26 0.05305158 
854 458 22 28 0.04986307 
842 306 22 29 0.049785808 
662 286 23 28 0.04839755 
649 305 24 30 0.04743719 
178 326 25 31 0.04709174 
78 356 25 33 0.04680894 
509 309 23 29 0.04675168 
566 308 23 29 0.04668845 
864 462 22 27 0.045276705 
875 300 24 30 0.044886995 
331 309 23 28 0.04389495 
562 531 19 25 0.043862093 
281 319 35 45 0.043783817 
828 275 22 28 0.042948797 
809 323 26 34 0.042625003 
277 584 22 28 0.042474966 
182 540 22 31 0.04163461 
713 402 22 27 0.041121922 
306 327 34 43 0.041120682 
725 258 20 25 0.041040782 
134 697 20 23 0.040543586 
589 251 22 27 0.04036138 
645 235 20 25 0.040190883 
264 589 21 26 0.040076572 
460 335 28 35 0.039678037 
869 509 24 29 0.03962285 
237 370 29 37 0.039117586 
285 558 25 31 0.039109763 
791 285 21 26 0.038946923 
250 333 27 36 0.03837597 
824 259 21 28 0.037845682 
719 309 23 27 0.037549987 
639 438 24 31 0.03749646 
284 536 26 33 0.036967035 
456 303 24 32 0.036275934 
430 327 29 35 0.036046777 
546 235 20 24 0.035124432 
868 562 19 23 0.03458817 
3 383 24 34 0.034471016 
694 303 22 28 0.0337194 
795 344 24 33 0.03359717 
538 287 20 25 0.03311962 
545 252 21 25 0.03310052 
562 350 25 34 0.03307935 
204 376 25 32 0.032930695 
205 361 24 32 0.032843564 
339 281 22 25 0.03257524 
286 231 22 27 0.03217648 
973 318 27 35 0.03212876 
186 314 21 26 0.032053202 
135 709 21 25 0.032050513 
670 230 19 24 0.031874012 
842 354 22 30 0.031651165 
853 484 22 27 0.031600628 
744 263 21 26 0.031292252 
415 285 27 35 0.03096893 
619 255 20 26 0.030906161 
595 543 19 27 0.030707384 
693 460 24 30 0.030367255 
305 232 22 27 0.030252915 
988 301 27 37 0.030142251 
775 324 31 42 0.029925114 
561 516 22 30 0.029894866 
922 287 24 29 0.029467577 
717 431 23 29 0.02940042 
381 652 27 37 0.02908906 
863 487 23 29 0.028961299 
273 576 36 46 0.028621133 
903 306 28 37 0.0285481 
308 279 21 27 0.028470179 
364 330 35 45 0.028394235 
850 226 22 26 0.028190076 
363 620 20 26 0.027772604 
993 541 20 28 0.027349636 
512 284 21 26 0.027205527 
797 206 20 26 0.02709257 
538 306 24 30 0.027040878 
483 262 21 26 0.027032219 
815 309 26 34 0.026722077 
751 279 22 27 0.026587054 
746 432 22 27 0.026450373 
360 559 21 26 0.026304951 
385 309 24 31 0.026285233 
934 308 30 38 0.026035968 
386 591 17 21 0.026008256 
485 554 19 25 0.02598691 
205 277 22 28 0.02583813 
585 662 19 24 0.025745245 
308 582 23 31 0.0257407 
558 233 19 23 0.025462832 
539 584 21 27 0.02545023 
151 622 23 26 0.025358317 
805 588 19 25 0.025333054 
804 609 20 26 0.025249679 
776 209 19 24 0.0249814 
327 557 23 30 0.024908835 
609 557 20 27 0.024824841 
381 565 18 23 0.024573527 
590 286 21 28 0.02455058 
770 349 23 32 0.024439756 
280 613 23 31 0.024438364 
840 437 23 28 0.024207586 
293 532 46 57 0.02420301 
258 661 21 27 0.024101924 
587 411 24 31 0.023953402 
262 640 23 28 0.023843605 
983 503 21 30 0.023818986 
180 357 26 33 0.023739748 
430 202 23 29 0.023708597 
280 286 23 28 0.02334181 
152 589 19 23 0.023263898 
672 357 22 30 0.023213383 
128 634 20 28 0.023146633 
591 236 20 23 0.023079509 
980 490 21 30 0.02305751 
142 501 68 82 0.022794234 
626 429 44 55 0.022586746 
2 329 22 32 0.022577338 
847 381 22 28 0.022515161 
132 249 24 30 0.022434458 
434 534 20 26 0.022377208 
387 225 24 30 0.022268707 
539 202 20 25 0.022204107 
123 511 27 32 0.022154292 
359 591 18 22 0.022149533 
389 252 25 30 0.022030527 
492 302 24 30 0.021967672 
635 451 25 31 0.021702996 
641 282 22 27 0.021583887 
985 600 30 52 0.021574913 
417 200 24 29 0.02154698 
265 610 21 26 0.02126102 
64 406 33 43 0.021251181 
824 380 22 29 0.020867528 
670 209 19 24 0.02060064 
234 335 25 33 0.020557305 
696 561 20 25 0.02054767 
637 204 19 25 0.020526929 
207 260 24 30 0.020474996 
495 664 21 26 0.020251771 
55 618 19 25 0.020227395 
288 684 21 25 0.020226236 
697 484 24 28 0.020161817 
127 312 28 35 0.020085815 
975 458 20 28 0.020082079 
