58_Hockey_icehockey_puck_58_285
101
565 163 44 55 0.9165898 
427 125 30 40 0.87151915 
287 141 37 45 0.76024324 
961 261 46 59 0.30976576 
567 95 23 28 0.25403082 
509 43 28 37 0.15536986 
510 31 26 32 0.086825356 
47 131 20 25 0.0803347 
775 122 25 32 0.07164285 
554 124 30 39 0.07120468 
977 221 31 40 0.070956156 
468 44 22 28 0.070003964 
888 297 68 81 0.065057725 
312 106 24 31 0.057508294 
545 146 37 51 0.056696147 
661 282 38 48 0.053586558 
405 71 21 27 0.048768654 
174 4 23 26 0.04531944 
376 50 23 29 0.044481423 
364 52 23 27 0.043646812 
578 150 36 48 0.043527067 
433 107 24 31 0.04159344 
60 313 278 338 0.040323034 
566 86 20 26 0.039367795 
452 160 39 50 0.039282363 
461 286 38 50 0.03912826 
302 126 32 39 0.037422206 
330 70 21 25 0.037064645 
410 57 20 26 0.03668537 
924 75 23 27 0.03580707 
844 263 45 52 0.03557055 
354 44 40 45 0.03474443 
466 33 20 25 0.03397141 
931 267 65 82 0.033926733 
543 168 30 39 0.03371018 
198 269 42 46 0.03332716 
438 47 19 25 0.032348868 
38 130 17 22 0.032109864 
792 75 19 23 0.031984463 
945 255 43 55 0.02983423 
765 107 46 59 0.029388536 
32 98 16 22 0.028341133 
877 264 68 85 0.02803454 
385 279 24 30 0.027851017 
825 313 48 60 0.027275678 
947 73 20 26 0.02694485 
917 295 69 86 0.02686478 
589 125 28 35 0.026708588 
348 129 43 57 0.026625741 
335 57 20 24 0.02613732 
53 103 19 24 0.025923686 
316 76 20 25 0.025909264 
-33 474 359 385 0.025665363 
398 193 40 52 0.02565651 
50 146 22 27 0.025569074 
455 148 27 36 0.025344627 
599 166 33 46 0.025306102 
332 37 77 89 0.025298873 
553 88 47 60 0.025266074 
326 58 37 45 0.025246866 
790 176 25 32 0.02500501 
595 302 25 30 0.024873564 
780 108 20 26 0.024567693 
296 93 68 80 0.024561226 
852 297 70 83 0.02445472 
472 161 40 50 0.024417438 
402 240 42 49 0.024399681 
4 105 18 25 0.024302026 
-177 308 729 687 0.024270454 
904 242 63 75 0.024161438 
361 257 23 29 0.02408589 
284 125 65 80 0.023895402 
632 279 57 70 0.023382625 
412 104 22 29 0.023133576 
585 107 20 26 0.02305582 
440 3 19 23 0.022977842 
4 740 25 29 0.022861147 
612 150 24 33 0.022571508 
78 152 23 29 0.022536675 
872 348 73 85 0.02253307 
461 5 19 22 0.022521285 
49 77 19 25 0.022410374 
355 121 27 35 0.02209624 
32 80 19 24 0.022034861 
354 245 40 48 0.022027917 
841 68 20 25 0.02178975 
283 129 31 39 0.021039078 
220 267 38 44 0.020975282 
772 173 26 32 0.02075651 
608 302 25 32 0.020688169 
537 73 21 27 0.020676412 
512 128 25 31 0.020600934 
481 151 26 34 0.020590689 
842 374 83 96 0.020541655 
177 271 45 47 0.020514658 
338 80 74 85 0.020492557 
34 120 31 41 0.02036891 
375 247 43 50 0.020342983 
373 112 40 48 0.020247577 
327 105 22 29 0.020226704 
376 136 40 50 0.020173496 
