19_Couple_Couple_19_50
75
586 147 73 95 0.9997601 
671 250 71 87 0.9994344 
176 459 46 60 0.43792763 
227 443 34 47 0.18024206 
126 496 41 50 0.17828175 
576 438 59 77 0.1621656 
451 572 68 87 0.14430901 
544 429 67 78 0.12210944 
520 419 62 79 0.104971446 
244 449 35 47 0.10308689 
406 532 39 46 0.10016464 
435 482 26 33 0.085449524 
583 468 34 44 0.06930462 
388 484 26 34 0.065654516 
573 538 41 48 0.05651189 
247 624 46 48 0.055383384 
145 465 60 72 0.052074082 
555 320 61 77 0.051721998 
407 479 26 32 0.04537349 
871 427 25 30 0.044029023 
86 548 36 49 0.04369706 
496 398 64 86 0.041709073 
105 501 35 47 0.041307606 
183 477 49 64 0.04072283 
145 503 28 37 0.038434565 
265 445 38 49 0.037116207 
436 502 26 34 0.03546888 
162 557 41 52 0.034166623 
93 527 35 51 0.032927833 
466 505 77 94 0.032736022 
473 549 78 102 0.03213034 
528 523 39 50 0.03193473 
454 582 37 50 0.031821147 
532 498 40 50 0.03126354 
130 489 27 34 0.030688548 
633 531 26 33 0.030267004 
730 319 59 73 0.030244641 
76 505 34 43 0.029818732 
538 433 31 40 0.02942611 
-62 516 354 366 0.02888884 
399 508 40 51 0.028791727 
106 481 36 47 0.027688276 
744 529 351 354 0.02617538 
825 377 148 127 0.026160752 
-215 319 697 735 0.025535397 
386 502 27 34 0.025278764 
453 618 39 48 0.025090868 
870 412 28 33 0.025061725 
437 510 70 85 0.025044385 
412 540 57 75 0.024879018 
953 461 20 23 0.024730194 
264 608 42 48 0.024691459 
523 551 38 50 0.024446774 
267 465 43 53 0.02397674 
512 428 31 39 0.0239197 
81 534 29 37 0.023843681 
403 532 98 125 0.023675673 
488 447 72 90 0.023668885 
128 522 29 38 0.023492906 
459 562 29 36 0.02343392 
612 526 36 43 0.022625277 
0 550 31 52 0.02257457 
433 587 54 67 0.022528287 
218 462 41 56 0.02220584 
157 561 29 37 0.02209929 
413 466 24 29 0.021928681 
382 488 108 122 0.021476267 
569 302 680 726 0.021357365 
859 414 142 128 0.02107333 
893 430 25 28 0.021006817 
0 501 27 47 0.020587547 
560 461 47 55 0.020477882 
252 468 31 42 0.02028827 
388 528 41 48 0.02024156 
626 544 36 45 0.020155836 
