19_Couple_Couple_19_106
125
302 126 64 80 0.9995994 
581 175 58 73 0.99827075 
440 65 67 93 0.33243462 
468 69 63 83 0.2828331 
419 36 64 97 0.19405529 
549 41 38 49 0.13576232 
-2 11 47 78 0.117533796 
145 555 48 67 0.11033773 
710 217 47 55 0.09059728 
504 72 31 40 0.082013085 
425 17 47 60 0.07718045 
186 114 62 88 0.074097 
585 435 29 33 0.06528506 
155 158 65 99 0.064673446 
552 119 42 58 0.0601793 
896 251 23 30 0.0562686 
430 42 32 43 0.054883737 
124 65 56 84 0.05358208 
654 195 37 51 0.051436193 
897 234 22 29 0.048117246 
290 -2 64 60 0.045469575 
481 183 48 61 0.043412447 
702 45 73 82 0.042858817 
170 136 47 68 0.042260196 
1 73 61 134 0.040733404 
245 15 31 37 0.04054332 
200 114 34 46 0.04034038 
408 -1 31 32 0.040103663 
684 132 43 57 0.039977454 
876 -5 73 72 0.038544867 
703 112 47 56 0.038142048 
492 86 55 70 0.036876354 
534 408 25 29 0.035663016 
521 99 54 73 0.035219807 
874 251 19 25 0.034849856 
510 56 26 33 0.03420947 
764 64 26 38 0.033835933 
865 1 29 33 0.033514407 
362 -4 55 55 0.033444002 
4 24 56 118 0.033292018 
168 561 29 39 0.03307141 
557 29 28 31 0.03279397 
150 531 22 31 0.032662224 
325 2 33 37 0.032650188 
592 70 25 31 0.03258702 
572 109 56 69 0.032120593 
666 437 519 554 0.032042418 
746 68 31 39 0.0316752 
672 12 77 84 0.03074958 
741 91 30 39 0.030686915 
211 112 52 69 0.030598395 
494 45 64 93 0.030403683 
658 216 38 51 0.030006818 
789 227 28 36 0.02999089 
567 434 29 33 0.029625142 
15 25 29 41 0.029092615 
129 69 29 43 0.028223865 
584 90 42 53 0.028078262 
130 16 28 32 0.02801688 
433 192 41 53 0.02780878 
450 125 49 64 0.027490959 
-232 329 707 739 0.027106375 
848 249 21 26 0.026881153 
899 199 20 28 0.026700614 
361 0 29 32 0.025837969 
201 47 27 34 0.025696732 
853 -7 61 66 0.025511257 
454 104 38 55 0.02542029 
124 62 94 128 0.025402546 
610 90 29 35 0.025344353 
585 62 40 51 0.02524659 
6 201 21 37 0.02512166 
236 5 56 59 0.025107194 
931 2 64 94 0.024964917 
684 56 46 56 0.024873259 
558 418 58 66 0.024706405 
250 189 42 52 0.024576323 
872 199 21 28 0.024344744 
516 85 43 57 0.024203375 
10 280 19 27 0.024100365 
867 80 21 28 0.024041645 
374 0 31 34 0.02402731 
657 40 64 82 0.023987265 
579 41 41 53 0.023981357 
130 486 62 86 0.023965493 
140 529 43 62 0.023929141 
237 106 61 81 0.023885874 
715 102 29 37 0.023867967 
731 223 34 42 0.023843843 
892 281 58 88 0.023651186 
209 140 66 82 0.023599086 
395 138 45 57 0.023544287 
899 47 26 32 0.023291478 
-68 532 354 355 0.023041504 
251 165 42 53 0.023020023 
209 561 24 30 0.022897655 
122 478 38 54 0.022731207 
701 6 85 82 0.022712247 
896 10 75 89 0.02269948 
530 0 28 30 0.02260998 
542 540 361 348 0.02245372 
146 73 26 37 0.022449853 
412 49 44 62 0.022424525 
442 276 56 74 0.022341756 
699 77 69 83 0.022239177 
788 236 41 50 0.022066597 
767 21 61 79 0.022032531 
901 271 25 32 0.021969978 
633 145 42 53 0.021768251 
733 30 68 80 0.021721682 
690 69 28 35 0.02122006 
-8 46 108 207 0.020885246 
141 219 74 104 0.020883616 
498 -2 69 69 0.020851998 
663 33 44 56 0.020819329 
195 62 38 52 0.020674653 
702 157 49 60 0.02055996 
161 -4 47 42 0.020507282 
725 192 47 56 0.020363022 
457 43 30 36 0.020212214 
371 328 705 724 0.020191671 
870 242 35 42 0.020162325 
531 62 41 58 0.02013097 
714 200 32 39 0.020108309 
155 573 53 70 0.020033095 
