19_Couple_Couple_19_156
36
477 187 99 121 0.45357314 
547 118 44 52 0.33091694 
476 189 59 76 0.079821266 
488 164 56 75 0.0736119 
532 131 44 61 0.073430866 
567 117 41 51 0.046630833 
933 123 24 30 0.043475993 
982 125 19 26 0.043017 
-1 405 21 33 0.042944893 
549 150 63 78 0.042047568 
497 144 44 55 0.0418238 
629 359 510 582 0.04051923 
894 179 28 31 0.04006316 
517 154 61 79 0.036687575 
877 188 49 52 0.035426725 
540 457 376 397 0.032942228 
917 176 22 28 0.0307433 
853 172 19 26 0.030213386 
608 156 162 172 0.030168317 
994 130 16 24 0.030005494 
482 150 42 54 0.029722225 
892 154 22 26 0.029118378 
325 499 373 375 0.028934438 
493 219 59 79 0.028872196 
843 155 17 23 0.0283769 
433 135 185 233 0.02625769 
-109 416 501 543 0.025440581 
583 171 33 44 0.02439062 
829 158 18 23 0.023189772 
558 105 32 39 0.022946602 
978 152 17 24 0.022731682 
601 285 287 372 0.022454854 
980 180 20 28 0.02124984 
821 179 21 28 0.021053059 
926 155 21 25 0.020741457 
564 194 141 165 0.020582575 
