19_Couple_Couple_19_667
19
576 115 217 331 0.98569334 
483 102 218 346 0.83644646 
153 769 533 500 0.14952223 
649 183 226 315 0.048096012 
784 1056 510 584 0.04004835 
747 -91 505 565 0.038920794 
763 788 479 581 0.0379199 
731 164 101 136 0.036988 
508 799 450 526 0.03418959 
768 154 500 570 0.034032017 
480 768 1013 1084 0.032213088 
177 -14 118 121 0.030843524 
698 -28 244 333 0.02532234 
785 488 499 596 0.025003213 
220 836 310 332 0.023888841 
33 947 211 305 0.023512814 
-64 1029 547 549 0.022867871 
347 230 144 165 0.022723751 
-267 764 1104 1000 0.021521246 
