19_Couple_Couple_19_1014
30
690 217 194 246 0.99914205 
446 422 193 272 0.9805847 
872 820 78 133 0.08779075 
27 285 32 37 0.07921333 
60 275 26 32 0.05850009 
196 290 40 57 0.0474257 
17 283 53 61 0.045223165 
238 432 83 141 0.038629536 
145 414 139 197 0.03592468 
896 -91 416 468 0.035859074 
197 283 26 34 0.03290435 
45 271 45 54 0.03223434 
902 895 421 441 0.031506408 
130 460 79 112 0.031448677 
912 150 388 451 0.027097706 
148 331 154 194 0.026597714 
32 253 23 27 0.02573771 
208 285 28 35 0.02552542 
679 641 826 885 0.02427221 
618 857 54 64 0.0239416 
913 379 398 464 0.023658797 
855 760 37 46 0.022301827 
786 797 153 175 0.022136722 
641 309 52 67 0.021748107 
637 432 163 248 0.0212688 
858 787 84 107 0.021166693 
653 1164 61 63 0.0207621 
133 471 26 34 0.02054876 
621 755 146 138 0.02045803 
78 452 96 125 0.020400824 
