4_Dancing_Dancing_4_57
98
549 142 38 52 0.19818272 
581 202 45 55 0.16993481 
771 177 21 28 0.11376741 
533 166 42 53 0.090335324 
879 175 18 23 0.07891428 
840 287 20 25 0.0741565 
525 185 39 50 0.07004579 
848 178 17 22 0.063303486 
828 280 21 25 0.06158975 
770 193 22 31 0.061406355 
893 174 17 23 0.04866492 
928 174 17 24 0.045053 
843 298 21 27 0.04015462 
557 166 29 38 0.04010659 
769 163 19 25 0.038892217 
636 196 27 36 0.038442742 
930 159 17 22 0.03815858 
893 160 17 22 0.037940156 
511 137 59 69 0.036590498 
541 320 83 89 0.035103235 
602 317 84 108 0.03435913 
611 179 59 73 0.03412198 
71 343 48 51 0.03371389 
878 161 17 21 0.03318318 
-69 536 362 348 0.033084843 
689 167 37 56 0.03293699 
672 15 64 107 0.032881387 
753 532 348 366 0.032606225 
850 162 16 20 0.031586777 
944 197 19 29 0.03147508 
721 155 23 31 0.031407285 
817 334 18 23 0.031228762 
510 166 47 58 0.031192193 
739 155 19 27 0.031159423 
440 173 69 85 0.031036705 
822 177 16 21 0.030837843 
508 311 84 85 0.029851375 
670 204 22 31 0.028539047 
820 162 16 20 0.028339103 
825 262 19 24 0.027958395 
605 201 29 37 0.027926259 
795 180 18 23 0.027909758 
848 200 17 23 0.027805656 
400 184 81 87 0.02773417 
791 204 19 27 0.02768688 
927 309 18 22 0.027323477 
973 81 19 29 0.026974011 
994 181 17 22 0.026750144 
711 159 37 54 0.02661782 
-215 311 700 723 0.025821239 
747 198 23 33 0.025707526 
843 259 19 22 0.02567549 
516 199 28 36 0.025651246 
589 182 27 34 0.02556016 
587 321 677 737 0.025339104 
805 363 18 22 0.025171831 
594 225 77 100 0.025081439 
669 178 22 31 0.024649024 
796 337 19 24 0.02455411 
573 164 95 114 0.024512311 
638 182 24 31 0.024449747 
815 364 17 23 0.024257919 
568 205 28 37 0.024156384 
515 151 28 36 0.024097122 
687 196 27 39 0.023885516 
528 204 41 55 0.02366289 
930 203 19 26 0.023552204 
583 129 78 94 0.023298329 
947 226 20 30 0.02323528 
982 312 18 27 0.023200372 
361 137 137 151 0.023060694 
944 187 17 23 0.022906495 
827 299 20 25 0.022846676 
269 -5 178 159 0.022618866 
558 133 27 35 0.022544181 
754 18 255 322 0.022234984 
515 172 28 34 0.022119692 
869 133 16 21 0.022066148 
817 228 19 25 0.022054808 
612 180 25 32 0.021996928 
546 148 71 83 0.021975508 
744 170 20 28 0.021841573 
904 232 18 23 0.021806538 
928 284 18 22 0.021698603 
799 161 17 21 0.02162496 
466 137 60 78 0.021583391 
400 215 52 52 0.021468386 
854 130 17 21 0.021174286 
535 17 239 284 0.020781383 
693 154 24 33 0.02067862 
37 -65 269 310 0.020568326 
747 227 23 31 0.020542951 
468 171 45 60 0.020542253 
542 539 357 351 0.020539949 
131 533 366 339 0.02050603 
630 156 103 125 0.020391079 
823 206 18 23 0.020377623 
993 312 18 28 0.020303408 
