4_Dancing_Dancing_4_224
35
531 62 88 127 0.9968561 
298 72 95 120 0.9955094 
764 195 48 57 0.5240662 
777 164 51 61 0.18898195 
219 277 36 45 0.10322456 
395 243 74 81 0.07154507 
200 261 33 41 0.051477987 
246 96 46 59 0.044583987 
492 361 97 162 0.042316828 
812 813 404 426 0.040427037 
249 123 48 63 0.03739432 
196 249 53 68 0.037321664 
245 596 92 109 0.034819342 
828 -92 396 432 0.0318332 
625 580 756 824 0.030945586 
184 356 85 96 0.029686349 
621 -247 780 811 0.029471183 
182 255 26 35 0.028193172 
219 289 48 59 0.028024012 
253 82 30 38 0.026622321 
785 189 46 54 0.026546735 
208 261 85 104 0.024833867 
290 23 95 100 0.024280705 
258 624 96 139 0.02395191 
828 132 387 437 0.022755206 
507 323 96 136 0.022667324 
219 330 52 62 0.022374444 
200 226 28 35 0.022332478 
748 154 67 84 0.021606077 
230 554 91 106 0.021178545 
294 147 87 109 0.021113578 
749 189 79 100 0.021030746 
255 329 92 99 0.020387458 
498 36 77 103 0.020286296 
472 418 87 131 0.02005105 
