4_Dancing_Dancing_4_514
371
517 32 82 107 0.9995396 
379 111 73 96 0.99874 
943 459 24 30 0.4001348 
899 480 27 34 0.27006775 
950 563 24 30 0.19854198 
419 33 58 76 0.18425941 
18 37 51 73 0.1731442 
779 482 25 33 0.16770817 
25 181 40 53 0.15937148 
23 505 40 59 0.14946066 
770 604 32 38 0.14584287 
880 156 45 58 0.13734429 
994 594 21 29 0.13529195 
944 583 22 28 0.12932153 
304 185 43 56 0.12627919 
20 372 46 76 0.112874836 
716 479 28 33 0.112225726 
451 32 61 81 0.11030862 
75 164 40 51 0.10768611 
931 197 38 49 0.105406016 
136 104 43 58 0.10427285 
130 217 43 56 0.10292202 
941 351 31 37 0.100274906 
140 350 39 50 0.098469116 
895 344 34 43 0.096064344 
189 87 49 64 0.09583257 
830 477 37 46 0.09317209 
817 636 22 28 0.09094413 
414 749 45 47 0.0891948 
193 57 45 56 0.08831332 
249 185 44 54 0.087861225 
901 659 26 32 0.08622843 
945 429 27 33 0.08476531 
317 188 53 65 0.083761044 
849 587 20 25 0.08258669 
23 139 43 59 0.07979789 
20 113 39 51 0.07750136 
251 111 45 57 0.07746855 
940 45 47 74 0.07585738 
978 431 23 30 0.075770095 
820 213 44 61 0.075412415 
994 541 18 24 0.075233094 
848 611 21 27 0.0744204 
873 528 24 31 0.073782966 
893 6 39 46 0.073395796 
303 14 52 57 0.070941776 
928 587 24 30 0.07033372 
939 376 26 33 0.07029372 
137 195 44 58 0.06974219 
699 316 48 60 0.0696493 
824 336 44 57 0.06760234 
23 283 43 60 0.0672648 
716 527 24 28 0.0663037 
359 330 89 112 0.06516541 
868 611 27 35 0.0648428 
248 61 42 52 0.06470425 
993 478 21 28 0.06445312 
991 430 22 31 0.06188903 
893 526 26 32 0.06149693 
197 396 43 52 0.060790632 
823 618 22 28 0.06070317 
952 543 21 26 0.060158435 
828 46 46 64 0.059726294 
951 612 22 27 0.05946539 
828 765 18 21 0.058610745 
130 413 41 50 0.05860472 
80 109 40 54 0.057804912 
23 349 40 60 0.05770591 
901 744 20 23 0.0574202 
864 623 43 54 0.05723237 
81 472 36 45 0.05683325 
190 13 47 56 0.056605577 
868 590 22 26 0.056420524 
890 460 26 32 0.05625348 
945 404 27 34 0.055028412 
788 772 22 25 0.055001646 
78 243 39 48 0.05485597 
192 132 48 61 0.054846227 
301 109 40 54 0.053425826 
817 176 54 74 0.05302835 
838 663 21 26 0.05250502 
415 7 55 66 0.05249846 
943 106 40 56 0.05236287 
826 745 19 23 0.052306008 
197 116 36 46 0.052141722 
23 243 42 57 0.05034694 
760 128 52 55 0.050300326 
743 765 19 25 0.04948525 
327 233 63 80 0.049120963 
953 511 21 25 0.048773397 
917 746 21 25 0.04782041 
917 483 21 27 0.04780414 
947 478 22 28 0.047172632 
874 787 23 26 0.047004662 
560 739 20 24 0.04695463 
928 710 19 24 0.04679269 
16 74 45 63 0.046722714 
135 529 37 45 0.046470452 
825 662 22 28 0.046174783 
878 634 42 54 0.046014167 
189 161 44 55 0.04537276 
757 290 43 54 0.045240283 
930 691 21 26 0.045150213 
975 585 20 28 0.044668272 
929 460 23 29 0.044623755 
831 516 39 49 0.04456926 
762 340 42 53 0.044444785 
989 240 29 41 0.04397042 
878 771 19 21 0.043949407 
917 662 22 29 0.043759167 
825 716 21 26 0.043171167 
821 170 32 43 0.04301326 
468 770 22 26 0.042806815 
759 46 78 91 0.042769883 
943 237 41 55 0.042473905 
146 289 39 54 0.042336132 
844 563 23 30 0.0419657 
480 768 19 24 0.041863803 
954 634 24 31 0.04185902 
304 51 44 64 0.04148824 
308 97 29 40 0.041340474 
969 565 20 27 0.041256793 
843 638 21 26 0.041116092 
564 725 22 26 0.04096964 
247 236 46 58 0.040329605 
597 772 21 24 0.040033963 
899 763 18 21 0.039838683 
820 293 42 50 0.03954904 
776 772 23 26 0.039377436 
776 419 38 48 0.039292272 
992 412 22 28 0.039284233 
981 481 20 27 0.03904924 
23 213 42 54 0.038811754 
839 714 23 27 0.038633417 
719 34 76 95 0.038600754 
199 529 33 40 0.03843793 
625 742 18 21 0.038154464 
985 192 33 47 0.038012505 
925 567 23 30 0.03768254 
82 283 44 55 0.036525134 
541 759 22 27 0.03646178 
889 614 26 33 0.03605289 
834 551 38 48 0.035821576 
842 587 34 42 0.035437487 
894 508 26 33 0.035379045 
966 638 24 30 0.03520589 
994 460 20 28 0.035117548 
321 164 47 59 0.035035446 
968 512 19 26 0.03499251 
946 282 41 54 0.034789845 
814 10 50 57 0.034695923 
902 716 19 23 0.034686666 
744 747 19 24 0.03428831 
919 761 22 25 0.03410228 
874 562 23 29 0.034005787 
947 717 19 24 0.034005325 
138 69 38 48 0.03391782 
519 720 22 27 0.033818405 
870 507 35 44 0.03371272 
706 455 44 51 0.033672944 
584 609 21 25 0.03363709 
900 585 22 27 0.033604816 
881 113 44 58 0.033561364 
140 318 43 62 0.03354135 
823 461 29 37 0.033438113 
819 503 39 48 0.033359103 
885 467 46 57 0.033337053 
765 -3 42 41 0.03330859 
841 769 18 21 0.033002365 
83 390 42 53 0.032941423 
970 614 22 29 0.03289505 
709 509 38 46 0.03280773 
981 458 20 28 0.032665934 
878 747 18 21 0.032229003 
198 43 35 43 0.03213229 
974 535 18 23 0.03202858 
995 559 18 25 0.031988963 
153 93 61 80 0.031760696 
773 782 27 31 0.031727664 
970 661 22 29 0.031726137 
839 406 30 39 0.031577487 
795 667 26 31 0.031525854 
931 384 23 29 0.03148866 
814 268 46 57 0.0312658 
785 780 28 32 0.031081876 
991 123 27 36 0.030978356 
125 240 37 47 0.030817188 
470 16 59 62 0.03070833 
735 483 23 29 0.030637158 
897 688 22 28 0.030494709 
961 111 37 52 0.03043966 
138 447 41 50 0.030324139 
717 574 28 38 0.030214671 
939 9 49 69 0.030122241 
894 434 25 30 0.029962892 
593 784 26 32 0.029700762 
599 72 53 72 0.02968843 
198 470 37 44 0.029672774 
400 47 59 73 0.029653026 
993 68 23 34 0.029627385 
73 54 43 58 0.029536696 
772 742 20 23 0.029363574 
614 610 22 27 0.029347839 
768 398 39 51 0.029328503 
784 591 27 33 0.029296901 
760 17 51 57 0.02920471 
913 16 33 41 0.029146243 
840 510 28 34 0.029109402 
921 534 21 27 0.029001275 
129 369 43 54 0.02893666 
128 290 40 53 0.028860508 
766 456 36 45 0.028829008 
703 739 19 22 0.028789317 
862 590 36 45 0.028701672 
741 531 21 27 0.02848954 
865 13 45 51 0.028386598 
518 739 20 24 0.028263774 
946 686 20 24 0.027992155 
217 60 45 53 0.027974011 
23 413 35 50 0.027963676 
992 668 18 26 0.02786588 
927 365 47 58 0.027855815 
590 37 69 84 0.027823482 
614 771 21 27 0.027757326 
24 640 41 54 0.027601399 
69 16 50 55 0.02750991 
709 342 34 45 0.027438413 
928 402 24 31 0.027351875 
937 551 44 57 0.027167214 
180 470 39 45 0.027120002 
352 7 51 55 0.026966134 
837 627 36 45 0.026937969 
556 762 21 26 0.026931964 
81 96 30 42 0.026894039 
592 739 18 23 0.026779644 
368 56 48 61 0.026777718 
822 587 21 26 0.026775979 
295 73 53 78 0.026758276 
480 44 37 49 0.026702693 
973 409 23 30 0.026685746 
592 594 22 27 0.0265956 
833 594 55 67 0.026575511 
591 763 36 40 0.026549792 
329 115 40 54 0.026468385 
872 715 18 23 0.026464012 
136 394 41 50 0.026461413 
822 194 32 46 0.0263987 
950 742 19 23 0.026340501 
27 482 28 38 0.02631548 
5 122 27 36 0.026265617 
823 784 22 28 0.026226232 
711 -1 44 47 0.026082974 
811 618 51 63 0.026027538 
896 787 22 26 0.026023638 
608 592 22 26 0.02599914 
843 741 19 23 0.025977522 
783 503 36 45 0.02571965 
841 423 30 38 0.02562983 
992 12 24 34 0.025549527 
835 171 32 45 0.025532221 
962 -2 38 48 0.025527574 
202 381 32 41 0.025513967 
1 84 40 54 0.025477434 
894 753 33 37 0.02545463 
964 240 35 52 0.02537644 
742 96 255 294 0.02537075 
254 782 32 36 0.025273064 
889 292 35 47 0.02525611 
940 215 36 47 0.025135444 
552 735 34 40 0.025089106 
144 389 69 76 0.02508482 
359 111 58 78 0.02503409 
771 476 46 58 0.024834437 
825 636 58 73 0.024828736 
993 686 18 25 0.024808044 
721 307 58 72 0.024707114 
831 651 35 44 0.024600023 
80 703 41 47 0.024554446 
819 711 33 41 0.024386307 
635 741 20 22 0.024375949 
842 694 22 27 0.02434446 
853 175 65 84 0.024294825 
950 665 24 31 0.024244407 
907 7 63 71 0.024187282 
777 505 57 72 0.023962837 
471 722 21 26 0.02392871 
2 139 40 53 0.023756307 
892 644 52 65 0.023732204 
306 466 45 51 0.023633722 
869 598 56 67 0.023592934 
792 57 68 85 0.023569403 
920 677 35 44 0.023543036 
227 655 44 48 0.023425164 
722 7 132 136 0.023387047 
932 444 47 58 0.023317102 
795 747 20 23 0.023314431 
219 113 46 55 0.023239497 
793 685 25 30 0.023232253 
976 786 25 29 0.023152776 
125 192 37 50 0.023094496 
812 145 42 55 0.023082567 
874 692 20 26 0.023076897 
926 606 23 29 0.0230441 
719 421 41 49 0.023019658 
620 737 32 38 0.02295743 
834 143 55 78 0.022884972 
10 -2 50 55 0.022851562 
755 38 52 64 0.022752883 
914 787 24 28 0.022751765 
143 438 71 78 0.022602528 
873 662 25 30 0.022559782 
169 216 41 54 0.022478936 
210 81 61 74 0.022389546 
853 639 69 75 0.02221157 
247 326 61 77 0.02220111 
334 192 60 78 0.02219744 
665 725 19 22 0.022174103 
945 176 32 41 0.022110216 
567 687 18 22 0.02200217 
910 752 37 40 0.021974834 
175 185 42 56 0.021917364 
129 94 35 45 0.021915635 
248 398 43 51 0.02182305 
531 715 22 27 0.021728529 
792 623 37 44 0.021605551 
195 188 35 45 0.021514319 
915 8 98 138 0.021477452 
307 250 59 77 0.021415345 
208 387 57 66 0.021377098 
732 95 76 82 0.021335362 
817 758 36 39 0.021304345 
823 452 48 58 0.021288037 
483 742 18 22 0.021268772 
919 570 50 61 0.021259464 
138 348 66 78 0.021251375 
878 493 52 64 0.02110222 
886 573 56 68 0.021033017 
46 482 26 34 0.020980235 
439 719 21 25 0.020951394 
143 238 36 47 0.020948322 
994 643 18 24 0.020933244 
328 144 42 54 0.020920519 
193 239 40 51 0.020870853 
925 431 24 33 0.020835238 
42 60 31 44 0.020818863 
19 599 41 57 0.020816542 
922 642 23 27 0.020696525 
777 296 42 49 0.020685256 
933 391 46 58 0.020664208 
809 499 68 77 0.020634191 
102 245 59 73 0.02055039 
901 726 55 63 0.020538907 
732 287 45 57 0.020524655 
308 751 58 58 0.020475632 
789 459 26 33 0.020419158 
608 760 36 43 0.0203821 
168 375 41 54 0.020368526 
-21 -26 150 180 0.02034115 
975 685 20 28 0.020276692 
546 752 36 41 0.020264931 
621 725 17 21 0.020262992 
701 725 18 21 0.020226324 
519 764 21 25 0.020223752 
-1 9 44 62 0.020223608 
74 144 36 47 0.020210067 
25 320 30 44 0.020160984 
739 517 22 27 0.02013829 
144 501 68 78 0.02009708 
826 0 46 45 0.020076914 
690 583 23 31 0.02003836 
920 705 34 42 0.020027352 
