4_Dancing_Dancing_4_769
36
463 236 41 52 0.9178335 
399 120 47 60 0.7445272 
523 221 39 49 0.064093255 
5 91 23 33 0.063116424 
839 364 22 28 0.05419259 
517 237 38 49 0.04310464 
872 298 23 29 0.042710986 
8 259 21 28 0.04073713 
524 260 40 54 0.04017628 
577 278 45 46 0.036234707 
892 280 20 27 0.030772235 
629 384 89 89 0.03076298 
916 153 19 25 0.030546708 
80 149 18 24 0.030353343 
485 402 41 48 0.029591504 
648 342 40 46 0.02849482 
748 306 22 27 0.026934715 
766 330 21 28 0.026865488 
699 340 21 27 0.026788965 
634 337 76 82 0.02663965 
-65 517 355 357 0.024892151 
990 507 23 35 0.024229178 
534 271 25 33 0.024012698 
797 180 22 29 0.023796927 
556 202 27 32 0.023719808 
974 500 36 60 0.02176842 
951 181 18 25 0.02172025 
-218 298 703 742 0.021701468 
847 329 23 27 0.02147326 
542 212 42 49 0.02140465 
742 528 344 365 0.02108365 
517 207 23 29 0.020659491 
607 301 76 91 0.020577362 
836 273 65 76 0.02055845 
715 205 22 32 0.02034798 
829 364 21 27 0.0201955 
