4_Dancing_Dancing_4_84
147
701 162 42 50 0.9917026 
477 134 42 48 0.99103105 
131 173 46 54 0.952262 
342 153 42 49 0.93122905 
534 198 34 46 0.9221164 
848 106 43 52 0.8805385 
51 69 22 28 0.4446058 
147 78 26 34 0.3986695 
737 74 23 30 0.34205136 
788 65 24 30 0.30245158 
407 232 28 38 0.28855953 
643 425 31 38 0.26066977 
264 198 42 48 0.19147258 
48 245 25 32 0.17503591 
636 47 23 29 0.16624661 
761 128 25 33 0.13657755 
793 101 28 33 0.09925318 
593 139 34 43 0.097369276 
266 128 22 26 0.09404024 
607 97 23 27 0.08805758 
454 128 40 49 0.08462634 
4 131 25 36 0.084356636 
795 119 26 33 0.083111115 
107 125 23 30 0.076965116 
279 173 38 45 0.074701585 
213 68 21 28 0.07398965 
551 201 30 39 0.07336706 
761 144 24 32 0.06806074 
136 76 24 32 0.06373812 
273 219 32 39 0.057338856 
455 97 27 34 0.05732495 
348 131 41 51 0.05722911 
104 107 20 26 0.056623545 
727 76 23 28 0.05591945 
590 164 35 43 0.055105977 
76 132 24 30 0.052965816 
224 69 20 26 0.051342443 
642 250 26 36 0.050589796 
253 97 20 25 0.05015815 
603 126 34 43 0.048352864 
227 134 23 29 0.046826556 
80 104 21 27 0.04639331 
199 137 33 44 0.045581814 
35 98 19 26 0.04508162 
273 133 23 28 0.04476525 
206 203 25 34 0.0436185 
182 75 21 29 0.043493252 
643 150 26 35 0.042782035 
442 140 32 42 0.04259655 
687 3 23 25 0.0423869 
611 81 22 27 0.042236313 
991 2 25 29 0.04181242 
773 73 23 29 0.039631974 
534 98 23 28 0.03913242 
721 1 22 24 0.03820702 
248 241 40 51 0.03763804 
180 102 22 28 0.037010204 
767 51 22 26 0.036099583 
737 87 35 45 0.035074838 
203 130 25 32 0.03452653 
33 77 20 26 0.034511987 
940 332 24 30 0.03445352 
180 118 34 45 0.034298833 
51 96 22 30 0.033632733 
296 170 29 38 0.033557005 
607 167 28 36 0.03318514 
443 130 24 33 0.0326692 
357 321 77 88 0.03261751 
549 542 21 24 0.03245864 
255 209 56 68 0.032264538 
248 269 25 34 0.031854108 
671 1 23 24 0.03160277 
639 107 21 26 0.030906273 
256 172 40 49 0.030862316 
232 244 36 47 0.030747442 
822 49 23 29 0.030271722 
52 150 22 29 0.02995854 
635 416 50 63 0.029887564 
765 195 27 35 0.029604003 
270 146 35 44 0.029494472 
792 0 25 27 0.029350087 
133 88 31 41 0.029329997 
75 226 23 30 0.029247263 
971 230 34 54 0.028509106 
407 80 22 27 0.028410573 
139 67 43 56 0.028359048 
952 300 24 30 0.028238071 
3 158 36 51 0.028168594 
33 69 34 43 0.028062094 
642 30 25 29 0.028022856 
669 127 25 32 0.027822243 
637 72 21 27 0.027698487 
947 224 23 32 0.027681213 
638 127 23 30 0.02744703 
761 172 34 45 0.027322648 
395 228 46 61 0.027035065 
49 177 23 30 0.026932934 
970 72 27 35 0.026266519 
308 126 23 29 0.026124263 
696 406 73 83 0.025690809 
771 97 25 32 0.025453946 
901 268 36 47 0.024697227 
395 343 44 58 0.0246836 
530 129 24 31 0.024632601 
20 175 23 30 0.024541076 
44 55 36 46 0.02431953 
1 48 25 30 0.023983823 
645 172 27 35 0.023936158 
251 81 21 28 0.023909152 
5 250 25 34 0.023866585 
536 300 40 52 0.023757337 
793 148 23 29 0.023493936 
686 70 23 30 0.023294376 
821 221 36 46 0.023278471 
623 52 22 26 0.023248117 
258 219 32 40 0.023144925 
5 202 24 32 0.023003077 
31 88 34 44 0.02295811 
951 238 35 51 0.022595545 
55 127 21 27 0.022494087 
5 78 19 24 0.022376617 
207 100 20 26 0.02235101 
992 326 20 27 0.022344174 
75 73 20 26 0.022180304 
720 100 25 32 0.022064384 
524 329 66 84 0.0220409 
3 -1 68 66 0.021962374 
991 127 24 31 0.021700947 
81 176 22 27 0.02161808 
2 227 27 38 0.021471918 
404 262 38 52 0.021378592 
762 27 23 26 0.021324828 
955 251 22 30 0.021296121 
748 55 22 28 0.02128008 
3 102 20 26 0.021195432 
795 274 24 31 0.020864684 
230 231 28 35 0.020818045 
109 76 20 25 0.020616895 
673 72 22 27 0.020478414 
535 274 41 56 0.020374017 
89 109 48 64 0.020322895 
202 161 35 47 0.020290188 
752 116 46 57 0.020232076 
531 180 33 43 0.020177102 
635 191 34 45 0.020121353 
25 47 24 30 0.020054746 
61 213 52 64 0.020013086 
