4_Dancing_Dancing_4_327
17
754 159 512 593 0.04843444 
788 1096 541 562 0.04431107 
762 -107 518 603 0.040568735 
578 66 37 46 0.040544037 
516 803 1046 1084 0.032673962 
510 42 36 40 0.029027445 
784 468 513 577 0.028898051 
550 106 33 44 0.027246926 
608 431 410 490 0.024757637 
530 -280 960 1079 0.024655432 
343 590 420 482 0.024584733 
531 38 29 35 0.022843124 
544 82 30 38 0.022015335 
666 753 124 131 0.021986512 
785 790 513 560 0.02086 
545 183 904 1064 0.020374939 
529 127 405 579 0.020005086 
