4_Dancing_Dancing_4_1043
55
75 433 41 49 0.41025648 
57 411 67 82 0.0767798 
8 458 22 28 0.052075487 
21 460 21 27 0.043421727 
-142 326 561 602 0.039548416 
179 429 23 30 0.03949062 
94 438 27 34 0.03935813 
52 403 23 29 0.039003897 
847 434 19 23 0.03331637 
0 101 143 186 0.033121157 
977 336 17 23 0.032981288 
619 114 92 95 0.03295997 
101 403 22 28 0.03151585 
127 432 20 26 0.031429164 
182 386 19 24 0.031081624 
25 483 22 29 0.03032874 
6 508 21 29 0.029755011 
28 406 18 23 0.029438073 
657 426 518 555 0.027984058 
203 364 20 23 0.027795339 
777 148 81 101 0.027499406 
209 460 22 26 0.026231209 
901 595 21 25 0.025402728 
18 475 35 49 0.025175126 
178 411 22 27 0.025089193 
31 438 18 24 0.025069974 
6 486 20 27 0.024549212 
592 618 49 60 0.0242581 
186 361 18 21 0.023174737 
133 408 21 27 0.02309743 
333 560 22 26 0.022872686 
131 385 22 26 0.022481574 
204 381 21 25 0.02241989 
25 509 24 33 0.02241734 
285 565 19 25 0.022409417 
90 399 40 52 0.022255445 
4 503 35 49 0.022189379 
160 467 20 25 0.022021323 
231 407 22 28 0.021850212 
56 435 24 31 0.021807663 
983 309 17 21 0.021423003 
5 491 70 84 0.021298558 
330 522 362 354 0.02109106 
922 635 25 28 0.021055857 
205 486 22 27 0.021009758 
16 516 38 53 0.020980757 
82 388 22 26 0.020953637 
242 233 206 250 0.020819686 
980 354 18 23 0.02078671 
945 355 19 24 0.020783305 
944 341 19 24 0.020755723 
673 35 70 95 0.020745488 
126 460 20 25 0.020350864 
207 407 22 27 0.020217385 
870 405 19 23 0.020050917 
