4_Dancing_Dancing_4_189
20
414 37 70 105 0.9991689 
578 25 82 94 0.928933 
253 10 57 76 0.09742983 
549 17 73 85 0.042029645 
413 201 86 114 0.036632273 
302 75 62 76 0.03454189 
586 -7 83 84 0.03370281 
377 29 59 77 0.031970825 
400 13 67 84 0.03008984 
219 -1 66 74 0.028432397 
267 40 53 73 0.0283677 
395 169 86 109 0.026173858 
626 75 55 65 0.02523728 
266 57 75 92 0.022476785 
642 73 71 81 0.022316255 
927 492 19 26 0.021303473 
989 718 27 33 0.02123387 
385 161 138 179 0.020089183 
339 50 65 82 0.020080036 
384 43 31 44 0.020046253 
