4_Dancing_Dancing_4_240
63
527 162 64 78 0.9990792 
108 156 58 70 0.999052 
682 123 57 69 0.9989152 
835 100 56 70 0.9987036 
254 190 58 71 0.997936 
391 206 64 77 0.9938704 
162 78 48 58 0.38325042 
130 23 25 32 0.26805985 
973 446 26 36 0.24398299 
406 482 70 107 0.23069923 
446 125 75 80 0.08143532 
273 206 60 73 0.065215334 
825 552 43 46 0.063813895 
569 360 81 110 0.062067468 
951 579 26 32 0.057097204 
907 150 39 52 0.04959293 
240 124 42 50 0.04943927 
300 232 45 53 0.040773023 
957 565 42 53 0.037256505 
104 91 28 38 0.03722959 
637 503 25 31 0.036456037 
950 565 25 31 0.032311663 
180 42 27 33 0.032071646 
612 1 27 30 0.031179372 
631 501 41 51 0.031026639 
244 476 140 161 0.030141529 
791 467 26 29 0.030020421 
975 414 19 25 0.02874953 
250 4 23 26 0.028269175 
320 488 121 148 0.02804122 
114 576 41 50 0.02792666 
124 587 24 32 0.027812527 
359 7 74 78 0.027646743 
391 107 43 57 0.026578732 
426 138 53 65 0.026243342 
902 526 38 46 0.026060818 
942 540 67 92 0.025961058 
460 124 34 37 0.024546996 
46 288 55 81 0.02452507 
604 501 93 138 0.024027457 
145 23 23 29 0.02376642 
104 78 23 31 0.023747519 
182 33 23 28 0.02358722 
812 170 41 52 0.023557607 
160 40 56 68 0.022667065 
131 5 24 30 0.022280043 
319 109 39 50 0.02200554 
886 536 61 76 0.021975674 
113 79 54 72 0.02196846 
238 4 23 26 0.021963479 
337 2 20 24 0.021448897 
788 559 20 26 0.021379452 
402 197 45 55 0.021211386 
376 458 66 90 0.02098133 
423 100 73 83 0.020898705 
837 603 29 36 0.020579437 
389 553 26 32 0.020374443 
234 28 24 29 0.020356359 
215 272 44 56 0.020352818 
961 425 43 60 0.020340946 
460 147 37 41 0.020328598 
299 509 82 105 0.020222241 
345 181 65 79 0.0200555 
