4_Dancing_Dancing_4_422
168
392 388 73 102 0.76812893 
198 446 134 192 0.4554956 
318 409 76 99 0.44027317 
498 87 83 114 0.40025282 
348 391 82 105 0.32272735 
765 669 26 34 0.22052112 
641 635 22 26 0.19266044 
595 78 90 115 0.16728522 
825 616 22 25 0.15755545 
547 71 97 137 0.11958201 
684 647 22 29 0.111492164 
585 692 24 29 0.10783714 
299 251 141 190 0.09539159 
717 692 19 24 0.09530244 
542 645 19 23 0.09342193 
191 432 88 111 0.08783923 
594 665 19 24 0.083974876 
621 642 19 24 0.083570145 
644 623 21 26 0.0812238 
593 645 19 24 0.08079267 
519 661 21 26 0.07216299 
538 660 21 25 0.06993067 
563 670 19 24 0.0679948 
569 689 23 29 0.06481874 
843 441 22 27 0.06479374 
797 636 19 23 0.06427255 
425 395 70 96 0.06336795 
800 616 19 23 0.061849743 
461 659 23 27 0.060998823 
620 613 19 23 0.05933809 
435 621 21 27 0.057493705 
463 644 22 27 0.056932747 
616 659 19 24 0.054414008 
617 592 21 24 0.05199531 
766 643 21 25 0.050010353 
674 645 22 26 0.048206475 
517 694 23 26 0.047784597 
617 695 21 26 0.04523005 
562 69 155 175 0.04446625 
330 335 98 132 0.04385987 
769 614 19 23 0.04372219 
721 673 20 24 0.043662716 
440 632 20 25 0.04217465 
396 72 64 106 0.04090222 
674 657 22 28 0.0406296 
826 306 19 24 0.04055051 
350 394 36 50 0.04014648 
462 614 19 24 0.039787352 
597 455 25 30 0.03957004 
560 645 18 22 0.03917365 
825 632 22 26 0.03873148 
714 716 20 23 0.038351085 
515 648 20 23 0.038088795 
487 645 20 24 0.037879206 
825 201 17 20 0.03773192 
849 280 21 26 0.036448114 
752 643 19 23 0.036194313 
510 111 255 310 0.035993677 
278 441 87 106 0.035852086 
699 715 19 22 0.0355872 
488 48 81 107 0.03528769 
535 192 150 153 0.03518641 
343 447 48 62 0.03508022 
609 413 70 87 0.035029344 
797 593 19 24 0.034991577 
601 434 51 56 0.034768462 
637 618 35 41 0.034753256 
699 694 21 24 0.034128457 
822 595 19 22 0.032804105 
251 473 88 103 0.032587998 
532 131 136 152 0.032523613 
463 407 59 75 0.032081306 
491 617 18 22 0.032068796 
663 407 21 26 0.031818017 
789 669 22 26 0.03164115 
435 688 20 24 0.031630617 
460 76 80 107 0.031517074 
242 521 90 106 0.03111559 
825 238 20 23 0.031092504 
293 261 94 112 0.030544385 
459 690 22 26 0.029695628 
419 690 21 25 0.029662065 
838 612 19 25 0.029465578 
357 175 85 99 0.029166961 
751 667 22 27 0.028971491 
742 493 20 25 0.02842697 
273 349 176 221 0.02842034 
189 413 62 84 0.028410476 
464 594 19 25 0.028232366 
534 694 21 24 0.028214063 
592 617 19 23 0.02817942 
435 69 69 100 0.027954772 
618 561 19 23 0.027570896 
787 276 23 28 0.027109291 
565 615 19 22 0.026955236 
746 507 19 24 0.026879262 
533 641 32 38 0.026797118 
524 473 36 46 0.026497511 
793 630 35 40 0.026306856 
456 611 34 43 0.02628607 
642 656 21 26 0.026176946 
612 450 28 34 0.025982805 
437 667 19 23 0.025879167 
584 443 80 91 0.025815006 
560 533 22 28 0.025769483 
721 643 17 22 0.02561774 
616 609 34 39 0.025498834 
375 203 90 105 0.025469385 
435 720 20 24 0.025425218 
488 660 20 26 0.025355347 
641 479 26 31 0.025167473 
662 613 20 24 0.025071673 
511 617 18 22 0.024988644 
342 526 86 106 0.024929326 
716 734 22 26 0.024896257 
184 498 95 128 0.02489251 
638 695 20 24 0.024638057 
638 456 26 32 0.024607949 
799 609 32 38 0.024588443 
827 286 19 24 0.024578677 
446 601 58 73 0.024492625 
298 161 163 178 0.024359528 
486 385 68 89 0.024212014 
953 507 21 28 0.024069492 
647 538 20 24 0.023944296 
470 628 59 70 0.023759259 
705 707 34 39 0.023710523 
841 299 20 27 0.023698518 
616 36 113 127 0.023432752 
565 585 20 25 0.023410192 
966 615 20 25 0.023111181 
524 -16 243 288 0.02309447 
627 444 44 51 0.02296874 
592 379 141 156 0.022733241 
216 402 53 67 0.022725683 
645 590 20 24 0.022660144 
540 711 22 24 0.022528648 
434 732 25 29 0.0224129 
612 221 113 110 0.022387307 
843 232 17 21 0.022333333 
917 460 18 22 0.02230241 
479 640 35 41 0.022263637 
437 629 33 42 0.02225799 
827 660 21 24 0.022131009 
750 683 23 29 0.022068243 
852 738 23 29 0.022030652 
838 656 22 26 0.021935536 
511 707 22 27 0.02191447 
612 359 77 91 0.021695353 
542 620 19 25 0.021618279 
388 733 26 30 0.02155277 
493 693 20 26 0.021442955 
632 471 43 50 0.02141009 
842 209 17 21 0.02133693 
628 605 57 69 0.02132971 
638 499 41 47 0.021148894 
694 687 35 40 0.020982323 
899 456 20 24 0.020952953 
642 550 72 90 0.020897426 
385 550 162 192 0.02083338 
427 251 134 161 0.020794142 
378 548 47 56 0.020700337 
501 264 74 91 0.020495674 
589 493 44 51 0.02034458 
624 528 72 88 0.020301517 
664 587 21 27 0.02028994 
618 455 74 81 0.0201142 
556 665 31 39 0.020019999 
