4_Dancing_Dancing_4_375
47
234 171 57 76 0.98492104 
570 279 80 87 0.16239978 
304 221 25 32 0.10040874 
377 300 24 30 0.06538872 
312 341 37 48 0.05713314 
943 328 20 23 0.049087703 
223 151 46 61 0.048758898 
366 303 22 29 0.046473958 
843 292 19 24 0.03698455 
612 289 49 57 0.036490947 
898 289 17 22 0.036379807 
586 257 23 30 0.03601871 
597 263 80 93 0.035092205 
613 284 27 35 0.03472258 
934 328 18 24 0.0343008 
822 485 26 29 0.033653192 
977 333 19 24 0.032427628 
325 336 24 32 0.032018658 
901 311 16 21 0.030142652 
584 278 30 43 0.029151041 
929 319 31 38 0.028258732 
217 390 40 44 0.028240483 
158 284 23 32 0.02776503 
170 263 38 54 0.027155828 
944 317 19 23 0.026552845 
572 255 135 151 0.025328886 
333 304 24 30 0.024957512 
930 315 17 22 0.024224557 
582 325 78 102 0.02297554 
180 256 26 35 0.022888301 
169 325 38 49 0.022541877 
124 303 25 32 0.021930503 
634 287 23 28 0.02178952 
445 299 21 28 0.021670956 
814 479 45 46 0.021626337 
669 216 124 145 0.021342652 
837 285 32 40 0.021172049 
456 299 21 27 0.02081298 
729 260 125 147 0.02066832 
628 245 81 95 0.02059398 
211 385 28 33 0.020400472 
977 314 17 21 0.0203248 
654 205 64 74 0.020229736 
798 300 21 26 0.020108726 
632 300 27 34 0.020103289 
794 266 117 143 0.020043278 
14 317 49 57 0.020024143 
