4_Dancing_Dancing_4_489
143
597 208 54 70 0.99942136 
777 240 46 56 0.9986053 
277 240 44 56 0.9968081 
396 124 47 60 0.9964014 
174 235 50 60 0.9951761 
531 61 38 47 0.99336064 
484 104 40 51 0.99237084 
916 139 40 50 0.9919286 
419 62 40 49 0.98773474 
611 80 41 52 0.9843919 
125 117 41 51 0.9843045 
397 238 44 55 0.97971547 
253 134 41 51 0.9779323 
703 282 41 54 0.97792655 
804 19 37 46 0.9753415 
909 47 34 42 0.9718103 
830 113 38 46 0.9694584 
295 67 37 47 0.96527386 
347 79 36 46 0.9322762 
751 109 39 50 0.9282461 
188 80 40 49 0.92548 
540 232 44 54 0.9101609 
666 98 43 58 0.87827903 
759 42 32 41 0.8544829 
692 29 36 45 0.80729604 
886 104 38 47 0.80575544 
936 5 27 33 0.2732886 
979 16 26 33 0.2577859 
915 281 39 49 0.20730771 
896 -1 26 30 0.1761663 
110 26 19 24 0.16574378 
61 27 18 23 0.15733215 
158 53 21 28 0.14845704 
868 14 26 33 0.14111288 
214 25 20 25 0.12758411 
71 185 44 61 0.11899347 
72 26 19 25 0.11727588 
613 1 28 33 0.107284665 
978 5 23 29 0.103527665 
657 -1 30 36 0.09431328 
758 56 39 48 0.08425265 
353 2 27 29 0.08194081 
457 1 26 31 0.079897 
338 1 28 31 0.07923627 
638 0 32 35 0.07775639 
106 48 21 26 0.07337543 
148 5 19 23 0.07058014 
129 274 38 47 0.06604559 
863 49 32 43 0.065115206 
24 51 19 24 0.06509216 
154 26 19 25 0.06254452 
536 0 29 32 0.062183764 
506 28 24 30 0.06192829 
405 88 48 57 0.060044162 
487 0 26 28 0.059652843 
988 22 24 33 0.059031017 
82 178 28 39 0.0568612 
10 3 21 26 0.056518316 
488 19 30 35 0.053594634 
459 16 30 35 0.052170236 
351 18 28 30 0.051854145 
924 15 31 39 0.049274273 
138 3 19 24 0.04850554 
955 195 45 75 0.048443485 
-2 81 20 29 0.048365626 
101 5 18 22 0.0481607 
20 22 18 23 0.047675215 
410 -1 27 28 0.047026947 
377 0 27 29 0.046779234 
438 0 27 28 0.04668738 
555 0 30 33 0.045404054 
49 203 47 64 0.045272626 
417 320 51 58 0.04396676 
204 49 25 32 0.04252008 
122 235 38 50 0.041639388 
82 1 19 22 0.03972202 
963 117 34 47 0.039657544 
20 7 19 24 0.039227393 
971 101 33 44 0.03912265 
0 421 21 32 0.038707815 
177 27 19 24 0.037757896 
381 20 27 31 0.0373978 
1 170 23 31 0.037141815 
813 3 32 38 0.03604294 
482 72 39 49 0.035990383 
180 52 24 30 0.035817083 
972 36 33 43 0.035314754 
211 5 19 23 0.03513168 
223 25 20 24 0.03491847 
227 2 20 25 0.034757614 
2 96 22 30 0.03469214 
254 0 28 30 0.03424422 
765 173 40 50 0.03319366 
126 22 19 26 0.03243445 
45 174 39 50 0.032167193 
931 125 40 53 0.03203699 
21 168 34 44 0.0319037 
95 177 29 41 0.0318957 
614 15 28 33 0.031886358 
466 109 44 55 0.031876605 
991 0 21 27 0.031792093 
846 1 26 31 0.03085952 
746 376 38 51 0.030452274 
80 46 20 26 0.030426228 
73 212 36 50 0.030264353 
254 19 26 30 0.030217612 
846 60 37 47 0.030216731 
88 215 43 56 0.030198809 
57 46 19 25 0.029480034 
337 16 29 32 0.029404493 
479 249 32 41 0.029216183 
181 2 18 23 0.028990554 
56 75 23 30 0.028954312 
0 215 36 50 0.028610643 
959 170 35 56 0.028605372 
939 270 43 53 0.028213913 
963 265 42 57 0.02800678 
106 492 22 27 0.02743757 
433 10 38 43 0.027309755 
29 71 22 28 0.026590193 
20 190 38 53 0.026501304 
587 -2 27 31 0.025996694 
535 18 29 34 0.025730696 
662 68 40 51 0.025430297 
55 5 19 22 0.025231553 
835 129 41 49 0.0252039 
22 213 40 56 0.02471928 
51 194 32 46 0.024409188 
306 169 40 52 0.024198597 
892 18 28 35 0.023846779 
82 166 49 66 0.023126032 
275 0 29 31 0.023007872 
384 49 27 35 0.022876518 
149 159 40 50 0.022010699 
8 479 21 31 0.02188594 
11 20 19 25 0.021380033 
2 195 35 48 0.0213144 
127 49 22 27 0.021108808 
8 47 20 26 0.02076118 
966 65 34 47 0.020750925 
508 0 22 25 0.020702457 
307 -1 26 28 0.020637503 
849 323 37 49 0.020475758 
