4_Dancing_Dancing_4_228
51
445 116 42 54 0.9864847 
845 36 51 65 0.9422287 
609 94 47 63 0.91696465 
275 156 36 48 0.62866455 
580 136 42 57 0.23334605 
527 239 60 70 0.22597703 
587 108 52 70 0.12050325 
43 429 26 32 0.08744558 
807 142 44 58 0.085269734 
570 144 34 45 0.08325738 
210 265 45 52 0.0784513 
794 90 25 31 0.06445403 
439 213 36 46 0.054999866 
872 38 46 61 0.04681781 
612 77 30 40 0.040183183 
803 152 63 92 0.03941115 
755 271 41 53 0.03850634 
598 102 68 105 0.038476743 
571 127 23 28 0.03744612 
820 132 27 35 0.03542822 
593 144 54 74 0.03507288 
565 161 38 52 0.033097405 
567 100 22 29 0.031384166 
755 112 38 46 0.031247305 
480 337 85 99 0.030838517 
255 141 61 85 0.02918212 
1 698 38 61 0.028596843 
586 120 30 41 0.028443107 
614 270 46 51 0.028198294 
306 131 22 29 0.027412111 
661 116 28 36 0.02695154 
688 120 24 31 0.025241954 
740 4 26 30 0.024125447 
541 150 25 30 0.0236396 
305 101 23 29 0.023339178 
606 143 36 45 0.023314575 
622 125 47 61 0.023108788 
635 84 62 77 0.022596683 
623 76 45 62 0.022479774 
361 230 26 32 0.022046119 
864 1 24 29 0.021988109 
828 163 64 93 0.021957025 
821 117 54 65 0.02193978 
819 31 60 75 0.021578494 
410 358 19 25 0.021390133 
172 303 64 82 0.021209486 
692 105 23 28 0.02062919 
800 79 57 70 0.020526195 
510 163 34 44 0.020448122 
759 92 37 42 0.02040577 
767 81 23 28 0.020214712 
