7_Cheering_Cheering_7_386
391
764 291 30 39 0.6201289 
212 549 43 53 0.6178776 
763 431 38 49 0.5537101 
809 538 41 55 0.5251768 
380 519 50 70 0.3502184 
661 415 55 77 0.29559436 
556 456 72 86 0.26534054 
314 594 72 72 0.2002584 
660 443 33 44 0.19657932 
65 507 45 68 0.16987528 
870 351 23 29 0.1672923 
892 399 23 29 0.15870503 
896 388 24 30 0.14683764 
765 345 25 32 0.14154272 
947 405 26 36 0.13236421 
687 427 29 41 0.1312375 
333 459 25 32 0.13052367 
871 384 25 31 0.12905674 
830 520 41 53 0.12192878 
865 398 27 37 0.11575634 
469 408 19 25 0.10938252 
588 436 28 35 0.10448794 
303 428 27 33 0.10422842 
769 334 28 34 0.103625156 
777 421 37 50 0.1009051 
794 486 34 45 0.09631521 
689 407 28 39 0.09168563 
682 265 33 45 0.08940653 
329 569 70 76 0.08837147 
285 390 26 32 0.087799124 
897 559 44 57 0.0865371 
950 333 21 27 0.08367051 
919 436 20 28 0.08276443 
645 457 25 33 0.08264318 
544 448 117 143 0.0823237 
546 518 128 137 0.08205504 
844 418 37 52 0.08083536 
665 405 29 39 0.08064228 
584 578 85 83 0.08019604 
225 431 24 28 0.07808754 
352 537 68 79 0.07772692 
223 454 28 36 0.076986834 
401 524 35 48 0.075035185 
359 434 21 26 0.07369332 
305 405 25 32 0.07300504 
767 406 31 40 0.07227909 
968 490 21 33 0.072240196 
725 472 39 49 0.07138552 
588 493 49 57 0.07110988 
791 409 27 37 0.071038485 
728 546 43 54 0.06972194 
980 348 24 33 0.06916262 
433 462 21 26 0.06711338 
181 431 22 28 0.066816784 
560 457 36 46 0.06586632 
928 407 22 26 0.06546766 
639 406 25 33 0.06447706 
807 500 41 53 0.06314088 
966 494 32 52 0.062245548 
820 406 27 38 0.061949264 
767 376 27 33 0.060953528 
257 415 20 25 0.06088464 
609 439 25 32 0.060631715 
779 338 38 48 0.06004376 
975 335 23 30 0.059462957 
664 333 25 30 0.058780942 
212 432 23 28 0.058631897 
43 536 48 64 0.058275323 
514 426 25 34 0.058211017 
856 433 38 52 0.058112487 
811 486 28 35 0.058052327 
256 383 19 24 0.057286218 
287 336 24 29 0.05728001 
295 570 58 71 0.05669783 
737 523 43 53 0.056310665 
130 353 25 31 0.05601316 
157 381 22 28 0.05578894 
857 524 40 50 0.05540358 
749 353 23 31 0.054862 
634 419 59 73 0.05448259 
432 414 18 23 0.05448115 
869 341 22 27 0.053110853 
235 419 20 24 0.05301621 
915 426 33 45 0.052555572 
44 373 62 86 0.05236062 
566 424 59 74 0.052006755 
849 404 29 41 0.05198382 
468 386 18 23 0.05149898 
377 479 24 30 0.051321223 
821 424 27 39 0.05109272 
749 427 36 48 0.05095189 
362 357 18 22 0.050584596 
642 437 24 30 0.050547075 
959 486 20 28 0.050363917 
154 462 26 35 0.050322313 
900 431 22 28 0.04995019 
798 548 60 78 0.049899414 
741 377 24 33 0.04985744 
210 455 28 34 0.049459375 
659 348 25 33 0.049237337 
413 436 19 24 0.04885439 
0 379 23 40 0.048392978 
969 392 34 64 0.048240222 
387 388 20 25 0.047929373 
414 258 25 31 0.047412045 
749 302 25 32 0.047133483 
510 352 20 26 0.04704828 
357 519 44 59 0.04667487 
896 360 22 27 0.0466278 
412 384 19 23 0.04649924 
585 437 80 99 0.046410296 
355 501 40 51 0.045842648 
580 452 35 44 0.04552242 
566 435 24 30 0.045351095 
149 355 21 27 0.04526681 
466 432 20 26 0.045144215 
482 406 21 30 0.044978738 
588 329 20 25 0.044671956 
51 156 22 27 0.04466457 
362 456 22 27 0.044532415 
363 676 83 80 0.044310473 
309 455 29 35 0.04378154 
819 380 24 32 0.04377561 
221 536 33 40 0.04320037 
417 335 19 24 0.04256146 
518 413 22 28 0.042389963 
332 404 22 27 0.04226638 
502 486 43 61 0.042229887 
249 463 68 93 0.041491725 
777 443 38 50 0.040945064 
362 409 22 27 0.04059057 
697 420 37 52 0.040572383 
788 334 25 31 0.040467326 
206 418 19 23 0.04042242 
386 403 19 25 0.040256087 
649 374 63 81 0.04024391 
14 518 132 216 0.040181205 
790 513 53 70 0.040161673 
486 356 20 24 0.04011419 
488 383 19 24 0.04000282 
953 477 34 48 0.039866924 
668 380 27 32 0.03959586 
811 396 55 72 0.03952111 
424 517 40 60 0.039302476 
84 496 60 86 0.039219253 
328 497 42 51 0.038683493 
648 350 24 31 0.038549576 
241 385 18 21 0.038479637 
755 314 53 64 0.037993327 
862 504 39 49 0.0379127 
798 471 53 66 0.037684113 
991 333 21 29 0.037609585 
259 364 18 23 0.0375638 
628 462 41 56 0.037515912 
984 509 37 57 0.037324145 
534 409 19 26 0.037102677 
880 374 47 61 0.036979854 
569 412 22 27 0.03686922 
604 384 100 124 0.036853816 
452 502 57 84 0.036668494 
739 621 65 85 0.036655184 
686 383 26 33 0.036601946 
739 403 26 35 0.036405258 
690 425 59 79 0.036298685 
219 460 60 77 0.036142662 
380 465 21 26 0.03608269 
437 434 18 24 0.035994887 
382 338 17 22 0.03575559 
973 374 36 57 0.035226624 
854 561 58 68 0.03513656 
416 414 19 23 0.03488263 
849 394 67 81 0.03482326 
746 533 55 68 0.034738537 
526 467 70 91 0.034607355 
940 392 48 67 0.034594655 
701 399 37 54 0.034546897 
255 425 20 25 0.03454325 
512 382 19 25 0.034453217 
702 583 101 137 0.0343972 
562 377 23 29 0.034359172 
808 432 58 73 0.034338888 
47 248 28 36 0.034082998 
611 451 28 35 0.033861704 
546 353 21 27 0.03339702 
360 385 20 25 0.033364065 
571 508 81 90 0.033362526 
141 469 43 54 0.033291016 
951 387 23 30 0.033277854 
293 627 90 88 0.03308847 
618 329 20 26 0.032954916 
761 611 24 32 0.03292651 
560 359 21 27 0.032881934 
476 481 53 82 0.032596692 
764 503 56 77 0.032546863 
764 527 95 131 0.032452796 
151 379 38 53 0.032430343 
973 427 34 66 0.03237619 
78 379 67 99 0.032363225 
105 324 26 34 0.03215023 
367 483 25 31 0.032082897 
326 519 47 59 0.03200479 
418 458 19 24 0.03193037 
368 340 18 22 0.03157005 
168 406 52 68 0.03144765 
893 422 34 46 0.0312803 
585 412 24 29 0.0311534 
822 546 46 58 0.031153215 
281 480 108 125 0.030943932 
678 380 41 57 0.030872416 
992 354 21 32 0.030768963 
714 371 36 50 0.030571718 
717 611 60 81 0.03055506 
287 431 24 29 0.030526161 
116 375 64 86 0.030471435 
387 434 19 24 0.030340465 
986 416 29 63 0.03023154 
487 429 23 32 0.030215295 
435 381 19 24 0.03013226 
725 494 54 68 0.030094922 
298 468 44 60 0.030092835 
822 455 26 35 0.030084101 
746 579 106 140 0.030077735 
279 385 50 59 0.02986864 
209 384 16 20 0.029762145 
337 387 19 24 0.029427757 
625 494 42 59 0.02934489 
362 619 51 54 0.029327843 
539 441 63 84 0.029219437 
739 450 37 49 0.029143348 
182 412 20 27 0.028939843 
417 310 18 21 0.028779987 
286 349 23 28 0.028745659 
3 371 64 97 0.028701 
638 476 81 98 0.028511308 
292 495 43 58 0.02847485 
711 294 36 48 0.028370554 
619 405 24 29 0.02813739 
141 347 35 44 0.028118316 
388 360 18 21 0.028011426 
693 535 102 129 0.02798376 
115 330 39 48 0.02792992 
763 477 38 47 0.027810857 
604 392 54 66 0.027783269 
617 616 59 60 0.027773824 
115 456 65 82 0.027728347 
616 387 22 28 0.02756779 
852 355 21 27 0.027529595 
254 482 26 34 0.027433109 
232 513 27 33 0.027366955 
497 433 56 82 0.027193982 
609 510 70 85 0.027168967 
609 480 34 41 0.027003821 
576 408 39 50 0.026950348 
2 478 24 34 0.026940947 
470 361 18 23 0.026869692 
544 579 70 81 0.026842548 
541 383 22 28 0.026821455 
71 398 28 41 0.026804162 
35 528 86 131 0.026337469 
849 426 68 89 0.026321476 
512 389 109 145 0.026304586 
752 353 60 73 0.026295219 
811 571 83 101 0.026288321 
318 554 54 67 0.026280139 
916 385 23 30 0.026172748 
57 402 25 33 0.026109116 
916 390 50 63 0.025905147 
730 356 54 68 0.025884962 
874 479 62 79 0.025876753 
384 510 29 36 0.02571836 
340 362 18 23 0.025692817 
474 531 46 67 0.02566522 
53 505 34 48 0.025608798 
156 403 25 32 0.02558034 
300 335 21 25 0.025497794 
751 606 41 57 0.02548975 
302 389 22 28 0.025384353 
545 340 19 24 0.025369149 
639 379 40 53 0.025301544 
710 274 35 48 0.025291419 
213 444 51 62 0.025276873 
622 572 125 138 0.025218654 
141 369 62 83 0.025180804 
688 289 35 48 0.025066122 
850 382 24 30 0.024934595 
716 281 22 29 0.024891786 
513 433 209 276 0.024626818 
951 422 26 38 0.024426114 
864 577 34 43 0.024405597 
328 464 38 50 0.024388917 
541 528 78 96 0.02434645 
563 337 18 23 0.024248824 
451 475 97 130 0.024164125 
499 409 50 71 0.02398086 
533 562 45 60 0.023980383 
635 587 61 74 0.023965241 
643 336 51 61 0.023863038 
66 439 37 57 0.023799108 
815 352 23 30 0.023767944 
535 434 22 29 0.023762986 
264 425 109 124 0.023758817 
101 344 41 53 0.023665275 
179 386 18 23 0.023618799 
267 507 51 69 0.02355283 
207 334 18 23 0.023544922 
245 492 45 61 0.023502983 
847 444 29 41 0.02349897 
885 533 43 57 0.023481082 
434 480 22 29 0.023368318 
992 309 20 26 0.023312837 
793 376 25 33 0.02330805 
783 367 40 52 0.023254907 
338 643 93 81 0.023232767 
259 335 19 24 0.023151238 
252 604 79 94 0.023143556 
279 577 151 153 0.023090586 
32 157 21 26 0.023031661 
952 349 21 27 0.02288918 
287 393 65 75 0.022856621 
300 579 34 45 0.022847619 
72 456 23 32 0.022785863 
93 441 45 64 0.022687474 
552 396 63 80 0.02260085 
787 308 23 29 0.02249611 
411 356 20 25 0.022481613 
968 335 45 63 0.022472288 
774 483 158 181 0.022454623 
139 435 58 74 0.022406133 
204 510 28 34 0.022224573 
377 611 33 42 0.022215465 
612 380 35 45 0.022173448 
446 552 60 79 0.02207533 
237 537 71 86 0.021977725 
846 336 20 25 0.021969566 
657 449 46 65 0.021910908 
471 428 57 83 0.021900052 
83 458 67 87 0.02186001 
673 277 24 31 0.021854738 
666 305 25 32 0.02178669 
48 441 38 54 0.021610457 
996 446 21 37 0.021609455 
712 432 63 83 0.021442022 
458 525 31 48 0.021434044 
103 458 24 32 0.021424027 
648 335 22 28 0.021410659 
616 360 75 88 0.02141028 
770 638 73 89 0.021404644 
130 482 65 82 0.02138932 
297 610 57 64 0.021338403 
412 451 32 39 0.021329625 
503 535 130 160 0.021251418 
551 617 95 104 0.02122464 
185 356 17 22 0.02121289 
209 507 65 81 0.021150952 
704 470 93 116 0.02111827 
445 464 62 84 0.021087512 
432 512 27 36 0.021034017 
637 543 87 99 0.02100594 
678 449 49 70 0.020871252 
128 429 278 284 0.020774277 
24 544 47 64 0.02077027 
862 464 42 54 0.020759882 
740 614 32 42 0.020745331 
180 454 25 31 0.020722546 
25 173 39 51 0.020679042 
407 428 31 41 0.020675518 
208 362 16 19 0.02059482 
858 348 51 64 0.02051974 
91 273 157 176 0.020502597 
13 504 45 60 0.020492582 
687 329 23 30 0.020473167 
613 315 21 26 0.020471016 
742 279 36 49 0.020468267 
189 431 104 119 0.02046483 
720 360 24 31 0.020449352 
152 409 42 55 0.020436738 
189 622 40 56 0.02042819 
763 585 28 36 0.02039764 
382 577 34 48 0.02033769 
616 354 20 27 0.02026817 
741 335 54 65 0.020225491 
738 503 33 40 0.02020796 
104 345 118 139 0.020187454 
811 566 35 47 0.020177413 
427 472 36 47 0.020159157 
247 394 52 62 0.02011837 
907 478 61 81 0.02010117 
100 480 26 35 0.020086752 
421 250 32 40 0.020033574 
275 649 165 184 0.02002678 
199 602 37 54 0.020021046 
