7_Cheering_Cheering_7_542
93
565 138 236 306 0.9997209 
241 297 229 290 0.9996412 
4 344 33 63 0.45965713 
74 323 42 55 0.121680535 
504 579 86 96 0.11614895 
491 327 90 107 0.0818174 
132 350 61 93 0.06770602 
165 373 43 66 0.0618396 
992 253 19 27 0.058037784 
46 333 42 55 0.057848945 
6 281 22 34 0.057831503 
48 329 26 34 0.057754613 
129 318 61 79 0.05178231 
45 305 26 33 0.051565353 
34 293 44 53 0.047696285 
85 327 76 97 0.046740524 
952 387 23 28 0.046414588 
993 298 20 29 0.04544485 
147 476 85 111 0.044329505 
164 350 41 58 0.042692646 
22 330 27 38 0.042170133 
171 401 27 38 0.041367956 
3 332 27 46 0.041079607 
921 288 23 28 0.039885823 
46 299 95 128 0.037350815 
0 298 21 36 0.0358949 
179 380 24 35 0.035652798 
871 310 23 30 0.035607718 
178 356 69 103 0.03483981 
4 314 49 78 0.034496468 
32 309 24 32 0.03373694 
148 324 33 43 0.033208817 
900 274 55 69 0.0326292 
177 357 25 36 0.031836815 
948 287 18 22 0.031568844 
-5 288 35 60 0.03105384 
81 66 17 24 0.030794628 
93 182 74 102 0.029707994 
74 189 40 45 0.029591687 
264 282 62 74 0.028522456 
93 244 75 93 0.028396351 
16 249 107 140 0.02798236 
157 290 61 75 0.027633453 
139 70 80 116 0.027335051 
919 354 22 27 0.027259668 
629 321 125 108 0.027002867 
52 284 25 30 0.02680329 
123 247 28 37 0.026802368 
63 294 57 70 0.02664683 
904 369 68 80 0.026441077 
900 303 25 30 0.026359158 
994 284 19 28 0.02605254 
48 268 61 79 0.0260021 
749 230 76 112 0.0255137 
823 310 20 27 0.025297169 
218 325 65 92 0.024694748 
-13 353 56 94 0.024691215 
151 351 34 47 0.024608565 
80 309 28 36 0.024536591 
133 517 95 113 0.02449592 
132 201 22 26 0.024457643 
983 285 18 27 0.024437483 
162 323 43 59 0.024231587 
241 298 51 72 0.024173524 
926 80 26 29 0.024084825 
106 288 104 134 0.023794545 
111 152 112 146 0.023740482 
6 266 56 89 0.02340584 
128 235 26 31 0.023394808 
127 338 105 159 0.023390176 
994 235 18 26 0.023318332 
982 300 19 26 0.023166852 
200 283 59 75 0.023021173 
898 283 23 28 0.022752011 
867 282 74 85 0.022656668 
63 53 129 187 0.022574555 
992 0 22 28 0.022346938 
899 329 69 80 0.02227452 
150 306 31 40 0.021875706 
203 380 23 31 0.021743612 
950 362 22 26 0.021605145 
222 270 62 78 0.021513319 
866 297 39 50 0.021478962 
204 372 69 94 0.021229379 
206 360 23 31 0.021224568 
176 326 26 33 0.021032417 
911 345 41 50 0.02082162 
131 302 25 31 0.020724775 
109 223 110 136 0.020542813 
578 145 96 112 0.020483235 
986 258 19 26 0.020376975 
33 339 66 90 0.020188125 
505 358 60 62 0.020053549 
