7_Cheering_Cheering_7_138
178
470 163 48 60 0.9951964 
600 196 44 51 0.9798688 
342 139 44 53 0.9623476 
215 134 42 53 0.92592335 
835 124 50 62 0.8901175 
789 127 39 52 0.8161681 
870 90 44 56 0.64211076 
531 99 40 50 0.62809336 
295 137 37 48 0.59517074 
504 104 49 59 0.5904078 
95 105 23 30 0.48006532 
810 121 55 74 0.4705863 
59 177 38 51 0.4564032 
-1 348 56 83 0.4409948 
406 139 37 46 0.39186013 
812 499 49 59 0.3745719 
850 112 51 63 0.35504326 
404 122 28 34 0.32098517 
256 187 37 49 0.19230595 
49 121 27 33 0.15962817 
147 193 35 40 0.15318102 
875 79 28 35 0.14758505 
551 101 28 36 0.13625926 
198 120 38 49 0.13315016 
594 98 27 35 0.13083132 
285 143 31 41 0.11706236 
488 112 46 56 0.09613489 
304 588 20 25 0.085503094 
338 459 27 36 0.07934064 
245 137 38 51 0.068996795 
405 163 37 48 0.06898285 
364 133 49 61 0.063474536 
412 194 37 48 0.063350536 
99 167 38 51 0.0631708 
333 232 29 38 0.06296831 
105 144 33 44 0.05879175 
270 158 43 57 0.058237515 
788 145 44 62 0.057064675 
62 146 37 49 0.055153023 
992 112 23 36 0.054862916 
125 193 40 44 0.0545348 
3 299 24 35 0.05446534 
200 107 26 32 0.05383342 
351 462 22 31 0.05330545 
404 244 42 54 0.05198511 
880 237 45 56 0.049091328 
388 117 36 44 0.048589736 
179 453 25 36 0.04664832 
157 450 60 81 0.045431323 
114 176 39 47 0.044649474 
290 133 25 32 0.044598673 
138 220 49 50 0.043703325 
884 132 41 53 0.043571632 
317 132 55 71 0.042679515 
683 410 25 31 0.04083376 
190 439 60 73 0.04056571 
603 108 34 47 0.040011864 
838 161 38 51 0.03947581 
185 105 25 32 0.03944725 
170 144 34 44 0.03928479 
585 580 21 28 0.039283775 
29 146 24 31 0.038946584 
230 448 40 50 0.038913894 
141 458 43 63 0.038804285 
340 475 24 33 0.038589485 
893 111 32 41 0.038234774 
312 554 18 24 0.038141415 
-6 414 44 65 0.03782984 
30 129 22 30 0.037765626 
836 98 42 53 0.0375621 
-6 218 36 52 0.036324587 
185 72 25 31 0.03605881 
180 436 26 36 0.03517042 
23 281 24 34 0.03485008 
168 195 32 39 0.03435108 
170 464 121 143 0.03428239 
133 308 26 30 0.03425512 
827 481 44 55 0.033578392 
140 481 77 103 0.03333658 
490 595 18 25 0.032601833 
200 73 21 28 0.03257576 
501 128 47 60 0.03201527 
250 484 88 116 0.031956825 
676 404 24 27 0.031910196 
189 118 23 31 0.03180557 
211 411 66 85 0.03122041 
912 141 35 47 0.031220092 
323 448 49 63 0.031168833 
211 455 69 73 0.030939912 
48 267 37 49 0.030688751 
685 427 26 32 0.030354848 
137 536 90 115 0.0295522 
850 148 46 60 0.029438043 
824 97 25 30 0.02883769 
178 475 26 35 0.02883483 
204 460 27 35 0.028638287 
230 202 29 37 0.028517509 
192 422 45 60 0.028378988 
968 484 44 58 0.028287722 
171 513 47 62 0.028079402 
823 83 24 28 0.027272496 
130 0 26 28 0.027235175 
906 112 36 48 0.02721993 
24 334 64 82 0.02708634 
491 99 26 32 0.026874144 
741 211 38 50 0.026743826 
832 458 44 55 0.026659261 
160 152 25 31 0.02663764 
141 301 39 45 0.026551185 
84 93 41 53 0.026515318 
344 613 20 24 0.026413787 
-9 421 66 99 0.026233502 
-1 1 22 27 0.025695244 
113 417 60 83 0.02557997 
292 587 20 25 0.025566982 
13 289 35 48 0.025271237 
238 449 88 107 0.025200572 
6 282 23 32 0.025142573 
81 113 31 39 0.02506473 
123 75 22 28 0.025019703 
491 609 19 23 0.024876473 
128 223 31 35 0.024708202 
77 248 28 36 0.024669632 
418 216 41 50 0.024559598 
151 245 30 34 0.024488218 
522 123 43 55 0.024399752 
166 303 39 45 0.024391478 
229 430 29 39 0.02437012 
883 160 38 51 0.024177514 
203 47 20 26 0.023948755 
102 399 38 51 0.023805568 
0 200 27 39 0.023703754 
66 267 38 49 0.023582364 
172 171 38 47 0.023539873 
786 472 64 74 0.023492396 
671 432 24 28 0.023465142 
817 487 33 42 0.023286132 
249 458 26 33 0.023059785 
342 226 37 47 0.023019558 
918 274 23 35 0.023001922 
25 99 22 28 0.022844516 
41 411 41 57 0.022806998 
426 146 28 37 0.022753721 
922 167 36 47 0.022748537 
968 642 43 54 0.022712903 
231 475 28 35 0.022707237 
180 485 75 86 0.02268031 
119 227 67 72 0.022552576 
186 376 117 129 0.022470577 
41 596 80 87 0.022243906 
150 0 22 24 0.022226097 
910 401 60 77 0.022208545 
794 511 52 62 0.022094596 
130 99 22 28 0.02208114 
313 459 20 27 0.021781608 
136 485 47 64 0.021719111 
95 190 38 51 0.021705264 
156 101 22 29 0.021588344 
763 445 46 52 0.021514904 
750 192 42 54 0.021148518 
585 90 44 58 0.02110465 
312 105 23 28 0.021031864 
376 161 39 49 0.020962257 
696 481 29 38 0.02094444 
180 513 27 36 0.020735659 
514 617 16 20 0.02072692 
516 637 19 23 0.020644205 
304 161 33 43 0.020571675 
205 354 77 83 0.020517617 
157 214 48 51 0.020355256 
582 428 21 27 0.020326978 
513 80 25 32 0.020217875 
186 48 23 27 0.020190176 
980 118 24 37 0.020182448 
781 450 47 53 0.020172399 
119 150 25 32 0.020147711 
91 406 61 81 0.020031245 
-3 486 73 101 0.02000233 
