7_Cheering_Cheering_7_655
38
385 763 225 337 0.99712425 
5 1424 38 47 0.13987127 
119 1416 34 42 0.111467436 
11 1 42 56 0.087259464 
955 1428 30 42 0.06665383 
31 1426 31 37 0.05987059 
29 1454 31 39 0.04562568 
792 1051 520 580 0.042928472 
116 1391 34 43 0.042421684 
-11 829 113 194 0.038827084 
91 1459 31 38 0.03751734 
649 61 755 824 0.03692151 
108 1445 33 41 0.03558047 
972 1353 28 38 0.032766923 
922 1380 27 34 0.031275738 
527 764 990 1100 0.03124992 
786 805 488 583 0.029607737 
777 -113 530 538 0.028486885 
970 1305 25 33 0.027090037 
785 480 510 586 0.026796153 
973 1372 28 37 0.026667949 
934 1420 29 37 0.025989288 
880 1469 27 31 0.023222392 
3 0 83 118 0.023196563 
15 1437 51 61 0.02298432 
969 1275 25 32 0.022844078 
96 1426 56 65 0.022827994 
971 1232 27 35 0.022499215 
156 1377 31 42 0.02247369 
993 1368 26 38 0.022402987 
507 8 112 133 0.022162 
937 1453 29 37 0.02171204 
41 1380 28 34 0.02150611 
85 1423 29 35 0.02128756 
887 1308 29 33 0.02104578 
305 -25 289 253 0.021015145 
85 1382 29 36 0.02044628 
445 951 148 184 0.020384198 
