7_Cheering_Cheering_7_462
209
553 135 67 95 0.99864346 
275 356 38 45 0.79328275 
819 367 29 38 0.6193077 
148 374 27 34 0.3430241 
56 413 26 34 0.25854832 
384 185 41 57 0.23147553 
204 364 22 28 0.22069861 
200 376 24 33 0.1949818 
101 409 23 30 0.19097242 
357 591 43 61 0.15860097 
69 560 32 43 0.1283325 
73 414 24 32 0.124781474 
206 406 22 30 0.112952836 
47 553 36 45 0.08612798 
837 373 22 30 0.07834072 
5 412 19 28 0.07506797 
22 412 21 28 0.07410083 
178 327 21 27 0.073207505 
-1 549 22 35 0.07001361 
975 330 21 30 0.06907061 
370 603 45 62 0.06847143 
944 331 20 29 0.067151114 
132 309 21 28 0.06562098 
926 359 22 31 0.06256244 
708 281 44 52 0.061648525 
892 512 25 33 0.06161576 
878 361 19 24 0.06042551 
32 388 19 25 0.06006269 
951 206 22 28 0.057675824 
110 384 21 26 0.054904785 
903 528 23 29 0.05484634 
128 563 44 55 0.054025557 
284 306 26 31 0.051805105 
52 458 24 31 0.051240228 
688 592 24 29 0.050243482 
279 332 29 34 0.049427383 
76 380 21 25 0.04939772 
78 269 72 80 0.048564523 
755 569 18 23 0.047094602 
6 427 20 29 0.04683059 
130 322 20 28 0.045926303 
930 337 20 25 0.045460198 
188 365 45 60 0.04485584 
261 341 60 75 0.043929283 
896 356 20 26 0.043232135 
231 385 22 30 0.04303284 
900 211 21 27 0.042715166 
924 373 23 31 0.04254899 
388 379 24 30 0.04248899 
796 360 22 28 0.04064142 
395 197 45 61 0.040370166 
126 410 22 31 0.040155284 
978 352 20 30 0.04003689 
134 382 23 29 0.03942415 
3 385 19 27 0.039042708 
76 364 20 25 0.038865324 
87 395 48 59 0.036308046 
745 536 19 22 0.036228146 
822 334 20 25 0.035780825 
50 336 21 26 0.03576082 
16 518 59 77 0.0355891 
1 583 22 31 0.035482977 
63 445 34 44 0.035432868 
331 581 62 82 0.035364173 
258 309 22 29 0.0353004 
60 402 43 55 0.035031706 
188 386 22 30 0.035004895 
74 272 33 41 0.03465032 
899 383 22 28 0.033548605 
340 357 21 27 0.033497382 
955 260 41 50 0.032860577 
952 224 23 29 0.03228472 
896 221 23 30 0.032087818 
801 335 20 26 0.031964153 
3 358 19 26 0.031908117 
797 539 19 22 0.031396404 
130 367 48 58 0.031296797 
750 524 350 369 0.030957947 
230 299 23 29 0.030934354 
-1 296 25 40 0.030790856 
232 336 21 26 0.030193489 
913 529 24 31 0.03007419 
967 316 34 49 0.030051807 
231 356 21 27 0.029852673 
296 360 28 33 0.029814176 
29 559 24 33 0.02972927 
95 559 35 48 0.029705934 
187 401 22 29 0.029611392 
265 359 27 35 0.029374951 
226 405 24 31 0.029236361 
927 182 20 25 0.029188175 
31 359 18 23 0.029186023 
875 380 20 27 0.02907406 
373 410 64 84 0.029046508 
26 500 38 47 0.028957006 
263 329 22 29 0.028708847 
875 336 18 22 0.028651359 
150 449 26 33 0.028553449 
35 461 21 27 0.028409323 
206 332 19 25 0.02840209 
51 275 28 35 0.028282663 
50 252 66 80 0.028188102 
181 312 21 28 0.028162964 
953 306 21 28 0.027966399 
211 430 20 28 0.027960746 
38 475 37 43 0.02793139 
110 285 55 69 0.02768818 
-8 559 55 78 0.027611477 
339 333 19 24 0.027605588 
975 362 32 51 0.027458189 
-9 535 46 67 0.027259907 
25 427 20 27 0.02705287 
798 373 33 42 0.027010242 
56 353 20 24 0.026994681 
228 285 25 31 0.026820393 
-214 296 710 731 0.026793538 
993 333 18 26 0.02678577 
769 542 19 22 0.026773592 
448 248 70 77 0.026652353 
70 377 34 43 0.026641326 
384 424 29 40 0.026378985 
847 335 18 24 0.026201963 
160 328 20 26 0.026045004 
794 308 19 25 0.025876468 
916 489 23 29 0.025757318 
130 423 32 42 0.02563274 
891 435 25 33 0.025607845 
929 563 21 26 0.025444647 
124 315 33 44 0.025240043 
475 262 73 92 0.025222827 
-68 496 367 367 0.025201194 
872 350 32 41 0.025167713 
222 426 34 45 0.025100708 
819 349 46 61 0.025013225 
76 295 30 38 0.024912193 
692 271 44 54 0.02490231 
539 84 71 94 0.024760513 
106 359 19 25 0.024558702 
403 581 29 39 0.024329118 
60 231 129 144 0.024196653 
900 557 19 25 0.023951786 
106 328 20 25 0.023882482 
915 509 26 33 0.023763886 
332 322 35 42 0.023751779 
130 285 22 28 0.023592789 
926 204 20 26 0.023579065 
820 311 19 24 0.023576517 
270 290 57 67 0.023473803 
103 301 26 32 0.023391582 
971 301 24 30 0.023308601 
46 505 27 33 0.023174956 
22 541 79 100 0.023155078 
334 348 34 42 0.02302286 
864 594 25 30 0.023005916 
8 209 21 32 0.022977877 
992 356 19 27 0.022839865 
387 410 26 34 0.022717142 
900 489 22 28 0.022651033 
946 350 20 30 0.022483531 
881 514 21 26 0.022461727 
69 353 35 43 0.022427082 
428 225 61 79 0.022381013 
874 562 18 23 0.02234706 
743 333 24 30 0.022334872 
77 330 20 25 0.022256924 
394 598 44 59 0.02224574 
316 308 64 72 0.022010155 
360 358 21 27 0.022006666 
182 437 21 27 0.021859376 
885 498 44 60 0.021769073 
186 356 20 26 0.021685008 
207 565 24 29 0.021621665 
-1 283 21 36 0.021551546 
361 330 20 25 0.021528471 
98 314 37 45 0.021518694 
947 220 37 49 0.0214396 
352 284 71 89 0.02142672 
941 564 19 26 0.021377662 
733 319 39 50 0.021358464 
54 389 20 24 0.021306206 
358 306 23 28 0.021285163 
882 441 35 46 0.021021899 
118 390 49 62 0.021017434 
225 566 26 34 0.020913897 
44 322 37 46 0.020753605 
99 350 34 43 0.020668756 
28 533 25 33 0.02059134 
378 586 30 40 0.020586394 
205 309 19 24 0.020580307 
155 321 34 46 0.020556267 
773 511 19 22 0.020546347 
741 517 20 24 0.020524558 
21 586 24 32 0.020491214 
303 305 23 29 0.02047407 
992 376 21 32 0.02042257 
211 368 46 62 0.020369176 
330 298 39 46 0.02036198 
31 329 20 26 0.020209234 
483 557 24 30 0.020208629 
953 276 25 30 0.020191154 
295 296 39 47 0.02018622 
338 307 22 28 0.020179167 
972 341 32 51 0.020139184 
22 440 53 66 0.020137226 
925 305 18 23 0.020063175 
288 365 40 47 0.02003777 
948 237 63 86 0.020031031 
898 339 18 23 0.02001812 
2 611 26 33 0.020008437 
