7_Cheering_Cheering_7_469
148
575 336 82 104 0.85230154 
912 650 38 48 0.37060788 
290 702 24 32 0.14382787 
363 567 67 81 0.136474 
206 810 29 34 0.09255356 
206 776 26 32 0.08558495 
234 777 28 33 0.08290186 
230 282 31 37 0.07754458 
772 611 37 44 0.07369911 
772 731 31 38 0.072709754 
148 774 26 32 0.06582672 
544 304 34 43 0.06373583 
999 601 25 38 0.061992962 
280 733 25 33 0.058246367 
426 263 32 40 0.056412414 
922 619 35 42 0.05620416 
973 604 30 41 0.055358943 
466 740 35 41 0.052904718 
854 608 30 37 0.050707657 
805 611 33 42 0.048838668 
973 576 35 50 0.048262224 
545 327 64 82 0.047227792 
891 625 73 92 0.046616904 
736 885 59 79 0.045916896 
267 768 27 34 0.04578744 
301 701 27 33 0.04551231 
573 472 56 73 0.044892512 
46 665 27 36 0.044480003 
132 769 26 32 0.0443175 
507 298 31 39 0.044167295 
738 662 31 38 0.043487314 
153 817 28 34 0.042782653 
779 701 30 37 0.04244984 
320 736 27 32 0.041781675 
47 685 28 34 0.040467914 
629 362 60 77 0.040052272 
223 803 30 36 0.03985379 
462 564 38 53 0.038235176 
535 302 57 78 0.038138706 
736 681 30 36 0.03734567 
221 943 40 52 0.037318084 
241 741 26 33 0.03692073 
888 576 33 41 0.036551237 
889 615 31 37 0.03630144 
958 685 31 41 0.035605747 
794 807 505 575 0.0352947 
766 762 32 38 0.035208605 
193 880 35 43 0.03503897 
463 303 30 38 0.034894317 
195 844 33 39 0.034604546 
991 1150 30 43 0.034145284 
782 236 26 34 0.0339993 
811 -127 531 583 0.033255663 
428 370 39 51 0.03325504 
537 -342 1048 1104 0.033240303 
846 688 28 37 0.032975685 
855 662 28 35 0.0327908 
636 387 62 83 0.032594196 
729 505 35 48 0.032291684 
799 193 517 572 0.031696744 
125 844 26 32 0.031186808 
811 694 29 35 0.030914601 
793 485 511 570 0.030688683 
896 196 29 35 0.030177696 
130 820 25 32 0.029857693 
657 292 36 47 0.029854508 
385 241 30 37 0.029793667 
323 772 27 33 0.029740885 
511 279 30 39 0.029263198 
926 676 38 47 0.029115682 
957 586 51 70 0.029106382 
396 538 86 112 0.02903952 
783 1092 527 531 0.028398825 
839 193 28 34 0.028317763 
733 839 34 42 0.028206881 
993 949 28 46 0.027688678 
41 621 24 33 0.027685547 
962 769 35 52 0.027670406 
154 840 28 35 0.027282473 
743 739 29 35 0.027270341 
545 224 955 1082 0.027240215 
503 290 50 67 0.027028367 
844 599 48 62 0.026854584 
827 192 27 32 0.02663915 
813 238 29 35 0.026172234 
199 768 43 54 0.026087955 
655 278 33 43 0.025977075 
628 274 29 37 0.025967509 
775 648 30 37 0.02581282 
743 606 117 135 0.025733767 
651 377 37 49 0.025571562 
214 267 52 61 0.02556125 
883 612 54 69 0.025022322 
711 690 177 196 0.0249435 
7 660 27 40 0.024915416 
535 282 28 37 0.024815105 
646 281 57 79 0.024788903 
993 930 30 45 0.024607375 
390 264 30 38 0.024408448 
497 496 33 40 0.024403408 
38 734 33 39 0.023860736 
464 689 32 37 0.02378432 
270 804 28 34 0.023625424 
197 418 35 44 0.023562519 
734 827 113 142 0.02352132 
266 879 30 37 0.023436418 
844 583 33 42 0.023413828 
621 241 26 32 0.023315398 
501 202 34 40 0.023037447 
490 278 83 107 0.02302676 
108 888 31 37 0.02292602 
928 577 33 42 0.022870257 
313 659 26 32 0.022721522 
338 740 28 36 0.022546995 
29 767 39 47 0.022347804 
983 587 41 64 0.022325415 
234 613 33 41 0.022253668 
493 603 174 189 0.022163892 
475 660 31 39 0.022052564 
998 693 27 37 0.021985011 
194 615 33 40 0.021710435 
746 762 30 38 0.021654999 
968 542 35 46 0.021602282 
961 656 28 39 0.021511564 
502 225 31 39 0.021463614 
660 1019 56 71 0.021396728 
840 236 29 37 0.021323433 
812 657 30 37 0.02115357 
806 729 28 35 0.021056602 
467 509 89 112 0.02097261 
355 576 45 55 0.020969085 
283 693 40 53 0.020965455 
76 761 31 37 0.020963062 
28 797 41 50 0.020959208 
326 929 29 39 0.020820493 
773 582 37 45 0.020809967 
697 598 113 133 0.02080173 
703 691 29 35 0.020693334 
554 420 89 113 0.020670328 
566 550 63 84 0.020580336 
270 224 28 39 0.020525128 
590 604 65 81 0.020482365 
937 233 34 41 0.020384753 
695 1154 272 306 0.020363186 
236 409 35 44 0.020236183 
767 803 33 41 0.02019939 
524 813 1018 1064 0.020196628 
201 276 32 37 0.020093173 
