7_Cheering_Cheering_7_536
239
635 253 49 62 0.6655651 
330 310 26 32 0.63323736 
248 234 22 28 0.6328146 
-3 341 25 38 0.4346952 
335 261 23 29 0.37682945 
513 256 35 45 0.37250167 
211 257 23 29 0.347224 
734 226 30 36 0.33733478 
315 227 22 28 0.32047528 
180 257 22 29 0.30955088 
207 227 21 26 0.2792368 
135 249 22 29 0.25718877 
98 246 22 28 0.2513427 
527 347 31 39 0.23336716 
136 238 21 26 0.23238531 
433 249 22 29 0.18501337 
890 251 28 35 0.1800687 
80 310 23 28 0.16124725 
329 268 33 41 0.15861346 
223 256 22 30 0.1568183 
849 282 29 36 0.15545167 
733 244 38 46 0.14488617 
993 244 23 33 0.13977082 
532 267 31 38 0.13798793 
731 265 46 60 0.13697293 
600 246 36 46 0.13096052 
129 334 25 30 0.12947546 
272 581 39 44 0.1275556 
237 384 27 34 0.12405865 
435 238 21 27 0.12052934 
386 260 20 25 0.11700888 
49 230 20 24 0.116641894 
841 250 27 33 0.11142972 
75 431 61 80 0.09501186 
0 276 20 28 0.09202858 
74 303 36 46 0.09184237 
2 227 21 30 0.08774723 
942 298 27 32 0.0861444 
256 245 23 30 0.084356084 
603 257 52 68 0.07988549 
31 232 19 25 0.07926738 
820 128 23 33 0.07607789 
207 214 21 26 0.07402875 
591 285 36 49 0.07176983 
210 269 24 30 0.06366395 
411 255 22 27 0.06312399 
328 229 20 26 0.06259086 
637 286 40 50 0.06131862 
384 275 22 28 0.06109244 
390 236 18 24 0.060317207 
124 305 25 29 0.060114216 
255 308 25 30 0.05826039 
974 477 36 56 0.05810532 
84 285 20 25 0.057914507 
98 285 20 26 0.057792652 
856 267 37 44 0.055946533 
129 279 22 27 0.055713035 
748 294 45 60 0.055619404 
901 238 23 27 0.055607013 
846 235 24 28 0.055431902 
224 273 22 29 0.055380035 
228 354 23 27 0.055214085 
435 308 25 33 0.055056967 
155 298 24 29 0.053850662 
994 394 21 36 0.05293503 
80 235 20 24 0.052908134 
815 535 75 90 0.052010175 
82 252 20 25 0.05150836 
517 335 27 35 0.050905455 
110 324 54 65 0.049435817 
562 260 21 28 0.048944168 
29 297 20 28 0.04744772 
596 232 23 30 0.047147382 
556 273 24 31 0.046696078 
702 263 99 129 0.046653453 
628 304 52 67 0.046404235 
611 238 22 27 0.04519168 
970 371 34 54 0.044640172 
626 215 59 83 0.04395436 
97 353 23 28 0.043883465 
81 322 24 29 0.043849744 
92 336 38 46 0.043385018 
85 306 58 71 0.043383505 
742 207 26 31 0.043241408 
530 359 41 51 0.042968 
868 654 31 37 0.04284775 
362 276 21 27 0.042763267 
461 277 23 30 0.042516936 
142 562 40 52 0.041986223 
874 257 25 31 0.04152015 
179 331 24 30 0.040300194 
150 251 21 27 0.0398729 
210 355 23 28 0.039629452 
179 354 23 29 0.039470203 
55 249 21 25 0.038687345 
312 247 21 27 0.038647015 
146 237 19 25 0.038508344 
405 276 22 28 0.03832177 
225 373 47 55 0.037486833 
24 285 32 47 0.037350286 
307 330 20 27 0.0370805 
313 214 20 25 0.03707172 
75 448 34 45 0.036914494 
32 210 19 23 0.03679585 
359 236 18 24 0.036256626 
740 292 33 49 0.03621826 
284 404 23 30 0.035806723 
487 208 18 23 0.035687577 
230 338 22 28 0.035275437 
28 251 18 25 0.035053864 
588 208 24 29 0.034976322 
358 260 20 27 0.0349313 
101 303 21 28 0.03486004 
237 563 25 31 0.034603465 
26 283 20 26 0.034462366 
155 284 23 28 0.034163672 
199 246 45 54 0.033700492 
485 230 21 27 0.03361532 
381 424 43 47 0.033606924 
46 212 19 23 0.033317268 
2 257 19 28 0.033202995 
463 258 22 28 0.033073008 
181 272 22 29 0.032854415 
350 341 36 46 0.032702822 
182 235 21 26 0.032677222 
316 310 22 30 0.03235292 
431 324 36 47 0.032165527 
404 426 38 46 0.032164346 
517 236 23 28 0.032160755 
50 280 20 25 0.032088775 
972 456 25 34 0.03168196 
204 413 23 29 0.030773275 
-1 70 52 71 0.030695457 
149 333 23 28 0.030535718 
98 424 68 86 0.03025434 
711 271 60 82 0.029946048 
257 364 22 26 0.029894462 
972 352 27 40 0.029780008 
794 281 26 32 0.029585196 
287 587 50 53 0.029142894 
227 463 27 37 0.029021356 
490 258 24 31 0.028684026 
153 439 22 28 0.028557613 
731 321 85 108 0.028526716 
691 288 39 54 0.028522886 
291 334 20 25 0.028519383 
64 380 146 173 0.028482573 
103 331 21 27 0.028410567 
250 399 24 31 0.028098727 
380 515 76 84 0.02799052 
763 291 58 74 0.027955914 
94 371 40 48 0.027904132 
641 206 23 28 0.027715957 
412 235 20 25 0.027604576 
567 331 24 31 0.027503116 
285 230 20 26 0.02729774 
464 233 20 25 0.027216317 
457 301 24 29 0.02693665 
668 416 510 555 0.0266781 
991 353 22 34 0.026677132 
994 276 21 29 0.026522743 
283 498 45 52 0.026520096 
384 302 23 29 0.026217619 
633 199 39 51 0.02600663 
116 401 40 48 0.02591494 
254 326 23 28 0.025856277 
91 281 34 45 0.025740767 
255 214 20 25 0.025634782 
995 304 21 29 0.02562401 
122 458 24 32 0.025607372 
156 459 22 28 0.02523923 
747 247 40 49 0.025216462 
126 378 26 32 0.025180995 
649 273 71 87 0.025172776 
616 272 66 78 0.025156228 
948 368 40 51 0.025033439 
282 254 20 25 0.024916759 
436 276 22 29 0.0249153 
180 303 22 29 0.024881585 
486 304 25 30 0.02482733 
153 350 23 28 0.024790712 
57 288 64 81 0.024628999 
519 489 26 30 0.02458837 
307 351 21 27 0.024215426 
947 286 26 32 0.02420632 
809 573 79 89 0.024086254 
306 480 167 174 0.024039175 
263 459 22 29 0.023693241 
328 212 19 24 0.023633962 
148 449 39 49 0.02343032 
684 313 44 56 0.023422323 
125 403 24 28 0.023284221 
69 317 113 124 0.023280775 
716 272 30 42 0.023054885 
60 123 22 29 0.022908384 
139 340 35 43 0.022887483 
43 276 35 45 0.022735998 
833 240 52 59 0.022701947 
733 248 75 91 0.022682551 
-138 355 532 573 0.022618456 
208 334 24 31 0.022611793 
115 237 46 59 0.02257065 
134 438 63 77 0.022567498 
98 460 75 94 0.022541074 
301 482 27 32 0.022510428 
387 209 18 23 0.022486445 
638 303 128 143 0.022482589 
107 448 42 53 0.022446798 
891 365 152 201 0.022310145 
721 213 51 62 0.02224853 
852 237 71 75 0.022037106 
538 341 55 68 0.022001127 
345 406 71 77 0.021910157 
306 464 24 28 0.021889504 
356 333 25 32 0.021826692 
3 207 21 30 0.021817302 
330 345 34 43 0.021638624 
290 357 19 25 0.021551065 
79 209 19 24 0.021458646 
104 213 19 23 0.021406649 
211 350 54 63 0.021300731 
127 438 23 30 0.020994458 
158 542 53 69 0.020914478 
176 241 47 58 0.020898318 
511 483 43 47 0.020821761 
863 377 28 40 0.02081314 
24 203 32 42 0.020803615 
657 205 26 31 0.02078021 
291 478 45 53 0.020663181 
276 459 23 28 0.020624993 
81 243 70 85 0.020623142 
17 88 28 36 0.020514106 
5 88 27 41 0.020439923 
534 527 366 348 0.020408459 
377 533 47 51 0.020394526 
207 300 22 29 0.020174552 
213 450 56 73 0.020166473 
71 377 40 50 0.02002571 
183 611 25 31 0.02002521 
