7_Cheering_Cheering_7_209
25
193 202 83 107 0.9995321 
702 158 79 99 0.99920326 
584 273 73 92 0.99881613 
384 241 81 105 0.99864596 
316 336 72 82 0.13456622 
142 476 73 79 0.10580528 
779 310 67 84 0.069770694 
91 538 57 66 0.059228495 
806 589 39 49 0.058600143 
949 590 26 32 0.046700146 
480 272 31 40 0.044122003 
564 292 77 103 0.041348085 
388 577 52 52 0.03955843 
48 315 43 53 0.03859314 
53 311 27 32 0.02877531 
843 166 66 83 0.027429076 
434 252 73 85 0.027021477 
116 487 75 83 0.026474964 
166 465 86 96 0.024774661 
818 308 60 72 0.02417518 
339 589 28 34 0.023616781 
693 598 40 49 0.022841293 
492 75 21 34 0.021606587 
664 413 51 73 0.02050185 
915 575 67 78 0.020459266 
