7_Cheering_Cheering_7_118
265
781 223 96 129 0.99963474 
296 233 92 115 0.9993999 
874 300 110 138 0.9984805 
28 289 93 115 0.9981773 
415 242 85 96 0.9953241 
566 248 96 119 0.9952335 
11 223 44 56 0.7715411 
221 322 54 70 0.3829274 
298 425 47 66 0.35619992 
33 224 42 52 0.28314546 
899 43 23 30 0.2673376 
316 104 44 67 0.26636145 
576 66 47 55 0.185373 
854 74 23 28 0.15652585 
974 70 22 30 0.12674761 
950 23 26 32 0.11787766 
793 519 68 83 0.11737555 
176 195 28 35 0.116245836 
380 108 22 28 0.11411814 
943 183 23 29 0.113503926 
172 180 25 33 0.113456406 
864 78 22 28 0.10951743 
27 242 82 114 0.105889216 
666 49 25 32 0.10459018 
849 118 22 30 0.10366087 
928 93 23 29 0.10085972 
239 157 22 31 0.09663213 
821 146 24 30 0.094281584 
851 105 23 31 0.09301359 
788 134 24 30 0.09108115 
978 133 20 27 0.08764846 
155 182 42 53 0.08382866 
516 20 26 30 0.08180297 
660 34 21 26 0.080411084 
326 102 28 37 0.07842849 
418 153 23 31 0.0739593 
873 171 42 56 0.073211044 
163 295 37 48 0.072513364 
236 170 23 32 0.071159735 
670 67 26 33 0.070016995 
597 64 42 49 0.068098456 
383 157 24 31 0.06727231 
103 206 26 33 0.06669897 
66 213 38 49 0.064111024 
684 71 26 33 0.06385053 
308 49 21 27 0.062526494 
890 178 27 38 0.061556123 
772 44 26 31 0.061160583 
415 91 22 29 0.05926526 
768 26 24 29 0.056224447 
383 117 23 30 0.0554177 
588 47 30 37 0.054775875 
891 235 61 77 0.054743443 
287 69 23 29 0.05463608 
978 150 18 25 0.05385459 
449 -3 47 42 0.053318903 
870 102 21 28 0.052424375 
824 133 22 30 0.052172087 
649 30 22 26 0.051850997 
926 82 22 29 0.05163979 
808 162 45 56 0.051415604 
52 207 27 34 0.051347297 
510 47 25 31 0.051026564 
611 51 26 33 0.0507976 
428 155 24 32 0.05046155 
876 154 20 26 0.04989036 
919 26 22 28 0.049760997 
5 223 68 97 0.049710408 
70 204 25 32 0.049330477 
198 201 24 30 0.04922013 
240 285 81 102 0.048532233 
359 99 37 51 0.048436485 
982 198 30 52 0.048179097 
981 173 19 28 0.048074976 
388 52 20 26 0.047808133 
62 246 45 59 0.04760579 
432 76 21 30 0.04715655 
97 306 64 84 0.046892587 
367 105 21 27 0.046601977 
642 48 24 31 0.0456891 
508 76 22 30 0.045631066 
336 97 52 78 0.0455581 
745 133 53 75 0.044880435 
930 128 20 25 0.044389218 
764 143 25 32 0.043803915 
741 160 40 56 0.042509735 
532 24 25 30 0.04244024 
877 48 20 27 0.042275622 
878 30 19 24 0.041787386 
867 124 20 27 0.04162754 
246 300 48 62 0.041264534 
967 20 23 29 0.040668372 
770 132 27 34 0.04066587 
800 124 56 73 0.04009934 
389 78 20 26 0.039756708 
249 155 24 33 0.039536227 
772 124 52 67 0.038465288 
235 137 50 70 0.03836566 
461 55 25 30 0.03822276 
848 52 21 28 0.03764125 
790 32 18 22 0.037209693 
827 158 63 78 0.03702918 
856 93 34 45 0.036949053 
412 47 21 26 0.036770415 
771 147 62 81 0.036559984 
287 55 23 28 0.036461107 
35 182 23 29 0.03643635 
257 121 24 33 0.036208887 
220 152 52 72 0.03615913 
828 29 20 23 0.03598453 
461 72 23 31 0.03554091 
721 41 26 35 0.035073724 
789 50 19 25 0.035057478 
434 58 23 28 0.03452591 
588 29 23 27 0.034206975 
898 157 20 28 0.034039177 
947 43 22 27 0.034029216 
698 24 21 26 0.034014605 
137 295 53 69 0.03395114 
840 5 19 22 0.033945795 
204 183 21 28 0.03361111 
412 30 23 26 0.033287495 
515 6 25 28 0.033251934 
974 168 30 48 0.03286351 
840 26 19 24 0.032714948 
950 156 19 24 0.032549765 
244 344 64 79 0.032401923 
845 154 20 27 0.032387372 
688 55 22 29 0.032183778 
901 1 20 22 0.031836413 
904 166 58 80 0.031813137 
795 72 20 27 0.03179391 
610 224 65 83 0.031567067 
198 290 87 117 0.031445816 
260 103 24 30 0.03141535 
512 96 23 31 0.031252533 
-1 476 27 41 0.031179892 
739 43 26 32 0.031174233 
276 379 43 52 0.031044247 
411 130 21 29 0.030632284 
919 3 21 25 0.03051796 
177 159 23 27 0.030093497 
510 7 56 62 0.029746417 
944 129 20 25 0.029743876 
983 366 40 71 0.029668476 
923 154 19 26 0.029268812 
861 176 76 107 0.029225336 
361 77 19 24 0.029115273 
976 98 20 27 0.029073333 
718 28 25 30 0.029025765 
175 183 51 65 0.028992577 
885 19 54 67 0.028964398 
431 93 21 30 0.02888985 
507 138 66 86 0.028557034 
923 177 22 31 0.028507497 
834 139 38 54 0.02847108 
926 122 32 43 0.028421108 
633 67 25 32 0.02826348 
949 5 22 25 0.0282554 
313 141 27 37 0.028245168 
827 0 20 23 0.028238144 
311 118 32 45 0.027744476 
797 177 72 86 0.027453521 
875 1 18 22 0.027385442 
536 41 24 30 0.027144633 
531 155 22 28 0.026988398 
46 183 22 28 0.026933366 
123 324 36 47 0.026708325 
479 1 25 28 0.026407983 
793 105 22 27 0.026390878 
946 74 21 26 0.026354441 
223 185 37 49 0.026169563 
826 75 20 26 0.026086975 
666 3 20 23 0.026016036 
275 108 58 74 0.025966436 
327 134 30 43 0.025856085 
919 262 64 80 0.025727252 
487 254 61 80 0.025717346 
711 167 72 93 0.0257019 
822 88 62 82 0.0254556 
254 100 39 52 0.024822341 
89 192 48 60 0.02481776 
535 4 24 26 0.024567183 
331 194 83 114 0.024557969 
307 69 21 28 0.024402529 
75 253 28 35 0.024350738 
-224 298 701 751 0.024281543 
272 163 40 55 0.024247833 
837 233 91 114 0.024235243 
125 191 38 50 0.024109438 
520 155 23 30 0.024021648 
282 149 21 27 0.0239327 
694 5 20 25 0.023928316 
849 61 49 66 0.023836337 
355 237 65 87 0.023801224 
994 130 16 24 0.023791205 
-12 447 48 77 0.023533624 
818 174 26 32 0.02350515 
768 70 24 30 0.023471104 
642 2 21 25 0.023463577 
208 155 18 25 0.02334586 
146 322 31 42 0.02330372 
299 184 46 57 0.023283068 
878 43 32 42 0.023172783 
553 136 73 87 0.023094194 
95 18 74 88 0.02295736 
892 103 20 26 0.022957103 
952 261 57 83 0.02294719 
489 73 22 29 0.022755573 
870 149 38 55 0.022709252 
169 318 38 51 0.022646809 
737 121 44 58 0.022563329 
613 30 22 25 0.022494098 
71 272 73 97 0.022473734 
224 263 46 58 0.02247365 
24 206 30 36 0.02240589 
519 172 24 30 0.022364559 
743 27 25 30 0.022275189 
907 130 94 132 0.02226552 
582 25 37 45 0.022198703 
653 40 47 58 0.022048792 
630 34 47 59 0.021965334 
286 141 60 81 0.021916728 
934 180 41 56 0.021911556 
752 25 52 61 0.021834193 
-67 538 352 351 0.021833884 
121 240 45 55 0.021775497 
532 176 24 31 0.02166288 
994 52 18 25 0.021650095 
236 130 21 28 0.021544771 
455 258 56 64 0.021521823 
539 78 20 26 0.021521177 
313 103 27 36 0.02140891 
73 35 85 114 0.021302937 
562 4 20 24 0.021282354 
918 47 21 26 0.021250814 
971 143 29 44 0.021138152 
494 336 74 95 0.021132816 
993 25 20 25 0.021088084 
615 0 21 25 0.02106726 
312 34 23 26 0.021023778 
767 5 22 25 0.021013156 
795 0 19 23 0.020959167 
744 0 23 26 0.020947242 
230 196 23 31 0.02089673 
900 128 19 24 0.020823441 
569 172 68 81 0.020793738 
487 55 22 28 0.02070909 
670 56 47 61 0.020618739 
363 56 21 25 0.020541271 
119 212 42 51 0.020526456 
995 153 16 23 0.020520182 
590 1 21 24 0.020518284 
994 3 20 24 0.020515922 
487 208 55 72 0.020508373 
561 201 74 106 0.020484077 
911 78 51 64 0.020463957 
367 213 58 77 0.02040289 
824 47 21 27 0.020393196 
333 83 21 26 0.020350875 
973 6 22 25 0.020246137 
952 171 67 96 0.020078354 
729 12 61 63 0.020058893 
993 74 19 27 0.02003426 
-11 254 56 74 0.020024396 
