7_Cheering_Cheering_7_60
55
439 161 70 97 0.9997954 
256 159 85 100 0.99970156 
703 156 83 109 0.9995746 
599 29 75 104 0.9985751 
802 114 51 67 0.57722664 
519 318 70 88 0.21858731 
614 283 78 81 0.14236997 
568 516 86 100 0.06497141 
528 98 55 75 0.06038007 
919 127 21 28 0.057612635 
894 186 60 88 0.05754746 
341 313 73 88 0.057430547 
565 306 65 84 0.051478446 
522 79 48 64 0.048384678 
927 151 22 31 0.04478583 
944 97 23 32 0.044414073 
944 73 21 28 0.043188564 
775 80 95 125 0.0414757 
790 51 66 74 0.04029692 
929 100 21 27 0.039708186 
928 76 21 25 0.037505016 
924 142 35 52 0.03743818 
752 134 72 95 0.036684528 
530 189 50 70 0.035657655 
904 130 22 28 0.034496993 
332 110 40 57 0.03268333 
944 56 24 29 0.031256862 
796 74 30 36 0.031115577 
948 123 24 35 0.030128626 
904 73 19 25 0.03010159 
815 73 30 34 0.029252823 
776 8 84 77 0.027800385 
924 165 27 37 0.026086817 
823 466 80 88 0.025224116 
766 22 107 136 0.025199542 
928 93 34 45 0.025191514 
483 175 66 85 0.025103321 
936 67 39 55 0.024830721 
926 54 65 90 0.024756536 
815 46 31 33 0.024558851 
942 145 24 37 0.024304373 
932 155 37 54 0.024218014 
879 129 62 83 0.024207046 
872 177 57 79 0.023838298 
801 584 50 52 0.023235474 
957 4 47 62 0.023204094 
812 134 68 90 0.022972086 
784 151 54 70 0.022817643 
896 150 21 26 0.022448294 
500 143 47 61 0.022425564 
875 156 20 28 0.02027001 
930 91 52 81 0.02026202 
897 119 36 47 0.02012685 
588 302 77 93 0.02009261 
902 56 23 27 0.020069538 
