7_Cheering_Cheering_7_413
146
485 429 56 85 0.9984124 
926 384 61 77 0.99733436 
732 457 79 97 0.99650526 
425 361 36 47 0.953745 
617 370 39 48 0.9214662 
540 345 32 40 0.90574676 
847 380 35 44 0.9029319 
336 413 46 57 0.8033092 
331 330 28 36 0.60835284 
276 346 26 34 0.57462716 
749 383 44 51 0.5604115 
52 326 30 36 0.46055856 
67 328 23 30 0.42395306 
167 371 45 54 0.42006198 
169 330 28 35 0.35295627 
251 332 23 29 0.30930257 
357 325 26 32 0.28518304 
8 350 23 31 0.2670266 
44 387 29 36 0.24616063 
377 331 25 32 0.22063084 
499 381 40 50 0.16372673 
185 368 43 51 0.15437244 
241 330 21 28 0.15142435 
341 431 50 66 0.13216867 
439 473 33 40 0.11898474 
735 356 26 33 0.118958324 
30 331 25 31 0.10619706 
19 351 25 32 0.10249571 
5 337 22 31 0.09868743 
199 361 28 35 0.08907989 
326 345 27 35 0.08634387 
313 335 26 33 0.08326553 
350 280 25 32 0.08293898 
458 422 58 80 0.07844762 
746 409 67 78 0.0765862 
35 458 23 29 0.07536429 
426 452 39 50 0.06514393 
33 386 23 28 0.064204805 
105 354 22 27 0.061154146 
779 397 47 56 0.061097525 
305 447 40 48 0.060376473 
492 394 51 65 0.06033494 
353 308 24 30 0.059834197 
932 422 55 72 0.05931803 
373 446 42 55 0.059225902 
0 456 20 24 0.05567708 
338 308 25 32 0.051493406 
356 415 52 64 0.0510538 
-1 558 37 57 0.050647702 
96 381 24 31 0.04898992 
703 423 42 55 0.047946848 
107 336 21 27 0.047604278 
31 400 22 27 0.046824146 
693 340 22 28 0.046818003 
232 428 27 34 0.046298817 
132 379 24 31 0.045849457 
78 378 27 33 0.04564312 
346 373 42 55 0.045258556 
341 316 44 54 0.04421635 
951 378 46 61 0.042655632 
409 446 39 49 0.042408515 
554 422 43 62 0.040164042 
352 345 36 43 0.038693927 
343 464 43 60 0.03760194 
260 342 33 41 0.036541045 
335 274 35 47 0.036416385 
229 249 24 30 0.034520235 
43 344 37 46 0.034427408 
30 313 21 26 0.03425422 
689 379 26 33 0.033458766 
221 373 37 46 0.03331048 
780 418 54 67 0.03316286 
355 169 24 32 0.03284685 
123 471 52 79 0.032376505 
205 333 22 30 0.03229926 
23 318 45 58 0.032229587 
158 376 31 39 0.032070827 
129 417 37 48 0.03183567 
234 311 22 28 0.031063458 
151 386 40 51 0.030995522 
135 409 23 30 0.030898003 
550 448 42 63 0.030722683 
325 479 49 64 0.029764071 
266 337 47 57 0.029611342 
161 354 25 34 0.029065328 
489 382 28 35 0.029038735 
437 334 25 32 0.02879315 
65 345 34 44 0.028754689 
131 361 21 28 0.028740026 
125 387 54 67 0.028583305 
424 380 43 56 0.028420636 
226 397 38 48 0.02816799 
28 372 52 61 0.027836924 
512 354 27 34 0.027375417 
236 357 23 30 0.027315306 
379 469 32 42 0.027314864 
33 439 20 25 0.027224816 
779 373 41 49 0.027010456 
857 386 40 50 0.02695881 
564 303 24 28 0.026580332 
94 459 62 86 0.026549485 
356 205 25 31 0.026503295 
174 354 32 39 0.02577943 
49 314 25 29 0.025521498 
227 236 24 28 0.02526017 
275 367 37 47 0.025022129 
106 492 40 55 0.025002947 
337 199 24 31 0.024218582 
56 367 47 58 0.024156598 
630 360 32 39 0.024101991 
134 489 66 89 0.02399654 
29 431 34 45 0.023810964 
363 319 47 58 0.02370336 
705 439 64 83 0.02358822 
6 379 21 26 0.02344456 
375 265 41 50 0.02336402 
2 441 20 25 0.023275852 
243 321 43 55 0.023120482 
231 274 23 31 0.023000412 
390 624 62 84 0.02274462 
309 423 49 59 0.022527363 
820 378 39 48 0.022485135 
694 352 22 29 0.022456687 
307 395 39 49 0.022330917 
210 249 25 32 0.022188205 
331 445 35 43 0.021991143 
244 498 48 74 0.021873998 
512 441 47 67 0.021734629 
650 369 38 48 0.021669662 
401 264 43 51 0.021626992 
271 398 35 44 0.0215902 
458 357 25 32 0.021373503 
662 362 23 30 0.021276724 
533 366 39 49 0.021176914 
26 446 46 59 0.021156205 
360 158 23 29 0.021068254 
254 398 34 43 0.021067282 
180 311 24 30 0.021060836 
462 337 22 30 0.020830328 
647 562 63 79 0.02082162 
647 201 22 27 0.020768601 
88 386 56 69 0.020684218 
2 483 21 28 0.020468658 
23 515 23 29 0.020177785 
816 379 59 82 0.020147776 
491 466 59 75 0.020102277 
