7_Cheering_Cheering_7_171
739
720 303 22 29 0.51459265 
232 54 19 22 0.40247965 
718 187 20 25 0.35065964 
557 251 18 23 0.33621606 
386 121 19 22 0.32051966 
179 279 20 24 0.2906087 
425 101 17 21 0.2849077 
267 308 17 21 0.27736932 
602 232 16 20 0.27685568 
343 230 16 20 0.2749958 
650 238 19 22 0.27341172 
-1 5 21 28 0.2676807 
332 46 17 22 0.24935587 
773 300 20 25 0.2479541 
304 225 17 21 0.24305922 
465 187 16 20 0.24070726 
700 238 17 21 0.2305299 
774 289 19 23 0.2292823 
849 159 21 26 0.22893204 
409 204 17 20 0.21907005 
424 307 17 21 0.21904351 
131 177 19 23 0.21889499 
636 312 19 25 0.21689044 
303 213 17 20 0.21097729 
279 74 17 23 0.20478822 
344 263 17 19 0.20394199 
460 199 15 19 0.19377124 
792 357 21 27 0.19261955 
345 277 17 21 0.19142528 
625 305 18 22 0.19131893 
232 72 19 23 0.18445262 
23 386 17 23 0.17475708 
289 265 18 23 0.17409408 
508 257 16 21 0.17405625 
187 405 18 22 0.17159516 
498 236 17 20 0.16804321 
280 58 17 22 0.16570674 
598 256 16 21 0.16563854 
384 314 16 20 0.1590972 
637 184 19 22 0.15837835 
560 127 16 20 0.15648137 
849 174 20 26 0.15520313 
519 60 17 21 0.15460855 
699 250 19 23 0.15131107 
420 281 16 20 0.14969496 
648 247 19 24 0.14969283 
637 203 17 21 0.14648633 
544 239 18 21 0.1457597 
611 232 16 20 0.14148505 
867 288 23 27 0.14078848 
469 125 16 19 0.1399158 
744 253 18 22 0.13814361 
747 236 17 21 0.135032 
496 202 15 19 0.13393378 
260 186 18 22 0.13281454 
789 206 17 22 0.13226418 
659 236 17 22 0.13163246 
446 205 15 19 0.13044444 
353 280 17 20 0.13001873 
432 284 16 21 0.12904468 
54 74 19 25 0.12684742 
620 290 17 23 0.12633982 
132 152 17 22 0.12445149 
215 1 18 19 0.12348347 
546 101 16 20 0.120165125 
616 375 26 33 0.11963881 
159 202 17 20 0.11627229 
435 153 16 19 0.11592494 
984 297 20 28 0.11585022 
558 239 19 23 0.11533379 
589 157 15 19 0.11476668 
368 310 16 20 0.11397987 
78 424 21 26 0.1138731 
387 71 15 20 0.11319744 
440 184 15 18 0.112914465 
87 83 19 25 0.11260887 
792 132 19 23 0.11187823 
387 410 19 25 0.11080965 
202 25 18 21 0.1096731 
720 288 20 25 0.109272175 
458 232 16 20 0.10920194 
777 236 18 23 0.108118206 
619 151 15 17 0.1073876 
850 210 19 25 0.10714915 
551 127 16 20 0.1071282 
828 356 19 23 0.10624873 
266 76 17 22 0.10556364 
294 213 17 21 0.105333224 
852 311 20 25 0.10479278 
353 232 17 21 0.10464988 
291 358 17 20 0.10463049 
918 3 23 25 0.1045894 
413 186 16 19 0.10452489 
628 205 16 20 0.104250096 
791 227 20 25 0.10419805 
292 29 17 20 0.103653565 
773 252 17 22 0.1028298 
336 315 17 20 0.101891786 
619 77 16 19 0.10147219 
497 184 15 19 0.10091358 
623 185 16 20 0.099792555 
307 282 16 20 0.09915924 
740 123 19 23 0.09914896 
816 402 23 28 0.09901237 
702 102 16 20 0.0984955 
841 363 18 22 0.097394586 
593 284 16 21 0.09710477 
534 179 16 20 0.09586646 
314 305 16 20 0.095327094 
314 465 19 23 0.095221035 
610 257 16 22 0.09484743 
712 231 18 23 0.09482537 
337 331 17 21 0.094554424 
152 4 17 19 0.093226634 
89 154 21 24 0.0927219 
98 81 17 23 0.092225455 
389 254 16 20 0.09154751 
869 175 19 23 0.09143473 
681 445 41 47 0.091195 
953 362 21 25 0.09107507 
470 108 16 19 0.089625545 
670 78 16 19 0.08957234 
867 300 22 28 0.0893714 
496 161 15 19 0.08934777 
253 27 17 20 0.08786287 
322 52 16 21 0.087720245 
442 81 16 20 0.08738594 
340 211 15 19 0.08701665 
132 136 17 22 0.08698372 
515 69 18 21 0.086655594 
320 80 16 22 0.08637567 
55 57 20 26 0.086348824 
513 205 15 18 0.08629652 
226 307 17 21 0.085918315 
723 156 18 21 0.085788876 
465 35 15 19 0.08530889 
415 153 16 19 0.08469366 
903 182 17 21 0.08469124 
750 206 15 20 0.084414765 
777 205 17 21 0.084067464 
793 184 17 21 0.08386624 
663 208 18 21 0.08349563 
511 239 16 19 0.08348181 
418 54 15 17 0.08285164 
774 157 16 21 0.082800604 
239 30 17 20 0.08267112 
469 80 15 19 0.08263229 
849 222 19 25 0.08251985 
99 99 18 23 0.08243923 
875 221 19 24 0.0813618 
566 207 17 20 0.080429845 
645 159 16 19 0.07983626 
795 407 21 26 0.079833075 
749 161 17 21 0.07976982 
185 26 17 19 0.07949531 
696 203 17 20 0.07939574 
363 28 17 19 0.07883542 
851 324 20 25 0.0786219 
439 58 14 18 0.078332745 
513 126 15 18 0.077855185 
585 306 18 23 0.07740814 
138 104 17 21 0.07715471 
59 24 18 21 0.07715145 
447 229 16 20 0.07691871 
576 155 15 18 0.07671719 
306 260 15 19 0.07636597 
365 75 16 20 0.075963 
867 161 20 24 0.07594999 
264 405 19 24 0.07594049 
780 128 17 20 0.07494817 
775 179 18 23 0.074358806 
641 132 15 19 0.07424749 
153 188 17 21 0.07359561 
697 127 18 21 0.07333566 
696 186 18 22 0.07308167 
86 95 20 25 0.07303171 
801 150 17 20 0.07246559 
182 266 20 23 0.07230365 
107 3 19 22 0.072275676 
595 212 16 20 0.07202037 
485 59 16 19 0.07113015 
360 103 17 21 0.070785336 
690 435 29 34 0.07072946 
517 185 15 19 0.069451 
483 71 16 21 0.06920843 
108 58 18 22 0.069173 
667 131 17 21 0.068933286 
953 329 18 23 0.068903945 
690 83 15 19 0.06859799 
623 137 15 18 0.06842819 
748 176 16 20 0.068168916 
787 303 18 24 0.068094835 
331 2 17 19 0.06777531 
793 338 20 24 0.06776795 
385 59 15 19 0.067633286 
389 239 17 21 0.06743354 
518 108 16 19 0.06695508 
125 51 17 22 0.06677707 
541 159 16 19 0.06646006 
293 228 17 20 0.06625502 
469 51 15 18 0.06624739 
539 210 16 18 0.06596279 
134 4 20 21 0.06552462 
674 481 24 31 0.06487022 
362 51 17 21 0.06417108 
278 310 15 19 0.06411594 
594 180 16 19 0.06410469 
256 257 16 22 0.06400364 
24 74 16 23 0.06399263 
542 85 16 20 0.06355021 
664 156 17 20 0.06351913 
392 287 15 18 0.063104436 
313 440 18 22 0.06292935 
415 132 17 21 0.06288437 
151 106 15 19 0.06276172 
595 133 15 18 0.062742166 
282 432 16 22 0.062643565 
256 235 16 20 0.06249409 
993 142 22 35 0.062212683 
586 359 24 30 0.061576545 
60 416 18 24 0.061249606 
563 288 17 22 0.061167866 
157 384 16 19 0.061061405 
489 31 15 18 0.06070528 
162 430 19 24 0.06060793 
665 363 22 29 0.060159482 
854 284 20 24 0.060084935 
459 255 17 21 0.059994046 
367 210 15 18 0.05981582 
179 2 16 18 0.05977072 
922 230 18 23 0.059395857 
163 412 17 21 0.058778487 
355 263 17 21 0.05871322 
279 417 18 23 0.058130566 
644 105 15 18 0.058089916 
823 338 17 22 0.058071654 
258 391 18 22 0.058011565 
138 82 16 21 0.057957806 
264 56 16 20 0.057903547 
513 33 16 19 0.05732074 
206 282 17 21 0.057288304 
716 255 18 23 0.056888856 
227 1 16 18 0.056472246 
667 286 18 23 0.05635622 
724 84 17 19 0.056293033 
216 310 18 21 0.056241497 
262 288 15 20 0.056175362 
562 111 17 20 0.05558288 
684 476 28 35 0.055334225 
413 27 15 17 0.055308133 
622 331 19 24 0.055286303 
690 411 25 31 0.055212513 
332 80 17 21 0.055060558 
53 433 19 23 0.05489118 
644 288 17 22 0.054873552 
389 207 15 18 0.054695122 
415 84 16 20 0.05467368 
798 486 21 28 0.054611266 
82 76 30 40 0.0546105 
896 214 17 21 0.05420513 
333 185 16 20 0.054192897 
209 52 18 21 0.05412298 
159 150 16 21 0.05389714 
488 123 16 20 0.053843617 
568 356 24 28 0.053763427 
550 285 16 21 0.0537425 
852 133 18 23 0.053451486 
512 159 15 19 0.053410474 
465 285 17 20 0.053307846 
795 383 21 27 0.053218678 
711 451 25 31 0.053196684 
260 200 17 21 0.05317412 
384 330 17 20 0.053119075 
895 228 18 23 0.053040646 
793 432 20 23 0.05303479 
335 35 18 20 0.05282206 
597 104 15 17 0.052629102 
384 25 14 17 0.05259476 
614 361 21 29 0.052557703 
153 230 18 22 0.0525039 
750 111 17 20 0.05244034 
260 360 17 20 0.052387588 
155 132 16 19 0.052285057 
4 147 21 29 0.05198443 
363 435 17 21 0.051919587 
136 391 17 20 0.051700134 
572 183 16 20 0.051461387 
261 332 17 21 0.05110775 
462 310 18 22 0.051106032 
342 100 17 20 0.05099883 
467 158 15 19 0.050881192 
413 263 17 21 0.0508636 
726 132 17 21 0.05085561 
151 84 16 21 0.05084053 
775 362 19 23 0.05074913 
643 514 24 30 0.050366543 
900 155 17 21 0.050297912 
745 383 21 26 0.049895126 
544 243 28 35 0.049720835 
124 145 31 39 0.04946228 
648 80 15 18 0.049457356 
179 430 19 24 0.049395908 
693 378 22 28 0.049364146 
213 81 17 22 0.049300544 
49 63 33 44 0.049081825 
638 323 19 25 0.049079277 
184 53 17 21 0.048978996 
928 212 18 22 0.048867904 
903 328 18 21 0.048825245 
311 413 17 21 0.048794314 
438 136 16 20 0.048313603 
569 300 18 23 0.048262708 
898 316 18 22 0.048050955 
668 180 17 20 0.04795736 
754 482 21 28 0.04744505 
161 284 21 25 0.047351222 
982 285 19 29 0.04725712 
820 390 21 26 0.047157258 
874 361 16 21 0.046860375 
310 2 17 19 0.046550807 
797 541 22 30 0.04649494 
312 185 16 20 0.04638523 
619 102 14 19 0.046124008 
953 263 18 23 0.046118323 
132 205 19 23 0.046031997 
858 284 37 44 0.045838986 
57 95 19 25 0.045737308 
160 23 17 20 0.045682933 
787 286 18 22 0.045656092 
258 0 18 20 0.045618095 
746 359 20 24 0.04548893 
187 106 16 21 0.045307014 
232 290 16 20 0.045183726 
52 7 19 23 0.04514107 
873 257 19 22 0.045041554 
693 154 17 21 0.044912145 
368 336 16 20 0.04489231 
363 354 18 21 0.0448848 
79 52 17 22 0.04484898 
75 26 16 20 0.044826172 
446 31 15 18 0.04456313 
129 23 18 21 0.04438839 
715 101 16 19 0.044379834 
598 8 18 22 0.044363298 
109 130 18 21 0.044274632 
632 381 22 29 0.044008236 
127 404 16 21 0.04388168 
641 437 25 33 0.043619223 
670 302 19 24 0.04354807 
644 51 14 17 0.043540806 
695 230 28 35 0.043538895 
512 375 24 29 0.043535072 
745 284 16 21 0.043441825 
185 394 17 21 0.043387525 
511 278 17 21 0.043330915 
337 128 16 21 0.043216515 
748 329 19 24 0.04321502 
309 27 16 19 0.042909786 
815 155 18 23 0.04289545 
159 365 16 20 0.04287437 
411 229 16 20 0.042844057 
591 331 19 24 0.04267639 
824 311 17 22 0.042646192 
868 330 18 22 0.042547185 
849 379 18 23 0.042496305 
458 332 19 23 0.04228068 
751 518 35 47 0.04223776 
233 147 20 25 0.04214517 
390 181 16 20 0.041809227 
47 504 31 40 0.0416595 
156 257 18 23 0.04158136 
366 180 16 20 0.041524436 
363 7 17 20 0.041504145 
902 251 19 23 0.04131801 
414 331 16 21 0.0412607 
777 431 19 23 0.041008048 
490 283 19 23 0.040960535 
712 286 32 42 0.0405683 
290 1 18 19 0.04047251 
339 413 17 21 0.04037546 
415 362 17 22 0.04031943 
183 235 16 21 0.04030228 
487 110 17 20 0.040190313 
206 101 18 24 0.040024888 
921 254 17 21 0.040023077 
87 388 17 21 0.040014226 
801 459 21 25 0.039825954 
767 108 16 20 0.039732095 
180 399 29 34 0.039639093 
690 59 15 19 0.039525364 
287 382 16 19 0.039517723 
668 409 24 31 0.039374266 
852 413 20 26 0.039368194 
772 331 19 23 0.039306134 
795 510 21 28 0.039275985 
659 421 61 74 0.03927342 
826 204 18 23 0.039203886 
950 230 18 22 0.03903983 
921 184 17 21 0.03882556 
675 59 15 19 0.038271833 
128 227 20 24 0.0380935 
201 408 17 21 0.037993383 
160 51 17 21 0.037983958 
362 416 18 23 0.037695438 
843 168 33 42 0.037690304 
90 90 30 39 0.03764885 
662 253 17 21 0.037390765 
491 359 21 24 0.0373365 
823 231 18 23 0.03729345 
599 22 16 20 0.03726161 
955 0 20 22 0.0370056 
109 412 17 22 0.036844097 
206 128 22 29 0.03648379 
668 504 24 31 0.036440782 
262 69 28 35 0.03634469 
904 386 19 23 0.036100883 
3 132 22 30 0.035841584 
210 264 17 21 0.035719622 
902 367 17 20 0.035690445 
795 254 19 25 0.035679545 
336 152 16 20 0.035630357 
183 152 18 23 0.035608727 
101 389 17 21 0.03553448 
186 77 17 20 0.035532776 
822 177 18 24 0.035532527 
187 128 18 23 0.035467613 
667 457 54 68 0.035412148 
109 224 22 26 0.03539887 
436 357 18 22 0.035367265 
992 513 21 27 0.03534941 
621 60 16 19 0.03533665 
673 458 26 34 0.035298366 
51 456 21 24 0.03512556 
851 256 18 23 0.035064444 
103 177 19 23 0.034953084 
775 47 16 20 0.034771908 
954 277 17 21 0.034721892 
13 76 18 24 0.03456667 
814 130 19 23 0.034561813 
290 339 16 20 0.034498386 
2 235 19 26 0.034487415 
684 500 28 34 0.034446824 
742 311 17 23 0.03419508 
413 9 16 20 0.034187134 
106 210 20 25 0.034087744 
795 105 18 22 0.034047194 
384 392 18 22 0.03403448 
948 210 19 23 0.034028158 
445 261 17 21 0.033975914 
365 123 18 22 0.03397287 
822 280 17 22 0.033725612 
976 410 20 26 0.03370589 
513 309 19 23 0.033700835 
27 174 20 26 0.03345686 
132 100 29 39 0.033337217 
741 82 15 18 0.033333674 
896 284 18 22 0.033261657 
303 359 16 20 0.033032276 
22 64 31 41 0.032843266 
307 388 16 19 0.032704957 
212 233 17 21 0.03249716 
279 181 16 21 0.032425635 
386 8 17 20 0.032412875 
178 208 16 20 0.0322562 
235 257 17 21 0.032192685 
489 303 19 24 0.032190222 
842 290 53 66 0.032176428 
566 80 15 18 0.032170594 
921 361 18 22 0.031936385 
598 353 48 67 0.031908836 
834 355 30 37 0.03183574 
771 380 18 24 0.031821106 
313 477 20 25 0.031804454 
150 194 29 35 0.031773295 
821 148 63 80 0.031731777 
670 5 18 21 0.031630486 
336 437 17 21 0.031561743 
670 101 16 20 0.03150507 
981 257 18 26 0.031433586 
56 129 19 24 0.031405963 
261 98 17 22 0.031383492 
50 426 31 38 0.031369712 
209 146 20 26 0.03136129 
712 190 31 39 0.031321738 
50 21 34 42 0.031245569 
799 1 19 21 0.031209933 
596 81 15 18 0.031131618 
78 463 21 25 0.031082295 
24 125 21 27 0.030958474 
874 382 17 20 0.030951126 
14 385 17 24 0.030845363 
236 98 19 23 0.03078452 
311 336 16 19 0.030768825 
82 0 18 21 0.030750526 
129 325 19 23 0.030680394 
928 282 16 20 0.030680098 
796 81 17 20 0.03066533 
517 331 20 25 0.030589303 
157 299 20 25 0.03048752 
20 100 18 24 0.030449837 
185 179 17 22 0.030308269 
417 380 18 21 0.030299248 
385 356 16 19 0.030203424 
467 384 20 24 0.030196331 
618 323 30 39 0.030157605 
869 126 18 22 0.030146442 
339 256 28 35 0.029934892 
660 366 33 45 0.029899554 
594 375 24 31 0.029835679 
491 335 20 24 0.02980614 
845 202 33 41 0.029727701 
74 486 25 31 0.029707147 
235 379 16 21 0.029583639 
23 152 21 27 0.029456485 
593 53 16 19 0.029371906 
109 309 22 27 0.029351568 
947 151 20 25 0.028888252 
49 285 25 30 0.028886484 
467 7 16 18 0.028841425 
99 430 20 25 0.028827235 
750 408 20 24 0.028816126 
783 202 28 37 0.028764626 
979 235 18 23 0.028705643 
80 130 18 23 0.028650122 
287 157 17 21 0.028538255 
142 179 31 37 0.028525434 
51 82 34 45 0.028508374 
32 57 18 25 0.02850632 
691 364 21 27 0.028447427 
812 260 118 157 0.028422596 
392 153 16 21 0.02833936 
256 157 17 20 0.028323442 
29 329 19 28 0.02824994 
185 334 17 21 0.028180994 
209 -3 29 32 0.02815507 
590 482 30 35 0.028122917 
609 9 18 21 0.028104398 
612 22 16 19 0.028008766 
4 173 21 27 0.02800593 
108 22 18 21 0.02792067 
972 3 18 22 0.027902992 
275 51 28 37 0.027882203 
28 2 17 22 0.02784102 
312 97 16 21 0.027826862 
33 431 18 23 0.027723234 
309 156 17 21 0.027711973 
744 463 20 25 0.027693968 
125 128 30 39 0.027533373 
739 246 29 37 0.027437901 
944 327 32 39 0.02736477 
461 358 19 22 0.027271017 
284 96 17 22 0.027162932 
925 311 17 19 0.027075456 
642 34 16 19 0.027074527 
789 423 32 38 0.027020441 
419 332 577 583 0.027001133 
202 436 20 24 0.026951242 
818 105 17 21 0.026852466 
745 434 19 24 0.026816359 
497 248 28 35 0.026815414 
983 382 19 25 0.026773537 
260 457 19 24 0.026751846 
950 316 18 23 0.026633784 
106 284 20 25 0.026615508 
54 151 21 26 0.026604133 
853 190 70 88 0.026555672 
178 361 16 19 0.026434274 
365 159 16 21 0.02639374 
201 456 22 27 0.026353212 
53 387 17 21 0.026287798 
545 303 18 23 0.026278248 
640 530 24 29 0.026169274 
616 365 47 64 0.026092593 
667 432 26 33 0.026042804 
821 256 18 22 0.026028885 
822 187 68 83 0.025953038 
118 43 30 38 0.02583864 
232 368 16 21 0.02579503 
716 407 22 28 0.025739789 
240 180 17 22 0.025679873 
31 260 19 25 0.025654467 
318 44 28 35 0.025595829 
535 56 16 20 0.025537837 
68 61 52 67 0.025450667 
949 408 19 23 0.025415378 
580 346 47 60 0.02523085 
258 130 16 21 0.025168661 
32 361 18 23 0.02510869 
381 106 29 36 0.025094464 
922 333 17 21 0.025086043 
181 299 19 24 0.025043068 
127 196 30 38 0.024878038 
857 155 32 40 0.02476261 
763 138 63 82 0.02474934 
77 205 20 26 0.024667304 
849 428 20 25 0.02464617 
562 3 18 20 0.024569519 
906 1 22 23 0.024513919 
774 82 16 19 0.024510918 
712 87 73 90 0.024476904 
874 101 19 24 0.024467263 
562 647 25 28 0.02440754 
47 490 26 31 0.024344876 
746 50 16 19 0.024317006 
849 151 71 85 0.02428414 
632 219 50 61 0.024241276 
774 33 18 21 0.02423311 
644 360 19 25 0.024217175 
653 195 72 81 0.024190288 
555 343 48 58 0.024182225 
384 457 17 22 0.024135225 
386 433 18 23 0.024125207 
299 218 26 34 0.024114186 
337 224 27 33 0.024026154 
850 1 20 21 0.024015946 
31 203 19 25 0.023998383 
340 355 17 20 0.02397776 
109 134 56 67 0.023970105 
239 411 17 21 0.023860864 
619 382 59 76 0.023857525 
39 50 53 71 0.023848865 
494 230 28 35 0.023741577 
994 259 17 27 0.023714883 
772 424 31 37 0.023654232 
488 4 15 18 0.023638587 
538 333 20 24 0.023580449 
569 53 15 18 0.023432413 
489 433 23 30 0.023309655 
338 387 17 20 0.023258261 
101 54 30 38 0.02324901 
818 330 31 40 0.023234457 
721 55 16 20 0.023227744 
653 394 58 74 0.023222566 
27 308 20 28 0.023168815 
231 132 20 26 0.023166526 
52 358 17 23 0.023132483 
415 279 28 36 0.023121035 
57 203 21 25 0.023057353 
822 28 18 21 0.023039447 
31 404 18 24 0.023030816 
852 101 18 22 0.023027983 
608 225 26 34 0.023010561 
210 207 16 20 0.022978425 
948 181 19 24 0.022972617 
82 172 21 25 0.022948496 
671 24 16 18 0.022945749 
494 383 20 24 0.02279751 
993 22 17 23 0.02277282 
35 489 22 28 0.022769999 
33 281 20 26 0.022767667 
743 33 17 20 0.02276536 
148 140 32 38 0.022762036 
972 364 18 24 0.022754095 
791 143 30 36 0.022752825 
55 175 20 26 0.022751277 
761 187 66 79 0.02268692 
787 334 31 41 0.022663891 
742 229 29 37 0.022642417 
81 134 51 62 0.02261424 
708 140 69 87 0.022596551 
185 456 22 27 0.022547048 
794 51 16 20 0.02253315 
590 410 22 28 0.022520931 
750 498 63 82 0.022503547 
15 112 37 47 0.02250062 
625 199 26 33 0.022414353 
691 197 32 41 0.022388538 
465 407 20 25 0.02238716 
770 462 19 23 0.022379324 
870 214 31 38 0.022373054 
847 564 20 27 0.022342362 
686 438 65 79 0.022337569 
589 278 28 35 0.022295538 
29 489 54 67 0.02220221 
211 302 29 36 0.022172906 
611 292 50 60 0.022161117 
75 286 21 25 0.022145411 
0 204 19 26 0.022131559 
892 461 20 26 0.021957217 
736 75 100 129 0.021941813 
720 387 21 27 0.021941096 
235 235 17 21 0.021898149 
100 358 18 22 0.021879394 
58 410 29 38 0.021876266 
7 67 32 43 0.021858538 
971 205 18 24 0.02184713 
775 120 30 37 0.021797819 
547 119 27 34 0.021791263 
643 0 17 19 0.021732327 
668 333 19 25 0.021696238 
126 460 20 25 0.021692095 
58 496 39 48 0.021649577 
846 246 79 111 0.02157732 
509 407 23 28 0.021570776 
15 48 55 73 0.021537397 
698 278 20 27 0.021524634 
103 124 31 39 0.021441296 
892 534 21 28 0.021415489 
585 327 32 40 0.021340135 
1 516 20 28 0.02133317 
231 331 17 21 0.021322835 
722 444 54 66 0.021228727 
286 458 16 21 0.02121672 
106 491 21 26 0.021157876 
30 24 17 22 0.02114887 
973 333 17 23 0.02110272 
769 245 29 38 0.021081021 
11 85 35 48 0.021039251 
2 251 19 27 0.02103883 
982 122 30 47 0.020987082 
665 294 29 40 0.020968081 
440 7 16 20 0.02096521 
11 98 19 25 0.020905951 
867 414 18 21 0.020883655 
145 123 31 39 0.02086304 
851 52 18 22 0.020814143 
772 415 19 23 0.020802796 
432 381 18 23 0.02078785 
536 379 23 30 0.020772807 
286 20 30 35 0.020700919 
723 357 19 25 0.020681605 
0 525 34 51 0.02067931 
994 361 17 23 0.020675188 
73 121 32 41 0.02056736 
697 192 72 82 0.020492218 
24 22 108 143 0.020458069 
286 489 18 23 0.020451354 
365 386 17 21 0.020326013 
634 415 57 71 0.020311097 
609 480 25 32 0.020307645 
537 360 22 28 0.020251988 
871 436 20 26 0.02023675 
136 253 20 24 0.020235728 
663 288 66 80 0.020212388 
44 451 35 42 0.020155573 
157 421 33 38 0.020126043 
404 504 21 30 0.020102153 
517 3 16 19 0.020075213 
610 393 36 50 0.020060124 
