7_Cheering_Cheering_7_530
207
621 122 22 29 0.19585983 
734 154 27 34 0.17964424 
719 150 24 31 0.16671823 
693 150 21 26 0.14835426 
415 43 25 32 0.13884445 
674 133 21 28 0.13264221 
9 108 19 25 0.12811002 
585 150 22 28 0.10476992 
515 203 23 29 0.09677913 
134 237 20 24 0.0850581 
672 145 22 27 0.08105879 
694 173 20 26 0.08100562 
913 146 82 104 0.075477734 
687 131 20 26 0.07422144 
355 45 21 26 0.072701424 
633 122 22 29 0.06665677 
60 233 22 29 0.065170385 
532 47 20 25 0.06333236 
71 236 20 27 0.060703106 
718 132 21 26 0.057744186 
428 48 23 29 0.05755708 
707 136 53 64 0.057141002 
815 172 18 24 0.056690484 
819 156 19 24 0.056622565 
638 108 22 28 0.055238143 
107 177 17 21 0.055112433 
688 102 20 25 0.05381006 
129 204 16 20 0.05047334 
724 158 41 52 0.04855796 
593 130 21 26 0.048122115 
387 7 21 23 0.045866378 
681 125 32 41 0.044812508 
76 243 24 31 0.044621043 
839 47 25 32 0.043525342 
904 182 19 24 0.04331981 
26 200 20 23 0.04234574 
318 303 47 45 0.041879024 
409 32 48 61 0.04157155 
493 53 20 28 0.041503113 
25 180 23 27 0.041180696 
804 177 18 22 0.041049473 
928 171 51 55 0.040962297 
154 160 15 18 0.04091177 
918 236 19 23 0.040560465 
228 81 23 27 0.0402985 
154 179 16 19 0.040236093 
231 323 29 33 0.04002927 
133 185 17 21 0.039800633 
110 163 16 20 0.03976162 
820 125 20 28 0.039688367 
958 277 43 60 0.039650038 
183 322 27 32 0.0394048 
853 155 18 23 0.039129812 
927 180 23 27 0.038684025 
671 23 22 25 0.038550176 
672 181 20 25 0.038315937 
697 278 21 26 0.03829305 
684 130 54 64 0.038171254 
585 5 22 25 0.03797129 
342 53 21 25 0.0378804 
184 311 25 27 0.037847586 
741 131 23 28 0.03772728 
660 116 49 63 0.037540074 
516 53 19 25 0.037527014 
178 208 16 20 0.037418474 
570 157 19 25 0.03707189 
847 126 21 26 0.036494736 
690 161 35 44 0.03623554 
539 150 23 28 0.036152553 
209 215 16 20 0.036144476 
853 176 18 23 0.03591109 
82 181 17 21 0.03590038 
360 33 19 23 0.035740845 
136 151 16 20 0.03561639 
616 110 22 30 0.035582226 
892 1 24 25 0.035555717 
620 107 46 61 0.0354334 
9 120 19 27 0.0349674 
669 5 24 26 0.03491684 
769 121 20 26 0.03433873 
741 92 22 27 0.034187216 
359 224 19 23 0.033801105 
802 153 17 22 0.033409987 
108 208 17 20 0.033222854 
948 200 22 25 0.03303255 
721 170 24 31 0.033005297 
846 1 23 25 0.032943174 
1 230 18 23 0.03241253 
541 132 22 27 0.032249473 
667 201 20 25 0.03207169 
616 144 22 29 0.031870108 
934 150 48 51 0.03178495 
903 156 19 24 0.0317511 
179 188 15 19 0.03172201 
568 303 25 31 0.03164661 
133 133 17 21 0.03137248 
767 159 20 24 0.03106222 
694 206 21 26 0.030980397 
595 105 20 27 0.030888299 
928 199 22 26 0.03088757 
865 155 19 23 0.030842239 
926 155 24 28 0.030781154 
163 209 16 19 0.030692961 
385 18 18 25 0.030504592 
682 95 33 41 0.03034057 
947 155 26 28 0.030229507 
54 205 18 22 0.030110639 
949 250 21 25 0.02982969 
437 124 25 29 0.02931042 
129 247 22 27 0.029245816 
299 178 117 130 0.029054053 
28 159 21 24 0.02893215 
432 103 23 29 0.02892879 
359 210 20 26 0.028843604 
538 31 21 23 0.028742757 
722 98 20 26 0.028700052 
674 104 19 25 0.028687872 
944 179 25 26 0.02845214 
971 152 22 27 0.028309783 
31 231 17 22 0.027796071 
512 184 24 30 0.027659977 
685 300 23 30 0.027445238 
688 77 20 27 0.027139805 
716 1 25 27 0.026928091 
771 222 22 27 0.026852634 
199 326 27 31 0.026641512 
996 185 16 20 0.026598478 
438 147 52 58 0.026533682 
112 80 19 22 0.026518932 
861 121 106 134 0.026194578 
950 234 19 23 0.026074547 
920 250 19 23 0.026064511 
305 177 19 24 0.026035564 
430 33 21 26 0.025427071 
452 138 65 79 0.025205594 
818 101 21 28 0.025043886 
715 89 34 44 0.025016095 
802 128 19 27 0.024989061 
78 132 17 21 0.024853235 
540 97 20 25 0.024728712 
454 128 26 32 0.024654938 
191 81 18 21 0.024270335 
911 186 102 149 0.023894561 
107 229 18 22 0.0238891 
210 228 18 22 0.023871599 
830 52 24 32 0.02373674 
200 311 25 27 0.02373419 
672 304 23 29 0.023661003 
573 134 47 61 0.023508312 
497 162 59 74 0.023462502 
814 149 35 44 0.023433061 
78 159 15 19 0.023432277 
770 274 22 27 0.023327652 
668 170 33 41 0.0232919 
875 46 22 28 0.023228662 
844 162 34 44 0.02307045 
588 201 22 27 0.02304557 
702 80 56 70 0.02299874 
427 55 36 46 0.022994794 
586 179 21 27 0.022951838 
256 237 17 21 0.022857025 
562 26 22 25 0.02285071 
875 0 24 25 0.02284102 
58 106 17 20 0.022773972 
22 127 17 21 0.022660812 
687 22 21 24 0.022632344 
946 124 24 27 0.022546727 
288 207 17 21 0.022546344 
265 206 16 19 0.022530118 
81 204 17 21 0.022513421 
189 306 43 45 0.022309339 
934 122 47 57 0.022306316 
565 283 23 27 0.022302598 
298 229 81 87 0.02214949 
867 177 18 23 0.02208021 
203 80 21 26 0.022078775 
800 170 31 41 0.022067377 
304 206 19 24 0.022051815 
765 176 21 28 0.021951148 
901 200 19 23 0.021939475 
824 28 51 65 0.021808948 
587 21 21 26 0.021664284 
55 5 22 24 0.021613516 
329 251 21 27 0.02153808 
793 311 21 26 0.021532698 
793 324 24 32 0.02139697 
921 303 22 27 0.021375453 
770 209 23 29 0.021123692 
724 80 20 26 0.021073433 
906 233 20 23 0.021067388 
231 313 26 28 0.020987123 
636 134 34 45 0.02083332 
19 109 16 21 0.020686125 
662 195 34 44 0.020624787 
679 70 35 46 0.020620132 
232 206 16 19 0.020597756 
1 150 20 29 0.020512933 
569 2 22 24 0.020508457 
689 195 37 48 0.020446803 
489 30 18 22 0.020444745 
482 173 23 31 0.02042545 
920 281 23 26 0.020385552 
492 0 19 20 0.020362848 
921 327 25 30 0.020266298 
311 310 27 28 0.020203229 
336 310 45 48 0.02005697 
305 232 19 22 0.02002893 
