7_Cheering_Cheering_7_195
79
461 461 51 62 0.8838986 
190 600 51 59 0.32050878 
603 526 42 55 0.21356073 
265 539 42 55 0.19680585 
306 517 51 66 0.09747968 
546 461 33 44 0.09023988 
310 502 38 48 0.08212338 
671 592 66 84 0.074522756 
581 495 52 68 0.074002154 
627 455 37 46 0.072622865 
481 456 44 55 0.064667374 
504 727 32 41 0.05558251 
333 520 53 68 0.04990185 
596 865 62 79 0.049765225 
428 647 37 48 0.04630291 
536 493 35 48 0.04551595 
612 503 43 52 0.045038484 
426 620 39 51 0.04241114 
576 472 30 40 0.03939721 
477 472 60 70 0.039171714 
211 607 44 59 0.038515445 
318 733 39 50 0.038408738 
662 652 37 48 0.038000666 
667 56 753 864 0.03799708 
177 608 79 89 0.037264675 
260 687 41 54 0.0354084 
803 1101 537 562 0.035121635 
146 743 97 110 0.0348214 
804 581 32 38 0.032848585 
323 722 63 74 0.032824118 
773 757 33 44 0.03149999 
811 -125 529 581 0.031395257 
341 755 36 44 0.030987088 
741 459 37 48 0.030874958 
395 499 34 45 0.030263703 
506 703 32 40 0.030008664 
440 444 96 110 0.02986258 
233 732 41 55 0.029620718 
645 461 33 43 0.029131737 
521 765 1061 1121 0.028534751 
376 531 55 74 0.02849591 
534 846 91 110 0.028440723 
184 767 44 55 0.027797084 
739 758 32 41 0.02755145 
579 885 43 56 0.027531419 
381 568 40 57 0.027458692 
168 607 37 45 0.027443208 
510 472 80 98 0.026730489 
774 752 526 608 0.026703691 
161 635 59 69 0.026469812 
163 770 41 49 0.025750244 
763 481 508 591 0.025617799 
275 601 41 52 0.025436478 
339 507 36 48 0.025369471 
541 763 30 38 0.024653858 
95 755 115 132 0.024589978 
455 697 33 42 0.024581723 
688 760 30 40 0.024467964 
334 534 88 108 0.02398869 
197 801 236 268 0.023813725 
714 522 57 74 0.023110665 
465 431 42 49 0.02304934 
726 491 54 72 0.022729764 
262 716 36 48 0.022585347 
688 558 89 115 0.021830838 
211 892 61 72 0.021769898 
394 762 33 42 0.021710252 
294 544 57 73 0.0216509 
232 673 60 77 0.021545948 
603 444 76 95 0.021198383 
615 531 96 123 0.021126514 
228 673 207 257 0.021044943 
568 463 50 67 0.020699402 
543 739 29 39 0.020685121 
690 578 41 53 0.020443311 
191 733 43 53 0.020442193 
268 912 37 49 0.020316359 
148 667 65 79 0.020298654 
659 566 35 45 0.02009231 
