7_Cheering_Cheering_7_631
64
391 207 136 205 0.9800884 
698 325 93 135 0.8132141 
145 1097 80 143 0.5376501 
267 743 49 60 0.14220549 
298 681 47 58 0.08660954 
249 706 81 100 0.058772203 
645 299 107 130 0.057650965 
105 1130 99 134 0.052612085 
98 1076 92 130 0.05057797 
275 654 82 97 0.05013579 
277 687 45 56 0.047521435 
695 328 54 79 0.04483875 
166 270 164 199 0.04236513 
771 1077 532 564 0.03979748 
252 907 93 107 0.0387051 
763 793 506 575 0.038313672 
178 1105 94 126 0.037762254 
506 791 1032 1100 0.037417512 
694 308 42 54 0.034129184 
485 686 82 104 0.033789072 
542 722 39 50 0.033375096 
288 900 107 123 0.032799073 
786 -115 524 583 0.03251577 
724 294 102 127 0.03067691 
-1 1344 100 159 0.030220443 
279 590 88 93 0.029803772 
498 718 37 49 0.029507691 
691 255 113 127 0.029207265 
632 65 737 829 0.028203614 
489 690 43 58 0.028060427 
-2 309 109 189 0.027688088 
0 534 32 55 0.02766341 
352 729 39 48 0.026335841 
75 756 54 87 0.026032591 
16 246 186 270 0.02588002 
595 294 105 138 0.02542467 
178 929 64 76 0.024471344 
760 473 521 581 0.023851244 
297 651 45 51 0.023708502 
149 1104 53 85 0.023694726 
637 630 200 194 0.0234088 
325 753 92 125 0.023290599 
680 552 181 199 0.023016382 
138 675 121 138 0.022938404 
265 723 118 142 0.022892432 
347 745 57 76 0.02266104 
319 669 59 72 0.022634324 
20 728 158 248 0.022120124 
0 1414 38 61 0.022119137 
631 244 103 119 0.022000125 
40 1346 102 136 0.021970548 
324 629 70 80 0.021385117 
591 718 182 183 0.021355629 
345 640 41 50 0.020893754 
624 790 137 145 0.020670395 
785 981 230 316 0.020588199 
187 774 172 205 0.020576257 
798 508 109 140 0.020450033 
906 442 98 134 0.020425292 
324 690 90 112 0.020363264 
46 385 79 97 0.020330662 
731 523 115 132 0.020261943 
498 763 34 45 0.020163475 
296 719 46 55 0.020055162 
