23_Shoppers_Shoppers_23_65
69
479 108 37 48 0.89906865 
354 163 35 43 0.60349005 
948 535 32 39 0.2158833 
612 104 24 30 0.14078836 
425 203 30 37 0.11663077 
593 120 32 44 0.10741635 
531 144 40 53 0.10624604 
377 124 26 33 0.102550685 
430 347 24 34 0.07569033 
586 137 40 55 0.054825004 
505 99 30 40 0.053762298 
285 78 25 32 0.052311644 
342 334 23 30 0.05105026 
368 146 35 45 0.049781952 
255 182 24 32 0.0496857 
942 543 49 57 0.04746264 
341 171 24 33 0.046474144 
237 103 23 28 0.04529408 
287 94 24 30 0.043309443 
234 152 22 29 0.041350596 
373 170 30 39 0.041288763 
596 102 22 29 0.040959515 
365 125 25 32 0.03777207 
237 228 21 27 0.036426354 
234 123 22 26 0.035538055 
253 154 21 27 0.032554813 
468 100 29 39 0.031948157 
543 145 58 76 0.030890834 
277 31 25 30 0.030834729 
941 573 54 59 0.030251734 
357 1 22 27 0.028996801 
201 103 22 28 0.02889641 
511 81 26 32 0.028205939 
255 123 20 27 0.027973311 
274 35 40 47 0.027559808 
244 165 48 66 0.026925636 
500 116 31 41 0.026726386 
-67 529 354 354 0.026502991 
253 105 21 28 0.0256428 
751 535 346 361 0.025468813 
329 321 45 58 0.02410932 
187 283 20 24 0.024035404 
162 155 19 24 0.023773773 
289 335 21 26 0.023768164 
598 8 43 49 0.023498705 
483 78 26 32 0.0232965 
259 55 23 29 0.022802947 
246 152 33 45 0.022672998 
293 63 38 48 0.02265931 
203 257 18 24 0.022559932 
503 220 43 48 0.022356374 
340 198 24 31 0.022306673 
235 175 22 28 0.022108085 
312 270 26 32 0.021857083 
-224 315 703 742 0.021775972 
461 121 52 67 0.02143565 
301 76 23 29 0.02137111 
334 126 23 28 0.021349305 
349 182 38 46 0.020943878 
337 157 25 32 0.020931508 
276 152 23 28 0.020557944 
305 336 21 27 0.020513717 
383 332 20 27 0.020476805 
514 155 42 54 0.020305282 
582 303 679 745 0.020303616 
310 146 34 42 0.020267459 
256 67 24 31 0.020192934 
402 174 39 50 0.0200905 
404 123 24 32 0.020082455 
