23_Shoppers_Shoppers_23_708
31
538 -5 160 160 0.30166486 
782 93 198 192 0.16212425 
947 533 36 41 0.1296991 
330 75 26 33 0.11446752 
397 23 43 65 0.10677109 
224 127 24 28 0.098668136 
0 53 431 544 0.08010794 
387 0 93 125 0.07983573 
277 77 20 26 0.07198988 
213 125 23 27 0.03863841 
392 89 132 152 0.033610545 
467 110 122 123 0.03349355 
473 26 171 177 0.033388816 
390 -9 165 172 0.031697687 
876 154 125 221 0.029791582 
392 29 25 34 0.029629407 
230 54 535 501 0.029048674 
376 34 63 88 0.027726794 
574 39 87 130 0.02720221 
697 461 120 173 0.026893679 
262 71 23 29 0.025323913 
412 21 56 76 0.025038775 
551 102 359 351 0.02404602 
116 497 381 370 0.023974722 
540 299 693 728 0.0239327 
744 519 346 371 0.022110565 
729 70 302 366 0.021973746 
939 584 44 50 0.021597454 
607 34 130 132 0.021391155 
-60 450 367 397 0.021215742 
736 144 169 174 0.021196382 
