23_Shoppers_Shoppers_23_485
19
32 141 86 109 0.9985663 
454 87 107 176 0.26048303 
785 363 47 56 0.08804183 
392 92 136 195 0.05992057 
333 103 119 197 0.051143024 
493 149 62 90 0.046727486 
813 147 65 115 0.043815825 
294 108 102 171 0.0412729 
751 529 348 368 0.035033748 
437 94 188 307 0.03491604 
354 -3 78 85 0.030858686 
360 156 161 220 0.027232964 
576 308 682 745 0.027193565 
596 379 79 94 0.024608681 
560 270 63 88 0.023454871 
500 94 83 135 0.022412153 
230 110 113 161 0.022270625 
537 532 360 352 0.021165514 
423 346 59 77 0.021142332 
