23_Shoppers_Shoppers_23_223
31
472 359 78 92 0.98856854 
379 375 25 32 0.117983125 
592 382 29 36 0.06149655 
628 400 35 49 0.042609606 
554 397 40 53 0.034328546 
368 378 22 28 0.03280863 
314 341 40 52 0.032641996 
132 196 26 32 0.0303933 
163 478 35 43 0.029509598 
527 323 44 56 0.029019272 
789 70 77 92 0.02867393 
-69 744 354 353 0.028515764 
-231 525 714 739 0.028353648 
645 625 516 543 0.027864784 
771 89 66 82 0.027833479 
636 351 26 35 0.027246142 
231 445 74 100 0.026180942 
397 369 40 50 0.025750991 
871 692 23 27 0.024467302 
637 379 36 51 0.023169998 
576 373 51 61 0.023049952 
40 306 264 304 0.022767639 
332 408 55 70 0.022157904 
13 146 261 361 0.021988548 
384 406 23 29 0.021975046 
712 223 26 33 0.021473736 
862 711 43 52 0.020854494 
368 360 50 62 0.020616699 
685 357 35 42 0.020486655 
144 129 132 173 0.020412914 
560 380 26 35 0.020222817 
