23_Shoppers_Shoppers_23_640
61
7 331 86 124 0.9994517 
350 238 165 209 0.999374 
618 290 85 117 0.99754864 
837 380 73 103 0.99650145 
221 273 82 105 0.99078393 
759 364 61 78 0.98010087 
803 36 36 43 0.115814395 
980 841 35 49 0.084725745 
769 356 81 114 0.082649104 
863 174 40 50 0.06747483 
844 173 42 51 0.06468984 
727 355 72 91 0.05544036 
818 279 60 76 0.05525384 
2 266 48 62 0.055095453 
180 303 93 113 0.05431785 
-3 277 83 121 0.048359722 
194 1448 60 62 0.0466765 
799 176 38 49 0.044643283 
797 228 37 49 0.04443151 
779 454 518 588 0.040732384 
780 179 508 580 0.040342264 
31 1476 32 41 0.03947526 
771 30 35 40 0.038448706 
842 824 44 53 0.0379969 
152 355 64 85 0.033891264 
808 8 33 36 0.03301341 
667 615 769 856 0.03279379 
797 103 34 43 0.031527344 
679 181 38 50 0.030784953 
265 1355 107 114 0.030296292 
223 764 91 125 0.030008094 
797 63 34 42 0.029886201 
111 365 60 79 0.02988383 
647 -236 785 840 0.02980115 
215 1464 53 58 0.029369757 
856 799 90 112 0.029236171 
348 915 171 161 0.028742077 
765 11 33 36 0.028341373 
862 337 68 88 0.02826149 
104 567 48 59 0.027046395 
808 1111 520 539 0.027024806 
626 428 62 79 0.026626317 
108 288 62 77 0.026281305 
312 945 138 146 0.02619709 
892 338 57 76 0.025537517 
-59 10 345 404 0.025311898 
512 199 75 97 0.025161056 
826 34 34 39 0.024786096 
38 1457 29 35 0.024507131 
537 812 1046 1092 0.02365143 
190 799 96 128 0.023593817 
796 8 57 64 0.022902913 
703 197 70 90 0.02286421 
815 760 114 120 0.022606436 
0 501 54 82 0.022408647 
199 1284 194 190 0.02196941 
546 273 113 140 0.021902278 
266 986 214 211 0.021420093 
497 145 116 135 0.02117546 
835 8 31 34 0.020778548 
962 821 48 71 0.020286046 
