23_Shoppers_Shoppers_23_459
151
650 520 17 22 0.2102526 
20 555 44 60 0.12755746 
646 529 19 24 0.12498584 
719 357 24 29 0.10023448 
594 534 20 24 0.09503451 
762 396 25 33 0.071569346 
718 377 25 31 0.06195546 
646 492 16 20 0.059834395 
589 520 18 22 0.05946119 
686 595 21 25 0.05719014 
839 407 25 29 0.053832978 
747 493 18 22 0.05230995 
97 518 64 87 0.05213117 
748 458 18 22 0.051882572 
660 514 16 21 0.04883854 
743 507 19 26 0.047948517 
747 126 17 22 0.04727964 
65 493 65 90 0.04718925 
801 360 22 30 0.046965167 
676 592 19 23 0.04565518 
695 377 22 28 0.044334896 
549 489 16 19 0.042152915 
642 593 19 22 0.039575007 
280 353 84 96 0.038777374 
645 568 19 22 0.03859548 
668 260 20 26 0.03795107 
854 120 22 29 0.037863456 
615 632 20 24 0.036926117 
664 496 16 20 0.035898183 
903 381 22 28 0.035244863 
77 529 26 38 0.035210744 
609 540 16 20 0.03520226 
390 302 19 23 0.03489129 
745 288 18 21 0.034829255 
614 588 18 22 0.033770677 
310 327 27 37 0.03353822 
591 560 19 25 0.033524755 
687 608 22 26 0.0334422 
916 380 22 27 0.03331902 
94 474 85 107 0.033120714 
297 310 65 82 0.03307222 
661 129 17 21 0.03299806 
108 556 28 37 0.0326675 
619 96 18 23 0.032516167 
562 486 17 20 0.03204839 
123 546 28 42 0.032002896 
789 525 22 31 0.031218909 
96 3 23 27 0.031032631 
5 0 23 27 0.030974854 
771 100 16 20 0.03045943 
671 615 20 23 0.030255554 
814 380 59 73 0.030168973 
511 519 16 22 0.03015787 
696 641 22 27 0.03003806 
125 241 281 336 0.029885296 
438 522 17 23 0.029472383 
670 271 19 26 0.029275743 
719 339 20 24 0.029211514 
653 130 18 22 0.028788477 
387 290 19 24 0.028587619 
333 310 21 29 0.028579267 
668 569 19 23 0.0285278 
569 514 20 25 0.028325865 
618 621 19 24 0.028275322 
53 526 26 36 0.028163766 
777 512 21 28 0.028086552 
666 232 20 24 0.02802859 
547 461 77 109 0.027849702 
710 639 23 30 0.02772939 
580 519 38 46 0.027652293 
332 329 23 31 0.027426787 
775 84 17 21 0.027333925 
746 392 38 46 0.027086588 
650 158 20 24 0.027057033 
442 530 17 21 0.027047034 
742 77 17 22 0.026978642 
406 303 17 19 0.026949802 
441 289 17 21 0.026900986 
67 530 44 59 0.026665654 
82 507 23 32 0.026488783 
642 611 18 22 0.026404487 
855 109 21 26 0.02600686 
74 550 25 34 0.02561801 
812 358 25 32 0.025579909 
407 366 19 24 0.025453057 
768 491 17 22 0.025310481 
776 528 24 31 0.024946885 
0 580 26 37 0.02464429 
596 464 18 23 0.024517898 
189 410 18 22 0.02451476 
752 105 17 21 0.024448952 
666 635 19 23 0.02429868 
518 634 19 23 0.02395762 
545 513 17 23 0.023872271 
492 533 17 21 0.023858616 
895 409 21 27 0.023822477 
278 328 23 30 0.023729574 
743 308 19 24 0.02346788 
357 130 17 21 0.023364952 
949 408 21 25 0.02329135 
488 636 18 21 0.023245059 
287 314 21 26 0.02309293 
413 332 17 20 0.022966165 
663 534 17 23 0.022935927 
202 407 19 23 0.022928027 
513 459 17 22 0.022911526 
362 332 17 23 0.022840152 
622 255 20 24 0.022805227 
389 332 18 22 0.022736004 
829 409 22 28 0.022656113 
75 -1 40 40 0.022620069 
614 571 18 22 0.022599636 
224 47 40 51 0.022481022 
569 534 20 26 0.022200378 
310 312 22 30 0.022172008 
35 507 67 90 0.022067862 
516 622 17 21 0.02205208 
563 559 19 25 0.021992015 
560 435 18 22 0.02196831 
460 488 17 20 0.021960137 
796 434 20 27 0.021954054 
785 343 54 68 0.021825586 
442 336 17 20 0.021815635 
616 516 15 18 0.021757005 
642 468 17 21 0.021738261 
659 585 129 156 0.021345142 
444 303 16 19 0.0213237 
750 59 19 21 0.02128926 
493 521 18 21 0.021272287 
458 361 20 25 0.021242023 
797 53 18 20 0.021241194 
696 363 21 27 0.021238696 
408 293 19 21 0.021168934 
671 588 34 39 0.02115861 
257 330 70 80 0.02111406 
539 534 17 23 0.021064961 
747 433 21 27 0.021026596 
494 334 18 22 0.020910831 
343 132 17 21 0.02086071 
614 493 16 19 0.020829637 
813 332 22 26 0.020825176 
588 57 20 24 0.020693174 
510 451 80 109 0.020624084 
52 502 44 55 0.020468405 
262 161 17 21 0.020420149 
75 148 19 27 0.020349914 
264 335 21 26 0.020345492 
676 518 126 159 0.020299481 
817 376 23 30 0.020246083 
57 515 23 29 0.02011289 
214 53 21 27 0.020061553 
