23_Shoppers_Shoppers_23_500
35
429 122 49 60 0.8355733 
242 86 49 58 0.4335019 
504 139 34 43 0.19490144 
260 77 52 60 0.15336218 
411 123 45 57 0.13312255 
475 127 56 65 0.08264212 
290 58 42 61 0.08175863 
254 96 64 75 0.07397855 
853 44 74 99 0.06905416 
614 331 475 551 0.054225918 
242 38 53 57 0.043619182 
-67 523 361 359 0.041091535 
294 137 44 51 0.040878043 
812 62 91 93 0.035760988 
267 116 66 79 0.03506875 
307 627 25 32 0.034466226 
441 139 64 76 0.03397547 
787 -4 124 106 0.03338054 
691 163 107 96 0.03333413 
320 170 44 52 0.032447763 
485 129 31 39 0.031934615 
379 516 20 25 0.030350754 
88 203 22 26 0.027935209 
712 126 132 125 0.027435057 
782 102 73 87 0.027358146 
653 149 251 252 0.023599515 
462 266 48 58 0.023580134 
271 153 51 59 0.023121905 
234 94 32 41 0.02307793 
480 203 42 52 0.022457631 
681 277 305 382 0.021907642 
-208 305 720 739 0.02184681 
318 54 42 61 0.021473205 
206 126 57 70 0.020457296 
880 27 55 82 0.020442514 
