23_Shoppers_Shoppers_23_22
204
416 287 41 52 0.89191616 
323 245 41 52 0.80529946 
230 249 37 53 0.63846636 
629 265 40 50 0.5093878 
973 40 31 45 0.27262768 
614 270 35 43 0.26884454 
342 278 37 47 0.25068915 
130 -1 36 33 0.24097316 
530 307 33 44 0.16894561 
713 270 25 35 0.14575921 
719 126 19 23 0.122777246 
994 1 20 24 0.12157454 
558 252 27 36 0.11988795 
656 274 28 38 0.11214546 
920 82 26 33 0.10972908 
957 13 33 45 0.095371015 
691 253 23 32 0.09153079 
665 253 26 36 0.09083013 
798 277 34 43 0.08429021 
40 88 43 52 0.07800495 
73 113 41 52 0.07798553 
747 157 20 24 0.07189346 
543 271 28 35 0.07136102 
621 123 21 24 0.06790173 
975 5 20 24 0.06659604 
986 45 27 37 0.065617405 
753 98 17 22 0.06461725 
95 123 28 38 0.06362152 
242 227 37 58 0.06173213 
696 228 21 27 0.058657736 
742 131 18 22 0.05768272 
199 263 43 52 0.05664937 
695 127 18 22 0.05447985 
49 79 27 33 0.053221755 
613 285 42 50 0.051007804 
483 173 29 35 0.05080477 
172 25 25 28 0.04790688 
326 230 35 43 0.047792424 
20 122 27 34 0.047685765 
3 0 23 28 0.047447518 
24 46 22 28 0.047316067 
111 76 22 28 0.04688353 
751 82 18 23 0.046514243 
769 306 30 38 0.04619812 
0 108 20 28 0.04598909 
954 5 22 26 0.045237005 
724 204 21 26 0.04443898 
802 167 47 54 0.04432982 
8 118 22 30 0.04380069 
6 53 20 28 0.043017045 
311 247 34 44 0.04294049 
698 273 24 31 0.0429205 
639 155 25 32 0.042575307 
98 93 40 52 0.042244606 
218 284 44 68 0.042184897 
666 101 18 22 0.041664932 
900 134 23 28 0.041107118 
696 106 18 21 0.04091431 
790 302 28 36 0.0406831 
196 285 46 67 0.04024573 
244 255 38 55 0.03979411 
205 255 30 40 0.039759655 
846 131 21 25 0.03831792 
489 249 34 41 0.03824721 
103 69 36 46 0.038050655 
107 99 23 29 0.037647452 
717 110 17 21 0.037410296 
26 74 24 31 0.037000153 
481 271 34 43 0.03669471 
282 274 30 39 0.035749633 
232 228 32 45 0.035733134 
766 154 20 26 0.035660263 
77 207 31 39 0.035438843 
59 96 44 54 0.03529589 
796 129 20 26 0.03519831 
846 79 25 29 0.035134226 
616 326 24 29 0.034928657 
749 174 19 25 0.034713894 
876 2 25 26 0.034480765 
763 82 18 22 0.033924103 
42 49 67 83 0.033538755 
146 7 41 41 0.033431746 
764 101 18 23 0.033091452 
713 227 21 27 0.033084925 
768 176 20 27 0.03271678 
586 251 26 35 0.032659557 
607 320 41 51 0.032559346 
32 102 57 66 0.032507587 
808 151 74 84 0.032019943 
6 72 20 27 0.0318511 
634 126 19 24 0.03156883 
701 256 44 60 0.031499077 
674 129 18 22 0.03148513 
798 176 27 34 0.03106015 
549 318 36 46 0.030379415 
93 139 31 40 0.030320575 
200 150 25 30 0.030210124 
642 230 25 31 0.030093584 
463 405 27 30 0.029956253 
890 3 23 23 0.029475396 
641 253 59 68 0.029430334 
720 73 16 20 0.02835732 
947 243 44 52 0.028207771 
721 57 17 20 0.028198633 
774 48 18 21 0.028144933 
721 180 19 24 0.02772991 
648 105 18 21 0.027668467 
104 3 27 29 0.027461827 
240 25 21 25 0.027406 
32 99 25 32 0.027329404 
840 146 21 26 0.027291104 
279 251 28 39 0.027240627 
12 107 51 65 0.02709276 
583 201 26 33 0.027089365 
88 207 60 78 0.026820209 
190 318 63 88 0.026675213 
181 267 38 49 0.026612308 
23 196 28 32 0.026225938 
696 173 20 26 0.026193563 
863 262 47 58 0.026042147 
760 296 58 69 0.025946539 
693 157 19 24 0.025885202 
17 78 102 146 0.025779381 
524 -2 102 84 0.025746197 
45 116 34 41 0.025681693 
650 55 119 145 0.025681084 
504 255 24 30 0.025516933 
87 54 60 76 0.025450151 
696 76 17 20 0.025211282 
744 91 31 39 0.025125196 
724 153 18 23 0.025085459 
70 102 26 33 0.025029326 
674 239 46 63 0.025019038 
738 202 21 26 0.024973398 
33 135 47 55 0.024790287 
613 84 17 22 0.024644379 
671 83 18 20 0.02460158 
733 264 38 53 0.024592387 
32 161 45 50 0.02447947 
894 136 37 44 0.024312248 
922 0 21 24 0.024211232 
941 271 60 77 0.024153559 
24 0 19 21 0.024077844 
796 151 23 29 0.024061782 
719 240 49 66 0.024051629 
107 229 59 81 0.024004212 
765 101 126 160 0.023742544 
909 74 48 60 0.023699695 
620 105 18 23 0.023695428 
821 153 27 32 0.023657648 
584 226 27 34 0.023640148 
309 227 33 41 0.023507133 
736 251 27 37 0.023156203 
201 84 36 50 0.023138512 
4 43 33 44 0.023106085 
759 273 39 51 0.022869987 
185 367 64 85 0.022778412 
555 480 22 30 0.022748461 
54 16 41 45 0.022731237 
791 47 18 23 0.02267741 
73 4 27 30 0.022518963 
622 174 21 26 0.02232744 
588 124 20 25 0.022185998 
380 254 24 32 0.022102641 
867 306 24 33 0.021979855 
793 103 19 25 0.021874396 
848 309 25 32 0.021798827 
82 118 71 99 0.021741508 
53 2 24 25 0.021738987 
870 128 19 23 0.021714794 
848 169 68 77 0.021711236 
630 142 47 59 0.02167514 
712 118 32 36 0.021670664 
202 22 21 25 0.021661973 
349 249 29 39 0.021650132 
661 205 21 28 0.021597126 
561 128 21 25 0.021534065 
648 203 23 29 0.021493023 
892 276 26 33 0.021376267 
667 234 23 30 0.021370707 
899 75 22 27 0.021313068 
825 76 22 27 0.02130472 
892 181 24 29 0.021220783 
200 226 41 53 0.02111769 
796 109 70 86 0.02099028 
791 149 41 54 0.020955091 
804 288 39 50 0.02090455 
696 210 22 27 0.020858128 
871 19 25 26 0.020819178 
842 249 26 30 0.020800024 
822 98 22 27 0.020773139 
74 84 67 90 0.020732913 
795 75 18 24 0.020630147 
819 255 26 32 0.020621313 
66 193 57 66 0.020507194 
786 205 121 141 0.02048662 
833 123 40 47 0.020458909 
877 181 23 27 0.020335961 
182 259 26 33 0.020204524 
54 50 23 28 0.020110127 
372 346 35 44 0.020096865 
174 0 24 26 0.020091694 
4 25 21 28 0.020074718 
821 129 23 26 0.020057432 
