23_Shoppers_Shoppers_23_294
49
200 146 45 53 0.91323274 
741 120 47 60 0.9022599 
566 125 40 50 0.5600427 
143 160 39 51 0.26478815 
902 96 37 45 0.12712796 
861 255 27 35 0.09877284 
662 20 68 78 0.07052306 
469 96 49 63 0.069918506 
178 152 52 64 0.06883204 
416 130 49 62 0.059664533 
720 118 43 55 0.04820951 
128 162 37 47 0.044416897 
706 188 52 66 0.041819945 
604 114 40 52 0.0376471 
810 167 45 53 0.035211917 
754 526 349 372 0.033538166 
409 147 33 43 0.03333948 
406 108 51 62 0.033228353 
430 87 73 89 0.033059113 
843 242 49 60 0.03218348 
276 224 31 39 0.03097811 
432 124 30 37 0.030423455 
606 68 39 50 0.027871918 
272 115 44 57 0.02786577 
585 322 685 741 0.027547855 
-69 534 358 358 0.026763171 
916 79 28 34 0.026475076 
960 43 41 53 0.026415963 
899 503 28 33 0.026051259 
956 429 22 29 0.025875634 
898 115 33 42 0.025594855 
-229 323 711 742 0.025493268 
785 291 61 90 0.025031185 
886 170 39 52 0.024980698 
372 212 42 56 0.024447206 
201 128 35 44 0.024088843 
959 273 41 48 0.022863908 
245 163 40 52 0.022812853 
460 0 26 26 0.02181935 
338 538 360 351 0.021553723 
949 381 62 108 0.021146078 
246 218 47 57 0.020996703 
625 115 40 54 0.020985326 
951 131 68 98 0.020766795 
893 304 39 48 0.020701496 
287 279 70 89 0.020667093 
368 401 41 51 0.020548739 
571 93 59 73 0.020262154 
251 231 65 78 0.02004948 
