23_Shoppers_Shoppers_23_167
28
356 165 107 163 0.9519221 
435 18 89 101 0.5048817 
228 524 27 32 0.09749635 
309 55 130 135 0.051636353 
388 40 126 148 0.049564622 
25 38 24 33 0.04928845 
608 3 74 80 0.044110283 
23 263 18 24 0.040426306 
125 518 20 24 0.039698254 
284 12 81 103 0.036310095 
837 39 101 105 0.035231758 
411 94 123 167 0.03355836 
326 30 83 88 0.03226836 
479 -3 78 84 0.031535376 
124 527 22 30 0.03086464 
657 58 292 335 0.030276071 
725 390 47 57 0.029738387 
441 62 82 100 0.028382702 
111 518 20 22 0.026450248 
109 531 23 28 0.026427107 
805 64 113 109 0.02478648 
22 516 24 28 0.02366287 
552 318 66 90 0.023411855 
516 7 73 90 0.023150822 
665 413 75 91 0.02221812 
827 99 105 120 0.021937443 
499 177 61 94 0.021406142 
700 402 66 82 0.021095227 
