23_Shoppers_Shoppers_23_364
80
279 217 71 85 0.99970585 
580 179 104 121 0.99943334 
456 235 54 62 0.9618347 
792 196 54 63 0.18737023 
741 603 214 172 0.17176528 
553 161 57 73 0.09331566 
733 -6 72 77 0.092082515 
741 125 50 69 0.07190885 
364 193 58 74 0.068028174 
504 230 47 60 0.059617527 
56 315 20 24 0.053128205 
34 477 23 31 0.04683362 
873 226 58 76 0.04593366 
746 145 65 85 0.04500448 
838 204 31 38 0.043082736 
58 326 19 23 0.042086978 
772 215 67 86 0.042041045 
59 260 19 22 0.041573506 
764 186 65 75 0.040338546 
810 479 92 102 0.039867777 
520 210 46 64 0.034553625 
762 130 28 34 0.03397544 
56 277 19 23 0.03373762 
54 234 17 20 0.033028014 
744 129 26 33 0.032818265 
75 305 19 25 0.032311484 
668 224 71 90 0.03199028 
27 229 16 20 0.03046396 
73 334 19 22 0.030273564 
745 231 68 84 0.030221926 
32 277 17 21 0.029504778 
818 202 53 66 0.029498417 
77 362 23 27 0.029444108 
629 114 48 57 0.028664391 
368 261 41 54 0.028615274 
763 506 187 194 0.028582454 
82 283 23 27 0.028076869 
890 244 30 39 0.0280514 
796 251 27 34 0.027640995 
901 216 61 80 0.02735886 
44 479 24 32 0.027066113 
57 340 61 73 0.02651629 
746 143 28 38 0.02625773 
78 381 26 31 0.025503492 
3 121 18 24 0.024947746 
551 180 81 102 0.024935372 
78 272 39 45 0.024851 
619 49 75 84 0.024797723 
844 635 142 122 0.024437126 
9 261 18 22 0.02439203 
61 328 40 50 0.024344025 
60 361 21 23 0.02403282 
79 136 19 23 0.023823522 
767 218 29 34 0.023579886 
51 310 33 42 0.023437357 
704 100 63 87 0.023435885 
75 257 23 27 0.023356881 
589 138 82 94 0.023265475 
433 213 57 72 0.02323592 
30 162 17 20 0.023143021 
27 264 17 20 0.0230196 
992 486 21 33 0.022987552 
994 153 20 30 0.02234157 
530 172 58 82 0.022138909 
748 258 25 31 0.022065707 
794 224 79 98 0.021666821 
670 176 67 79 0.02156947 
642 125 28 35 0.021267263 
837 234 43 57 0.021250209 
50 463 24 30 0.021200806 
761 258 25 33 0.021180391 
629 137 66 82 0.02099961 
742 251 42 53 0.020996436 
701 9 68 90 0.02081015 
945 229 22 27 0.020807555 
714 250 24 31 0.020603176 
2 408 20 28 0.020587284 
675 88 68 90 0.020487329 
594 106 76 84 0.020346701 
696 240 68 91 0.020093918 
