23_Shoppers_Shoppers_23_259
20
519 63 156 201 0.99978536 
242 92 116 219 0.9858131 
763 62 135 187 0.9729997 
555 652 52 61 0.17405006 
814 591 24 31 0.11199481 
40 398 115 259 0.11022716 
906 255 110 174 0.060737234 
9 312 136 246 0.055207416 
-3 464 133 277 0.0332705 
827 232 165 245 0.029760526 
536 532 23 26 0.026466401 
684 634 28 34 0.024272766 
640 579 24 30 0.024190033 
32 104 22 28 0.023073545 
969 758 29 34 0.02254952 
724 685 27 31 0.022232635 
664 582 23 29 0.022051863 
725 47 111 181 0.02142205 
162 353 154 196 0.021301288 
719 629 68 71 0.020813458 
