23_Shoppers_Shoppers_23_91
107
638 121 40 51 0.9558357 
368 225 41 52 0.34301937 
25 245 23 29 0.17434275 
301 249 25 34 0.13501623 
111 261 19 26 0.13215733 
238 253 22 27 0.12024952 
201 279 22 28 0.11232876 
361 239 29 38 0.09416129 
211 301 22 26 0.08317152 
73 234 19 23 0.07863908 
286 248 25 34 0.075077705 
124 256 20 26 0.064124204 
254 257 21 28 0.058578115 
137 236 20 25 0.057434414 
947 241 39 47 0.055742096 
285 232 23 32 0.05324904 
969 230 24 32 0.050749786 
201 263 21 28 0.05060284 
303 233 24 32 0.049827598 
378 118 38 51 0.0473312 
147 233 22 28 0.04633765 
952 228 26 34 0.046036877 
955 206 23 29 0.045918908 
235 238 21 26 0.045910493 
239 280 20 26 0.04583891 
458 177 26 33 0.044943728 
56 254 22 27 0.044464853 
227 307 18 24 0.042437065 
410 257 28 33 0.041385796 
415 263 43 48 0.038752124 
282 279 23 29 0.03858439 
388 244 60 65 0.0383158 
284 207 22 29 0.03760204 
281 307 20 25 0.036455117 
970 247 24 33 0.035929803 
51 283 21 25 0.035022102 
429 260 28 32 0.034887277 
252 276 19 24 0.0337397 
109 276 22 28 0.033577792 
597 252 21 25 0.03348697 
386 271 28 35 0.032299798 
867 295 74 94 0.030726885 
474 166 35 44 0.030639676 
848 149 35 44 0.030025296 
654 253 334 372 0.029895183 
162 305 19 24 0.029805163 
947 203 39 46 0.029742545 
56 235 20 26 0.02949304 
107 306 20 25 0.029153893 
596 234 20 26 0.02884896 
261 312 20 24 0.028257238 
186 261 21 27 0.028178498 
919 243 71 85 0.028146531 
507 254 21 26 0.027976083 
337 229 24 34 0.027947357 
865 154 23 28 0.027763817 
74 253 20 26 0.027470745 
310 309 20 24 0.027418183 
80 303 20 24 0.027339526 
848 303 24 30 0.027266318 
307 273 23 28 0.026838688 
32 283 20 25 0.026548276 
261 328 18 22 0.026397422 
694 249 24 28 0.026068648 
381 207 26 32 0.025630878 
179 308 17 22 0.02511095 
922 254 21 24 0.025036128 
238 434 20 24 0.024473097 
463 160 22 28 0.024276469 
252 366 18 21 0.024208644 
62 232 33 42 0.02417332 
612 248 21 26 0.024073593 
122 281 22 28 0.02378439 
854 249 21 25 0.023662599 
4 286 19 26 0.023656772 
494 252 22 28 0.023586057 
297 265 37 48 0.0234563 
5 250 19 27 0.023194836 
278 272 36 47 0.023102732 
439 198 22 27 0.023025729 
408 231 24 28 0.023024047 
46 245 36 43 0.022907617 
415 200 20 25 0.022864355 
225 241 49 59 0.022676388 
4 305 19 25 0.022655232 
924 200 71 84 0.022512568 
338 246 23 31 0.022155326 
857 252 75 91 0.022146752 
357 206 43 57 0.021777691 
354 257 65 78 0.021761695 
844 173 26 34 0.021459568 
405 193 39 50 0.021214752 
437 231 22 27 0.021033054 
29 304 18 23 0.021002585 
279 329 19 23 0.020823656 
853 192 75 85 0.020807754 
242 359 17 21 0.020771198 
389 150 65 81 0.020758921 
409 271 27 32 0.020700833 
893 311 22 28 0.020692822 
283 239 44 56 0.02061179 
362 304 24 32 0.020542582 
852 235 21 27 0.020496977 
121 299 21 25 0.020463422 
423 163 57 67 0.020236513 
463 234 22 26 0.020152219 
615 233 22 28 0.020009965 
