23_Shoppers_Shoppers_23_461
138
328 27 79 148 0.83183175 
866 228 24 28 0.23767528 
721 197 21 25 0.1108974 
715 158 19 23 0.103741296 
147 205 143 204 0.09710131 
597 181 22 28 0.09114842 
747 146 18 23 0.08517473 
695 147 17 21 0.07690594 
614 198 21 27 0.076053545 
183 6 105 107 0.07466585 
691 137 18 23 0.07096868 
642 199 19 25 0.06521416 
740 198 18 23 0.06458893 
701 227 19 23 0.06455244 
694 201 19 23 0.061786227 
608 186 20 26 0.059368614 
434 179 23 27 0.058501307 
868 212 20 24 0.056141213 
720 183 20 25 0.05394828 
903 276 25 30 0.053276587 
646 188 18 24 0.051329553 
359 11 100 171 0.05084427 
796 152 19 23 0.050332364 
751 231 20 25 0.050054505 
775 97 19 24 0.049416553 
795 264 22 28 0.047594313 
795 210 16 21 0.047154758 
668 204 18 23 0.046049304 
567 149 19 26 0.045874268 
664 230 20 23 0.04558175 
712 101 19 24 0.04452926 
826 227 19 23 0.04425631 
769 233 18 22 0.04382428 
826 208 17 21 0.043417163 
768 182 18 23 0.042902246 
694 186 17 23 0.042370033 
291 55 84 105 0.042351365 
593 194 22 29 0.041871957 
824 107 19 24 0.04153423 
773 80 19 24 0.04132757 
744 186 18 24 0.04128416 
773 201 18 22 0.040629547 
669 184 17 22 0.040537577 
844 108 21 25 0.04042599 
711 228 20 24 0.037681405 
797 229 17 21 0.037627473 
845 131 24 27 0.03744494 
924 129 20 26 0.037408482 
769 157 17 22 0.036259748 
567 134 22 27 0.03589441 
847 144 23 29 0.03474363 
905 253 20 25 0.034713585 
130 33 112 141 0.033985656 
600 178 34 42 0.033605967 
854 208 19 22 0.03285847 
258 260 27 32 0.032202438 
948 105 21 27 0.03170223 
827 129 19 24 0.031642668 
958 175 20 26 0.031514753 
237 44 114 147 0.031379852 
565 178 20 25 0.03124003 
287 25 58 85 0.031198112 
869 126 26 29 0.031019663 
666 6 318 392 0.031001974 
168 22 69 98 0.030883605 
258 9 62 81 0.030775266 
928 103 19 24 0.030706126 
823 184 17 21 0.03061427 
717 134 18 21 0.030593881 
949 121 20 26 0.030283293 
165 235 90 106 0.02975555 
701 101 19 24 0.029432302 
794 101 18 22 0.02881004 
750 531 353 364 0.028755752 
899 127 21 26 0.028562669 
868 145 24 28 0.028025158 
237 240 63 70 0.027970146 
856 228 20 26 0.027668595 
790 77 18 23 0.02726761 
124 20 64 96 0.027011557 
345 13 69 91 0.026802033 
188 166 144 197 0.02661205 
429 99 142 161 0.026547557 
-63 517 350 359 0.026366612 
58 30 124 160 0.02624064 
872 107 22 25 0.02615574 
675 151 18 24 0.025970098 
621 156 18 21 0.025232349 
73 132 21 27 0.025187422 
921 147 20 23 0.025031904 
800 133 18 22 0.024997322 
96 121 43 50 0.02495545 
561 145 33 42 0.024915786 
710 151 30 37 0.024644258 
992 147 21 29 0.024641862 
202 212 74 82 0.024627212 
354 2 28 30 0.024566127 
160 58 64 86 0.024471318 
102 129 27 31 0.024259126 
868 245 22 27 0.024220392 
593 137 77 91 0.024200853 
672 134 20 23 0.024026882 
870 178 19 23 0.023952207 
561 170 33 41 0.023535144 
205 241 81 93 0.023384176 
191 -6 80 69 0.023368511 
64 128 35 44 0.023169445 
133 514 363 360 0.023054326 
344 219 59 96 0.02289448 
566 273 701 759 0.022709085 
771 255 23 28 0.022684298 
538 177 22 24 0.022613132 
131 64 67 87 0.022557233 
162 101 136 174 0.022535281 
184 236 57 64 0.022423098 
898 106 20 24 0.022359734 
138 16 41 57 0.0221406 
741 144 30 37 0.02200681 
847 179 20 25 0.022004757 
334 0 29 28 0.021886861 
409 15 142 181 0.021861834 
687 140 30 38 0.021845352 
136 103 47 58 0.02181941 
921 83 18 23 0.02171496 
921 209 20 24 0.021329412 
280 54 45 60 0.02132421 
834 110 74 82 0.021200368 
974 127 19 27 0.020976182 
923 44 77 122 0.020874264 
333 530 359 349 0.020804148 
311 90 73 102 0.02068943 
284 223 65 88 0.02058994 
234 258 78 92 0.02052609 
584 170 55 67 0.020438528 
589 159 20 25 0.02035536 
823 148 19 25 0.020314218 
770 351 25 30 0.020286955 
2 -15 149 194 0.02007071 
