23_Shoppers_Shoppers_23_880
69
195 111 72 109 0.26640496 
5 470 327 264 0.07123452 
229 126 80 113 0.0616784 
727 196 95 126 0.057227742 
275 175 88 120 0.05065673 
160 101 75 103 0.048840106 
416 199 31 39 0.048255328 
273 551 214 191 0.04733664 
429 184 44 61 0.04451275 
167 123 36 50 0.040197767 
450 175 30 43 0.03984721 
393 757 75 78 0.03912936 
228 495 423 308 0.039041907 
276 165 175 170 0.03809574 
225 127 53 71 0.03773942 
478 669 82 100 0.036658082 
318 248 98 114 0.03576761 
707 725 67 65 0.0353979 
339 625 213 180 0.03506575 
60 487 120 123 0.03418227 
404 134 33 42 0.03407427 
414 170 31 41 0.03336666 
176 112 330 381 0.031848263 
309 532 132 123 0.031836186 
202 126 46 65 0.03170801 
620 668 97 106 0.031237185 
398 172 78 94 0.030812845 
581 668 231 146 0.030177962 
205 15 101 116 0.02905491 
357 170 89 108 0.02881421 
306 201 100 119 0.028589407 
398 713 94 105 0.028302845 
303 200 39 56 0.028268546 
431 225 438 461 0.027324086 
422 656 92 114 0.027173921 
231 7 34 36 0.0265647 
557 609 63 66 0.026100615 
365 587 61 78 0.025508719 
269 623 80 120 0.025235938 
362 559 60 72 0.02523053 
534 602 119 100 0.024954155 
661 699 65 65 0.024850115 
358 591 138 130 0.024791088 
510 660 145 106 0.024682466 
382 127 35 45 0.024324227 
272 110 81 112 0.024248794 
351 233 126 136 0.023927296 
225 262 421 432 0.023590807 
236 603 158 162 0.023563392 
530 672 59 70 0.023213457 
182 494 238 195 0.02315587 
645 710 103 98 0.022421889 
171 326 93 112 0.022335237 
316 136 84 122 0.022324229 
450 135 30 39 0.022200594 
312 10 30 35 0.021886501 
370 509 76 94 0.021684183 
171 106 33 43 0.02164521 
397 92 53 70 0.021476297 
207 353 104 115 0.021079024 
675 706 37 41 0.020780044 
669 148 359 508 0.02070937 
317 471 114 124 0.020663835 
186 61 100 126 0.02066369 
358 125 81 106 0.020563116 
200 98 38 50 0.0204541 
349 637 99 133 0.020253712 
248 516 29 37 0.020135522 
189 41 62 76 0.02006783 
