59_peopledrivingcar_peopledrivingcar_59_763
104
751 422 74 94 0.9994597 
444 215 48 59 0.9721543 
519 98 20 23 0.1382728 
544 229 24 31 0.110894665 
567 203 23 29 0.090144366 
535 208 21 27 0.08704585 
558 231 24 33 0.08638738 
586 205 22 27 0.07156977 
452 200 40 49 0.0679464 
461 153 19 24 0.06534289 
568 131 18 22 0.059640516 
445 178 41 54 0.056061916 
618 123 19 24 0.054357912 
556 244 24 32 0.05339176 
454 181 25 33 0.051747702 
560 80 18 22 0.051505566 
583 221 23 30 0.050913908 
598 179 20 23 0.049207844 
564 151 19 24 0.04891813 
569 104 17 21 0.04617999 
609 180 18 24 0.04519511 
588 108 18 21 0.04342162 
616 109 19 22 0.04124905 
535 107 18 23 0.03982491 
590 74 19 22 0.03974862 
566 181 19 23 0.03942421 
907 461 52 67 0.039340124 
545 217 43 58 0.038948927 
414 33 19 22 0.03830003 
589 122 18 22 0.03708544 
567 203 53 68 0.03665232 
486 5 18 19 0.036382966 
488 178 24 28 0.03638196 
208 3 21 23 0.035714086 
520 55 15 20 0.034058813 
843 161 24 29 0.032637026 
639 233 21 26 0.032169495 
482 354 40 49 0.031968832 
546 156 18 22 0.03188441 
596 160 18 22 0.031868327 
519 85 18 22 0.031724285 
483 160 19 23 0.031558607 
644 152 19 24 0.030804265 
620 229 21 27 0.030702624 
594 55 18 22 0.03047944 
491 57 17 21 0.02992842 
753 527 343 370 0.02917351 
454 150 31 40 0.028522303 
539 53 16 19 0.028066644 
578 172 108 139 0.027967358 
546 76 18 21 0.02742704 
-64 524 356 360 0.027206272 
638 207 20 25 0.027059559 
617 203 20 25 0.027050717 
438 132 21 25 0.026859855 
444 182 23 28 0.026501497 
545 127 17 22 0.02629953 
692 234 17 22 0.02617055 
613 219 36 45 0.026120454 
-220 321 700 740 0.026021529 
565 50 17 21 0.0260078 
750 366 70 85 0.025957175 
535 4 16 19 0.025922127 
157 148 20 24 0.025865814 
595 3 18 19 0.025787331 
690 80 18 22 0.025760608 
644 254 21 26 0.025293743 
586 315 661 734 0.02528089 
363 178 25 30 0.025245618 
539 177 18 24 0.025047949 
614 256 22 28 0.02442862 
689 260 19 25 0.024383562 
512 178 19 24 0.023716671 
485 72 18 22 0.02370036 
598 206 60 75 0.023641445 
315 282 23 30 0.0235049 
4 172 25 36 0.023414006 
182 211 20 23 0.023221718 
520 209 22 29 0.02290514 
642 177 18 24 0.022425033 
640 285 24 28 0.022376219 
743 201 22 26 0.022353685 
603 175 29 38 0.022057872 
645 76 17 21 0.022038657 
444 75 20 25 0.021951556 
157 135 20 23 0.02187382 
616 155 18 23 0.021840706 
724 206 19 24 0.021283083 
607 197 34 43 0.021242723 
213 154 17 21 0.02118261 
668 101 18 22 0.021145603 
517 157 18 21 0.021124955 
543 209 102 131 0.020895189 
474 203 33 41 0.02080784 
631 276 39 47 0.020629866 
607 246 40 52 0.020395106 
284 408 26 32 0.020347834 
621 236 63 81 0.020294432 
675 181 18 23 0.02027753 
565 32 16 18 0.020263681 
412 150 22 27 0.020257114 
313 209 23 28 0.020251194 
398 238 60 71 0.02019956 
209 129 18 22 0.020001207 
