59_peopledrivingcar_peopledrivingcar_59_201
17
820 133 159 274 0.9978752 
659 163 128 227 0.98882025 
418 392 145 187 0.24833311 
11 -9 90 104 0.058811642 
336 285 262 350 0.03720723 
658 280 87 115 0.03317148 
828 261 110 138 0.029786568 
720 133 152 236 0.0293989 
808 289 77 100 0.027637245 
264 283 200 204 0.02755939 
749 526 340 372 0.025760965 
440 281 180 243 0.025467433 
191 7 100 107 0.022510113 
387 314 21 25 0.02237931 
-10 -23 138 176 0.021375954 
393 443 89 111 0.021331634 
47 184 153 181 0.020407142 
