59_peopledrivingcar_peopledrivingcar_59_404
72
867 179 50 66 0.97002846 
611 15 119 124 0.08527851 
784 94 42 51 0.084345296 
706 258 45 63 0.06335839 
790 80 65 77 0.051354468 
18 287 295 274 0.04441249 
741 69 25 31 0.041480012 
813 76 24 32 0.04127923 
357 -3 30 30 0.039733503 
3 315 169 194 0.038884923 
-55 474 383 382 0.03663315 
684 234 78 95 0.035247102 
670 206 70 86 0.032870714 
143 342 327 247 0.032821845 
802 71 44 56 0.03249466 
945 220 40 57 0.03195234 
120 372 223 168 0.03194952 
814 186 41 54 0.031181145 
818 72 72 86 0.030772986 
817 119 28 33 0.030302897 
799 75 25 31 0.029739266 
177 -7 78 70 0.029385999 
2 353 24 33 0.029244686 
715 220 60 77 0.028803736 
637 182 120 133 0.028706413 
708 147 41 47 0.027548429 
777 103 24 31 0.027402425 
22 343 96 86 0.027401967 
165 445 172 145 0.027378282 
101 401 79 110 0.027349591 
-186 282 709 694 0.026354436 
680 14 71 78 0.025955675 
747 537 346 358 0.02568122 
216 9 91 86 0.025498847 
815 100 29 34 0.025362028 
125 434 92 97 0.025301237 
211 388 84 107 0.025121521 
844 105 25 32 0.024744913 
614 92 129 149 0.024610799 
759 67 38 48 0.02451485 
680 170 41 47 0.024389945 
847 170 48 65 0.024316475 
869 151 46 61 0.024156824 
397 442 339 250 0.024148604 
839 61 47 58 0.02405156 
841 35 81 97 0.023866294 
673 108 116 144 0.02358283 
612 70 89 97 0.02356304 
838 12 58 50 0.023525598 
974 169 27 39 0.02347962 
740 230 27 34 0.02298196 
150 332 145 113 0.022943161 
848 79 76 91 0.022918452 
767 71 21 27 0.022895077 
755 35 111 133 0.022495396 
637 -5 86 77 0.022490595 
831 104 41 51 0.02243574 
732 191 43 53 0.021917649 
493 0 26 28 0.021812372 
544 17 69 82 0.021728331 
795 0 72 67 0.021452 
781 7 50 50 0.021125842 
696 187 65 77 0.02112015 
965 291 39 54 0.02096333 
-4 316 91 100 0.020753033 
818 177 27 36 0.020582542 
55 399 231 227 0.020500435 
799 34 70 75 0.020379085 
715 169 27 33 0.020377373 
402 -6 46 43 0.02036066 
579 151 135 142 0.020078711 
960 225 43 66 0.020008178 
