59_peopledrivingcar_peopledrivingcar_59_659
77
183 251 26 33 0.4498777 
789 322 29 38 0.4128182 
50 372 33 39 0.21087174 
302 279 19 25 0.19071878 
966 445 26 35 0.0943582 
256 244 21 26 0.0881378 
587 263 20 26 0.079449065 
277 158 20 25 0.06619414 
619 630 58 71 0.06532094 
711 395 72 87 0.051471706 
447 260 18 22 0.051070567 
66 372 30 34 0.048727736 
245 238 36 44 0.047239777 
176 231 39 49 0.04682122 
509 249 20 24 0.045765795 
171 403 34 44 0.04042642 
768 310 51 63 0.037433144 
110 386 24 30 0.037085343 
497 253 19 23 0.034367494 
534 133 25 28 0.03430929 
-19 4 297 334 0.033879437 
51 351 55 63 0.03340301 
195 256 23 29 0.03290253 
198 475 26 30 0.03168752 
286 256 18 23 0.031258933 
779 328 24 31 0.030672174 
496 235 20 24 0.030639961 
741 433 27 34 0.030589238 
955 437 26 33 0.030163143 
982 328 20 27 0.02981679 
236 254 23 27 0.029005585 
499 160 331 444 0.028972352 
306 263 19 24 0.028596573 
112 393 36 42 0.028023012 
139 369 57 74 0.0278829 
281 225 20 25 0.02697162 
149 403 35 44 0.026655989 
993 330 17 26 0.025983216 
712 493 19 24 0.025739184 
232 246 37 44 0.025041902 
757 438 167 201 0.024988113 
236 234 23 27 0.02423716 
682 350 283 346 0.023937201 
258 180 21 27 0.02337475 
193 89 353 388 0.023323221 
555 538 76 88 0.023228612 
182 467 45 49 0.022993952 
183 397 53 72 0.02277802 
614 278 19 23 0.022451673 
3 184 163 181 0.022388821 
980 413 20 25 0.022304853 
253 201 20 26 0.022297164 
263 410 20 26 0.022120355 
277 251 33 44 0.021977251 
875 280 19 23 0.021940937 
147 399 72 85 0.021935387 
280 169 19 24 0.021889271 
666 349 24 29 0.021809049 
330 410 24 29 0.021793667 
189 349 75 96 0.021769118 
238 394 75 85 0.021352654 
634 639 76 90 0.021316439 
182 197 26 33 0.021310423 
873 434 26 27 0.02111024 
236 533 40 49 0.021030849 
618 129 25 32 0.021011524 
153 221 85 100 0.02093831 
741 337 76 88 0.020724567 
680 407 71 80 0.020688945 
456 259 17 22 0.02055001 
117 63 243 266 0.020542154 
668 452 131 154 0.020506112 
231 415 20 27 0.020484846 
276 258 53 65 0.020373644 
664 337 22 27 0.020240152 
613 307 19 24 0.020098845 
232 2 23 24 0.020015044 
