59_peopledrivingcar_peopledrivingcar_59_283
29
203 82 155 213 0.9993861 
473 164 71 128 0.89217114 
803 307 57 82 0.124126226 
0 -4 62 88 0.10835538 
654 -1 86 73 0.042222504 
854 401 85 106 0.041870628 
971 356 23 30 0.040730774 
46 66 49 57 0.039733216 
331 164 76 139 0.036055192 
745 530 347 364 0.033636637 
595 0 145 113 0.03189185 
785 75 82 136 0.029899 
-12 26 62 89 0.028460745 
228 6 47 52 0.027328659 
562 310 675 730 0.024668867 
-5 178 67 123 0.024525447 
288 145 87 145 0.024410708 
957 363 21 27 0.023744348 
552 272 174 201 0.023578897 
886 423 97 101 0.023302643 
410 161 101 149 0.022965573 
411 124 164 235 0.022835672 
953 354 34 44 0.022663305 
5 295 112 143 0.022042384 
533 499 64 75 0.021132046 
2 72 24 36 0.0210775 
-226 310 705 745 0.020609459 
892 413 22 28 0.020337293 
401 215 148 221 0.020177878 
