59_peopledrivingcar_peopledrivingcar_59_856
34
180 246 27 33 0.301618 
222 374 73 85 0.07841292 
546 237 21 27 0.046533458 
213 161 52 86 0.04019432 
302 255 21 26 0.03599706 
168 236 47 58 0.032747522 
-63 524 352 361 0.032451883 
98 328 24 28 0.030247157 
539 232 33 45 0.029615166 
738 517 356 377 0.029047126 
239 380 27 32 0.028773619 
308 278 22 28 0.02789434 
234 357 22 27 0.025958901 
558 240 19 25 0.025886476 
106 387 23 29 0.02550974 
-210 311 700 745 0.025442526 
639 3 24 27 0.0251678 
202 181 39 56 0.024926247 
5 310 22 29 0.023497617 
330 286 21 26 0.022912215 
236 351 67 77 0.022427745 
201 333 22 29 0.022107938 
140 511 369 365 0.022104748 
310 106 20 26 0.021668835 
513 203 21 27 0.02151277 
247 385 30 34 0.021299211 
321 493 384 374 0.021251347 
227 180 22 32 0.021114334 
181 272 25 31 0.02109951 
267 358 46 54 0.021005679 
136 283 21 26 0.020882577 
347 357 46 50 0.020357206 
479 333 24 30 0.020317333 
545 280 682 740 0.020158926 
