59_peopledrivingcar_peopledrivingcar_59_704
20
864 133 65 87 0.99952495 
100 201 65 80 0.9976738 
476 36 48 61 0.9976338 
441 187 63 76 0.9958936 
626 20 49 65 0.9944165 
332 87 47 57 0.98279256 
167 93 52 66 0.9655628 
766 99 48 61 0.9605743 
154 465 38 49 0.083397835 
790 581 30 32 0.046098527 
756 534 346 361 0.024071973 
749 540 100 92 0.023533108 
307 189 36 52 0.023172919 
-66 540 349 347 0.022844035 
-226 326 703 737 0.022578448 
429 285 120 145 0.02257152 
704 199 63 101 0.021643952 
651 112 49 58 0.020824762 
595 245 35 45 0.020768544 
582 324 684 734 0.020615505 
