59_peopledrivingcar_peopledrivingcar_59_725
18
679 50 182 327 0.9837066 
75 454 79 108 0.18584119 
399 177 321 294 0.08598274 
539 200 202 182 0.04491601 
379 276 223 238 0.038077958 
855 174 79 121 0.03296362 
748 524 345 370 0.030774923 
57 405 135 136 0.030032301 
128 8 24 27 0.028771538 
44 436 63 100 0.027704595 
-224 335 695 716 0.025827251 
613 211 22 25 0.025678698 
108 470 83 93 0.024108559 
591 286 23 30 0.022860099 
542 293 701 743 0.02200886 
-63 521 351 356 0.020842379 
345 251 185 191 0.020792663 
584 275 42 50 0.020710325 
