10_People_Marching_People_Marching_2_256
46
452 214 79 91 0.9969247 
818 155 53 64 0.9932306 
954 159 45 53 0.987857 
169 174 86 110 0.9838319 
325 214 62 74 0.96796834 
711 147 47 53 0.96135294 
-1 269 51 89 0.3390415 
137 218 68 77 0.11324772 
577 255 62 57 0.106069595 
131 234 42 55 0.07869732 
176 123 88 111 0.061096903 
374 33 40 59 0.055643525 
353 14 56 68 0.04088601 
833 261 46 55 0.03684407 
815 71 29 36 0.03661935 
6 128 21 31 0.036151294 
968 244 39 53 0.03526325 
215 91 71 98 0.0344318 
597 43 71 90 0.033578146 
454 158 77 92 0.03357688 
245 83 83 106 0.033568863 
137 82 78 97 0.032807287 
333 14 40 48 0.029933076 
554 182 55 68 0.029003406 
359 21 28 36 0.02834964 
964 119 42 55 0.028253019 
772 171 29 38 0.0274327 
222 143 78 97 0.027259726 
349 36 62 93 0.026456684 
478 1 70 79 0.026432404 
524 484 43 53 0.026353285 
717 101 30 39 0.026340198 
97 247 27 36 0.026274126 
918 77 22 29 0.025947839 
639 15 44 45 0.024376268 
89 229 53 70 0.023624957 
288 142 68 94 0.022529626 
200 106 48 69 0.022161432 
258 139 70 93 0.021968188 
32 -4 51 45 0.02173043 
376 26 31 35 0.021664573 
564 84 40 52 0.021371968 
573 173 41 52 0.021282071 
189 5 57 55 0.020635761 
599 6 83 83 0.020286214 
585 62 42 59 0.020256247 
