10_People_Marching_People_Marching_2_498
455
950 541 27 33 0.78606814 
73 145 20 28 0.6028441 
211 582 28 36 0.5824998 
286 270 27 34 0.5737415 
775 131 22 26 0.44362226 
238 124 22 27 0.3652653 
192 20 20 25 0.32366565 
608 123 22 27 0.2770642 
344 413 22 27 0.2314138 
30 9 21 26 0.2277123 
163 428 21 26 0.21509998 
541 438 21 25 0.20670345 
35 601 23 30 0.20297451 
123 272 20 26 0.20179118 
70 33 21 28 0.20037948 
787 536 21 27 0.19548407 
414 581 22 27 0.18646649 
943 126 19 24 0.14523198 
61 31 20 26 0.14370568 
893 415 23 29 0.14326856 
187 7 22 26 0.12683372 
9 488 23 31 0.123688996 
821 172 24 33 0.12219159 
914 160 20 24 0.12143192 
774 145 20 25 0.11533509 
830 274 24 30 0.112591475 
408 566 23 29 0.100911655 
544 5 21 24 0.1005956 
312 313 23 29 0.09929077 
358 5 21 25 0.0910475 
571 595 20 26 0.09028244 
262 160 20 25 0.08978049 
717 403 23 30 0.08963825 
664 276 23 28 0.086318925 
900 488 24 29 0.08314019 
701 1 21 25 0.08312205 
713 4 18 22 0.08074548 
302 7 23 27 0.07841113 
829 131 18 22 0.07822687 
263 173 20 25 0.07801366 
974 160 17 23 0.0761628 
469 286 20 25 0.07500969 
820 305 23 28 0.07379392 
173 431 20 24 0.073394634 
362 22 21 26 0.07245505 
362 149 24 31 0.07220964 
59 646 20 24 0.07165807 
802 310 19 26 0.07024926 
976 311 22 35 0.07020909 
65 149 20 27 0.070147924 
276 335 23 29 0.06804661 
229 53 17 21 0.067011364 
264 327 22 29 0.06605484 
874 0 24 25 0.06570013 
825 158 21 27 0.06535011 
899 51 25 29 0.06506305 
356 426 20 25 0.06483117 
541 455 25 29 0.064418025 
970 174 19 24 0.06404176 
799 177 22 28 0.06264648 
27 13 30 39 0.06250173 
114 275 19 25 0.06156968 
467 301 20 25 0.06092232 
642 160 18 23 0.059882876 
0 434 18 29 0.05929849 
2 49 20 27 0.05866001 
671 307 22 26 0.05833748 
159 412 28 35 0.057938643 
610 108 21 25 0.057808194 
55 179 21 29 0.05771136 
307 16 21 26 0.056996897 
943 101 21 27 0.056310933 
327 313 22 28 0.056251545 
4 456 20 28 0.056121394 
421 152 20 24 0.055719607 
850 307 23 29 0.05562277 
299 277 21 28 0.05538793 
615 4 21 22 0.054694217 
55 42 20 27 0.054144297 
917 172 21 25 0.053906742 
358 464 20 26 0.05319503 
994 269 18 29 0.05317026 
7 653 23 32 0.052628797 
935 128 18 22 0.052247096 
210 55 18 22 0.052115764 
956 174 19 23 0.052095223 
816 301 37 46 0.051759835 
382 620 19 24 0.051667377 
279 177 18 25 0.051567867 
341 425 21 28 0.051314257 
100 180 20 28 0.050835826 
867 312 21 29 0.0508096 
955 158 19 24 0.050232556 
227 182 20 25 0.05022743 
485 311 18 22 0.050017152 
905 463 22 25 0.04985251 
742 173 21 28 0.049695384 
489 332 19 23 0.049665578 
566 25 18 23 0.04926915 
794 555 22 27 0.049110554 
771 109 21 25 0.04853657 
791 132 72 92 0.0477468 
659 179 19 23 0.047519602 
171 416 20 26 0.047461044 
972 555 22 30 0.047449112 
234 31 19 22 0.047432594 
230 73 17 21 0.047319096 
519 32 21 25 0.047036618 
182 280 24 31 0.046690177 
963 541 22 29 0.04621907 
236 109 19 24 0.045813236 
747 157 20 25 0.045725167 
786 131 19 24 0.045492064 
572 54 20 23 0.04544524 
879 80 19 25 0.045096036 
209 158 20 28 0.04499383 
895 38 40 48 0.044873487 
893 70 21 27 0.044460572 
213 72 18 23 0.0439082 
639 329 21 28 0.04300562 
22 506 19 27 0.042645685 
921 536 21 28 0.042528108 
440 325 21 27 0.042001184 
49 5 18 23 0.041947804 
230 199 21 29 0.041893248 
249 125 19 25 0.0418299 
818 153 36 49 0.04176695 
213 172 20 25 0.04102881 
539 20 21 26 0.040423773 
823 329 28 32 0.040305443 
796 168 37 44 0.04010371 
55 653 25 30 0.039832015 
33 51 18 25 0.039530504 
226 636 26 31 0.03949894 
363 50 18 23 0.039353315 
179 631 24 31 0.03892479 
899 455 35 42 0.038534522 
651 181 19 22 0.038364295 
365 76 22 26 0.038309153 
461 455 24 31 0.038208324 
260 313 21 28 0.038154032 
558 6 19 22 0.037836056 
23 644 19 24 0.037685625 
841 329 27 32 0.03767455 
159 278 20 26 0.037637495 
875 22 24 26 0.037293714 
563 597 38 43 0.03723769 
156 261 21 26 0.03707097 
620 71 20 24 0.03669976 
332 54 17 23 0.03657693 
794 155 18 23 0.03657497 
586 157 20 27 0.036475394 
830 293 58 71 0.03644062 
518 432 19 22 0.03630516 
53 170 35 48 0.03615847 
100 158 17 24 0.036127865 
825 260 25 32 0.03612591 
332 283 19 25 0.035882525 
933 103 19 25 0.03578663 
331 325 21 26 0.035783608 
973 69 23 34 0.035672028 
638 5 20 22 0.03564623 
8 502 22 31 0.03563546 
532 450 40 45 0.035571713 
178 97 22 28 0.03543817 
690 314 20 25 0.035299692 
42 593 24 32 0.035278633 
231 150 21 27 0.035234485 
112 260 23 31 0.035114896 
586 604 23 28 0.035058655 
666 159 18 21 0.034695476 
336 0 20 23 0.034664147 
789 587 25 30 0.034489125 
72 178 39 56 0.034140676 
278 158 18 23 0.034110524 
311 77 18 24 0.034029603 
356 87 46 51 0.03391423 
292 3 21 24 0.03385093 
430 154 19 24 0.033806823 
621 154 19 25 0.033764143 
365 305 22 28 0.033762753 
640 314 21 27 0.03372451 
417 130 19 22 0.03369581 
980 585 24 36 0.033321705 
410 543 21 26 0.033257194 
758 130 54 64 0.033180602 
771 558 21 27 0.03296112 
811 328 68 72 0.03290247 
641 132 18 23 0.032886587 
584 594 21 26 0.032693576 
746 32 16 18 0.032671016 
385 491 20 26 0.032641377 
693 475 27 35 0.032601036 
202 434 21 27 0.03255812 
440 621 19 24 0.032388207 
537 610 21 27 0.032294832 
388 641 19 23 0.03226809 
788 519 21 27 0.032250114 
314 51 19 23 0.032086473 
282 302 24 30 0.03200158 
879 429 20 25 0.03193018 
819 564 21 28 0.031668555 
721 54 19 25 0.03159336 
332 257 19 23 0.031479456 
439 315 19 24 0.031375967 
258 202 21 26 0.03132539 
587 177 21 28 0.03128271 
311 460 21 27 0.031213732 
93 174 32 48 0.031210821 
662 261 24 28 0.031159936 
515 413 19 23 0.03110018 
820 127 34 45 0.0310536 
593 105 46 59 0.03100766 
538 416 20 23 0.03090823 
841 129 17 21 0.030856155 
176 79 20 25 0.03079591 
461 330 18 24 0.030784326 
973 2 23 24 0.030690366 
792 106 17 22 0.030643921 
771 177 21 28 0.030632146 
916 41 27 33 0.030509615 
766 310 22 29 0.030339355 
353 108 45 53 0.030194677 
868 458 21 28 0.030184597 
233 2 19 23 0.030172419 
924 582 24 32 0.030059388 
823 270 45 59 0.030016027 
461 437 22 27 0.030002795 
974 55 21 30 0.029983869 
488 440 18 22 0.02976008 
81 177 20 30 0.029747503 
353 386 20 24 0.029689085 
568 639 28 31 0.029626515 
25 528 18 25 0.029615887 
948 517 23 28 0.029555539 
696 326 21 27 0.029525964 
698 176 20 24 0.029324442 
993 535 22 28 0.02932124 
511 454 71 74 0.029297486 
883 571 39 51 0.0292759 
750 131 19 24 0.029054224 
557 435 19 25 0.029030925 
481 286 18 21 0.028920677 
667 297 35 43 0.02880052 
692 20 19 25 0.028782787 
204 409 21 27 0.028625103 
642 57 19 22 0.028616011 
565 415 20 25 0.02855124 
389 56 19 23 0.028474296 
896 564 24 30 0.02845375 
307 201 24 30 0.028372932 
197 8 21 24 0.028348176 
1 28 19 25 0.028250044 
28 151 19 25 0.028175935 
5 529 22 29 0.02804853 
281 120 21 27 0.028023675 
379 154 21 27 0.028014531 
988 254 28 49 0.02791802 
380 101 26 31 0.027864113 
132 158 20 24 0.02784246 
868 0 40 41 0.027821494 
875 9 66 72 0.027781451 
383 73 21 25 0.027779732 
385 504 20 26 0.02775936 
690 252 23 29 0.02775339 
50 508 21 28 0.02763731 
383 407 20 25 0.027329398 
70 644 21 26 0.027266445 
386 387 20 24 0.027216952 
104 25 19 24 0.02720413 
740 5 16 18 0.02704425 
328 485 23 29 0.027024694 
391 586 20 26 0.026966715 
699 288 55 76 0.026957268 
878 423 33 41 0.02681146 
441 636 21 23 0.026774319 
536 53 20 24 0.026730638 
846 56 20 26 0.026710602 
693 156 18 23 0.026687017 
574 631 44 47 0.026625592 
664 287 69 80 0.026584925 
881 412 22 29 0.026579348 
772 522 43 55 0.026494995 
416 148 31 40 0.026463648 
530 597 40 46 0.026442686 
894 28 24 27 0.02639738 
390 655 23 29 0.026333338 
104 459 22 28 0.026276352 
521 45 19 23 0.026179241 
271 169 30 40 0.02610765 
383 439 19 24 0.02608627 
25 71 21 30 0.025973124 
870 284 20 27 0.025844015 
207 567 25 32 0.02582891 
644 101 17 22 0.02575204 
254 25 18 21 0.025733467 
586 55 17 22 0.025707094 
949 407 22 27 0.025568778 
2 409 18 28 0.025562994 
971 591 36 56 0.025558244 
407 644 20 24 0.025411831 
414 487 20 24 0.025384814 
921 30 25 30 0.025327556 
413 327 22 28 0.02529042 
336 461 21 27 0.025267154 
48 565 20 26 0.025189366 
799 282 19 25 0.025134347 
279 200 19 25 0.02505781 
944 527 43 58 0.025048474 
838 262 21 28 0.024986073 
178 300 28 36 0.02497546 
770 386 24 29 0.024836544 
671 133 18 22 0.024566963 
539 552 149 151 0.024529623 
898 501 25 30 0.024524879 
431 132 19 22 0.02452465 
648 259 55 65 0.024444355 
778 162 63 75 0.024434675 
992 560 21 28 0.024393022 
668 239 57 72 0.024323115 
642 21 19 22 0.024284448 
20 655 22 28 0.024176205 
184 459 21 25 0.024100408 
938 93 32 45 0.024095407 
362 478 22 29 0.024082245 
30 42 33 42 0.024041388 
588 71 18 22 0.02389555 
666 0 18 21 0.023784028 
738 440 24 29 0.023680395 
721 129 19 25 0.023615967 
254 583 24 30 0.02353238 
534 71 20 25 0.023490056 
794 195 23 32 0.023489889 
720 388 23 29 0.023466427 
618 21 18 21 0.023455415 
408 510 19 23 0.023359329 
241 113 33 43 0.023321133 
35 180 18 24 0.023313755 
910 563 54 71 0.023273502 
598 1 18 19 0.02326366 
571 70 19 23 0.023186127 
900 536 23 28 0.023182064 
660 201 22 27 0.023167372 
129 173 22 27 0.0231486 
200 462 21 26 0.023131732 
915 462 19 24 0.02306234 
994 517 20 26 0.023040397 
580 169 37 46 0.023025183 
517 610 21 27 0.023019344 
57 131 22 30 0.023017574 
185 52 19 25 0.022989511 
297 307 52 61 0.022985566 
437 543 21 25 0.02296146 
968 292 40 68 0.022868183 
823 513 22 28 0.022852177 
722 308 24 32 0.02276604 
476 302 30 37 0.022762952 
333 352 19 24 0.022746077 
306 179 20 25 0.02273358 
620 59 19 23 0.022705965 
720 430 22 29 0.022682423 
287 459 23 28 0.022655666 
340 389 21 25 0.022475144 
886 442 57 70 0.022440623 
428 588 18 23 0.022424 
672 27 18 22 0.022418087 
722 155 17 22 0.022394493 
845 556 21 29 0.022388821 
902 142 46 59 0.022387147 
0 1 19 24 0.022379287 
257 566 23 29 0.022353351 
746 104 19 24 0.02226125 
974 197 21 27 0.022237819 
266 328 54 64 0.022216406 
76 4 19 23 0.022210672 
0 23 31 42 0.022190556 
264 58 16 19 0.022173798 
410 312 20 26 0.022083651 
230 74 75 90 0.022064166 
668 55 17 22 0.021999333 
369 619 20 26 0.021939307 
845 69 20 27 0.021897629 
721 176 18 24 0.021887876 
154 608 23 29 0.02184968 
394 561 20 26 0.021840477 
638 75 18 23 0.021688558 
435 316 35 44 0.021680167 
381 302 21 28 0.021606646 
158 2 19 23 0.021586638 
774 514 23 28 0.02154941 
22 589 43 53 0.021543667 
985 277 19 29 0.021532867 
181 151 21 28 0.021512242 
432 489 20 25 0.021445205 
961 642 43 53 0.021432329 
396 555 50 63 0.021425413 
641 198 21 26 0.02141696 
287 509 23 29 0.021397986 
946 197 22 28 0.021393213 
765 613 43 49 0.021346102 
21 59 36 47 0.021343395 
767 32 18 20 0.021339657 
155 454 21 26 0.021317404 
694 51 19 26 0.021278178 
537 589 21 26 0.02127314 
482 323 30 38 0.021228733 
307 657 24 30 0.02122199 
724 21 17 21 0.021139607 
387 460 18 22 0.021086574 
890 3 21 23 0.0210821 
281 75 18 23 0.02106198 
975 19 21 25 0.02098732 
870 321 22 30 0.020909278 
586 586 160 168 0.02089309 
-10 240 69 96 0.020889718 
767 184 38 48 0.020864936 
777 125 32 42 0.020822437 
920 512 21 27 0.0207836 
741 453 25 31 0.020781541 
181 204 23 29 0.02077223 
734 276 34 48 0.02074222 
264 75 19 22 0.020693222 
683 304 37 48 0.020652369 
179 618 22 29 0.020623622 
922 2 19 21 0.02061793 
795 324 22 28 0.02061123 
526 496 49 51 0.020583892 
333 28 19 23 0.020519678 
237 126 74 91 0.020519016 
45 15 47 61 0.020489875 
667 327 21 27 0.020471867 
536 478 31 34 0.020460438 
63 647 36 42 0.020435901 
255 5 20 24 0.020427847 
378 610 33 40 0.020418627 
721 279 23 30 0.020417253 
98 196 23 32 0.02040215 
766 105 34 44 0.020400787 
105 3 18 23 0.02036118 
382 2 19 22 0.02034415 
771 2 18 19 0.020314697 
409 1 19 22 0.020305447 
334 399 45 58 0.020296121 
33 565 19 24 0.020281676 
50 94 24 30 0.02027224 
308 351 22 27 0.020257847 
596 126 69 87 0.020257842 
647 195 70 85 0.02023995 
286 232 21 27 0.020233193 
820 580 38 47 0.020223428 
486 411 19 24 0.020189514 
785 148 36 44 0.020165574 
23 138 35 47 0.020140816 
704 -1 30 36 0.020069765 
24 432 20 27 0.020011168 
