10_People_Marching_People_Marching_2_823
41
360 191 197 267 0.9997557 
195 449 33 39 0.17508417 
952 482 24 31 0.13226318 
951 504 28 37 0.124876484 
938 477 26 32 0.09852922 
793 442 24 30 0.08248456 
791 479 30 38 0.067667715 
883 520 27 35 0.062398434 
957 457 23 28 0.0503023 
1 455 27 39 0.04326449 
862 513 30 38 0.041233253 
936 505 28 36 0.039726134 
985 475 23 29 0.039574694 
985 453 22 27 0.039196678 
958 604 42 75 0.038240638 
933 457 25 31 0.037800245 
202 461 34 41 0.03634132 
857 486 26 32 0.032842357 
72 450 24 32 0.032461587 
889 476 25 32 0.02871759 
649 868 117 161 0.027781207 
310 469 32 38 0.027097808 
743 507 29 37 0.02698236 
928 576 30 42 0.0267603 
656 1082 107 138 0.026748989 
788 497 32 40 0.025946464 
212 410 27 32 0.023848357 
783 438 44 55 0.023806257 
666 966 193 199 0.023292415 
818 487 24 31 0.022962054 
915 603 71 104 0.021331893 
704 524 59 69 0.021165945 
889 646 28 39 0.021145768 
332 876 328 416 0.021130439 
466 846 294 382 0.02108958 
983 512 25 33 0.021047376 
688 577 129 199 0.020941278 
104 341 27 34 0.02078066 
73 344 25 33 0.020283476 
765 453 71 88 0.020256128 
959 533 29 39 0.020148836 
