10_People_Marching_People_Marching_10_People_Marching_People_Marching_10_69
804
691 482 18 22 0.76891774 
718 537 18 22 0.75097674 
536 461 17 22 0.7069959 
161 558 20 24 0.6930976 
919 541 19 22 0.67626864 
98 562 19 26 0.6603343 
873 539 18 22 0.63022184 
569 511 17 21 0.6275144 
231 554 19 24 0.55204874 
630 491 18 21 0.52098316 
766 510 17 20 0.5073607 
892 481 18 22 0.46958596 
801 542 17 21 0.4598746 
50 595 20 24 0.4554483 
7 607 21 28 0.44874686 
210 611 17 21 0.44589406 
363 455 17 21 0.4390414 
766 444 17 20 0.42949322 
357 634 19 24 0.42116842 
537 613 17 22 0.42037743 
653 457 18 22 0.4098087 
399 515 18 23 0.4091002 
878 647 22 26 0.39195514 
602 546 17 23 0.38961965 
437 623 19 23 0.38042212 
302 337 23 28 0.37318867 
494 545 15 19 0.3230679 
881 443 17 22 0.31882125 
160 512 18 22 0.3161857 
500 432 16 20 0.31579587 
459 408 16 19 0.3003432 
660 459 18 22 0.29796037 
722 513 17 21 0.29775465 
950 470 18 23 0.2939817 
307 493 17 21 0.29115683 
257 616 18 21 0.28919047 
339 596 18 21 0.28723994 
749 573 18 23 0.280871 
437 465 19 23 0.26793027 
822 572 17 21 0.26769418 
395 596 16 19 0.26222542 
563 582 17 22 0.26133826 
817 433 15 20 0.25771362 
116 618 18 22 0.25179878 
485 560 15 19 0.24694279 
185 441 20 24 0.2421049 
839 615 17 21 0.23904954 
306 615 16 21 0.23631124 
839 469 17 21 0.23542519 
780 409 16 18 0.23378485 
646 561 17 21 0.23116282 
378 414 19 22 0.22822176 
714 353 15 19 0.22660324 
923 564 18 24 0.2242946 
572 497 16 20 0.22229937 
843 430 16 20 0.21851948 
679 415 16 19 0.21634671 
547 585 17 21 0.21633832 
819 583 18 21 0.21329089 
815 127 19 22 0.21140005 
548 572 17 21 0.2080724 
467 506 16 19 0.20672774 
208 596 17 23 0.20653638 
392 610 17 21 0.20643196 
768 454 16 22 0.20567496 
709 593 18 22 0.20516403 
674 437 17 21 0.20136118 
89 509 18 23 0.20059587 
165 488 18 21 0.19962418 
731 413 15 18 0.19846483 
430 486 17 21 0.1956868 
541 442 17 20 0.19541907 
258 637 19 22 0.19502668 
107 311 22 26 0.1925034 
817 537 16 19 0.19209997 
696 470 19 23 0.19204667 
506 642 17 22 0.18996365 
366 443 17 22 0.18969601 
363 507 16 19 0.18943603 
847 419 16 20 0.18920295 
364 497 16 21 0.18705636 
876 581 18 22 0.18644339 
877 569 18 23 0.18626188 
291 597 18 22 0.18361114 
609 555 16 21 0.18306164 
336 612 17 21 0.18305182 
558 571 18 23 0.1829351 
515 569 15 18 0.18259631 
269 566 17 21 0.17994913 
442 366 18 23 0.17822453 
738 412 15 19 0.17737031 
361 624 17 21 0.1757864 
792 405 16 20 0.17008913 
768 357 16 20 0.1696025 
260 595 17 20 0.16912386 
831 482 18 21 0.1668351 
649 547 17 21 0.16650042 
498 492 16 20 0.1663404 
292 610 17 21 0.16549036 
839 480 17 22 0.1652046 
595 510 17 22 0.16432229 
726 495 17 20 0.16389067 
508 433 16 20 0.16352819 
226 513 17 22 0.16278726 
315 546 16 21 0.16135377 
460 469 16 20 0.15740487 
592 644 19 22 0.15439665 
801 513 16 20 0.15189222 
800 390 16 19 0.15147938 
618 460 16 20 0.15075909 
588 622 17 21 0.15074071 
620 416 15 18 0.15073945 
623 380 16 19 0.15071519 
496 415 16 19 0.14954081 
959 634 21 25 0.14901741 
234 354 17 22 0.14842325 
301 596 17 21 0.14777204 
884 486 17 22 0.14683005 
339 460 16 20 0.1449852 
295 460 18 22 0.14463383 
474 569 16 20 0.14447917 
642 333 15 19 0.14315413 
644 442 16 21 0.14305525 
424 489 17 20 0.14175554 
690 313 16 19 0.14159323 
680 389 15 18 0.14074172 
219 515 16 20 0.13939731 
316 559 17 21 0.13910888 
807 439 15 18 0.13901713 
515 587 16 19 0.13815203 
931 583 18 22 0.13629033 
881 519 17 20 0.13542517 
878 455 17 22 0.13524896 
210 644 19 23 0.13446511 
921 521 17 21 0.13443992 
405 572 16 20 0.132995 
513 541 14 19 0.13233286 
97 511 18 21 0.13102442 
588 493 15 19 0.1305883 
853 542 16 20 0.12952189 
770 496 17 20 0.12926759 
687 389 15 18 0.12903318 
685 411 17 20 0.1289472 
696 266 18 21 0.12687808 
695 280 16 20 0.12472504 
825 414 16 19 0.124189675 
258 461 18 22 0.12375632 
622 439 16 20 0.12308379 
535 479 17 21 0.12243413 
175 612 16 21 0.12236295 
566 534 15 19 0.1213138 
180 649 19 23 0.120543554 
720 442 16 20 0.12035689 
776 149 17 21 0.12011559 
397 568 16 19 0.11868686 
691 658 23 28 0.118461765 
467 493 15 20 0.1178035 
159 545 18 24 0.11704732 
623 331 15 17 0.11617161 
818 386 15 19 0.115938716 
358 590 15 18 0.11456596 
798 558 18 22 0.11454831 
751 510 15 19 0.114282414 
570 436 15 18 0.11425577 
522 334 15 19 0.11241655 
749 464 16 20 0.11207585 
640 584 16 19 0.11128779 
570 614 17 21 0.10972515 
310 507 16 21 0.107795596 
756 616 18 21 0.10687105 
618 509 18 22 0.10644625 
334 435 16 19 0.10634731 
126 480 16 20 0.10607916 
262 517 17 21 0.105932936 
276 565 17 22 0.10581872 
818 519 17 21 0.10550434 
472 306 16 20 0.105483875 
293 436 18 21 0.10510087 
590 460 15 18 0.105063364 
544 378 16 19 0.10480741 
98 490 19 22 0.10420246 
694 645 20 24 0.10347848 
899 468 18 20 0.10334747 
720 462 16 20 0.10226644 
641 417 15 19 0.10211131 
544 540 15 19 0.102104045 
509 416 17 20 0.10185322 
435 285 16 21 0.10046475 
567 417 16 19 0.10029321 
464 263 17 21 0.09929505 
464 356 17 22 0.09865426 
568 461 15 18 0.098623455 
899 542 16 20 0.09821608 
335 564 15 19 0.09784858 
513 489 16 21 0.09766871 
21 564 19 24 0.0971624 
482 342 17 20 0.097068004 
522 616 17 21 0.09607347 
723 343 16 19 0.09542817 
511 512 16 20 0.09499759 
289 642 18 22 0.09489343 
690 437 16 21 0.09479506 
667 310 15 19 0.09459233 
256 443 17 21 0.09394097 
638 381 15 18 0.09374628 
160 415 17 21 0.09368563 
382 357 17 21 0.09348709 
87 493 18 23 0.09296752 
754 645 19 23 0.09283543 
797 493 16 20 0.092722714 
744 489 15 20 0.092675425 
957 622 20 25 0.09242077 
525 465 17 20 0.092194326 
652 313 15 18 0.091973394 
970 617 20 26 0.09150174 
994 596 17 23 0.09145058 
671 517 17 21 0.09139868 
405 584 17 20 0.09133229 
440 595 15 19 0.09043104 
924 466 16 21 0.08969296 
483 354 17 21 0.089682505 
419 464 16 21 0.08940925 
493 508 16 20 0.08933478 
951 567 18 23 0.08905547 
464 281 16 21 0.08881176 
929 438 16 20 0.088402495 
754 441 16 20 0.088082545 
679 332 15 18 0.088037245 
956 512 17 21 0.08787682 
662 286 15 20 0.087788306 
305 437 16 19 0.08741605 
544 416 15 18 0.08707352 
561 382 14 17 0.087050974 
595 284 16 20 0.0860236 
465 392 16 21 0.08493647 
472 586 16 20 0.08492345 
226 490 15 20 0.08475129 
414 440 15 20 0.084493674 
494 392 16 20 0.08442347 
52 561 19 23 0.08409295 
253 408 16 21 0.08406865 
262 483 17 21 0.083845034 
899 564 16 19 0.083833955 
688 332 15 18 0.08301371 
597 658 22 25 0.08284309 
602 205 15 18 0.082841545 
622 368 15 19 0.082652 
597 382 15 18 0.08229895 
972 560 16 22 0.08214946 
538 337 16 19 0.08204491 
54 538 18 22 0.08070725 
310 413 17 21 0.08059321 
590 440 15 19 0.08018152 
891 441 16 20 0.080035515 
183 453 18 23 0.079637684 
876 391 17 21 0.07920399 
337 490 15 19 0.079195 
240 407 17 21 0.07906636 
639 509 17 22 0.07885064 
617 262 15 18 0.07880584 
360 537 14 18 0.07831309 
438 516 17 20 0.078082554 
306 635 18 22 0.07807215 
207 361 16 20 0.07767121 
183 388 17 22 0.07762196 
644 361 15 19 0.07746763 
514 384 16 19 0.07701572 
336 545 15 19 0.07670718 
493 464 15 20 0.07615588 
485 590 16 20 0.075707406 
285 536 17 22 0.07502365 
984 594 18 24 0.074989274 
447 414 16 19 0.074981935 
665 544 17 22 0.07396661 
290 415 16 21 0.07332251 
336 513 15 19 0.07307899 
385 496 17 20 0.07277485 
166 612 16 20 0.072621115 
443 259 17 21 0.07254507 
596 367 14 18 0.0724029 
541 366 15 18 0.072368346 
3 645 19 27 0.07189305 
594 415 15 18 0.07160754 
130 468 18 22 0.071508475 
617 278 15 18 0.07146608 
438 437 16 20 0.07112716 
944 584 18 22 0.06999841 
977 461 17 23 0.06983091 
219 488 16 20 0.06953184 
483 307 15 19 0.06927748 
344 639 19 23 0.069080375 
565 365 15 18 0.069008894 
237 590 17 22 0.06895112 
702 538 16 20 0.0688231 
486 616 17 21 0.06869437 
693 510 17 22 0.06855439 
211 568 17 21 0.06810119 
494 259 16 19 0.0680883 
768 568 16 21 0.06808352 
396 533 17 21 0.06760086 
994 515 17 23 0.067577764 
772 390 15 19 0.06740874 
675 485 17 21 0.06733387 
337 357 15 18 0.06732979 
807 130 16 20 0.067299925 
564 645 17 20 0.06729628 
417 392 16 20 0.06709015 
207 657 24 28 0.06705219 
439 535 15 19 0.06678771 
596 263 16 20 0.0667353 
871 407 15 20 0.066686556 
339 385 14 18 0.06658775 
749 385 15 17 0.066475 
773 137 17 20 0.06646275 
744 542 16 21 0.06637635 
289 519 17 22 0.06570829 
849 593 16 19 0.06544895 
701 229 17 20 0.06527326 
128 593 16 22 0.06504352 
104 586 17 22 0.06498591 
415 409 16 20 0.06497793 
653 286 15 18 0.06495929 
773 538 15 20 0.06462912 
76 435 19 25 0.06447709 
261 540 16 21 0.06445872 
406 531 16 20 0.06444596 
209 406 17 22 0.06408414 
797 462 15 19 0.063931845 
332 418 16 19 0.06391556 
308 387 16 20 0.06384882 
55 606 20 25 0.063298956 
975 513 18 23 0.0632956 
128 515 16 20 0.06266054 
907 153 20 24 0.06264135 
292 336 22 27 0.06258858 
891 587 16 20 0.06225572 
691 178 15 19 0.062129933 
473 338 17 21 0.061971433 
650 257 15 18 0.061945662 
467 433 16 19 0.061684612 
20 613 17 23 0.061469067 
799 367 16 19 0.061352197 
927 413 17 19 0.06133366 
546 643 18 22 0.061148643 
877 620 17 22 0.06113817 
363 567 14 16 0.06109544 
255 387 16 21 0.06079609 
848 564 15 20 0.060699113 
894 514 16 20 0.060448367 
179 405 17 21 0.06014083 
206 388 17 21 0.059775017 
594 335 14 17 0.059653565 
670 557 17 22 0.05956721 
753 365 15 18 0.05951408 
228 461 17 21 0.05936591 
385 386 17 21 0.058948215 
705 360 15 18 0.05891541 
593 592 17 21 0.058857713 
464 642 18 22 0.058839712 
84 645 18 23 0.05846744 
496 282 16 20 0.058327373 
723 307 15 18 0.058308363 
819 366 16 19 0.058169216 
233 645 17 22 0.05813435 
590 234 15 19 0.05808985 
618 615 17 22 0.057927247 
500 233 16 18 0.057835404 
748 201 18 21 0.057722196 
948 409 16 20 0.05751646 
975 542 16 22 0.05748094 
719 641 17 21 0.057459977 
700 615 17 21 0.05724902 
27 696 27 31 0.0566927 
111 323 20 25 0.05660288 
160 467 17 22 0.056589715 
447 187 16 20 0.056108627 
104 363 21 25 0.055953775 
130 644 19 23 0.0559406 
87 587 17 23 0.055539872 
663 260 16 20 0.055318847 
949 440 16 19 0.055270378 
893 619 18 21 0.05524219 
371 360 16 20 0.05508602 
541 516 17 21 0.054495476 
178 597 16 19 0.054461453 
565 229 15 20 0.054454964 
259 357 18 22 0.054286495 
621 314 14 17 0.05428103 
799 639 18 22 0.054219738 
431 304 16 20 0.053512413 
366 387 16 19 0.053502437 
468 617 17 22 0.053388603 
469 543 15 18 0.052678216 
847 514 16 20 0.05244512 
238 439 16 20 0.052324485 
596 154 16 19 0.052304313 
515 314 16 19 0.052222807 
612 206 16 20 0.05175684 
439 380 16 21 0.051710103 
159 432 17 22 0.05167796 
106 466 17 22 0.051463857 
291 351 21 25 0.05125382 
212 457 18 22 0.0510496 
670 362 14 17 0.050895724 
523 363 14 17 0.050722096 
293 486 17 22 0.050589833 
366 334 16 21 0.05056029 
613 645 20 23 0.050549995 
852 386 15 18 0.05048635 
203 440 19 23 0.050395835 
516 283 16 20 0.050024953 
441 566 14 18 0.049912047 
321 184 16 19 0.04963635 
99 247 20 24 0.04957111 
567 210 16 19 0.04930193 
926 483 15 20 0.04926703 
715 613 17 21 0.049218006 
174 565 16 21 0.04919554 
235 613 16 21 0.048981592 
508 237 15 19 0.048872493 
102 237 20 24 0.04870122 
164 153 19 23 0.048425 
743 317 16 19 0.048349034 
679 181 15 18 0.048323546 
417 336 16 20 0.048289813 
804 589 17 20 0.04827019 
160 385 15 19 0.048069675 
189 363 16 21 0.04792154 
410 619 16 21 0.04787646 
57 516 17 23 0.047659304 
755 100 16 19 0.047380894 
75 310 19 23 0.047230832 
261 336 17 21 0.047191355 
521 205 16 18 0.04687754 
105 380 20 24 0.046798773 
643 236 15 19 0.046691686 
640 136 16 20 0.046565264 
595 304 15 19 0.04639542 
237 342 17 23 0.046203837 
851 359 16 18 0.046019852 
549 235 15 19 0.04581235 
85 534 19 23 0.045746602 
307 314 21 24 0.04551639 
162 588 17 22 0.045387257 
291 385 17 20 0.0453352 
621 589 16 20 0.04503066 
383 429 18 21 0.044875506 
410 358 17 21 0.044837747 
108 285 21 24 0.044583507 
32 589 18 24 0.044549003 
543 259 16 19 0.044377454 
438 334 16 19 0.04433264 
670 151 15 18 0.044288386 
641 184 15 17 0.04427649 
335 284 16 21 0.043863382 
335 342 15 20 0.04375089 
692 563 17 22 0.043734714 
622 236 16 19 0.043692548 
713 234 17 21 0.04367041 
129 408 18 21 0.04365921 
382 462 16 21 0.043504737 
128 390 17 21 0.043426115 
645 151 15 18 0.043288298 
491 207 16 20 0.0432725 
724 130 16 20 0.04320556 
238 389 17 20 0.043171935 
745 157 15 18 0.042955924 
269 183 17 21 0.042680036 
569 339 15 17 0.04263311 
491 184 17 20 0.04261511 
123 327 18 23 0.042561017 
676 212 16 19 0.04255755 
235 156 17 21 0.042471245 
795 183 19 23 0.04234833 
797 617 18 22 0.04231595 
771 342 16 18 0.042207565 
622 182 15 18 0.041908115 
743 331 14 17 0.041888688 
547 314 15 18 0.041732367 
364 315 17 21 0.041539967 
979 483 18 22 0.041511983 
159 648 18 22 0.041344948 
607 661 21 24 0.04123981 
104 543 18 23 0.0411966 
508 257 16 19 0.04112947 
745 186 16 20 0.041007314 
132 186 18 21 0.040724993 
867 149 18 23 0.04062648 
724 385 14 17 0.040470704 
131 566 16 22 0.040346153 
460 160 15 19 0.04029516 
979 442 16 21 0.040269922 
953 544 17 21 0.04023113 
673 229 16 20 0.04022834 
210 540 16 20 0.040201616 
694 107 16 19 0.04010833 
719 180 15 18 0.03950419 
661 83 16 20 0.039479718 
700 160 15 19 0.039472193 
717 288 16 21 0.03932472 
463 232 15 18 0.039255142 
589 135 15 19 0.039013136 
85 659 22 26 0.038825963 
562 309 15 17 0.038713664 
823 329 16 19 0.03857949 
177 514 16 21 0.0382459 
443 237 16 19 0.038084097 
572 285 16 19 0.0379294 
536 282 16 20 0.037474677 
130 542 15 20 0.03736887 
185 539 16 20 0.0372276 
543 656 22 25 0.037155718 
668 99 16 20 0.037139032 
329 185 16 19 0.037015192 
186 181 17 22 0.036998745 
542 106 16 19 0.03695671 
695 213 17 20 0.036847435 
899 136 17 22 0.03684285 
206 186 18 23 0.036841765 
847 645 18 22 0.036837045 
717 210 16 19 0.036833886 
78 613 18 22 0.036486655 
447 159 15 19 0.036396205 
817 113 17 21 0.036171798 
574 130 17 20 0.035937946 
720 159 15 18 0.03573115 
522 186 16 19 0.035626072 
491 156 15 19 0.035385948 
443 106 15 18 0.03530884 
996 533 16 22 0.03522282 
994 462 17 23 0.035070833 
335 260 16 19 0.034949895 
469 126 16 19 0.0349123 
873 357 16 19 0.03487926 
53 458 19 25 0.034857396 
614 159 14 18 0.034737997 
291 158 16 19 0.03470031 
671 590 16 20 0.03465794 
136 658 22 26 0.034595866 
745 135 15 19 0.03455768 
976 410 16 20 0.034493092 
123 279 20 26 0.034477208 
623 130 15 17 0.03443432 
901 414 16 19 0.03435994 
854 151 19 24 0.034233388 
355 618 29 35 0.033987995 
560 658 20 23 0.033888843 
458 183 16 21 0.03380883 
279 180 16 20 0.033543922 
489 74 16 19 0.033541337 
355 109 18 22 0.03347336 
652 83 16 20 0.033348866 
880 334 17 20 0.033341285 
823 712 21 26 0.03312638 
288 273 20 25 0.033102494 
386 636 17 21 0.03307102 
178 156 17 22 0.032882206 
916 158 18 22 0.032879286 
896 333 16 20 0.03278247 
151 662 21 24 0.032776058 
289 264 18 22 0.03275724 
672 137 16 19 0.032749824 
804 110 16 19 0.03267824 
105 439 18 22 0.032665398 
385 342 16 20 0.03259936 
765 105 16 19 0.032462433 
109 408 19 24 0.03243647 
157 367 16 20 0.032365587 
82 461 19 22 0.032303926 
205 255 18 22 0.03229968 
950 308 16 19 0.032298777 
210 152 17 20 0.03210998 
32 459 18 25 0.032107063 
644 641 17 21 0.032103788 
487 133 15 19 0.032005027 
464 107 15 19 0.031940673 
392 205 17 20 0.031811167 
996 409 13 17 0.031672202 
76 411 19 24 0.031597134 
520 155 15 18 0.031546142 
669 616 16 19 0.031532038 
856 107 18 22 0.031501796 
720 559 17 21 0.031475063 
138 131 17 20 0.03146099 
748 84 16 20 0.031274725 
696 130 15 20 0.031189933 
12 566 18 25 0.031091776 
423 308 16 21 0.03108457 
899 356 16 20 0.030953938 
225 659 22 28 0.030936478 
314 231 17 21 0.030903803 
6 534 18 22 0.030864824 
436 127 15 19 0.030743092 
59 491 18 22 0.030686053 
995 609 18 23 0.030394338 
867 110 17 22 0.030358257 
801 332 15 18 0.03012968 
285 657 22 27 0.030056758 
133 200 18 22 0.030033559 
568 5 20 21 0.029676331 
592 107 16 18 0.02967081 
888 643 20 25 0.029539166 
823 177 18 23 0.029505778 
392 590 25 33 0.029291617 
751 659 21 26 0.02927511 
764 588 18 22 0.029217256 
207 338 17 20 0.029192196 
569 263 15 19 0.029156275 
289 233 16 19 0.029092839 
793 152 16 20 0.029036524 
108 638 18 22 0.028930554 
159 279 21 25 0.02879512 
641 616 16 20 0.028760642 
434 663 21 25 0.028686767 
344 110 17 21 0.02868152 
458 661 20 24 0.028587598 
744 577 26 35 0.028527971 
896 312 16 19 0.028506992 
305 154 16 19 0.02849824 
389 182 15 18 0.028490163 
568 187 16 18 0.028467441 
359 159 15 18 0.02840355 
417 131 16 19 0.028349536 
418 642 17 21 0.028296016 
928 389 16 19 0.028206827 
854 132 18 21 0.028173074 
536 209 16 18 0.028160008 
924 641 18 21 0.02813538 
421 285 18 23 0.02809646 
800 315 16 20 0.02797898 
513 108 15 18 0.027953748 
103 316 35 42 0.027734809 
151 224 19 24 0.0277087 
232 180 18 22 0.027559249 
994 484 16 22 0.027507711 
978 357 17 22 0.027431801 
927 617 17 20 0.027350599 
312 135 16 19 0.027310885 
641 51 16 19 0.027218705 
181 722 25 26 0.02721742 
776 180 16 20 0.027199792 
716 259 17 21 0.027007814 
772 311 15 18 0.026996912 
637 275 126 142 0.026988158 
317 57 17 20 0.026974248 
438 84 15 18 0.02673965 
160 487 27 37 0.026633626 
645 208 15 18 0.026631389 
894 387 17 20 0.0266062 
313 663 20 24 0.026549375 
535 181 15 18 0.026367053 
872 131 17 20 0.02635014 
358 123 17 19 0.026331747 
388 126 15 19 0.026311094 
442 53 15 18 0.026126351 
135 437 17 22 0.026094899 
546 77 16 19 0.026043514 
931 133 17 20 0.026033182 
620 108 16 18 0.026007937 
598 186 15 18 0.026000889 
878 315 16 19 0.025993623 
337 309 15 21 0.025979005 
719 47 16 20 0.025827913 
473 83 15 18 0.025741741 
312 206 17 21 0.025704287 
719 109 15 19 0.025673093 
673 643 18 21 0.025669921 
252 305 81 97 0.025664458 
6 174 22 32 0.025654396 
115 260 142 163 0.025632361 
396 158 14 18 0.025620805 
694 46 16 20 0.025539685 
28 487 17 23 0.025516853 
538 158 15 18 0.025511345 
932 331 17 19 0.02549216 
285 321 49 60 0.025380213 
509 74 15 18 0.025348915 
-4 649 31 41 0.02532218 
693 291 87 99 0.025298443 
261 130 16 19 0.02516301 
823 2 22 23 0.025134077 
154 135 18 22 0.025095182 
29 540 17 21 0.024921343 
994 642 17 22 0.02488936 
405 186 15 19 0.024873883 
826 644 17 22 0.024820108 
928 312 17 20 0.024813768 
406 156 15 18 0.02478944 
176 281 19 22 0.024781976 
343 158 16 18 0.024745135 
153 212 17 21 0.024615858 
761 655 21 26 0.024551231 
902 147 31 38 0.024549404 
847 314 16 20 0.024534758 
122 314 20 26 0.02450515 
822 316 17 20 0.024487402 
359 256 17 21 0.02446746 
29 513 17 21 0.0243557 
847 334 16 19 0.024307558 
80 714 28 31 0.024241818 
443 201 15 19 0.024228027 
264 103 17 20 0.024051482 
259 315 18 22 0.02398128 
673 1 19 20 0.023978835 
367 177 15 19 0.023978388 
188 129 18 21 0.0238689 
638 34 17 20 0.023853984 
335 607 28 34 0.023799894 
872 691 23 25 0.023787502 
181 59 18 22 0.023763677 
227 226 20 25 0.023706727 
331 663 20 24 0.023688188 
980 340 15 18 0.02357413 
198 720 25 27 0.023513913 
341 201 17 20 0.023472603 
574 227 108 131 0.02345997 
122 634 31 38 0.023368621 
414 76 16 18 0.023345355 
102 283 34 42 0.023328116 
675 407 26 34 0.02331021 
187 338 16 20 0.023269279 
130 256 18 23 0.023236502 
739 2 20 20 0.023209214 
7 514 18 24 0.02313007 
60 309 19 23 0.02311458 
844 3 21 21 0.022986593 
110 151 17 21 0.022916002 
387 605 27 34 0.022844585 
464 203 16 20 0.022840442 
762 436 26 34 0.022787722 
356 209 15 18 0.022768185 
257 157 16 19 0.022749236 
386 284 17 22 0.022662275 
98 230 32 38 0.022594772 
868 721 27 29 0.022548797 
330 718 26 28 0.022544459 
87 255 19 24 0.02249799 
97 661 20 25 0.02244345 
285 311 19 23 0.022402726 
109 206 17 21 0.022363925 
138 344 122 150 0.0223391 
334 235 15 18 0.022335468 
431 625 30 35 0.02230839 
105 99 17 20 0.022288747 
165 247 180 230 0.022261927 
148 330 84 100 0.022156615 
286 58 15 18 0.022114784 
800 1 19 23 0.022033818 
385 717 24 25 0.022033302 
175 651 31 37 0.022025937 
384 256 20 26 0.021965032 
262 82 17 20 0.021953952 
804 124 27 33 0.021833826 
331 59 16 19 0.021781262 
674 319 130 145 0.021755248 
809 533 28 36 0.021735255 
82 289 76 95 0.021719733 
229 109 16 20 0.021702621 
57 439 20 26 0.021638433 
821 660 19 23 0.021609364 
648 101 15 19 0.021580616 
461 717 25 27 0.021547742 
825 30 20 24 0.021546405 
131 229 19 24 0.02152027 
312 257 16 20 0.021495486 
590 80 16 20 0.021479443 
848 661 19 24 0.021405324 
361 437 28 35 0.02139442 
544 129 16 19 0.021365067 
283 102 16 20 0.02124206 
287 77 15 19 0.021241216 
851 720 24 26 0.02122409 
507 659 21 24 0.021206383 
406 204 15 19 0.021160265 
673 55 16 19 0.021151422 
391 109 17 20 0.02108176 
995 441 15 18 0.0210384 
77 694 24 27 0.021021722 
263 261 16 21 0.020950317 
900 18 23 26 0.020916967 
308 282 18 22 0.020877536 
892 465 29 36 0.020834945 
766 204 17 22 0.020773709 
256 658 23 26 0.020720908 
770 142 29 35 0.020703942 
926 285 17 20 0.020672567 
712 661 20 25 0.020635057 
820 697 22 27 0.020526765 
950 657 21 26 0.020491987 
975 309 17 20 0.020466018 
229 349 28 35 0.020457182 
654 239 79 93 0.020370446 
968 721 27 31 0.020351242 
190 334 86 99 0.020335373 
570 109 15 18 0.02030993 
80 279 19 23 0.02024358 
414 106 16 19 0.020185718 
362 82 16 19 0.020171352 
338 75 16 20 0.020096399 
876 453 27 37 0.020077754 
129 153 16 20 0.020046836 
464 53 15 19 0.020041773 
771 288 17 21 0.020025564 
304 720 27 28 0.020011956 
