10_People_Marching_People_Marching_2_430
88
631 201 44 55 0.94993556 
282 122 40 49 0.691184 
416 169 28 36 0.6781045 
772 197 49 54 0.5809938 
164 152 36 45 0.49655196 
260 174 28 35 0.2687158 
213 150 28 36 0.26593322 
56 141 31 41 0.17081262 
921 201 72 100 0.13244131 
536 169 44 51 0.10681701 
51 119 45 56 0.09846144 
392 404 37 46 0.09693004 
941 169 59 77 0.09027679 
80 171 31 36 0.08551031 
886 158 58 77 0.07855641 
93 178 27 33 0.07246537 
365 172 25 31 0.07011792 
729 130 41 58 0.0663226 
255 196 36 44 0.06627002 
915 236 44 59 0.060982693 
681 225 31 39 0.060689498 
379 174 23 31 0.05936302 
301 173 35 45 0.053403314 
29 57 173 171 0.04869742 
824 272 72 100 0.046159245 
302 193 26 33 0.045007456 
273 172 27 35 0.044492304 
68 129 29 33 0.043674953 
298 138 27 36 0.04312483 
221 273 35 48 0.042898037 
276 202 27 35 0.042254914 
260 125 26 35 0.038908213 
74 181 43 49 0.038891703 
335 192 33 42 0.038723182 
335 150 23 30 0.038242694 
766 214 37 42 0.03774094 
280 104 28 35 0.03772901 
250 162 47 57 0.037724033 
335 181 22 28 0.036492296 
261 101 25 33 0.03586807 
333 344 24 32 0.03500501 
754 232 42 50 0.034968626 
258 148 27 36 0.033996183 
797 190 44 51 0.03262933 
708 130 47 63 0.0322114 
863 154 111 138 0.032187995 
230 125 26 31 0.03165649 
96 147 24 31 0.031625547 
677 122 64 86 0.030852597 
805 240 71 92 0.030360293 
844 222 104 143 0.029761817 
362 157 24 31 0.029422792 
841 317 30 39 0.029401092 
741 128 27 37 0.029262349 
204 160 35 44 0.028889317 
380 196 33 42 0.02871282 
253 216 32 39 0.028445724 
6 283 57 112 0.028034525 
63 150 55 62 0.027439574 
427 157 26 34 0.026155157 
743 217 42 52 0.025894027 
787 201 65 75 0.025736155 
1 164 36 54 0.025507536 
451 219 39 49 0.02535045 
675 240 39 50 0.02494669 
266 211 39 48 0.02490778 
656 126 55 76 0.02485551 
850 196 68 85 0.024427805 
375 212 35 43 0.024328955 
783 264 63 78 0.023943473 
452 41 49 56 0.023756545 
941 226 35 45 0.023609186 
903 246 37 50 0.023495598 
888 89 93 118 0.02340771 
909 129 109 146 0.023321686 
886 187 64 88 0.023069363 
176 129 28 34 0.022506181 
-57 507 355 369 0.02237075 
38 89 99 105 0.022287836 
-208 277 709 748 0.022279324 
316 333 54 71 0.02141158 
223 92 42 49 0.021099836 
728 157 46 61 0.020919574 
404 150 45 57 0.020827856 
764 177 44 57 0.020797662 
777 167 103 126 0.020689284 
820 281 23 31 0.020629277 
717 215 39 49 0.02029998 
