10_People_Marching_People_Marching_10_People_Marching_People_Marching_10_368
30
184 94 67 86 0.99990964 
728 115 60 74 0.9997383 
599 138 61 75 0.99970204 
333 148 60 81 0.9996455 
858 179 65 73 0.9991365 
43 103 64 79 0.99903464 
450 190 58 71 0.9938066 
522 223 49 61 0.9479728 
395 152 46 56 0.4118303 
267 190 47 56 0.32589093 
361 140 55 74 0.105553895 
938 219 29 38 0.09163454 
665 182 45 54 0.09027011 
-6 175 42 65 0.0661407 
290 462 22 27 0.05708736 
3 447 25 41 0.044859987 
547 221 47 57 0.044368904 
2 476 22 33 0.035325963 
-3 457 40 60 0.034928296 
124 455 44 58 0.032358125 
896 202 57 68 0.026653262 
-143 425 525 553 0.025458856 
17 467 42 60 0.02443468 
114 389 35 53 0.023817938 
829 488 22 29 0.022804882 
131 459 28 35 0.022668496 
519 512 23 30 0.022337632 
0 419 56 91 0.021232508 
404 460 18 22 0.021151276 
1 430 24 44 0.020072538 
