10_People_Marching_People_Marching_2_27
284
704 202 31 38 0.570065 
207 65 27 33 0.4808902 
919 273 36 47 0.46874577 
935 277 34 42 0.414958 
340 120 28 36 0.28163618 
210 203 20 24 0.26901522 
263 197 21 27 0.23215756 
537 197 27 34 0.22567874 
483 199 25 32 0.22390562 
843 228 26 34 0.21731174 
124 202 21 26 0.2077012 
796 229 23 29 0.19647521 
364 182 26 34 0.19327575 
915 207 22 27 0.1812488 
862 208 26 31 0.18028833 
307 180 26 34 0.17896667 
29 202 23 30 0.17118946 
648 200 21 27 0.17066732 
434 184 26 36 0.14918962 
155 200 22 27 0.13509513 
917 224 25 33 0.13150187 
753 233 23 28 0.12749878 
827 234 22 29 0.12118298 
42 208 25 31 0.11861167 
648 185 21 27 0.11760734 
616 204 20 24 0.1141505 
923 45 26 32 0.11277853 
813 317 44 49 0.1095033 
463 132 20 25 0.10798417 
863 221 25 32 0.10760559 
537 186 24 29 0.105270974 
584 182 22 27 0.104920566 
356 74 22 27 0.10379727 
465 149 21 26 0.100252494 
157 184 22 27 0.08922869 
565 200 25 33 0.08544015 
917 252 27 35 0.08429242 
327 183 23 32 0.07807402 
613 180 20 25 0.07387811 
571 184 22 28 0.071728446 
660 183 20 26 0.06734521 
906 202 23 28 0.06700694 
793 250 23 30 0.06581438 
487 186 21 26 0.064259954 
613 159 19 24 0.062216565 
515 200 22 30 0.061021935 
982 202 19 27 0.060396574 
765 247 23 30 0.060350217 
815 95 23 30 0.05974357 
459 329 29 38 0.059717845 
799 98 21 27 0.05889954 
904 269 33 44 0.058827147 
464 75 20 25 0.05607433 
583 199 24 30 0.055850506 
515 187 19 26 0.055745695 
660 205 22 28 0.05522178 
330 110 46 60 0.05463382 
696 183 23 30 0.05456565 
22 188 20 25 0.05448533 
207 188 18 22 0.05362468 
345 135 36 47 0.053321026 
7 198 22 29 0.053263213 
941 463 27 34 0.053188242 
292 169 46 56 0.052347917 
56 181 21 25 0.05226169 
822 244 24 32 0.05152956 
922 179 21 25 0.05117518 
841 242 26 33 0.050748233 
295 215 40 49 0.049978603 
115 207 19 23 0.049485236 
338 107 26 33 0.048398994 
820 147 21 29 0.04747969 
794 212 21 26 0.047439326 
894 182 20 25 0.047372174 
485 159 19 24 0.047350813 
768 206 21 26 0.04721659 
562 130 20 25 0.04707337 
711 184 25 31 0.046502538 
745 238 34 44 0.04516574 
352 103 26 32 0.04515046 
278 197 23 30 0.04501479 
816 307 33 39 0.0448974 
615 223 23 29 0.044290755 
225 205 18 23 0.043533873 
339 143 25 33 0.043421455 
129 155 17 22 0.04336566 
350 165 45 60 0.04310889 
966 266 34 48 0.04290701 
951 179 20 26 0.042538054 
465 103 19 24 0.041764535 
145 284 24 30 0.041541256 
154 225 22 27 0.041468833 
540 125 21 25 0.040614557 
602 268 43 52 0.040483356 
177 197 20 27 0.040388294 
381 151 22 28 0.040375598 
940 47 23 28 0.04008362 
611 4 20 23 0.039565522 
693 104 22 28 0.039378006 
286 183 22 28 0.039089195 
462 189 36 46 0.039078336 
418 187 35 44 0.038816184 
687 264 36 48 0.037989903 
903 215 51 65 0.037918996 
531 187 51 59 0.037676845 
132 186 19 23 0.037515428 
817 129 22 28 0.037316833 
585 98 20 25 0.03689063 
904 257 23 29 0.036754522 
302 156 23 30 0.036656894 
595 154 20 24 0.03649635 
76 305 66 93 0.036400627 
554 207 41 50 0.03630559 
176 185 20 25 0.036300838 
568 148 20 25 0.035762407 
836 217 42 54 0.035366204 
315 166 48 61 0.03532386 
100 105 18 24 0.0351726 
926 29 25 28 0.034900144 
877 176 22 27 0.03459711 
412 156 22 26 0.034569852 
804 589 43 47 0.034399267 
943 259 26 33 0.034373738 
357 54 20 25 0.034325432 
18 189 44 55 0.03428948 
592 274 29 35 0.033933803 
992 204 18 26 0.033778615 
452 267 62 74 0.03329278 
905 225 23 30 0.033284143 
845 174 22 29 0.03297649 
919 71 23 30 0.032946985 
819 81 21 27 0.032368477 
78 284 23 28 0.032253254 
571 98 21 25 0.032141063 
738 268 39 50 0.03203609 
434 154 20 26 0.0316573 
967 401 28 32 0.031403944 
202 180 30 38 0.031328417 
653 191 46 56 0.031185957 
903 49 22 28 0.031143228 
486 126 18 23 0.03112454 
8 186 21 26 0.030926155 
106 154 17 21 0.030838763 
694 211 33 41 0.030708142 
805 332 45 54 0.030416196 
14 29 136 175 0.030210743 
980 256 23 32 0.030140497 
849 208 46 55 0.030139549 
288 153 22 29 0.029937072 
656 250 37 47 0.029652078 
896 399 37 49 0.029637028 
667 307 25 32 0.029620383 
630 246 41 52 0.02956237 
513 157 19 23 0.029508578 
31 217 24 30 0.02941341 
924 2 23 24 0.02925833 
918 97 23 32 0.029243644 
130 224 21 27 0.029236458 
617 127 18 23 0.028914725 
129 292 38 51 0.028748672 
50 97 19 29 0.028605295 
803 123 20 26 0.028548999 
864 18 28 33 0.028510513 
152 161 19 23 0.028482651 
156 255 24 29 0.028424338 
563 169 49 61 0.028227227 
797 178 20 27 0.028029531 
508 187 48 61 0.027970353 
764 263 36 48 0.02782169 
543 76 19 25 0.027693667 
904 405 22 30 0.027579218 
208 125 20 26 0.02748785 
79 184 18 21 0.027408617 
785 267 34 45 0.027356852 
646 222 25 30 0.027306996 
145 298 25 31 0.02728208 
282 221 37 45 0.027229432 
231 184 18 22 0.027190141 
671 190 64 74 0.027118832 
793 319 40 49 0.026690012 
794 343 40 52 0.02655105 
541 103 20 25 0.026427353 
196 54 45 55 0.026233329 
614 254 26 31 0.026206592 
946 228 20 27 0.026130743 
589 301 28 35 0.02612896 
825 211 20 26 0.026040781 
917 439 55 71 0.026013272 
441 129 19 24 0.026002917 
70 282 39 48 0.02592634 
386 265 54 58 0.02589893 
80 206 20 25 0.025858982 
718 151 21 28 0.02584552 
826 304 43 52 0.025840867 
453 246 42 52 0.02578079 
478 204 39 50 0.025445014 
57 156 18 22 0.025282394 
87 102 17 26 0.025191883 
569 80 21 26 0.025013976 
663 322 27 35 0.024980789 
27 153 17 22 0.024914684 
659 222 24 30 0.024872022 
618 50 19 23 0.024818972 
400 216 44 54 0.024540935 
130 133 17 21 0.024526607 
919 410 22 30 0.024523208 
970 303 23 32 0.024423555 
899 242 50 66 0.024161816 
540 155 20 25 0.024114668 
769 103 20 26 0.024113936 
912 255 61 73 0.02405618 
635 276 29 36 0.024014216 
875 407 62 82 0.023856094 
581 214 37 45 0.023824869 
974 185 18 25 0.023721933 
359 26 21 25 0.023717975 
751 221 43 55 0.023551585 
636 170 48 61 0.023515638 
947 72 20 25 0.023456478 
671 156 19 23 0.023316234 
99 344 30 41 0.02326772 
78 224 21 26 0.023223162 
627 475 79 78 0.023043321 
640 157 19 23 0.023013407 
106 182 16 20 0.022934677 
866 2 28 31 0.022855885 
542 188 70 81 0.022838177 
247 183 48 58 0.022784559 
603 187 53 62 0.022737244 
452 180 68 81 0.02273697 
156 83 18 23 0.022735147 
518 128 19 24 0.022674328 
187 36 73 88 0.02255059 
453 337 40 56 0.022547226 
412 129 18 22 0.022544185 
566 24 20 22 0.02253211 
770 183 21 27 0.022509845 
561 4 22 23 0.022486947 
673 58 19 24 0.022362083 
784 218 46 57 0.022332225 
231 156 19 24 0.022309324 
313 25 21 26 0.0223074 
414 183 24 30 0.022283629 
54 77 20 28 0.022204386 
587 48 19 23 0.02192562 
822 173 21 27 0.0218941 
592 127 19 23 0.021860957 
568 303 24 33 0.021812486 
543 55 20 24 0.021782639 
637 305 24 31 0.021776224 
900 94 26 36 0.02174952 
854 386 65 84 0.021748887 
343 74 21 26 0.021717813 
579 274 60 73 0.02168134 
616 278 58 70 0.021657437 
554 239 43 54 0.021624774 
665 272 27 35 0.021615887 
383 130 21 27 0.021550465 
175 280 26 32 0.021543467 
871 251 22 29 0.02146061 
994 48 18 23 0.021387123 
279 3 21 25 0.021366375 
597 1 19 21 0.021354819 
440 325 27 37 0.021092195 
445 298 61 78 0.021058457 
542 24 20 22 0.021039285 
480 296 33 40 0.021026991 
81 270 65 79 0.020994747 
85 131 18 25 0.020961799 
693 157 20 26 0.020900652 
813 231 47 58 0.020882042 
191 167 51 65 0.020835783 
138 140 74 89 0.020807542 
630 207 51 59 0.020626491 
455 174 35 46 0.020530142 
869 75 22 28 0.020363668 
221 73 23 29 0.0203259 
747 125 21 27 0.020231908 
714 125 20 27 0.020158593 
887 343 39 50 0.0201258 
152 100 18 23 0.020117758 
564 267 40 51 0.020071952 
562 145 33 42 0.020041607 
455 210 40 51 0.020008871 
