10_People_Marching_People_Marching_2_898
304
516 710 46 57 0.6481126 
690 604 36 45 0.489258 
664 803 111 140 0.42462507 
371 880 29 36 0.41218063 
275 811 32 44 0.33376572 
379 682 26 34 0.2867532 
325 906 30 39 0.27248603 
382 764 27 34 0.2520457 
415 756 28 35 0.25200605 
632 747 28 37 0.18833297 
354 890 28 35 0.18613237 
279 991 50 55 0.17826489 
455 941 47 55 0.17134362 
433 840 34 43 0.16043918 
324 697 26 33 0.15228748 
437 788 29 36 0.14757988 
662 871 56 68 0.14661282 
862 918 104 113 0.14307787 
610 699 29 37 0.13702627 
232 752 24 31 0.12997009 
259 811 34 45 0.12927265 
794 653 31 38 0.1290592 
691 816 62 79 0.12709157 
419 824 29 38 0.12505928 
521 906 52 58 0.1106434 
433 869 44 56 0.10590633 
625 732 30 40 0.10187346 
323 889 28 37 0.1002765 
418 786 27 35 0.097663954 
280 655 25 31 0.08906568 
670 630 31 40 0.088450655 
256 794 55 74 0.08144516 
386 780 26 34 0.08023735 
322 722 26 33 0.08012312 
413 731 25 31 0.07557986 
338 907 27 36 0.07524708 
233 738 24 30 0.07304052 
539 636 28 35 0.07236312 
196 820 27 36 0.07213008 
261 879 27 34 0.071580775 
887 659 30 37 0.0710251 
699 818 37 47 0.07094258 
378 857 27 33 0.070818715 
353 758 26 32 0.07050237 
540 652 33 40 0.070295244 
594 630 24 32 0.06988916 
580 633 26 33 0.068002544 
609 720 29 37 0.067790575 
466 959 43 53 0.06727495 
668 650 32 41 0.06701466 
865 571 25 32 0.06425944 
642 635 25 33 0.06379278 
627 997 40 48 0.062405773 
637 594 26 36 0.06136865 
260 792 33 42 0.06120995 
574 825 28 35 0.061038774 
419 881 28 37 0.059828747 
814 815 68 84 0.059774294 
534 930 44 53 0.059402112 
594 789 28 36 0.057037428 
671 599 34 45 0.056569025 
476 792 28 37 0.05585163 
227 674 24 31 0.055360604 
317 857 26 33 0.05471754 
609 917 33 42 0.05365835 
604 818 28 35 0.053041577 
637 785 28 35 0.052861728 
701 979 35 41 0.0524864 
345 691 24 33 0.051803894 
620 911 46 56 0.05164438 
883 588 27 34 0.051305152 
479 883 32 39 0.050492365 
421 829 55 69 0.050323807 
566 757 29 37 0.049992096 
608 879 29 37 0.04982005 
566 660 28 35 0.049677104 
379 725 25 31 0.049194694 
245 732 24 28 0.048317187 
565 723 27 36 0.048302326 
623 818 29 36 0.047925238 
198 883 25 31 0.04651626 
250 755 28 34 0.046515666 
248 850 28 36 0.04649325 
445 629 22 29 0.046328656 
866 544 24 30 0.046137266 
440 693 27 35 0.04580118 
151 821 28 36 0.045719363 
248 690 23 28 0.045403354 
607 746 39 50 0.045075998 
525 726 49 60 0.04505307 
512 907 36 46 0.044661477 
699 793 33 40 0.043273374 
603 929 46 53 0.043256853 
719 708 43 57 0.04305501 
886 640 29 34 0.04288812 
721 833 89 104 0.0428518 
821 637 28 35 0.04252666 
848 735 26 32 0.042496573 
501 888 32 39 0.042295698 
386 823 28 36 0.041700922 
226 824 26 36 0.041611016 
476 1033 48 55 0.04137403 
504 595 26 34 0.041261684 
502 785 29 37 0.040620543 
452 604 22 28 0.040404856 
571 848 30 36 0.04029185 
664 682 46 60 0.04005104 
817 655 28 34 0.03982599 
578 783 29 36 0.039583966 
693 787 52 67 0.03917734 
198 796 24 31 0.03913529 
859 658 26 33 0.039118312 
849 758 26 33 0.039042227 
922 397 423 477 0.038963918 
321 755 26 34 0.03887057 
823 749 28 35 0.038864225 
532 850 32 39 0.038737264 
345 788 25 33 0.038629856 
819 597 26 33 0.038375586 
687 715 47 58 0.038306862 
355 867 54 68 0.03791952 
515 697 35 46 0.037660282 
417 695 23 30 0.03731774 
784 639 62 74 0.037210897 
917 910 432 455 0.037195366 
827 733 29 36 0.03719295 
418 639 20 24 0.037172172 
680 642 45 57 0.037052553 
481 665 27 35 0.037002403 
605 603 25 33 0.036888644 
542 603 28 35 0.03674286 
281 882 26 33 0.036654055 
377 635 21 27 0.03659279 
863 589 27 35 0.036362592 
855 780 33 40 0.03616681 
223 790 25 33 0.036078636 
624 695 29 39 0.036036544 
540 821 30 37 0.03603099 
926 146 422 477 0.0359647 
459 909 51 60 0.0357991 
508 846 29 36 0.03578837 
231 850 26 33 0.035756 
762 956 48 56 0.035591733 
790 680 33 42 0.035241507 
663 722 34 43 0.035233893 
434 765 27 33 0.03513201 
603 666 26 33 0.034976624 
733 561 26 32 0.03486795 
913 666 30 37 0.034849845 
132 693 23 29 0.034832124 
766 822 83 99 0.034666635 
618 732 57 73 0.034652255 
653 843 145 173 0.033796746 
547 1010 52 61 0.033637073 
288 846 30 38 0.03344536 
798 595 27 33 0.03343147 
477 630 23 31 0.033264283 
322 665 22 28 0.03314595 
669 588 60 72 0.03290056 
798 570 26 32 0.032741793 
631 587 44 60 0.032711934 
860 565 41 52 0.032601573 
447 908 35 43 0.03259202 
639 572 28 38 0.032564197 
361 635 21 28 0.03250643 
476 601 24 31 0.032421365 
762 661 29 37 0.03240542 
912 689 28 34 0.032386772 
505 821 30 38 0.032325994 
216 881 26 33 0.032267805 
784 790 31 40 0.03219055 
346 818 25 32 0.03212694 
695 740 150 186 0.032085814 
529 884 36 41 0.03187087 
808 -209 650 702 0.0318286 
349 725 25 31 0.031751942 
695 177 799 921 0.03162552 
322 788 25 32 0.031619944 
636 660 27 35 0.031616118 
861 815 50 64 0.031541184 
719 739 48 61 0.031132318 
355 668 23 30 0.030504227 
509 837 162 166 0.030477064 
273 1024 56 67 0.030403432 
824 572 24 30 0.030307416 
539 920 68 78 0.030057756 
375 936 36 46 0.030025154 
506 734 49 60 0.029859481 
264 642 21 27 0.029815461 
920 651 419 471 0.029805942 
799 501 29 39 0.029517077 
656 741 43 53 0.029512612 
766 793 32 40 0.029212877 
405 810 56 73 0.028874148 
419 773 55 69 0.02886409 
879 635 48 58 0.028846769 
571 606 26 33 0.028567273 
534 598 47 59 0.028557012 
726 627 32 40 0.028537987 
761 688 28 37 0.028361473 
746 772 69 89 0.02827298 
473 815 31 39 0.028085444 
511 662 28 36 0.027953891 
620 743 134 161 0.02788603 
527 619 65 80 0.027876323 
717 788 34 41 0.027815938 
844 840 96 109 0.027715413 
138 817 28 36 0.027684133 
854 695 26 32 0.027666321 
452 867 159 176 0.027541455 
608 856 28 35 0.027314331 
503 924 50 61 0.027294086 
582 864 159 170 0.027278222 
446 964 40 49 0.027192269 
354 855 25 33 0.027102992 
610 967 64 72 0.026489263 
687 657 857 908 0.026405038 
683 686 47 60 0.026164072 
319 824 24 32 0.025988156 
784 821 138 155 0.025987554 
758 812 36 43 0.025893258 
571 694 27 36 0.025876906 
893 690 29 35 0.025761217 
380 607 20 25 0.025677267 
759 742 140 168 0.025641944 
233 819 63 80 0.025613243 
212 901 44 54 0.025175033 
606 999 49 59 0.025082115 
817 790 35 44 0.024729116 
802 735 72 89 0.024546105 
833 708 131 174 0.024454707 
236 858 61 76 0.024229432 
817 502 29 39 0.024183473 
555 616 61 77 0.024073737 
411 597 21 25 0.023969196 
679 726 73 88 0.023958132 
822 688 29 36 0.023893133 
913 574 24 31 0.023883648 
626 606 65 84 0.023830928 
198 849 25 33 0.023722654 
724 646 43 54 0.023672495 
854 639 25 33 0.023588594 
657 708 61 75 0.023512438 
561 808 57 71 0.023449391 
184 915 26 34 0.023420457 
923 771 43 62 0.023389345 
467 1002 51 61 0.023363385 
149 754 24 30 0.023338675 
219 781 41 57 0.023324892 
285 757 26 32 0.023312613 
316 880 56 73 0.02311956 
596 710 59 77 0.022992233 
694 746 34 43 0.02296686 
154 732 23 27 0.022937367 
530 956 56 64 0.022887815 
697 573 29 35 0.02279912 
252 909 28 37 0.02277909 
260 663 23 29 0.022775218 
623 852 31 38 0.02273472 
318 940 33 41 0.022730878 
829 842 68 85 0.02270541 
291 691 24 31 0.022616928 
506 569 31 40 0.022567043 
556 808 95 110 0.022522852 
600 569 26 35 0.02245275 
924 722 29 36 0.022442099 
459 868 63 77 0.02237247 
512 633 25 32 0.022367442 
699 585 64 77 0.02234823 
407 575 27 34 0.022337424 
880 541 23 29 0.02226826 
636 531 26 33 0.022257611 
625 884 32 39 0.021925317 
193 728 22 27 0.021680782 
167 920 27 32 0.021662481 
575 571 27 34 0.021578263 
625 680 84 96 0.021550018 
322 639 21 27 0.02153718 
674 680 90 108 0.021532748 
471 570 26 35 0.021521272 
732 543 28 36 0.021474134 
490 715 85 99 0.021406652 
801 778 75 94 0.021316862 
670 606 78 89 0.021304907 
399 1038 30 38 0.021233559 
395 745 53 67 0.020983793 
757 866 44 54 0.020954564 
360 606 20 25 0.020903315 
786 807 53 72 0.02088015 
889 677 46 55 0.020834416 
465 844 43 55 0.02076813 
236 729 39 48 0.02065728 
617 763 63 80 0.020612512 
915 637 28 34 0.020551765 
607 802 64 80 0.020541955 
447 722 26 33 0.02052892 
292 977 51 56 0.020518983 
723 602 27 35 0.020505369 
413 669 22 28 0.020479636 
841 779 52 64 0.020447984 
771 655 135 162 0.020385914 
479 692 28 38 0.020237619 
757 540 25 34 0.020223958 
559 941 36 44 0.020051362 
