10_People_Marching_People_Marching_10_People_Marching_People_Marching_10_447
674
777 715 33 42 0.4481135 
692 771 33 40 0.38901708 
910 644 36 45 0.31093082 
588 735 30 38 0.2977997 
425 429 25 31 0.272778 
568 761 32 42 0.24723624 
840 996 46 55 0.23954286 
746 650 28 36 0.23445825 
395 346 26 31 0.23391248 
618 736 31 39 0.23332424 
497 799 31 37 0.22094837 
165 847 30 37 0.21650578 
538 929 32 41 0.20945758 
748 613 24 31 0.19898129 
693 651 26 34 0.18714356 
961 589 34 42 0.18300423 
767 649 27 34 0.18072309 
402 926 30 36 0.1779072 
651 694 29 37 0.16285016 
651 658 28 35 0.15594919 
318 762 27 36 0.14736718 
459 120 23 30 0.13855173 
281 393 24 29 0.13567106 
262 121 25 31 0.13358687 
134 76 27 34 0.1301847 
127 151 27 33 0.1288636 
480 307 23 26 0.12558898 
347 849 29 37 0.124951765 
5 311 30 41 0.1248385 
800 723 32 41 0.12476989 
745 592 28 35 0.122402854 
34 377 30 39 0.120698765 
284 308 21 27 0.12047587 
535 705 25 30 0.12000061 
320 388 24 30 0.119287595 
826 345 24 29 0.11791709 
666 322 23 28 0.117123336 
850 653 26 35 0.11624326 
754 990 43 51 0.11594498 
899 623 29 37 0.1157084 
171 656 27 32 0.11529218 
339 354 24 29 0.114863425 
281 418 23 27 0.11410103 
626 697 27 35 0.11409267 
762 589 27 34 0.11229984 
237 464 25 30 0.11175684 
148 694 27 34 0.11126596 
840 578 28 35 0.11089482 
397 850 27 36 0.10753251 
558 775 28 35 0.10698939 
232 348 24 28 0.10578965 
338 761 32 40 0.10435915 
729 883 32 39 0.1036198 
586 703 26 32 0.10342883 
646 724 29 36 0.10317103 
534 727 26 32 0.101742454 
275 498 25 30 0.10147604 
237 314 23 27 0.101087585 
708 357 22 27 0.10073802 
764 614 25 31 0.09912706 
749 309 24 28 0.09898992 
778 425 25 30 0.09533712 
392 876 27 32 0.09506163 
772 390 24 28 0.095054835 
610 149 24 28 0.094186805 
886 721 29 37 0.09341799 
283 268 22 28 0.09332321 
851 468 28 33 0.09304919 
624 382 23 28 0.092699125 
397 625 25 30 0.092378825 
276 472 22 27 0.09219345 
122 188 26 32 0.09131439 
230 428 23 28 0.090452805 
469 491 27 33 0.089660004 
804 650 26 32 0.089613505 
620 434 24 29 0.089429304 
185 656 25 32 0.08848072 
195 466 24 29 0.08755188 
461 356 22 27 0.08746648 
700 730 28 35 0.08741393 
244 806 27 34 0.08671418 
320 742 27 34 0.08616552 
311 314 22 27 0.08582332 
661 340 22 27 0.085743174 
633 662 25 32 0.08542277 
8 543 38 49 0.08480172 
498 781 31 38 0.08373155 
326 540 25 30 0.08353848 
593 152 24 27 0.08246532 
271 579 25 30 0.08199683 
519 243 22 27 0.08147029 
86 114 25 31 0.08086275 
700 695 25 34 0.080820374 
540 349 23 27 0.08073218 
744 985 36 46 0.08069272 
337 740 31 36 0.08051217 
236 227 24 30 0.08009993 
697 620 24 31 0.08004214 
326 464 22 25 0.07896344 
658 389 23 27 0.07805182 
400 651 24 31 0.07770047 
840 358 25 31 0.0775373 
588 607 25 30 0.07648594 
733 168 25 30 0.07530132 
46 189 24 29 0.07512658 
402 460 24 30 0.07470013 
123 126 26 34 0.07448417 
553 156 23 29 0.07432225 
496 308 22 28 0.074217446 
342 468 22 27 0.0741581 
124 314 25 31 0.07406323 
342 381 23 29 0.07373996 
822 580 29 34 0.07370629 
747 1025 550 613 0.07247226 
916 619 35 43 0.07237789 
40 841 34 45 0.07206911 
839 244 26 31 0.0720527 
932 583 31 38 0.07155963 
463 225 21 26 0.07095325 
467 478 25 31 0.07088448 
125 467 24 29 0.07083428 
286 244 23 29 0.070565976 
817 620 26 31 0.0705606 
766 311 23 28 0.07019018 
627 354 22 27 0.06972543 
580 341 22 27 0.06968865 
167 466 23 27 0.0694513 
310 422 23 28 0.069097914 
825 239 23 28 0.06877938 
130 689 27 32 0.06821848 
518 703 25 31 0.06812031 
965 282 28 36 0.067858554 
610 847 35 44 0.06757973 
428 348 24 29 0.067565635 
319 189 24 29 0.06753944 
591 590 27 34 0.067539126 
427 395 22 27 0.06736014 
234 393 23 27 0.06734652 
587 931 28 36 0.066585585 
398 319 24 28 0.06616173 
469 383 22 25 0.06615339 
309 614 25 30 0.0658969 
724 535 27 33 0.065613225 
235 616 24 29 0.065593146 
509 890 27 34 0.065589346 
346 878 27 34 0.06515275 
320 504 25 31 0.06514413 
313 854 29 38 0.06470783 
71 459 25 30 0.06458224 
708 532 28 35 0.06456848 
664 582 26 32 0.06451461 
802 707 30 37 0.063949496 
700 234 23 28 0.06384621 
205 426 23 29 0.06376523 
614 609 25 30 0.0636931 
322 581 25 30 0.06368456 
549 650 23 30 0.0635686 
776 265 22 27 0.063453555 
848 47 28 32 0.06339267 
272 357 22 28 0.063314885 
112 504 24 29 0.06265143 
727 355 23 29 0.06239536 
855 380 24 28 0.062379982 
627 122 25 29 0.0623 
354 696 23 28 0.06209776 
740 392 23 29 0.06196818 
608 933 31 39 0.060901877 
349 812 29 36 0.06051079 
555 278 23 27 0.060343668 
658 621 25 31 0.06025506 
162 425 23 28 0.05996965 
191 39 26 29 0.05956846 
190 115 26 32 0.059554525 
195 311 23 29 0.059410606 
277 543 24 29 0.05927045 
696 588 26 33 0.059157472 
399 382 24 28 0.059048045 
554 128 22 28 0.058888916 
322 161 24 29 0.058712896 
608 592 26 33 0.058689028 
589 424 22 26 0.058632106 
589 393 23 27 0.058623295 
847 621 27 34 0.05839963 
6 237 26 34 0.058125805 
698 382 22 27 0.0578026 
243 203 25 31 0.057775415 
340 273 23 28 0.0576605 
847 800 36 45 0.057484932 
779 242 23 29 0.057239138 
165 613 25 33 0.057057288 
519 354 21 27 0.057052452 
342 551 24 29 0.05696692 
512 185 22 28 0.05692318 
553 315 22 26 0.056918193 
420 456 24 30 0.056892216 
79 194 26 31 0.056637406 
196 234 25 31 0.05659342 
341 316 24 29 0.05658073 
401 432 25 30 0.056558985 
512 389 22 27 0.056440443 
616 454 25 30 0.056404788 
891 701 28 35 0.055933725 
815 321 24 29 0.055834953 
726 846 32 39 0.055766903 
300 37 29 34 0.0556424 
395 549 25 30 0.05550536 
813 423 23 29 0.05541097 
280 647 25 31 0.05531882 
182 843 29 37 0.055104636 
578 657 23 29 0.055060808 
732 806 33 42 0.055012252 
83 510 26 30 0.05495911 
737 418 23 28 0.05485014 
511 277 22 27 0.05482115 
190 589 27 32 0.05468236 
658 69 22 27 0.05464951 
893 415 24 29 0.054641303 
342 576 24 28 0.054499697 
399 815 27 34 0.054422062 
627 321 21 27 0.054284085 
245 501 24 29 0.05415072 
468 206 22 27 0.05384785 
576 323 23 28 0.053719867 
200 540 24 29 0.053535618 
609 873 33 41 0.05346459 
469 284 22 26 0.05324891 
322 119 23 27 0.053134434 
312 701 24 30 0.053126473 
582 640 743 877 0.05310967 
41 657 28 32 0.053053126 
187 889 29 37 0.052597374 
962 882 35 46 0.052549493 
56 466 24 29 0.052415565 
651 120 23 28 0.052374206 
8 464 27 35 0.052234445 
238 539 23 29 0.052065574 
847 260 26 31 0.051959388 
775 359 23 29 0.05179214 
613 753 31 40 0.05158116 
345 500 23 28 0.051531136 
324 272 23 26 0.05139012 
128 429 22 26 0.05130483 
239 589 24 29 0.051193226 
37 165 23 29 0.05117518 
959 649 29 38 0.051103152 
75 436 24 30 0.05108482 
205 81 25 31 0.05089819 
810 200 23 29 0.050768655 
970 693 26 34 0.05072917 
912 868 36 46 0.05057149 
75 267 25 29 0.050500765 
401 692 24 29 0.050450686 
859 693 25 33 0.049702454 
441 122 24 29 0.049687564 
539 421 24 29 0.04929182 
703 164 24 28 0.049010836 
499 91 24 29 0.048980307 
591 878 29 36 0.048978366 
696 267 23 28 0.04876353 
56 33 26 33 0.048618637 
702 430 22 27 0.048508897 
198 499 23 28 0.048467506 
283 48 27 30 0.048465528 
920 720 29 37 0.048335932 
146 81 27 34 0.048288144 
422 841 30 37 0.04809977 
210 397 23 29 0.048088573 
757 967 39 47 0.048034836 
922 540 29 35 0.047846694 
240 276 22 27 0.047764625 
277 191 22 27 0.047636263 
270 156 23 28 0.047432516 
917 850 39 50 0.047420707 
895 240 25 29 0.047411926 
32 546 30 38 0.04735861 
891 263 24 29 0.047347803 
786 199 23 28 0.04731243 
888 397 24 29 0.047286067 
632 279 21 26 0.047234036 
893 924 32 41 0.04722083 
844 958 34 43 0.04719179 
662 199 23 26 0.0471713 
891 581 26 33 0.047138415 
310 234 23 28 0.046972945 
394 584 25 30 0.046930574 
694 796 34 43 0.046827715 
282 621 26 30 0.046694253 
612 953 31 39 0.04654697 
122 393 23 29 0.046493214 
469 425 22 27 0.046402972 
699 116 24 29 0.04627496 
612 532 25 32 0.046133112 
500 107 23 28 0.04609885 
941 304 26 34 0.046064407 
396 234 24 29 0.045937173 
274 70 26 30 0.045936283 
731 183 23 28 0.045824032 
742 613 42 58 0.045750324 
499 169 24 28 0.045616567 
730 511 24 29 0.045414925 
402 88 23 28 0.045306828 
592 850 31 39 0.04514753 
354 429 23 27 0.04510907 
155 397 24 30 0.045072105 
162 876 30 37 0.044978436 
585 120 24 29 0.04495902 
854 767 33 41 0.044932604 
239 649 25 31 0.04478179 
195 610 27 32 0.044772215 
734 970 74 88 0.04464919 
698 460 22 26 0.044572063 
73 236 25 31 0.044548087 
311 651 24 29 0.044445366 
355 661 22 27 0.044373427 
542 396 23 28 0.044293977 
168 589 25 31 0.04418876 
429 158 22 28 0.044160128 
582 471 24 30 0.044010762 
388 126 22 28 0.04395713 
347 126 24 29 0.043854885 
581 954 30 39 0.043849587 
974 726 29 39 0.043833934 
574 278 22 27 0.04381192 
585 503 26 33 0.043762863 
749 115 24 27 0.043642025 
120 847 25 32 0.04347695 
169 503 22 26 0.04346759 
853 731 30 39 0.043352913 
972 232 25 33 0.04333577 
804 511 25 32 0.043311823 
810 534 26 32 0.04326917 
546 492 27 33 0.043234933 
424 693 23 29 0.043217506 
819 395 22 27 0.043209642 
397 733 24 30 0.042701915 
768 11 25 28 0.04264245 
696 853 30 38 0.042635016 
87 882 31 39 0.042608574 
418 655 25 32 0.042505424 
250 120 26 32 0.042498477 
895 877 35 43 0.042299207 
39 355 27 36 0.042149212 
696 84 22 26 0.04205869 
656 545 26 32 0.042054866 
348 242 23 28 0.04203173 
784 509 23 29 0.04201553 
44 237 24 31 0.041960854 
970 390 26 32 0.041911658 
575 795 30 37 0.04190281 
732 919 31 40 0.041558705 
539 185 24 28 0.04145873 
956 293 26 35 0.04112988 
881 770 31 38 0.041114837 
738 723 27 35 0.041031957 
542 474 27 32 0.041005936 
881 313 26 30 0.040949795 
666 156 23 29 0.04080055 
692 317 21 26 0.040792126 
766 112 23 28 0.040645584 
46 110 23 28 0.040643916 
821 267 23 28 0.04061033 
847 65 28 33 0.04057269 
870 997 37 50 0.040516894 
542 889 27 33 0.040489838 
813 809 30 39 0.04030663 
274 738 26 32 0.040263124 
779 536 25 30 0.040248603 
543 944 33 43 0.040125053 
389 151 23 28 0.040064953 
844 931 32 41 0.040033266 
856 492 28 33 0.04002086 
163 540 24 28 0.040017433 
118 546 25 31 0.039944865 
51 498 24 29 0.039783847 
914 924 31 41 0.039728027 
534 237 22 28 0.039712876 
426 730 24 30 0.039644077 
212 347 23 29 0.039551776 
416 815 28 34 0.039551076 
460 700 25 31 0.039493892 
652 840 32 38 0.03926469 
853 430 25 29 0.039038848 
158 309 27 32 0.038940098 
191 925 31 40 0.038920607 
192 274 23 29 0.038888928 
355 613 22 27 0.038855135 
581 77 24 29 0.038846556 
546 622 25 30 0.038798675 
402 273 22 26 0.03879453 
663 281 22 28 0.038752828 
811 990 56 65 0.03871141 
391 771 25 33 0.03869173 
509 423 24 28 0.038626492 
661 423 22 27 0.0386181 
126 573 25 31 0.038548797 
590 230 22 26 0.038507387 
921 425 23 28 0.0385033 
861 311 25 29 0.038471203 
85 154 25 30 0.038444754 
88 736 28 33 0.038440224 
125 661 26 32 0.038412366 
37 573 28 35 0.038262863 
701 876 30 39 0.038182177 
128 50 25 31 0.037894912 
668 465 23 27 0.03764501 
38 689 26 31 0.0375835 
898 544 26 32 0.037465263 
513 919 30 38 0.03743115 
238 855 27 35 0.03737366 
200 692 26 31 0.037281662 
428 202 23 28 0.037161496 
424 228 24 29 0.0371233 
895 74 29 33 0.037104964 
778 84 24 29 0.0370837 
742 490 566 644 0.03707991 
473 35 25 28 0.037048887 
591 532 27 32 0.036973312 
188 12 29 31 0.036866426 
923 691 32 38 0.036759663 
345 150 25 29 0.036557145 
775 843 29 36 0.036444772 
197 734 26 32 0.036086082 
279 853 28 36 0.03600334 
268 811 25 34 0.03588947 
938 277 25 31 0.035882577 
743 693 28 37 0.03583204 
757 639 42 54 0.035812683 
974 355 25 33 0.035811283 
515 729 28 33 0.035769437 
612 512 25 31 0.03564729 
998 694 24 34 0.03557975 
666 502 24 29 0.03533931 
993 270 23 33 0.035257258 
654 927 32 41 0.035230078 
544 587 26 32 0.035191216 
167 274 25 29 0.03507012 
344 90 24 29 0.035028044 
667 768 30 36 0.035022676 
972 469 27 35 0.034998473 
966 908 34 46 0.034974128 
818 46 24 28 0.034929097 
932 462 25 30 0.034880586 
475 152 22 28 0.034862112 
89 309 25 31 0.034713984 
415 622 26 32 0.034707267 
150 344 25 30 0.034661878 
752 674 76 94 0.034583256 
235 878 28 35 0.034570042 
760 1019 41 50 0.034353342 
121 277 24 29 0.03434137 
778 457 24 29 0.03428792 
156 725 27 33 0.03427468 
737 468 22 27 0.03424695 
425 883 28 34 0.034195554 
155 196 26 30 0.03415349 
856 11 29 32 0.034139737 
167 238 25 31 0.03402744 
422 87 23 27 0.033991862 
48 266 22 27 0.03393441 
969 768 32 42 0.033912323 
120 736 26 32 0.033875015 
130 343 24 30 0.033846155 
191 201 26 32 0.033632655 
895 619 46 60 0.033419624 
544 843 27 35 0.033293236 
781 185 539 594 0.03319421 
929 232 24 30 0.033005185 
703 198 22 25 0.032961357 
6 270 26 34 0.032942563 
391 501 24 28 0.032756638 
90 696 26 32 0.032654334 
69 33 28 35 0.032601163 
419 538 26 33 0.032577064 
654 952 33 42 0.032521244 
843 200 23 27 0.03223357 
510 846 27 34 0.03183041 
281 696 25 30 0.03182556 
119 772 25 33 0.031695887 
420 585 26 33 0.031670608 
189 819 27 33 0.031661477 
819 461 24 29 0.031596582 
885 847 37 47 0.031579006 
967 800 33 42 0.031578265 
698 4 26 27 0.03130674 
78 853 28 35 0.03125347 
734 233 22 27 0.03116791 
813 75 24 29 0.031139279 
114 890 28 34 0.031041192 
428 775 25 31 0.030926302 
810 763 31 37 0.030865852 
204 156 25 30 0.030762084 
164 771 26 32 0.030680748 
426 315 22 27 0.030671712 
989 585 31 39 0.030634187 
622 237 21 25 0.030529523 
898 196 23 29 0.03048949 
973 418 25 31 0.030482668 
120 810 25 32 0.030444996 
81 774 30 37 0.030435225 
807 8 24 28 0.030424235 
880 798 35 43 0.030369509 
889 32 31 35 0.030201238 
52 423 26 33 0.030123692 
662 57 23 28 0.030122632 
596 596 106 137 0.030077681 
962 539 27 35 0.02995093 
32 315 25 32 0.029934114 
551 42 24 27 0.029825848 
581 197 23 27 0.02967261 
506 538 26 34 0.029652052 
476 91 23 28 0.0296507 
501 500 24 31 0.029622944 
316 78 24 28 0.029613132 
627 82 22 26 0.029547237 
744 279 23 27 0.029520597 
8 375 31 46 0.02948146 
925 506 27 33 0.029444313 
819 161 23 28 0.02935292 
689 638 41 56 0.029202683 
882 12 34 37 0.029176103 
925 770 29 37 0.028812515 
727 1006 59 72 0.028769739 
424 272 22 26 0.028701494 
806 837 28 36 0.02860423 
242 732 26 32 0.028589686 
194 769 25 32 0.028589578 
81 654 26 30 0.028562961 
80 89 25 32 0.028479578 
51 12 29 35 0.028455548 
385 336 43 52 0.028450804 
83 530 27 32 0.028415011 
704 511 25 31 0.028413272 
16 191 26 33 0.028355572 
15 162 27 34 0.02834321 
34 734 26 31 0.028282473 
118 143 45 54 0.028230801 
765 881 29 37 0.0282276 
852 836 35 45 0.028215319 
231 696 26 32 0.028159695 
925 345 25 31 0.028146008 
778 759 31 40 0.028071053 
128 621 25 30 0.0279937 
385 867 44 55 0.027984047 
554 77 23 29 0.02788992 
848 544 27 31 0.027858961 
778 35 23 27 0.027793279 
319 803 26 34 0.02773573 
764 924 31 38 0.027618168 
466 730 27 35 0.02761603 
125 232 25 31 0.027615588 
593 715 68 85 0.027519012 
744 10 26 29 0.027481185 
738 33 24 28 0.027446223 
992 605 30 40 0.02740141 
241 2 26 28 0.02737798 
890 505 25 32 0.027310755 
896 350 24 30 0.02727551 
166 34 25 28 0.027184026 
975 494 28 36 0.027109161 
149 160 25 31 0.02683388 
458 849 25 33 0.02682574 
234 797 45 56 0.02668695 
1000 657 26 35 0.026612582 
417 420 42 51 0.026601002 
6 335 29 41 0.026568986 
923 803 33 39 0.02652438 
168 10 28 32 0.026469732 
315 738 47 59 0.02632912 
771 809 31 37 0.026275948 
465 885 26 33 0.026267981 
508 565 165 199 0.026261535 
244 155 24 29 0.026141902 
43 614 25 32 0.025987765 
620 689 43 57 0.025948003 
745 85 23 27 0.025878595 
832 959 54 69 0.025796926 
730 769 30 38 0.025688281 
549 802 28 35 0.0256106 
666 229 24 28 0.025364542 
661 811 30 39 0.02532834 
656 880 30 39 0.025217382 
953 1115 42 58 0.025207682 
590 666 103 124 0.02503254 
111 177 45 53 0.024981225 
235 79 24 29 0.024869477 
924 395 24 30 0.024792872 
342 195 23 27 0.024608595 
85 618 25 31 0.024468007 
470 12 27 29 0.024393093 
166 819 27 32 0.024314908 
541 746 97 116 0.024199942 
431 508 25 30 0.024107296 
514 469 24 29 0.02403258 
614 6 24 27 0.023958504 
991 805 31 42 0.023936354 
889 955 33 40 0.023885382 
833 777 78 94 0.023846978 
664 504 166 210 0.023766173 
47 84 25 32 0.023747314 
958 842 34 45 0.023722172 
312 734 76 96 0.023715459 
990 468 26 36 0.02370736 
-1 742 100 143 0.023681024 
819 889 31 39 0.023576867 
993 732 27 37 0.023552466 
163 113 26 32 0.023407253 
81 388 24 30 0.023392389 
648 999 34 43 0.02339037 
965 7 32 36 0.023298515 
358 596 115 135 0.023270596 
817 118 24 29 0.023258617 
319 874 29 36 0.023064313 
698 593 107 132 0.022977574 
660 4 23 26 0.022854337 
240 45 24 27 0.022777855 
701 42 22 24 0.022754129 
8 501 28 37 0.022714328 
893 163 24 29 0.022705877 
631 195 22 26 0.02265725 
937 570 67 83 0.022587862 
612 808 33 39 0.022574255 
461 658 25 31 0.022557423 
478 808 26 33 0.022498617 
992 887 29 39 0.022487164 
567 790 52 66 0.022472361 
422 5 26 27 0.022264585 
400 202 24 29 0.022262398 
391 837 44 57 0.022219237 
994 426 22 30 0.022148829 
523 -37 975 1093 0.022135261 
70 11 30 36 0.022097806 
546 6 25 28 0.02209139 
995 240 24 34 0.022087982 
840 886 31 40 0.022072302 
12 648 29 36 0.021997718 
122 0 26 31 0.02198196 
546 818 91 111 0.02194455 
561 409 171 202 0.021910435 
509 573 27 35 0.021806343 
447 589 111 133 0.021798713 
566 501 165 213 0.021609291 
504 43 23 27 0.021550622 
539 672 106 127 0.021494381 
529 691 43 55 0.02146978 
647 416 171 202 0.02138134 
352 919 30 36 0.021370389 
78 797 29 37 0.0213666 
726 420 173 205 0.02129222 
468 927 29 37 0.02122444 
579 694 44 58 0.021170884 
49 23 45 58 0.021165134 
77 581 25 31 0.021066856 
239 780 26 33 0.021051046 
195 951 32 40 0.021045426 
993 492 26 35 0.02103289 
-14 510 100 131 0.021029884 
866 825 78 96 0.020899683 
839 971 73 92 0.020894067 
929 201 25 30 0.020799585 
888 464 24 30 0.020697456 
306 12 28 31 0.020633508 
1 113 25 33 0.020513512 
752 930 98 115 0.020484056 
994 836 29 39 0.02047387 
469 534 29 36 0.020461729 
36 808 33 46 0.020417117 
960 42 31 37 0.020362169 
991 350 25 34 0.020349618 
778 162 22 28 0.020208966 
547 535 25 31 0.020204239 
800 -117 515 565 0.020135863 
636 830 52 63 0.020119017 
747 594 106 128 0.020099174 
825 568 46 58 0.020031901 
