10_People_Marching_People_Marching_2_678
349
255 283 21 26 0.62936664 
724 275 22 27 0.4706954 
351 274 21 27 0.4330429 
99 250 20 25 0.22953488 
622 280 22 26 0.21770892 
212 289 20 25 0.20827599 
110 333 18 21 0.20271155 
308 289 20 27 0.20056407 
454 297 19 26 0.19922458 
889 286 21 27 0.19715278 
388 274 20 26 0.19440417 
845 302 17 22 0.19222595 
767 312 19 23 0.18053946 
515 301 19 25 0.16411607 
228 289 21 26 0.14488722 
435 286 20 27 0.1435133 
739 278 18 24 0.1344741 
224 298 19 25 0.13172922 
790 307 18 22 0.12994228 
803 208 21 26 0.1232365 
468 249 20 26 0.12282665 
622 223 22 28 0.120092615 
163 410 18 22 0.11177983 
58 262 18 23 0.110811725 
108 304 18 21 0.10897463 
163 329 19 24 0.1046451 
764 202 19 24 0.104050115 
616 91 27 33 0.10386597 
62 403 19 24 0.102694854 
343 265 21 28 0.09602154 
161 312 19 24 0.09577255 
519 418 18 22 0.09470576 
754 310 19 23 0.09360141 
687 178 44 53 0.09079082 
845 291 19 24 0.090493776 
23 314 17 21 0.09000292 
419 279 19 25 0.08620373 
56 283 17 21 0.08606426 
811 204 24 29 0.08446656 
102 386 21 23 0.08284673 
801 223 21 26 0.080833204 
385 310 19 24 0.080811374 
763 106 21 26 0.07696473 
456 432 18 21 0.0744827 
58 388 18 22 0.07278369 
621 261 22 27 0.07246259 
515 288 21 26 0.072369725 
202 360 21 27 0.071674325 
433 333 20 24 0.071091175 
695 182 27 33 0.07098692 
277 331 21 28 0.0701909 
179 408 18 23 0.06973688 
754 202 19 25 0.06890212 
204 416 18 24 0.06752188 
711 199 24 29 0.06652279 
880 299 19 24 0.064617395 
876 260 18 23 0.061423898 
283 281 19 24 0.05991405 
716 312 20 24 0.058696944 
57 303 17 20 0.058600534 
55 362 19 22 0.057976436 
258 296 22 27 0.057868306 
710 183 22 28 0.056200597 
589 359 18 22 0.05518337 
470 354 20 24 0.05448518 
751 260 19 25 0.054044776 
208 333 20 24 0.053259198 
621 179 20 25 0.05312887 
814 355 20 24 0.052927814 
106 291 19 23 0.05242008 
481 356 18 23 0.05221058 
852 430 18 22 0.052203763 
75 334 17 21 0.05195504 
619 210 21 26 0.0508857 
548 357 17 21 0.05007357 
675 383 18 23 0.04949107 
360 337 20 26 0.049142838 
266 333 20 25 0.048915353 
719 262 23 29 0.048427287 
516 429 18 22 0.048339523 
713 326 18 23 0.047846667 
752 462 17 21 0.047631893 
183 385 18 22 0.047140468 
799 287 16 21 0.047031354 
751 182 19 24 0.046811923 
617 156 20 26 0.04635705 
133 365 18 23 0.04629243 
22 408 16 21 0.04562382 
926 313 20 24 0.045544904 
821 151 23 27 0.04546486 
564 149 30 39 0.045363642 
762 122 21 26 0.044938948 
590 335 17 22 0.044405416 
75 308 17 21 0.044120934 
717 468 17 20 0.043968584 
949 328 22 25 0.043881226 
667 367 17 21 0.04385966 
12 313 17 22 0.043771002 
851 419 18 23 0.043650053 
465 238 20 25 0.0435867 
261 263 19 24 0.04355231 
211 257 18 23 0.04350077 
447 432 18 22 0.043086905 
583 153 23 29 0.043019366 
206 377 19 25 0.043008108 
535 277 23 28 0.042093825 
765 186 19 22 0.04199532 
548 335 17 21 0.041801143 
75 385 18 21 0.041700985 
823 341 18 21 0.041589268 
892 298 20 25 0.041357655 
690 385 19 26 0.0413261 
130 382 17 21 0.041298628 
493 413 17 20 0.041141815 
725 410 18 22 0.040803794 
455 418 18 22 0.04074276 
762 252 19 25 0.040679786 
468 199 20 23 0.040426258 
871 340 18 21 0.04016698 
81 256 18 23 0.039937682 
285 261 18 22 0.03958967 
798 120 21 25 0.039587338 
158 385 17 22 0.03937441 
186 285 19 24 0.039223406 
925 260 20 24 0.03896223 
804 361 21 24 0.03881944 
125 334 17 21 0.038796015 
215 274 45 56 0.038658038 
816 181 22 27 0.038530417 
967 274 25 29 0.038527228 
639 180 18 23 0.038213734 
565 404 19 23 0.03814093 
830 309 16 21 0.037952073 
490 436 16 20 0.037921935 
127 305 17 22 0.037701268 
922 327 19 22 0.037169866 
102 324 30 37 0.03699768 
279 351 22 28 0.036895458 
574 99 23 30 0.03636647 
242 431 19 25 0.036304213 
469 338 19 24 0.036302064 
206 227 19 25 0.036255777 
753 127 21 26 0.036168408 
486 255 20 26 0.035951562 
465 186 19 24 0.035543513 
288 199 20 26 0.035297334 
102 358 19 23 0.03512351 
490 383 17 21 0.03506113 
592 312 18 23 0.03506103 
24 324 17 22 0.034956202 
186 360 18 23 0.0349303 
29 385 17 21 0.0348634 
923 278 19 25 0.034667164 
537 260 24 30 0.03458184 
-73 536 359 354 0.034530938 
749 539 351 359 0.034462735 
364 305 21 25 0.034403738 
823 281 17 21 0.034094848 
175 335 18 23 0.034032118 
357 351 20 26 0.033834167 
617 126 22 28 0.03379064 
724 437 17 20 0.033685617 
178 438 21 26 0.03356614 
239 416 19 24 0.033474144 
78 360 17 22 0.03331737 
252 417 20 25 0.033142634 
-234 325 714 742 0.033094686 
968 261 23 28 0.033076316 
564 335 17 20 0.033025317 
803 184 19 23 0.032982793 
977 155 18 23 0.032953776 
622 300 20 25 0.03286538 
177 307 18 23 0.032649044 
426 272 46 58 0.032608375 
668 175 22 26 0.03260606 
384 389 19 24 0.032588694 
769 233 18 22 0.03255411 
512 387 17 20 0.032448173 
564 358 16 20 0.032429717 
309 263 18 22 0.032383658 
251 429 20 25 0.03214428 
893 262 19 24 0.032032374 
157 361 19 23 0.03196666 
848 262 17 22 0.03190912 
541 307 19 24 0.0318567 
79 285 16 20 0.03168 
745 153 20 26 0.031604726 
550 168 51 59 0.031478483 
339 438 17 22 0.03145784 
799 254 19 24 0.031148205 
906 360 18 23 0.031100104 
768 283 18 22 0.031045511 
283 464 18 22 0.030820953 
668 182 67 81 0.030801075 
436 229 20 26 0.030696088 
755 101 21 25 0.03053331 
486 466 17 21 0.030505393 
817 222 22 27 0.030442951 
416 331 19 24 0.030442223 
70 407 17 22 0.030388959 
820 259 19 24 0.03036866 
675 407 16 20 0.030259594 
634 389 19 23 0.030180737 
445 416 19 23 0.029524053 
752 231 19 24 0.029433617 
487 339 18 23 0.02943113 
239 270 47 57 0.029388644 
433 257 19 25 0.029248206 
108 5 22 24 0.029175078 
623 435 20 23 0.029123219 
101 303 31 39 0.028774723 
234 329 19 24 0.028635355 
581 177 23 29 0.028535057 
640 361 17 20 0.028411116 
573 311 690 738 0.028170343 
565 390 17 22 0.027922697 
338 415 18 22 0.027903719 
774 150 20 23 0.027735354 
850 335 17 19 0.027732855 
443 464 17 21 0.027724776 
159 288 18 24 0.027691925 
358 416 18 21 0.027506502 
305 407 19 25 0.027412724 
307 354 23 31 0.027149403 
30 360 19 23 0.027110744 
738 408 16 21 0.027082209 
595 278 19 24 0.02707061 
585 201 21 25 0.027044823 
906 333 18 22 0.026745107 
595 382 18 22 0.026486488 
418 260 18 24 0.026320508 
338 356 22 28 0.026311388 
698 363 17 23 0.02630013 
413 439 16 21 0.026249908 
712 2 21 23 0.026236352 
227 260 19 23 0.026223172 
839 296 29 34 0.026209923 
636 436 20 24 0.026119582 
691 403 17 22 0.026040733 
61 334 17 20 0.025856392 
274 274 31 39 0.025841195 
625 332 17 21 0.025782768 
870 271 42 58 0.025691615 
413 461 16 19 0.025593437 
54 231 19 23 0.025578676 
744 441 17 20 0.025562422 
821 130 24 29 0.025528237 
286 441 18 22 0.025380509 
634 258 20 24 0.025076663 
632 278 20 25 0.025019716 
495 307 18 23 0.024982411 
287 382 21 26 0.024769248 
670 309 20 26 0.024704143 
800 333 19 21 0.024678126 
713 108 20 25 0.024614828 
668 158 21 27 0.024586057 
714 160 21 25 0.024565943 
622 4 21 23 0.024557067 
415 309 19 24 0.024519563 
857 487 17 20 0.02450664 
535 415 17 21 0.02450538 
34 285 15 20 0.024411345 
131 407 17 20 0.024372479 
792 189 50 60 0.024293564 
282 309 19 25 0.024287315 
303 385 22 27 0.024155954 
875 353 18 22 0.024092875 
334 306 20 26 0.024071421 
105 238 19 26 0.023991143 
332 251 44 58 0.023988167 
672 77 21 26 0.023943136 
494 281 18 23 0.023902176 
465 464 17 20 0.023899348 
697 155 22 28 0.023850475 
515 330 17 21 0.023769416 
849 386 16 20 0.023707807 
616 459 18 22 0.02370166 
129 291 18 22 0.023687763 
311 333 20 26 0.023592565 
716 386 20 24 0.023520796 
994 231 17 24 0.023494633 
856 463 16 20 0.023478013 
235 412 78 93 0.023477914 
624 388 20 24 0.023413124 
702 334 18 22 0.023391444 
948 314 24 27 0.023389503 
635 408 20 23 0.023200486 
563 197 30 33 0.023184825 
842 229 18 23 0.023179669 
52 254 30 38 0.023083257 
920 149 17 21 0.023065329 
174 405 29 36 0.023057867 
971 306 22 27 0.022966389 
977 135 17 22 0.022943826 
435 206 19 23 0.022931235 
199 4 25 28 0.022776114 
637 337 16 20 0.02266048 
368 490 14 17 0.022540323 
526 249 42 52 0.022472238 
240 428 33 43 0.022349888 
613 54 22 25 0.02224887 
545 382 17 21 0.022146298 
289 410 20 25 0.022116698 
827 469 16 20 0.02205546 
547 182 70 77 0.02198663 
595 261 19 24 0.02192675 
175 231 19 25 0.021891367 
486 203 18 24 0.021873744 
975 331 22 28 0.021811163 
816 142 36 43 0.021737577 
897 202 19 23 0.021707822 
335 332 20 26 0.021588886 
387 329 20 25 0.021517657 
563 310 18 24 0.021473382 
623 408 21 25 0.02141404 
387 356 20 26 0.021302149 
504 236 75 82 0.0212732 
106 403 19 23 0.021207318 
52 385 29 36 0.021189788 
841 154 21 26 0.021183046 
664 21 21 24 0.02110352 
897 186 18 24 0.021100076 
799 154 20 24 0.021058526 
164 233 20 26 0.021035757 
242 348 73 81 0.02100715 
624 360 17 21 0.020997066 
364 382 18 22 0.020878717 
3 5 21 25 0.020865615 
567 0 21 22 0.020862877 
205 401 75 89 0.020847974 
996 313 17 21 0.020841612 
512 259 20 27 0.020828692 
193 350 70 78 0.020815138 
721 125 285 345 0.020807093 
742 391 17 21 0.020795684 
954 275 26 29 0.020636532 
11 409 18 24 0.02061125 
310 440 18 21 0.020588316 
513 359 18 21 0.02055196 
9 329 18 24 0.020513795 
389 236 19 23 0.02050868 
633 229 19 26 0.020487752 
954 260 25 28 0.02042522 
699 49 21 25 0.020406151 
336 379 20 24 0.020396361 
517 461 17 21 0.020365875 
867 462 16 19 0.020205274 
356 434 18 22 0.020115282 
313 459 14 19 0.020079335 
