10_People_Marching_People_Marching_2_36
478
558 322 32 41 0.7340298 
821 330 26 32 0.5462701 
825 475 34 41 0.44327584 
615 308 21 28 0.4048113 
770 333 24 30 0.34789285 
852 288 21 25 0.3003023 
815 287 21 27 0.29535535 
770 351 22 29 0.2786783 
691 305 23 29 0.24413235 
946 331 29 37 0.2384863 
978 374 26 35 0.23389478 
567 479 27 34 0.23340559 
480 311 22 29 0.20786007 
669 431 21 27 0.20668678 
817 297 23 27 0.20543922 
465 455 21 26 0.1880687 
723 335 24 29 0.18433677 
966 332 28 33 0.18063945 
518 328 22 27 0.17396158 
667 306 21 27 0.17369862 
955 278 23 28 0.1683169 
538 408 22 29 0.16002628 
942 485 29 35 0.15681614 
849 299 22 26 0.15197384 
672 274 20 24 0.14349307 
761 458 23 29 0.14220662 
714 350 20 26 0.14217031 
800 329 20 27 0.14144029 
644 303 22 28 0.13872373 
100 302 23 27 0.13620877 
973 525 24 33 0.13274203 
768 311 22 29 0.13220029 
974 352 26 33 0.13127951 
804 283 19 26 0.12907022 
33 287 17 21 0.12556922 
516 476 21 27 0.122088075 
893 326 25 31 0.12005593 
516 355 21 28 0.11873274 
432 439 19 24 0.11718633 
817 380 21 29 0.116600335 
589 275 19 22 0.11644548 
748 229 21 26 0.11452948 
593 402 20 26 0.11452492 
969 281 22 28 0.1141209 
411 441 19 24 0.11324203 
748 452 25 32 0.11288403 
467 308 25 30 0.11283002 
801 427 21 27 0.10706189 
327 332 27 32 0.10564969 
614 364 21 28 0.10554267 
750 359 21 28 0.10503054 
796 414 19 27 0.102185436 
822 354 25 33 0.101085715 
721 308 22 28 0.09836635 
772 284 19 24 0.09685729 
836 330 22 30 0.09558466 
950 404 21 27 0.09344725 
463 442 19 24 0.09305417 
488 462 21 27 0.09302303 
691 386 20 26 0.09139018 
946 384 23 29 0.091358155 
123 287 23 27 0.08988334 
312 338 24 31 0.08983314 
897 309 21 27 0.08948327 
438 304 25 29 0.088955484 
931 282 19 26 0.08742302 
180 310 20 25 0.08602739 
341 415 20 24 0.08521003 
155 305 21 25 0.083450414 
802 306 19 26 0.08299761 
689 279 19 24 0.08295569 
477 601 29 35 0.08185946 
742 310 21 27 0.08100314 
485 324 22 27 0.080746934 
441 335 22 27 0.08060339 
625 288 18 21 0.079043545 
306 282 19 24 0.07892539 
913 506 27 36 0.07869001 
661 460 23 29 0.07792609 
845 373 25 30 0.07714932 
802 386 19 25 0.07633263 
636 286 17 22 0.076176666 
947 306 25 31 0.075469725 
925 305 20 27 0.074101776 
863 281 21 27 0.072402075 
408 303 21 26 0.07200377 
204 314 20 24 0.071865186 
518 315 21 27 0.071219005 
651 464 21 27 0.06951782 
277 328 23 29 0.069432765 
666 332 22 28 0.06712696 
852 409 22 28 0.06645671 
466 329 23 28 0.066005036 
969 302 24 29 0.06597547 
394 439 19 24 0.06522666 
992 281 20 26 0.06440707 
542 321 36 45 0.063627526 
306 347 25 32 0.06360996 
743 333 22 28 0.06354101 
495 357 20 27 0.06295877 
207 325 21 25 0.06272106 
795 356 19 26 0.062496815 
23 363 20 25 0.061151482 
687 434 23 30 0.06106626 
833 355 33 41 0.06104777 
50 326 21 26 0.06042504 
299 477 41 47 0.05966873 
129 298 23 27 0.05959621 
592 309 22 28 0.05899359 
621 378 19 25 0.05884607 
592 391 20 25 0.058817774 
669 417 20 25 0.058720786 
813 429 23 29 0.058433797 
88 306 19 23 0.05839822 
541 425 22 30 0.057834752 
820 503 27 32 0.05778864 
823 463 27 34 0.05769663 
567 466 24 30 0.056926075 
110 287 22 24 0.056854963 
905 514 23 32 0.05673653 
358 288 20 26 0.05632881 
458 357 21 26 0.05617221 
819 408 21 28 0.05605759 
257 227 19 23 0.055935994 
770 380 21 26 0.05575987 
698 355 20 26 0.054999657 
439 406 19 24 0.05325678 
26 301 19 22 0.052995984 
315 484 40 46 0.052584033 
853 428 23 30 0.051910058 
737 505 23 29 0.051560003 
565 380 19 24 0.051535014 
616 323 21 28 0.051117238 
749 377 19 25 0.051101234 
495 381 19 25 0.051081594 
464 411 19 23 0.050536405 
695 328 23 29 0.049991984 
440 356 22 26 0.049926803 
155 362 19 23 0.049907096 
441 386 21 26 0.049381994 
35 405 17 21 0.04933559 
9 311 18 24 0.049055763 
992 423 22 33 0.04866959 
366 378 20 24 0.0479964 
896 409 20 26 0.04797391 
793 201 19 23 0.047816746 
776 408 19 23 0.047373824 
930 260 19 23 0.047317784 
49 312 20 24 0.04716698 
534 477 21 28 0.047072478 
457 382 20 26 0.046679612 
391 300 20 26 0.04654854 
233 326 21 26 0.046294298 
26 381 19 24 0.046088986 
690 451 25 32 0.04607196 
720 280 20 25 0.046037268 
513 377 19 26 0.04579783 
390 288 19 25 0.045533773 
725 410 19 24 0.04539229 
949 261 19 24 0.0452301 
381 385 18 24 0.045088276 
492 280 18 24 0.044864576 
183 326 21 26 0.04478902 
838 465 26 33 0.044395514 
538 314 22 28 0.044201877 
102 359 19 25 0.044109333 
719 455 24 31 0.043907177 
673 387 19 24 0.043834873 
340 429 20 25 0.043191087 
154 290 19 23 0.043159824 
961 363 47 63 0.04311429 
746 441 22 29 0.043057594 
641 408 17 22 0.04304613 
413 362 21 27 0.042841695 
202 460 19 23 0.042700853 
947 322 47 56 0.042674795 
487 225 19 24 0.042673044 
864 434 21 27 0.04262031 
541 387 20 27 0.04254144 
692 403 20 27 0.04206284 
138 430 21 25 0.041941375 
795 486 23 30 0.041650195 
459 436 30 40 0.0416282 
769 227 19 25 0.041465543 
10 228 20 25 0.041225806 
263 325 23 29 0.041015834 
742 280 20 25 0.04069504 
740 408 18 24 0.040579036 
307 466 25 29 0.040460456 
157 327 21 26 0.040361244 
437 455 20 24 0.040211897 
897 283 19 25 0.040161334 
638 387 18 24 0.0399462 
553 466 47 58 0.039877515 
491 408 17 22 0.0397844 
207 359 19 23 0.039507642 
978 404 25 35 0.03947698 
585 330 24 32 0.039364077 
233 414 20 25 0.03923624 
47 407 17 21 0.039112344 
900 456 23 29 0.03910546 
491 438 19 22 0.03873833 
993 333 20 26 0.038355835 
897 351 24 30 0.038313713 
867 305 20 26 0.03820138 
408 288 20 25 0.038056348 
106 282 35 39 0.03799577 
569 283 19 24 0.037991308 
688 265 18 23 0.037783716 
462 281 21 27 0.037690945 
106 328 21 26 0.037652563 
719 383 18 23 0.03714728 
647 332 22 28 0.03709337 
867 407 20 26 0.03694127 
184 358 20 25 0.03682803 
895 525 23 32 0.03680549 
535 355 22 27 0.03662721 
415 380 20 25 0.03651349 
735 439 46 58 0.036480002 
767 440 20 27 0.03639805 
148 432 19 23 0.036347188 
334 420 32 42 0.036329642 
284 437 18 23 0.03624735 
56 234 19 25 0.036146805 
232 432 17 22 0.03602342 
897 435 22 28 0.035982605 
436 286 22 27 0.03561667 
799 263 19 25 0.03542754 
9 437 19 27 0.035386097 
6 328 19 27 0.035358567 
851 262 19 23 0.03530901 
412 331 21 25 0.034902904 
928 478 47 57 0.03488148 
646 478 23 29 0.034863796 
130 328 20 25 0.034580156 
791 232 18 23 0.03450897 
260 483 20 25 0.034502063 
664 351 21 28 0.034173924 
231 383 18 23 0.03413273 
644 435 19 24 0.034122434 
653 471 33 42 0.034088418 
588 381 33 44 0.033942744 
359 333 20 26 0.03381288 
558 433 21 27 0.033568833 
354 412 18 24 0.033562813 
565 346 28 35 0.033374693 
583 271 31 39 0.03310428 
692 589 27 33 0.03308421 
80 287 19 22 0.033042807 
896 387 20 25 0.032922965 
836 272 46 59 0.032857098 
594 352 21 28 0.03283386 
236 358 19 23 0.032824073 
722 260 19 24 0.032804582 
897 498 45 59 0.032731023 
390 460 19 25 0.032687843 
449 373 33 42 0.032526344 
493 481 21 27 0.0324668 
520 438 19 25 0.032414846 
614 440 19 24 0.032353107 
157 379 19 24 0.032309398 
388 332 19 24 0.03192039 
411 453 21 25 0.031872343 
459 483 22 26 0.031867135 
394 259 18 24 0.031715445 
529 460 32 42 0.031683773 
313 411 18 22 0.031512234 
260 461 19 22 0.031424634 
434 351 36 41 0.031340785 
230 464 19 23 0.031145046 
29 334 20 24 0.031134766 
208 283 19 23 0.031122254 
191 458 19 24 0.0310754 
287 413 18 22 0.030899188 
542 528 25 32 0.03081986 
366 593 45 55 0.030809615 
188 438 17 23 0.03068085 
387 411 18 23 0.030449923 
617 261 16 20 0.030449599 
704 432 54 69 0.03012714 
745 258 20 26 0.03009062 
99 437 18 22 0.03000227 
821 261 18 22 0.02995606 
744 483 24 30 0.029824723 
232 314 20 25 0.029501176 
88 436 18 21 0.029475642 
878 329 21 27 0.029469613 
681 275 31 40 0.02933442 
256 516 21 27 0.02923314 
292 487 22 28 0.029168641 
289 383 18 23 0.029155212 
534 382 35 49 0.029051993 
870 386 21 27 0.0290202 
308 381 20 25 0.029004525 
334 377 20 26 0.028984824 
309 436 18 24 0.02894542 
258 530 22 29 0.02870043 
995 303 19 24 0.028665915 
990 589 25 32 0.028632276 
415 412 19 23 0.028608205 
595 431 22 27 0.02851431 
619 229 17 22 0.028316569 
22 438 17 21 0.028284894 
364 359 21 26 0.028264286 
455 279 37 46 0.02819831 
301 295 68 86 0.02819638 
-1 384 17 24 0.028008299 
925 485 27 34 0.028004495 
293 453 69 82 0.027960945 
562 502 24 31 0.0277069 
211 382 19 23 0.027592994 
454 294 54 58 0.027587956 
182 287 17 21 0.027520472 
32 157 19 24 0.027509406 
868 355 23 30 0.027385961 
901 258 18 22 0.027326724 
0 1 22 27 0.027309822 
278 315 20 26 0.027223151 
135 417 20 25 0.027170252 
981 426 25 33 0.027092168 
720 435 22 28 0.027006658 
402 295 34 40 0.026964137 
872 457 21 27 0.02689968 
946 497 28 37 0.026688084 
688 510 22 29 0.02657232 
49 285 18 21 0.02651586 
54 386 17 22 0.026475102 
360 372 31 40 0.026407612 
515 283 18 23 0.02632742 
437 258 18 23 0.026247814 
82 334 19 25 0.026247768 
817 528 25 32 0.026100479 
523 409 19 25 0.026035331 
337 306 22 27 0.026034597 
507 253 18 23 0.02591896 
712 371 31 41 0.025876228 
132 421 34 39 0.025813602 
301 276 31 40 0.02580171 
928 324 33 41 0.02577569 
542 304 59 72 0.025774913 
976 259 19 25 0.025712017 
501 452 49 61 0.025692806 
52 181 18 23 0.025680894 
51 254 19 23 0.025670337 
644 355 20 26 0.025623228 
339 257 17 22 0.025594564 
351 279 34 44 0.025500186 
433 398 32 42 0.025436988 
230 480 20 25 0.025411498 
925 437 21 29 0.025395306 
719 236 19 23 0.025283733 
539 282 18 23 0.025164474 
184 256 18 22 0.025047628 
415 422 51 63 0.025044346 
756 339 46 57 0.025000995 
685 399 35 46 0.024993971 
799 186 19 23 0.024887932 
321 410 54 70 0.024875289 
353 435 19 24 0.024873272 
490 348 34 42 0.024857154 
458 400 32 41 0.024855467 
929 385 20 25 0.024813028 
814 338 44 57 0.024793804 
448 425 52 65 0.024772555 
187 414 17 22 0.024745336 
503 317 52 64 0.024723582 
872 489 22 29 0.024644434 
647 261 16 21 0.024481868 
206 441 18 22 0.024404021 
208 410 17 22 0.02427523 
82 413 16 21 0.024221534 
896 593 28 33 0.024124924 
481 277 33 43 0.02410365 
510 508 21 27 0.024101395 
330 463 23 28 0.024090622 
799 461 22 29 0.024002997 
160 257 18 21 0.02391829 
698 236 17 22 0.02387379 
41 316 35 42 0.023860859 
259 354 21 27 0.023837917 
375 267 54 70 0.023825683 
204 487 21 25 0.023823338 
254 313 54 60 0.023793349 
524 404 49 66 0.023791268 
263 440 18 23 0.023690948 
160 121 21 29 0.023667138 
5 80 147 183 0.02365456 
288 353 21 26 0.023487514 
620 284 29 37 0.023319965 
377 376 30 39 0.023316909 
576 383 54 68 0.02327627 
655 418 47 57 0.02325431 
611 457 20 26 0.023232462 
675 420 49 63 0.02321904 
769 478 21 27 0.023165504 
718 492 49 58 0.023136932 
3 360 19 26 0.023115868 
85 357 18 24 0.023103133 
874 154 20 24 0.023087077 
560 410 18 25 0.023008058 
992 361 21 28 0.022953855 
384 280 33 42 0.022937998 
407 261 19 23 0.022885844 
636 448 49 60 0.022849152 
633 289 47 57 0.022814177 
121 480 23 30 0.022768484 
929 355 22 27 0.022752376 
330 350 28 35 0.022751493 
545 357 60 79 0.022740742 
718 483 24 31 0.022730088 
360 263 18 23 0.022638293 
196 307 33 38 0.022552192 
882 313 49 60 0.022551356 
37 286 68 86 0.022542566 
384 514 21 28 0.022533277 
88 249 76 91 0.022494286 
583 463 24 30 0.022420483 
507 368 34 48 0.022345465 
134 358 19 24 0.022341741 
771 259 18 23 0.022339966 
27 283 30 37 0.022316998 
558 372 37 47 0.022280987 
483 534 24 31 0.022234123 
767 175 20 24 0.022198036 
805 294 46 59 0.022138162 
389 431 30 39 0.022103593 
994 230 19 24 0.022092244 
497 259 18 22 0.022041544 
312 303 20 26 0.021955596 
530 340 38 47 0.021812664 
235 281 18 22 0.021785755 
717 405 34 45 0.021769393 
745 210 20 23 0.021704515 
601 360 52 65 0.021694649 
441 482 21 27 0.0216553 
424 361 58 70 0.021533133 
107 415 18 21 0.021473859 
782 395 49 63 0.021456577 
489 509 22 27 0.02143626 
870 260 19 23 0.02137498 
413 370 33 42 0.021360977 
976 231 19 24 0.021306805 
387 358 19 24 0.021284366 
521 367 56 80 0.021223892 
830 490 37 45 0.02120227 
386 480 21 27 0.021170286 
464 261 19 24 0.021160373 
54 203 17 22 0.021154331 
1 130 22 31 0.021143164 
150 353 32 39 0.021059591 
126 263 21 24 0.021025818 
569 261 16 20 0.020959899 
929 229 19 23 0.020946776 
994 261 19 25 0.020897232 
0 146 21 32 0.020893844 
930 407 20 26 0.020891251 
563 276 34 43 0.02088864 
522 400 32 42 0.020852784 
489 370 33 43 0.020805709 
258 406 18 24 0.020712566 
724 107 307 391 0.020711211 
258 386 18 23 0.020694107 
389 264 119 134 0.020662721 
465 589 47 58 0.020655971 
478 448 49 60 0.02061793 
656 290 50 59 0.020509297 
29 260 17 21 0.02045232 
592 231 16 20 0.020444294 
346 405 31 40 0.020367788 
20 231 18 22 0.020247605 
132 385 20 24 0.020181887 
132 459 21 27 0.020152578 
666 233 17 22 0.02014404 
922 453 23 30 0.020118747 
721 159 20 25 0.020061146 
994 209 17 22 0.020057963 
772 210 20 23 0.020045271 
78 229 20 24 0.020018132 
