10_People_Marching_People_Marching_10_People_Marching_People_Marching_10_People_Marching_People_Marching_10_938
21
478 264 121 156 0.9863848 
773 1042 34 40 0.053187065 
653 926 796 843 0.042679317 
969 1280 31 39 0.034520783 
990 1280 26 37 0.030742062 
653 335 751 879 0.029560745 
773 768 529 598 0.028514026 
-4 367 205 306 0.027143661 
768 141 514 592 0.026724206 
927 950 41 48 0.02612184 
930 536 72 99 0.025778444 
990 1468 27 38 0.025579754 
609 947 37 47 0.024610247 
957 169 50 73 0.023729451 
951 951 40 51 0.021687249 
281 515 112 122 0.021674352 
754 -106 494 564 0.020980464 
754 230 97 112 0.020523872 
769 1007 33 39 0.02044819 
9 211 104 132 0.020433478 
769 230 37 47 0.02037624 
