10_People_Marching_People_Marching_10_People_Marching_People_Marching_10_People_Marching_People_Marching_10_674
563
382 340 20 26 0.43893477 
403 457 25 32 0.34849858 
267 458 22 27 0.34343556 
763 541 23 31 0.3371353 
411 381 21 26 0.33245778 
459 348 20 25 0.3093884 
791 574 32 37 0.26775935 
148 478 40 49 0.26402205 
717 364 19 23 0.25683278 
471 478 23 30 0.24464329 
187 209 20 23 0.22346075 
613 533 36 42 0.22240733 
619 376 21 27 0.215314 
851 361 17 21 0.21194574 
433 485 22 29 0.20997454 
690 380 20 25 0.18856126 
7 360 23 32 0.18192346 
74 406 19 24 0.17067525 
510 355 18 23 0.15644167 
749 363 19 22 0.15145394 
697 570 47 52 0.1464353 
338 463 19 25 0.14585863 
616 367 19 23 0.13905638 
300 489 21 26 0.1375476 
496 358 18 23 0.1318256 
692 560 33 39 0.1280731 
571 380 19 23 0.1257512 
337 530 21 25 0.12170677 
4 276 19 27 0.11667066 
563 286 17 21 0.115995355 
827 393 18 24 0.1142571 
867 285 16 20 0.11335158 
593 329 18 21 0.11214066 
568 360 18 22 0.11043072 
516 339 17 22 0.107816726 
540 380 17 22 0.106833845 
341 334 17 21 0.10584318 
723 289 18 20 0.10188263 
184 329 18 21 0.09993296 
366 509 21 26 0.09972411 
776 288 15 20 0.09872412 
80 385 19 23 0.09727652 
184 223 18 22 0.0972743 
673 382 20 25 0.09586784 
127 406 18 23 0.09373627 
364 490 21 27 0.091570616 
585 386 18 23 0.08675784 
714 373 19 25 0.08610202 
857 283 15 18 0.08440228 
798 279 15 19 0.0838076 
337 518 21 25 0.080366276 
52 220 21 25 0.080363 
709 564 31 38 0.08021246 
468 466 22 30 0.079000965 
800 506 23 30 0.0789754 
137 310 18 21 0.07821975 
189 262 19 24 0.07791867 
802 263 16 20 0.07650077 
695 539 26 31 0.07606996 
154 175 21 27 0.075962864 
439 533 27 33 0.07544591 
929 377 18 23 0.07523251 
690 260 18 22 0.07521204 
35 439 18 24 0.0751893 
59 407 20 24 0.07468198 
723 303 18 21 0.07377909 
256 483 23 29 0.07221069 
51 643 27 33 0.07093628 
394 458 22 29 0.07005334 
174 130 21 27 0.06963569 
823 278 16 20 0.06902106 
766 553 25 32 0.0684304 
495 380 19 23 0.06839674 
748 378 19 23 0.06829383 
541 364 17 21 0.06764352 
478 468 22 28 0.06707498 
55 170 20 27 0.06695172 
157 235 17 21 0.06693009 
822 506 23 30 0.0665861 
205 430 20 25 0.06582985 
438 512 22 27 0.06534235 
843 385 18 23 0.064933315 
848 228 17 22 0.06474816 
830 600 45 54 0.0645385 
435 462 21 29 0.06421914 
106 386 18 23 0.064069666 
406 253 18 23 0.063813485 
231 386 19 24 0.06366959 
445 335 18 24 0.06336402 
360 379 20 26 0.062943995 
229 324 18 23 0.06254576 
20 378 20 27 0.06233147 
877 332 16 20 0.062188774 
457 381 19 25 0.061169717 
186 275 19 24 0.06095601 
96 171 30 37 0.060729675 
25 221 22 26 0.06044566 
954 304 22 26 0.059803527 
792 552 56 66 0.059327155 
288 490 20 25 0.05910978 
591 359 17 21 0.059106506 
616 251 17 21 0.058746632 
126 394 19 24 0.058518726 
797 484 25 30 0.058135353 
484 415 20 24 0.058133516 
354 463 21 28 0.057698134 
640 339 18 23 0.05752022 
820 263 15 19 0.05682379 
515 381 17 22 0.0565243 
872 415 19 23 0.0562806 
278 331 17 21 0.05614332 
880 258 17 20 0.055831004 
837 509 25 31 0.055595003 
640 388 19 25 0.055586267 
792 535 27 33 0.055502713 
233 461 18 24 0.055309378 
872 363 16 21 0.055224624 
953 47 22 29 0.054976046 
722 337 17 22 0.05487716 
834 568 58 69 0.054614257 
417 365 19 23 0.054560892 
106 362 18 23 0.054324504 
559 303 16 20 0.054089475 
0 457 20 26 0.05394733 
747 310 16 20 0.053871173 
254 304 18 22 0.053380784 
232 490 21 27 0.05322434 
700 367 18 22 0.05314743 
767 304 16 20 0.053076115 
4 178 20 28 0.05294726 
378 511 18 23 0.052697998 
593 317 17 21 0.05256861 
251 505 22 27 0.052487962 
414 478 22 29 0.05222491 
902 311 17 20 0.05183616 
334 356 18 21 0.05141229 
337 282 17 22 0.05111247 
365 532 21 25 0.051027607 
763 362 18 22 0.050995085 
264 443 19 24 0.05057451 
160 390 19 24 0.05044686 
149 307 17 21 0.05019854 
302 379 20 25 0.050172146 
683 592 52 55 0.050075557 
110 409 19 23 0.04975259 
288 507 22 26 0.04921125 
797 331 18 21 0.04915935 
307 461 19 23 0.048982427 
250 541 24 31 0.048773553 
815 488 22 28 0.04871476 
619 516 26 33 0.04844507 
331 231 17 21 0.048357546 
848 256 15 18 0.04818379 
181 314 18 22 0.0481681 
199 206 19 25 0.048012733 
393 383 20 25 0.047979593 
488 340 16 21 0.04731776 
562 487 26 34 0.046737384 
337 481 20 25 0.046633054 
875 382 18 21 0.046589218 
753 539 23 31 0.046312053 
284 312 16 21 0.045959663 
211 330 17 21 0.045818802 
377 536 21 26 0.045602065 
797 313 17 20 0.0456003 
696 212 20 24 0.04538949 
157 254 17 22 0.04526194 
593 259 17 19 0.045134615 
871 310 16 20 0.045059334 
550 309 17 20 0.045042776 
951 377 18 22 0.044811476 
441 381 21 26 0.04464992 
737 553 35 43 0.04435874 
309 364 18 23 0.04434922 
723 254 17 19 0.04432058 
230 316 18 21 0.043973673 
481 306 16 20 0.043897446 
366 336 17 22 0.04386284 
751 332 17 21 0.043581624 
565 264 17 21 0.043489803 
894 260 16 21 0.04323834 
369 358 19 24 0.042998493 
849 307 16 19 0.04283668 
668 365 18 24 0.042606454 
634 536 24 32 0.042502414 
666 600 41 49 0.04238132 
851 340 16 20 0.042380333 
199 260 18 24 0.042333078 
670 558 26 33 0.041876316 
772 262 16 20 0.041705694 
456 467 43 55 0.04165958 
158 407 20 25 0.041527502 
230 514 54 73 0.04138716 
19 366 21 26 0.041373264 
685 621 48 59 0.041333348 
903 282 17 20 0.041299634 
235 504 22 30 0.041111562 
336 442 18 24 0.04097227 
802 361 17 21 0.040785942 
696 226 19 23 0.040754218 
564 338 16 20 0.040707156 
153 286 17 22 0.040290404 
161 56 16 22 0.040260527 
277 440 18 22 0.040019203 
55 389 18 25 0.03994135 
518 631 23 31 0.039577298 
178 457 25 30 0.03934989 
384 488 19 26 0.039332904 
742 287 15 18 0.039329536 
442 355 18 25 0.039271586 
666 510 22 28 0.03920018 
623 544 36 45 0.038635053 
546 262 18 22 0.038395688 
645 354 19 24 0.038352676 
216 312 17 20 0.038325556 
619 339 16 20 0.03819908 
229 279 17 21 0.03819682 
694 278 17 21 0.03808502 
311 280 17 22 0.037997965 
462 432 20 27 0.037752185 
76 332 17 22 0.037671078 
288 261 17 20 0.03762445 
584 510 24 32 0.037462097 
213 382 18 22 0.03737893 
407 403 23 29 0.037261203 
768 510 24 31 0.03725476 
340 313 17 21 0.037236355 
759 468 39 51 0.03709987 
208 277 19 22 0.03704618 
263 333 18 22 0.037006892 
946 366 18 23 0.036913153 
587 405 20 25 0.036877856 
827 305 17 20 0.036828823 
498 548 35 50 0.036697455 
287 202 20 25 0.036570843 
648 282 17 20 0.036563896 
769 337 17 20 0.03648951 
54 286 18 22 0.0363914 
755 526 45 57 0.03635633 
952 329 19 25 0.03627151 
28 175 21 26 0.036243223 
545 334 17 21 0.036098775 
318 232 17 22 0.03600263 
535 615 23 30 0.035901338 
83 367 18 23 0.035839994 
798 389 18 23 0.03576186 
982 176 17 22 0.035749193 
365 253 17 21 0.035581093 
103 433 19 25 0.035473146 
517 311 16 21 0.035445593 
47 435 20 25 0.035402082 
468 410 21 26 0.035143748 
561 496 35 44 0.03511685 
670 333 16 21 0.035043605 
314 442 18 22 0.03464254 
237 261 18 21 0.034603767 
157 356 18 24 0.03459603 
782 487 52 65 0.03450519 
55 256 18 22 0.03431994 
486 426 21 27 0.034307674 
922 239 18 23 0.03428212 
928 249 19 23 0.034240752 
313 333 17 21 0.034032553 
595 231 17 20 0.034001365 
768 379 18 22 0.033903405 
667 584 27 33 0.03356923 
994 329 16 21 0.03351532 
207 418 18 24 0.033509497 
134 329 18 22 0.03344372 
207 361 17 21 0.033336837 
413 511 18 24 0.03333234 
829 614 24 30 0.033214603 
812 528 40 51 0.0332135 
180 387 19 23 0.03313383 
514 410 19 24 0.03310907 
0 440 20 27 0.033019997 
83 172 26 33 0.032919303 
847 582 32 40 0.032908738 
284 360 19 23 0.03267398 
362 312 17 21 0.032669034 
436 433 21 28 0.032660674 
182 185 18 22 0.03262762 
103 401 30 38 0.03247949 
866 464 20 26 0.032435462 
675 256 17 21 0.032276224 
178 219 30 37 0.032270238 
412 437 22 29 0.032203678 
301 508 20 25 0.03216858 
873 230 17 19 0.03206073 
107 338 17 22 0.032013737 
186 357 18 22 0.031989947 
208 179 18 22 0.031801336 
-127 384 551 565 0.031615973 
22 279 18 24 0.031599734 
289 281 16 20 0.031520322 
589 281 16 19 0.03145344 
849 215 17 21 0.031452116 
929 283 20 23 0.03140557 
200 489 68 88 0.03130117 
4 263 20 28 0.031032162 
620 240 17 22 0.031027082 
548 282 16 20 0.031000284 
949 284 23 28 0.030921005 
898 329 17 22 0.030827172 
555 282 29 37 0.030700006 
847 561 30 37 0.030668456 
821 396 29 37 0.030637516 
100 286 17 20 0.030542295 
61 333 18 22 0.030526103 
97 129 23 29 0.030511856 
838 623 28 36 0.030500518 
511 488 20 26 0.030481296 
236 537 24 35 0.030474229 
101 193 24 30 0.030394072 
39 203 35 42 0.030352024 
945 293 37 43 0.030343054 
665 537 24 30 0.03027726 
725 574 37 45 0.030213524 
844 409 18 23 0.030017547 
863 581 30 39 0.02998778 
866 563 28 34 0.02990085 
311 311 17 21 0.029807381 
9 228 20 24 0.029781805 
946 603 57 65 0.029769002 
821 361 16 20 0.029751448 
515 287 15 19 0.02969341 
48 167 36 43 0.029641274 
646 406 20 25 0.029625557 
206 459 19 24 0.029614247 
391 445 44 59 0.029470721 
825 234 16 19 0.02935368 
801 204 18 21 0.029349914 
232 438 18 23 0.029325409 
517 616 24 31 0.029311702 
845 486 23 28 0.029292557 
129 431 20 25 0.02924256 
159 71 17 22 0.029208457 
513 430 21 26 0.029062487 
717 410 20 24 0.02887168 
49 484 29 37 0.028783405 
28 310 17 22 0.028591683 
925 334 17 23 0.028584255 
26 331 18 23 0.028575407 
665 550 52 64 0.028562775 
157 153 22 27 0.028291576 
186 50 17 22 0.028289836 
83 429 21 26 0.028289212 
137 287 17 20 0.028198302 
168 481 29 37 0.02816417 
805 493 47 58 0.028162828 
360 409 21 26 0.02809961 
822 336 17 21 0.028094703 
551 605 42 55 0.02801048 
153 464 28 35 0.02800913 
541 406 20 24 0.027978105 
843 529 27 35 0.02795633 
244 497 37 48 0.027924262 
500 568 37 50 0.027904842 
635 515 23 29 0.02788798 
892 207 17 22 0.027871698 
106 305 17 20 0.027840978 
339 385 19 24 0.027806167 
644 429 23 29 0.02780115 
87 127 22 27 0.027777137 
538 481 25 33 0.027554052 
956 210 18 22 0.027500052 
490 372 30 38 0.027496768 
135 227 17 21 0.027459336 
203 53 21 28 0.027398666 
251 447 45 57 0.027388636 
310 260 17 20 0.027268918 
803 592 91 86 0.027244449 
157 330 17 21 0.027111048 
106 255 17 20 0.02710941 
227 485 34 45 0.027029594 
53 464 61 78 0.026838426 
5 203 20 26 0.026814586 
633 600 44 56 0.026788846 
252 255 18 22 0.026741246 
6 100 20 28 0.026730854 
107 613 22 28 0.02667178 
823 460 23 29 0.026644664 
667 232 18 23 0.026596924 
954 533 34 43 0.026583947 
848 462 22 28 0.026541783 
794 608 24 29 0.026480705 
180 407 20 25 0.026472261 
713 435 22 28 0.026454918 
391 313 19 23 0.026348097 
307 535 21 26 0.02622651 
407 313 17 22 0.02620938 
810 559 32 40 0.026182268 
861 533 39 49 0.026058301 
572 408 19 24 0.025888352 
798 406 18 24 0.025887089 
165 457 40 50 0.025865696 
423 469 48 61 0.025853923 
666 282 16 20 0.025802754 
512 540 23 32 0.025790373 
773 231 17 21 0.02578413 
529 500 38 48 0.025782395 
993 489 19 26 0.0257086 
995 315 17 22 0.025675919 
742 511 22 29 0.025669353 
1 348 44 62 0.025662614 
101 379 29 38 0.025651522 
666 621 41 53 0.025567388 
58 305 18 21 0.025559323 
569 605 50 60 0.025547348 
457 508 23 29 0.025438229 
255 288 18 22 0.025429152 
160 204 18 23 0.025414312 
710 597 32 41 0.025367172 
97 51 21 25 0.025237639 
617 307 16 20 0.025231412 
587 323 30 36 0.0252113 
133 304 29 34 0.025126444 
770 584 25 32 0.02508184 
719 238 17 21 0.025019413 
467 287 18 23 0.02493911 
447 502 64 79 0.024935862 
206 157 18 23 0.024928927 
81 307 17 21 0.024894988 
262 354 20 24 0.024877695 
674 310 16 19 0.024842676 
177 104 19 23 0.024786195 
100 152 29 35 0.024777958 
5 336 19 26 0.024733694 
86 281 18 21 0.024621459 
131 359 18 24 0.024609653 
30 631 55 65 0.024594279 
283 415 19 23 0.02454973 
722 508 23 29 0.024544459 
611 429 22 28 0.024541287 
204 230 18 22 0.024467563 
487 256 17 20 0.024425564 
257 412 18 24 0.02441724 
181 439 23 28 0.024416717 
787 596 42 50 0.02436872 
79 202 23 29 0.024360726 
800 230 17 20 0.024343267 
410 332 18 22 0.024218075 
41 426 33 41 0.024210477 
338 212 18 22 0.02418596 
969 384 16 21 0.024126936 
587 536 58 68 0.024124326 
277 0 23 25 0.024083477 
386 556 25 32 0.024071915 
920 186 16 21 0.0240574 
392 256 19 23 0.023981974 
413 500 65 77 0.023972094 
511 332 30 38 0.02391068 
191 199 31 39 0.023825532 
357 431 21 27 0.023811342 
232 457 31 41 0.023784788 
463 94 154 182 0.023720592 
993 278 19 23 0.023701891 
307 209 18 22 0.023636598 
120 384 31 40 0.023623193 
80 144 63 80 0.023611996 
881 213 16 19 0.023531122 
594 428 23 29 0.02350788 
131 209 19 24 0.023494331 
744 259 16 19 0.023484478 
515 461 19 25 0.023473116 
692 402 21 25 0.023465434 
100 356 31 41 0.023389798 
72 464 23 29 0.02333107 
157 430 22 27 0.023322513 
145 475 71 86 0.023157222 
606 602 49 61 0.023138383 
973 361 16 20 0.023121854 
948 554 25 34 0.023117892 
739 473 36 48 0.023105677 
813 577 30 37 0.023050586 
440 313 18 23 0.023025729 
580 482 32 42 0.022939548 
232 359 18 23 0.022897914 
704 538 37 47 0.022842443 
244 467 50 66 0.022828 
32 406 18 25 0.022825917 
977 490 23 28 0.022802707 
829 521 58 70 0.022776842 
978 512 24 31 0.022747438 
352 497 48 59 0.022708295 
642 310 17 21 0.022682281 
509 539 56 76 0.022657026 
161 121 34 43 0.022588942 
693 334 16 20 0.02247315 
616 407 20 25 0.022434358 
362 521 49 59 0.022352995 
338 260 16 20 0.022281487 
532 634 25 33 0.02225097 
611 565 46 56 0.022249667 
257 234 16 20 0.022240236 
769 567 51 61 0.022220647 
508 372 29 36 0.022094334 
729 346 51 62 0.022088185 
263 0 25 25 0.02202605 
282 474 45 57 0.021904092 
268 489 52 66 0.021827875 
799 186 19 22 0.021818478 
925 367 31 40 0.021808358 
695 309 15 19 0.021723934 
237 410 18 24 0.021677705 
203 68 21 28 0.021664193 
507 402 31 40 0.0216542 
76 225 17 22 0.021629391 
992 514 21 30 0.021592302 
233 51 26 33 0.021567848 
485 289 17 21 0.021546394 
29 158 19 24 0.021538958 
103 460 22 28 0.021476025 
320 512 54 64 0.02142238 
778 523 53 66 0.021416385 
746 407 19 24 0.021372069 
227 204 20 25 0.021363197 
179 323 30 36 0.021336807 
896 361 17 22 0.021267094 
415 203 19 24 0.021224288 
476 548 60 76 0.021212561 
213 484 21 27 0.021201087 
112 455 63 76 0.021164998 
846 432 19 25 0.021155544 
749 207 16 21 0.021125102 
95 424 32 40 0.021113895 
595 525 39 45 0.021110257 
254 129 19 24 0.021084087 
466 256 17 21 0.021080501 
52 362 18 22 0.02102185 
396 367 47 60 0.020977065 
204 205 136 158 0.020879643 
87 389 52 63 0.02087582 
993 180 17 22 0.020873979 
538 463 22 28 0.020808637 
459 235 18 22 0.020712527 
866 408 31 38 0.020709578 
520 602 53 71 0.020672645 
869 428 19 24 0.020652032 
292 381 20 24 0.020613214 
300 524 36 43 0.020607334 
667 404 20 25 0.020589469 
925 304 20 23 0.020572266 
568 231 17 20 0.0205635 
362 280 17 22 0.02053613 
436 406 22 27 0.020473994 
235 234 17 21 0.02047389 
259 178 19 23 0.020470388 
639 488 21 26 0.020449042 
23 257 19 24 0.020380536 
338 409 20 25 0.020304704 
622 285 16 20 0.02024901 
521 523 37 48 0.020247571 
969 530 33 46 0.020195125 
970 284 21 25 0.020178247 
562 428 23 30 0.020177703 
922 407 18 24 0.020104744 
587 353 29 35 0.02010202 
388 435 20 26 0.020068083 
772 210 16 21 0.020054601 
945 258 19 23 0.020035973 
81 157 24 31 0.020028798 
388 230 19 24 0.02002496 
