10_People_Marching_People_Marching_2_496
22
447 161 85 113 0.99707496 
424 193 88 117 0.04406842 
729 147 87 109 0.039615925 
742 133 160 163 0.038560975 
624 134 102 121 0.034478456 
279 291 34 48 0.032025944 
643 955 190 216 0.0284594 
455 1117 31 39 0.025883289 
686 121 139 178 0.025769632 
385 226 90 117 0.025626687 
675 120 94 117 0.025122572 
739 174 37 50 0.02445169 
256 318 165 180 0.024012746 
280 260 145 156 0.023851909 
765 223 189 180 0.023782259 
358 146 80 105 0.022656864 
710 70 81 101 0.022605782 
232 295 90 109 0.02173415 
735 30 82 95 0.02104203 
742 108 89 109 0.020292612 
816 10 53 59 0.02015498 
231 343 105 119 0.020146877 
