10_People_Marching_People_Marching_2_577
21
594 296 151 192 0.8602629 
265 46 186 360 0.32708696 
941 585 63 91 0.09616057 
330 458 117 129 0.09385224 
476 809 81 88 0.068127364 
66 958 35 46 0.0466078 
671 3 141 174 0.037086226 
533 103 182 251 0.035731643 
322 144 201 311 0.0333997 
511 144 103 131 0.02659996 
209 1073 95 115 0.025127709 
486 396 90 114 0.024794118 
204 375 100 134 0.023810929 
426 169 163 224 0.023502395 
803 452 87 115 0.02295327 
693 133 91 119 0.022488467 
223 830 82 95 0.021835716 
219 898 85 124 0.0215463 
454 842 93 112 0.021195315 
213 -2 81 96 0.02096046 
262 279 195 296 0.020576099 
