10_People_Marching_People_Marching_2_822
58
510 149 76 101 0.99923277 
667 222 86 94 0.9978738 
317 77 83 100 0.9978003 
169 132 35 49 0.37836418 
101 132 23 29 0.3212873 
893 246 23 30 0.27649173 
25 150 22 29 0.23680694 
-1 190 23 40 0.12375089 
160 143 27 37 0.08918632 
54 155 23 28 0.08847709 
621 120 75 92 0.0793119 
174 66 27 35 0.06823137 
29 134 20 27 0.059965786 
929 186 19 23 0.057539318 
7 155 19 30 0.05475618 
101 106 20 25 0.052393056 
47 126 20 26 0.04583869 
73 155 21 27 0.044134762 
814 158 26 31 0.03956076 
840 253 21 28 0.03643893 
662 425 523 555 0.036270007 
654 139 78 90 0.036090527 
896 274 23 29 0.034670305 
86 105 20 24 0.033160947 
880 252 20 27 0.032348588 
993 269 22 34 0.032123607 
88 116 47 60 0.03130596 
196 143 26 36 0.031281136 
890 302 24 30 0.030130519 
825 287 22 28 0.029977228 
83 178 23 29 0.029296212 
690 156 70 84 0.028815815 
56 232 26 32 0.027815988 
827 251 22 28 0.027278692 
16 138 43 62 0.027123746 
35 139 48 61 0.02707505 
29 167 23 33 0.026818853 
96 101 32 44 0.026090581 
151 46 58 79 0.025821807 
818 297 27 32 0.024937794 
29 105 19 24 0.024727024 
73 196 37 47 0.024421867 
47 172 24 31 0.023425724 
876 310 22 28 0.022913838 
924 200 19 25 0.022183608 
131 175 22 29 0.0221672 
922 276 22 29 0.021646122 
157 130 27 36 0.021604856 
129 153 21 28 0.021413812 
85 126 20 27 0.021393606 
4 132 18 25 0.021081649 
918 257 20 26 0.021000674 
278 130 44 57 0.020907106 
10 154 93 135 0.02042977 
-62 515 343 363 0.02040734 
395 81 43 60 0.020311495 
0 175 62 95 0.02011442 
29 199 22 33 0.020084346 
