10_People_Marching_People_Marching_2_191
301
238 305 24 31 0.7530652 
745 322 22 27 0.72236234 
82 299 25 32 0.63213617 
846 323 23 27 0.5626951 
514 314 21 27 0.5030555 
328 298 23 30 0.42118275 
466 450 29 35 0.33356324 
823 324 21 26 0.32171673 
967 340 24 30 0.28931513 
186 311 19 24 0.26155493 
213 432 22 28 0.24859875 
569 335 19 24 0.22519907 
798 474 26 33 0.22509596 
661 325 19 24 0.22166464 
387 314 18 24 0.21110933 
623 306 20 27 0.20011331 
456 312 21 27 0.1873375 
93 300 27 33 0.18671975 
639 311 21 26 0.17761284 
489 330 19 24 0.16430528 
852 486 22 30 0.15188031 
697 363 20 24 0.14565709 
585 377 19 25 0.1443455 
316 298 22 28 0.13580628 
130 304 19 24 0.12783603 
182 328 17 22 0.12475172 
900 363 19 23 0.1232485 
533 480 24 30 0.122283794 
899 460 22 30 0.11907268 
200 309 19 24 0.11335501 
930 360 18 24 0.11192799 
134 333 18 22 0.108546525 
491 310 20 26 0.105869815 
357 276 21 27 0.103372924 
667 488 24 30 0.095459975 
525 411 21 27 0.093073785 
160 280 19 25 0.09064167 
586 333 19 24 0.089073226 
124 281 21 27 0.087446585 
359 303 19 25 0.08721255 
957 337 21 28 0.086300835 
292 331 19 25 0.08618281 
443 311 22 28 0.08548748 
769 304 21 26 0.08521003 
664 464 23 28 0.08449393 
591 364 19 24 0.08442667 
377 462 23 31 0.08297682 
994 311 19 26 0.082452245 
534 431 22 27 0.08009133 
662 315 20 25 0.079831205 
354 361 23 27 0.07780164 
924 339 18 23 0.075415514 
724 305 19 26 0.07541282 
23 301 18 25 0.074734636 
439 354 21 28 0.07341698 
904 335 18 23 0.07334795 
519 487 22 29 0.07311771 
814 412 20 24 0.07234207 
303 331 19 25 0.07181878 
82 361 21 26 0.07043714 
665 502 28 34 0.0703785 
541 336 17 22 0.07005019 
744 388 19 24 0.067302786 
666 360 20 24 0.066795535 
361 381 20 24 0.066026986 
359 407 19 23 0.065431096 
20 289 19 25 0.06435458 
541 359 18 22 0.06404049 
812 464 23 30 0.06312494 
517 287 19 25 0.06266823 
649 324 20 24 0.062269393 
642 285 20 25 0.062156312 
950 352 21 28 0.06166797 
362 460 25 33 0.06076766 
644 362 19 24 0.060741216 
462 324 19 25 0.060544252 
110 431 23 29 0.060323894 
119 429 23 29 0.05973915 
865 328 20 26 0.058237724 
8 282 20 27 0.0559142 
847 465 20 26 0.055242274 
575 384 18 22 0.05506766 
282 309 20 26 0.054426394 
520 429 22 28 0.054411653 
928 440 20 25 0.053964786 
720 359 19 25 0.053935528 
694 312 18 23 0.053857345 
71 288 45 57 0.052567154 
259 351 19 23 0.05217308 
621 358 19 23 0.051772825 
2 355 21 32 0.051415186 
538 382 19 23 0.051278614 
709 463 21 26 0.05094936 
692 491 23 28 0.05043367 
517 260 21 24 0.05038487 
483 286 20 27 0.050213568 
440 331 20 25 0.050144624 
592 308 18 23 0.049144354 
701 457 20 26 0.048454873 
1 5 23 29 0.048454463 
537 306 17 22 0.048240878 
794 307 19 26 0.047274116 
458 480 24 31 0.047155052 
851 380 19 24 0.047023483 
695 331 20 24 0.0465619 
177 286 19 24 0.045751274 
722 332 19 25 0.045118924 
339 361 23 28 0.044547338 
618 325 19 26 0.044401113 
852 357 21 26 0.044131216 
255 331 22 26 0.043926995 
943 442 19 25 0.043600142 
645 505 27 34 0.04339371 
538 464 23 28 0.043340456 
899 442 20 25 0.04324879 
798 331 19 25 0.04300652 
765 332 19 23 0.042885583 
849 503 21 27 0.04280334 
567 356 19 23 0.042469088 
564 440 20 25 0.04239955 
199 486 22 27 0.042003356 
897 378 18 23 0.04132354 
253 289 24 29 0.041206304 
361 262 23 28 0.041073654 
594 480 28 35 0.040921025 
358 335 20 24 0.040681366 
223 437 19 24 0.040636867 
971 387 20 27 0.04047982 
991 457 22 32 0.0399475 
970 400 19 27 0.039945573 
720 286 22 27 0.039871875 
994 329 18 24 0.039277915 
618 289 21 26 0.03890847 
434 432 21 28 0.03848151 
901 473 28 37 0.03789115 
345 357 35 44 0.037774455 
928 381 18 23 0.037578568 
815 433 20 24 0.03731618 
203 332 18 23 0.037250355 
747 403 19 24 0.036931325 
158 304 17 21 0.03691309 
980 312 20 26 0.03634933 
771 487 20 27 0.036063705 
994 359 17 23 0.03568695 
380 236 20 26 0.03549502 
918 411 18 23 0.035307515 
772 357 19 24 0.035232767 
804 412 19 25 0.035041794 
514 459 21 28 0.03443703 
30 327 19 26 0.034437012 
742 358 20 24 0.03442945 
161 333 17 22 0.034412485 
564 311 18 23 0.034382444 
866 316 19 23 0.03435638 
127 323 31 39 0.034206614 
338 378 19 24 0.033663068 
125 264 21 26 0.033527955 
8 303 19 29 0.033372045 
237 323 21 26 0.033305842 
786 462 46 55 0.033265565 
947 454 20 27 0.033242498 
590 438 22 27 0.03321403 
7 174 19 27 0.03288957 
235 287 22 29 0.03249317 
283 282 20 25 0.032355037 
437 415 21 26 0.03220429 
410 307 20 26 0.032165606 
337 439 19 26 0.03210124 
816 389 19 24 0.032028943 
230 292 44 54 0.031981964 
388 279 20 25 0.031930935 
241 488 21 25 0.03172545 
907 413 18 22 0.03146546 
539 290 17 22 0.030969376 
454 434 46 56 0.030898433 
357 581 29 31 0.030620283 
14 295 30 46 0.030590545 
232 463 18 22 0.030330138 
338 456 22 28 0.030045897 
663 381 19 24 0.029979419 
288 357 19 23 0.029557543 
821 183 21 25 0.029362714 
418 436 19 24 0.02921081 
480 440 23 29 0.029166004 
614 182 22 26 0.029144771 
981 461 20 30 0.029044354 
340 407 18 24 0.029036315 
432 279 22 28 0.02890809 
565 459 20 26 0.028794918 
440 459 21 29 0.02879172 
98 284 28 34 0.028756732 
184 357 18 23 0.028735995 
868 362 20 24 0.028591763 
920 456 20 27 0.028582694 
230 358 18 24 0.028189875 
700 441 20 25 0.02804662 
667 437 22 26 0.027878378 
468 283 22 28 0.027821587 
950 311 20 25 0.02714231 
207 282 20 25 0.026955143 
58 303 18 25 0.026897665 
212 355 19 23 0.026809338 
794 354 19 24 0.02678554 
518 387 20 26 0.026764765 
361 431 20 25 0.026566189 
654 481 48 59 0.02651809 
81 375 19 25 0.026477436 
105 259 24 28 0.02643615 
846 439 19 24 0.026414236 
50 351 19 24 0.026218705 
516 355 19 23 0.026193138 
100 326 21 26 0.026144493 
412 460 19 25 0.026110224 
710 480 23 29 0.026103757 
914 483 24 31 0.026023842 
745 458 20 25 0.025744068 
206 459 22 26 0.025627224 
305 360 18 23 0.025614545 
688 177 18 22 0.025608597 
869 377 18 22 0.025539232 
712 437 19 23 0.025529554 
256 402 19 24 0.025474614 
844 497 35 44 0.025410209 
865 484 22 31 0.02508002 
995 381 19 25 0.025031198 
256 391 20 24 0.024977118 
2 259 21 27 0.024963781 
491 350 20 26 0.024952048 
695 377 20 25 0.024922837 
445 492 40 51 0.0247553 
964 375 31 45 0.02475216 
31 354 19 26 0.02460598 
724 381 17 22 0.024578836 
338 324 22 26 0.024554841 
3 374 19 28 0.024463274 
593 457 24 29 0.024384366 
796 505 23 29 0.024259321 
52 335 19 25 0.024243848 
52 428 23 26 0.02423336 
924 507 25 32 0.02422576 
923 435 31 41 0.024114579 
306 286 44 55 0.023987599 
475 470 36 44 0.023654502 
720 410 18 22 0.02327878 
681 503 23 30 0.023244858 
486 256 22 27 0.02320165 
974 478 21 31 0.02296596 
108 415 21 26 0.02286178 
872 511 24 31 0.022843078 
912 450 34 43 0.022763796 
815 311 47 56 0.022628708 
643 491 24 30 0.02253386 
327 257 23 29 0.022519447 
386 407 18 24 0.022491595 
739 286 21 26 0.022487715 
414 332 19 23 0.022447614 
607 481 25 32 0.022424731 
876 530 23 28 0.022413507 
384 258 21 28 0.022373842 
920 333 29 40 0.022337122 
305 202 20 24 0.022309646 
820 510 22 28 0.02220831 
47 465 22 27 0.022201879 
82 175 20 25 0.022136992 
82 438 21 25 0.022107305 
802 433 20 26 0.022101928 
416 358 20 25 0.022002906 
413 429 32 42 0.022000423 
410 383 21 28 0.021992898 
53 407 22 25 0.021978492 
98 356 21 25 0.0219472 
368 235 21 25 0.021939147 
77 350 33 42 0.021921162 
846 409 18 22 0.021919584 
511 469 48 60 0.021796962 
312 458 22 28 0.02179612 
125 417 21 25 0.021774512 
210 414 21 26 0.021738794 
747 486 22 27 0.021732023 
889 457 52 66 0.02165711 
841 537 23 27 0.021448912 
360 444 48 63 0.021319646 
411 279 22 27 0.021148259 
956 406 19 26 0.021142762 
20 317 35 54 0.021093857 
843 46 27 31 0.02091919 
130 356 18 23 0.020824974 
456 503 24 32 0.02079465 
383 436 20 25 0.02076971 
264 437 18 22 0.02076502 
410 407 21 26 0.020719932 
695 405 19 25 0.020689566 
954 327 43 55 0.020674711 
955 381 19 27 0.020621942 
383 383 19 24 0.020606 
566 406 18 23 0.02052576 
5 331 19 30 0.020424517 
479 311 47 60 0.02039351 
686 446 48 60 0.020302152 
327 235 19 24 0.020176316 
443 459 53 64 0.02002958 
