10_People_Marching_People_Marching_10_People_Marching_People_Marching_10_524
186
585 164 67 82 0.98342913 
61 129 77 90 0.97929746 
838 137 59 69 0.9487426 
483 92 72 90 0.3639917 
282 208 42 48 0.23665878 
913 169 30 40 0.16876382 
763 80 42 58 0.14900288 
354 228 22 28 0.13793233 
691 84 37 46 0.1275136 
871 134 60 75 0.11187119 
506 77 30 36 0.09684847 
507 94 32 39 0.07670801 
641 127 36 48 0.07555094 
337 117 36 45 0.06977064 
884 245 44 56 0.069393575 
364 286 21 26 0.065189615 
6 138 37 52 0.064571954 
149 234 27 35 0.06401024 
290 129 26 32 0.062356584 
491 242 33 42 0.06190492 
923 67 43 55 0.061815273 
703 193 46 55 0.058932163 
534 70 28 34 0.057027902 
212 247 24 31 0.055082045 
358 253 19 23 0.05206295 
522 64 43 58 0.05063067 
339 260 21 26 0.050465748 
729 204 43 54 0.050075002 
76 59 69 78 0.047440767 
298 142 36 45 0.046970714 
414 254 22 29 0.045882054 
517 111 51 65 0.04588099 
145 171 39 54 0.045673925 
504 232 27 36 0.044816457 
147 138 42 59 0.043633424 
473 118 49 65 0.04223344 
79 40 49 51 0.040799268 
915 153 31 39 0.040646814 
275 195 64 79 0.04059978 
891 221 41 54 0.040058672 
386 230 21 27 0.039668877 
435 105 23 29 0.03955371 
48 149 51 63 0.03937639 
110 79 48 63 0.038173955 
8 162 41 54 0.037833765 
335 194 23 30 0.03762039 
329 181 25 33 0.037173953 
462 115 39 54 0.03684267 
495 237 49 61 0.036633044 
195 176 57 73 0.03655264 
651 273 62 72 0.03644658 
59 84 81 97 0.035895575 
31 660 23 28 0.035314403 
656 198 41 55 0.034015518 
466 124 23 32 0.033866994 
304 173 28 36 0.033756416 
945 167 26 33 0.033634983 
443 151 62 77 0.033605002 
405 231 22 29 0.033331722 
531 54 28 35 0.033260845 
286 144 28 35 0.033030655 
100 136 49 63 0.0329146 
247 169 38 50 0.03226719 
261 259 24 33 0.032173265 
285 113 49 63 0.032052808 
142 83 41 55 0.03145044 
703 137 43 55 0.03143268 
326 190 38 48 0.031415816 
136 217 49 63 0.03067604 
342 230 20 28 0.030615954 
253 190 55 68 0.0301128 
15 234 43 59 0.02964485 
962 80 38 59 0.029593807 
704 77 35 45 0.029553056 
428 98 38 46 0.029503461 
124 93 29 38 0.029275145 
206 225 35 49 0.029044826 
866 38 41 49 0.029024936 
120 145 28 40 0.02885484 
143 113 41 57 0.028611053 
557 154 67 82 0.02856957 
516 54 28 33 0.028299741 
169 167 39 53 0.028292803 
224 233 23 29 0.028230455 
388 251 20 24 0.028096016 
-2 94 70 98 0.028020347 
971 156 25 33 0.027845243 
460 254 26 33 0.027833143 
324 139 37 46 0.027752971 
480 140 28 37 0.0276427 
745 87 42 55 0.02761132 
441 203 55 69 0.027600002 
448 239 53 66 0.027578019 
677 245 45 58 0.027363844 
308 279 27 32 0.027207313 
330 273 22 29 0.027069 
156 145 26 34 0.026937727 
416 129 61 76 0.026634717 
334 103 27 35 0.026468955 
907 137 60 79 0.026409429 
458 226 26 34 0.026407775 
557 13 43 52 0.026229767 
226 132 26 33 0.02621843 
103 91 31 40 0.02616711 
248 234 60 72 0.025985291 
466 146 24 31 0.025890492 
913 223 25 32 0.025813445 
756 532 344 364 0.025803365 
357 208 24 31 0.025422335 
-142 428 524 551 0.025225969 
434 217 38 48 0.025223987 
218 186 40 51 0.025124533 
424 176 61 73 0.024978165 
333 221 35 43 0.024810605 
326 307 26 32 0.024734182 
99 67 33 39 0.024690265 
225 140 38 50 0.02465705 
536 124 63 82 0.024615001 
467 106 22 29 0.024575146 
358 280 36 44 0.024557741 
283 226 67 89 0.024527663 
774 65 42 58 0.02451719 
897 144 28 38 0.024506412 
311 302 27 33 0.024391547 
900 204 30 39 0.024381014 
284 166 56 70 0.024345556 
255 154 25 32 0.024337262 
756 193 40 55 0.024210325 
346 130 42 50 0.024094949 
783 102 45 58 0.024016153 
262 206 23 31 0.023948569 
438 121 21 27 0.023884049 
430 118 39 50 0.023841595 
939 147 40 52 0.023739172 
807 319 70 89 0.023532007 
158 178 55 71 0.023419688 
253 267 27 35 0.02340079 
425 251 35 46 0.023188163 
588 325 676 736 0.023120573 
479 215 52 65 0.023090327 
556 486 27 33 0.02307169 
390 215 54 68 0.023070702 
203 172 30 37 0.022936428 
268 88 38 50 0.0227603 
321 267 38 44 0.022732457 
727 133 47 58 0.022724072 
284 175 30 37 0.022627175 
601 50 46 62 0.02247596 
351 246 32 42 0.022416756 
868 61 39 53 0.02233498 
294 280 58 63 0.02230656 
729 168 48 61 0.02219541 
331 252 35 44 0.022189373 
455 271 29 36 0.022167498 
432 275 25 35 0.022126295 
533 96 28 35 0.02185899 
707 173 35 43 0.021762758 
972 194 32 48 0.021747854 
400 240 51 67 0.021702487 
611 190 64 78 0.02160147 
490 99 26 35 0.021576837 
217 243 35 45 0.021455038 
313 162 57 70 0.021356462 
556 247 41 53 0.021323493 
307 103 23 30 0.0212756 
582 25 54 76 0.020997962 
485 123 28 38 0.02093195 
396 182 62 75 0.020884277 
685 205 52 65 0.020860674 
886 179 55 70 0.020744285 
586 83 41 55 0.020683555 
127 126 28 39 0.020680673 
177 151 27 35 0.020631427 
837 37 43 53 0.020631298 
919 85 62 81 0.02062871 
463 176 26 33 0.020612568 
915 196 26 34 0.020526035 
809 189 43 54 0.020446224 
499 177 74 90 0.02042925 
659 88 40 51 0.020257998 
728 17 55 49 0.02024805 
130 532 365 353 0.020184334 
266 223 23 30 0.020181917 
90 156 44 57 0.020132486 
544 25 56 73 0.0200834 
555 336 72 83 0.02004628 
