10_People_Marching_People_Marching_2_60
269
844 189 35 43 0.8378828 
922 219 35 42 0.80323505 
402 227 30 35 0.7820379 
358 213 25 31 0.4943972 
105 200 38 44 0.3943585 
229 178 27 33 0.37438118 
664 193 35 42 0.25003624 
851 276 23 29 0.20129324 
163 89 43 48 0.19696563 
261 234 24 30 0.17172106 
516 178 27 32 0.15752576 
590 181 29 39 0.14080082 
47 306 27 35 0.13844648 
556 95 28 35 0.1343246 
772 155 28 33 0.13196652 
148 -1 21 24 0.11636634 
763 227 30 38 0.11333211 
798 225 28 34 0.11042897 
663 176 33 40 0.109288104 
406 209 24 29 0.10584459 
259 195 23 29 0.10309431 
516 193 28 32 0.10176394 
784 153 25 31 0.09975285 
5 19 70 78 0.09903373 
226 191 27 32 0.0977233 
278 95 29 33 0.08566681 
915 283 24 30 0.08519639 
330 248 31 39 0.083919026 
769 268 27 37 0.079481326 
489 170 22 28 0.07653895 
312 234 24 30 0.07207086 
217 167 47 55 0.06883707 
610 191 24 32 0.06739263 
223 249 24 32 0.06735221 
774 163 37 44 0.06403583 
386 207 22 27 0.06281523 
506 227 26 33 0.062080704 
150 320 28 33 0.061514735 
640 203 24 31 0.06085467 
484 102 23 33 0.059939593 
492 230 26 33 0.059754875 
150 95 35 41 0.057735037 
505 250 26 33 0.057413355 
394 228 24 30 0.057381935 
330 326 21 26 0.056312032 
95 337 27 34 0.055800628 
535 78 52 68 0.055497807 
312 248 23 30 0.055407602 
488 158 21 29 0.05246589 
385 185 20 26 0.05232422 
680 200 29 35 0.049512833 
354 257 23 28 0.04863822 
366 310 23 30 0.04862507 
665 333 40 52 0.048310086 
233 0 26 26 0.04777046 
562 201 25 32 0.047677875 
383 105 22 29 0.047328036 
517 158 24 28 0.04679384 
184 2 21 25 0.04645936 
228 231 23 28 0.04643958 
362 106 24 31 0.046162847 
0 337 21 29 0.04551517 
254 186 22 29 0.04530741 
847 262 24 30 0.04501887 
544 252 25 32 0.044948507 
195 96 24 32 0.044568002 
-3 95 21 33 0.044010676 
611 281 29 38 0.04342997 
582 167 49 62 0.0428654 
556 223 26 32 0.042684495 
639 223 26 32 0.042582475 
329 363 21 27 0.04212777 
877 253 23 28 0.04137513 
72 102 24 32 0.04091487 
186 21 24 28 0.04067022 
383 126 24 34 0.040551234 
973 225 21 29 0.04053525 
743 198 34 44 0.04046932 
878 309 22 29 0.040200878 
359 182 22 28 0.04009134 
503 159 51 61 0.039939765 
652 243 40 51 0.039400365 
950 6 27 29 0.039101575 
209 297 25 35 0.039099976 
229 157 24 29 0.039044946 
811 229 24 30 0.038937274 
545 95 26 33 0.038197763 
621 316 35 45 0.03808746 
688 241 39 50 0.03803387 
347 200 47 58 0.037325416 
942 152 24 30 0.037316747 
818 74 23 32 0.03723787 
527 174 25 33 0.036976263 
820 87 35 51 0.036798283 
440 172 21 29 0.036664058 
363 323 24 29 0.0363881 
387 250 33 40 0.035826135 
531 154 23 30 0.03582017 
493 247 27 33 0.03538499 
211 175 26 33 0.035043348 
391 272 25 31 0.034726426 
646 27 49 50 0.034202002 
436 205 22 29 0.03416566 
994 222 20 27 0.033902258 
638 153 22 28 0.033832375 
945 251 25 31 0.033586465 
826 95 22 31 0.033467896 
266 99 22 28 0.033101115 
207 248 35 46 0.03261074 
251 2 25 27 0.032307427 
479 268 60 79 0.03204126 
666 157 26 33 0.031946424 
156 228 22 28 0.03185289 
247 224 45 54 0.03171724 
873 155 21 26 0.031566754 
867 282 20 26 0.03155566 
510 284 26 34 0.031536166 
761 188 38 48 0.031381283 
822 153 21 27 0.03134035 
23 44 73 87 0.031166598 
361 121 28 39 0.030899653 
966 7 22 26 0.030577539 
629 264 42 50 0.030526545 
469 354 22 27 0.03036986 
924 351 25 32 0.030262507 
405 100 22 26 0.030203069 
272 104 43 51 0.029947963 
663 216 31 37 0.029920697 
522 141 38 50 0.029758379 
973 302 25 32 0.029673433 
612 251 28 34 0.02939097 
356 278 21 28 0.029387569 
82 334 26 33 0.0293816 
480 359 21 26 0.029330932 
608 217 37 46 0.029312223 
307 206 22 28 0.02927222 
896 149 20 27 0.02895697 
120 173 27 37 0.02863616 
274 235 21 27 0.028548362 
749 522 352 377 0.028377922 
742 255 55 72 0.028330235 
91 188 63 71 0.028240623 
827 191 36 43 0.028239086 
366 118 53 69 0.027862202 
972 254 23 30 0.027831053 
384 79 22 28 0.02777269 
642 178 25 31 0.027760606 
849 155 23 29 0.027451422 
928 151 24 30 0.027430795 
818 109 34 51 0.027399354 
105 176 29 38 0.027386978 
834 359 41 45 0.027252132 
649 148 62 77 0.027095249 
554 184 52 61 0.02697202 
591 254 25 32 0.02694335 
641 252 29 35 0.02690591 
530 197 26 33 0.026854677 
222 304 25 30 0.026784815 
207 224 33 43 0.02678177 
334 103 24 31 0.0267075 
891 309 23 30 0.026615124 
821 124 21 30 0.02655504 
977 208 22 31 0.026466107 
312 0 20 22 0.026329547 
335 2 19 21 0.026260246 
642 130 23 29 0.02619664 
921 238 29 38 0.026160272 
408 144 24 31 0.025929762 
53 88 42 52 0.02592568 
-147 414 534 556 0.0257414 
603 267 52 64 0.025678912 
779 215 46 57 0.02563793 
381 306 22 28 0.025613295 
784 193 36 47 0.025466952 
281 118 27 32 0.025465846 
492 302 24 32 0.025422515 
939 207 26 32 0.025327051 
412 82 22 28 0.025282886 
404 127 24 30 0.02507778 
136 103 25 30 0.025046118 
211 193 35 44 0.0250059 
273 130 43 56 0.024938772 
483 150 34 44 0.024911273 
838 107 36 50 0.024871767 
484 220 47 57 0.024816029 
509 298 25 33 0.024787327 
660 269 27 35 0.024751673 
632 149 36 48 0.024733149 
83 332 49 57 0.02468848 
378 175 35 46 0.02459101 
794 57 40 53 0.024521755 
174 277 61 76 0.024370449 
340 208 23 28 0.024339315 
353 173 37 48 0.024330625 
140 300 45 52 0.024311058 
814 56 23 29 0.024244312 
215 218 46 57 0.024238795 
891 242 36 45 0.02418515 
65 107 39 51 0.023957117 
435 0 82 92 0.023703782 
328 265 34 42 0.023692923 
495 70 61 82 0.023655318 
299 97 26 31 0.023614192 
131 317 38 45 0.0235735 
337 29 21 25 0.023561472 
467 232 22 28 0.023509717 
337 182 21 28 0.023491004 
410 184 21 27 0.023421928 
867 128 20 27 0.023385536 
535 222 36 45 0.023312114 
995 154 19 25 0.023309883 
746 221 29 37 0.023206715 
977 275 24 30 0.023202274 
338 127 23 31 0.023047412 
825 178 24 31 0.022996549 
751 175 22 28 0.022990068 
402 279 25 32 0.022829255 
489 324 23 30 0.022739194 
349 309 50 60 0.022734452 
310 28 21 24 0.022603469 
186 351 21 28 0.022516008 
618 298 65 75 0.02236735 
683 174 29 35 0.022348912 
662 41 28 31 0.022346016 
156 209 22 29 0.022308243 
623 138 58 75 0.022251878 
182 223 21 28 0.022237482 
677 213 40 48 0.022179233 
357 76 22 28 0.022043493 
561 95 71 91 0.021955522 
487 117 22 29 0.021952247 
864 319 34 40 0.021919757 
512 125 22 28 0.021918297 
619 28 23 25 0.021911547 
909 223 53 62 0.021780076 
487 73 22 29 0.021603083 
595 282 24 30 0.021568777 
647 199 55 62 0.021547811 
794 132 22 27 0.021491196 
96 109 36 48 0.021465868 
925 176 26 32 0.021345023 
685 29 27 30 0.02127357 
333 312 22 27 0.0212174 
487 203 22 26 0.021209257 
77 232 26 32 0.021198004 
468 101 22 29 0.02104668 
864 292 51 62 0.021032736 
281 145 26 33 0.020989034 
332 231 22 30 0.020960629 
278 82 58 66 0.020862347 
204 26 24 27 0.020826036 
278 0 22 24 0.020818798 
75 238 36 49 0.020648757 
132 421 38 51 0.020620773 
563 169 39 49 0.02061875 
377 259 50 58 0.020615952 
438 157 22 30 0.020463193 
484 309 39 48 0.020301633 
491 282 25 33 0.02026772 
856 358 37 42 0.020207714 
340 242 48 59 0.02017665 
843 291 34 42 0.020154487 
207 324 23 31 0.020126626 
673 252 61 76 0.020126037 
592 133 62 80 0.020125786 
837 263 48 59 0.02008438 
278 202 22 28 0.020083606 
491 242 51 63 0.020024069 
630 91 42 50 0.020015802 
