10_People_Marching_People_Marching_2_401
271
334 408 62 77 0.9996717 
637 539 75 90 0.998016 
98 516 58 73 0.99432904 
193 353 53 67 0.992113 
26 414 51 60 0.9764505 
800 279 39 48 0.938658 
732 302 33 40 0.9327617 
489 267 30 38 0.9163442 
853 506 90 143 0.91552764 
551 500 51 59 0.8337093 
671 420 38 48 0.81186044 
45 288 23 29 0.80787814 
350 325 30 37 0.8015123 
250 272 22 29 0.7863968 
669 257 28 35 0.7333401 
726 381 38 46 0.69278663 
866 258 28 37 0.68387026 
106 284 24 30 0.6582849 
918 269 26 35 0.5987339 
626 253 25 31 0.57343566 
186 264 21 27 0.5509831 
282 295 24 30 0.54520476 
567 261 23 29 0.54460955 
428 235 22 27 0.54040694 
541 240 21 27 0.521941 
311 262 21 27 0.4370287 
-4 355 27 42 0.4055879 
745 236 21 26 0.39315912 
657 357 30 38 0.38369212 
350 275 22 28 0.34274542 
387 247 22 28 0.2968941 
745 246 23 31 0.2836227 
583 257 22 29 0.24442232 
243 281 20 26 0.20405638 
386 311 24 29 0.19247048 
60 318 36 46 0.1820915 
820 238 21 26 0.17990793 
766 258 24 30 0.16823998 
135 195 19 26 0.1582899 
505 346 35 48 0.15260766 
509 238 20 25 0.14914308 
37 282 21 28 0.1438807 
554 348 33 44 0.14211252 
776 208 19 23 0.13968307 
591 303 26 33 0.1329141 
430 350 37 44 0.13161564 
102 384 31 38 0.13055448 
983 235 19 25 0.12922637 
258 267 21 27 0.12873548 
121 286 21 28 0.124961786 
200 281 22 27 0.12120487 
634 453 40 49 0.11923589 
840 401 35 46 0.117210045 
536 348 37 46 0.11579027 
446 346 37 45 0.11453932 
590 230 20 25 0.10900107 
501 256 26 34 0.108437225 
862 549 121 138 0.10720828 
739 423 41 52 0.106246784 
854 237 20 25 0.10395039 
312 357 27 34 0.10163502 
418 246 21 28 0.09828481 
668 239 21 26 0.09791655 
606 452 29 37 0.09723591 
759 271 27 35 0.09277406 
980 247 21 32 0.08948766 
623 234 21 27 0.087989934 
122 300 22 28 0.086620405 
872 201 18 22 0.08569467 
718 231 18 23 0.08248958 
785 374 36 50 0.08231843 
493 229 21 26 0.082241796 
551 452 48 62 0.07934997 
900 234 17 22 0.07626001 
335 261 20 26 0.07605175 
336 273 29 35 0.075522564 
815 251 28 34 0.074383594 
878 503 53 67 0.07338643 
832 347 37 46 0.07127873 
796 231 19 24 0.07097448 
354 261 21 27 0.07088372 
853 252 25 33 0.0704229 
438 211 18 23 0.070325695 
197 264 20 25 0.06973563 
47 293 31 40 0.06912551 
894 259 23 30 0.06873304 
790 213 17 21 0.06853432 
487 352 34 45 0.06694303 
683 437 43 53 0.062884964 
206 299 25 31 0.06257642 
384 322 24 30 0.062170044 
536 478 54 63 0.06147695 
238 235 18 23 0.061436802 
128 325 25 32 0.06121097 
862 398 37 45 0.061051678 
331 234 18 23 0.060864348 
646 353 28 36 0.06078818 
315 236 18 23 0.060776092 
681 252 25 32 0.060157806 
768 230 20 25 0.05990119 
460 228 19 25 0.059722506 
440 335 25 30 0.057135504 
697 233 19 24 0.055631686 
291 462 42 52 0.055517923 
558 368 37 47 0.054453548 
655 438 45 56 0.05435087 
285 260 18 24 0.054300103 
867 236 19 24 0.053923283 
286 235 18 22 0.05384267 
947 324 29 39 0.05372322 
533 331 35 47 0.0534484 
585 276 23 30 0.053434134 
825 204 18 23 0.0532907 
328 302 23 29 0.051406395 
157 280 19 25 0.05125238 
360 236 19 24 0.051152933 
31 263 19 25 0.050750345 
3 335 23 32 0.050509147 
978 202 16 22 0.05046239 
765 370 38 49 0.05045184 
384 283 22 28 0.04997027 
505 364 40 54 0.04982724 
537 281 22 30 0.049545575 
715 360 37 49 0.04929846 
276 356 26 33 0.049242668 
715 212 16 22 0.04853846 
632 409 28 37 0.048488293 
908 564 74 82 0.04792356 
311 308 21 27 0.047795195 
731 540 46 62 0.047081366 
680 538 62 79 0.04672742 
416 179 20 25 0.046562046 
589 320 35 46 0.046543293 
949 235 18 23 0.04629172 
837 517 68 99 0.045686927 
529 366 40 53 0.04540638 
925 237 18 22 0.04417879 
592 213 18 23 0.044080965 
687 465 46 56 0.04404872 
427 370 33 41 0.04356868 
456 337 22 30 0.043134823 
610 354 27 35 0.042847376 
560 235 20 25 0.04260727 
607 494 43 57 0.042113822 
993 234 17 25 0.041285377 
101 478 63 81 0.041164134 
724 255 21 27 0.040692504 
813 374 36 50 0.040464733 
767 186 18 20 0.040019423 
577 373 34 45 0.039873034 
993 273 20 32 0.039785676 
516 332 27 35 0.039765265 
615 383 26 35 0.039719008 
202 229 18 22 0.03971387 
76 281 22 27 0.03969557 
4 656 28 34 0.03944138 
50 259 20 25 0.03928689 
540 301 24 32 0.039256487 
890 510 32 38 0.038923435 
619 398 27 34 0.03867575 
566 476 45 59 0.038109723 
586 449 37 48 0.038049575 
160 261 19 24 0.037613455 
73 309 25 32 0.03733434 
76 257 20 25 0.037210193 
942 252 23 30 0.037049737 
746 280 28 33 0.036972318 
183 232 18 23 0.0364077 
588 603 31 41 0.03503185 
822 394 35 47 0.034972183 
274 373 35 44 0.034702282 
468 256 22 28 0.03424198 
899 272 24 32 0.03418293 
530 391 38 49 0.03400002 
606 321 35 45 0.033968735 
871 190 18 21 0.033884212 
99 426 38 50 0.03388254 
586 354 26 35 0.033330098 
417 355 26 32 0.033101663 
557 428 41 50 0.033009697 
236 259 18 24 0.03297882 
278 330 25 31 0.03280311 
750 434 42 56 0.0324973 
982 273 21 33 0.032494403 
507 395 32 44 0.032491058 
449 360 43 51 0.032395188 
157 307 22 26 0.03220889 
842 265 34 45 0.032170013 
95 443 58 74 0.032021392 
3 284 19 26 0.031539556 
130 228 19 26 0.031522542 
487 216 17 22 0.031141018 
681 501 54 68 0.030981429 
310 333 24 29 0.030758781 
557 334 27 37 0.03034083 
22 334 25 33 0.030330649 
459 214 18 22 0.030092474 
-131 407 511 553 0.02990084 
863 352 35 46 0.029852798 
784 348 38 51 0.029673593 
617 244 40 52 0.02957212 
600 514 60 76 0.029552907 
359 311 26 30 0.028618516 
322 341 37 47 0.028550724 
560 396 37 47 0.028529955 
748 214 18 22 0.027587354 
993 251 19 30 0.027449233 
975 189 16 22 0.027326753 
842 379 29 38 0.027206909 
410 308 21 28 0.026974397 
871 380 25 32 0.026942562 
637 499 69 85 0.026527604 
361 212 16 21 0.026337922 
897 209 16 20 0.026240852 
955 205 16 21 0.02621294 
861 420 39 50 0.025924584 
846 423 28 36 0.025854187 
637 212 19 23 0.025770657 
130 257 20 25 0.025587019 
792 255 25 32 0.025578424 
235 302 21 28 0.025520422 
416 204 19 25 0.02536162 
635 425 29 36 0.025322247 
820 351 28 38 0.025242953 
637 40 81 103 0.025102293 
401 470 43 53 0.025023567 
412 330 21 27 0.024753686 
253 236 18 23 0.02470911 
717 395 60 70 0.024618445 
874 507 28 37 0.024535147 
893 406 24 30 0.02440363 
718 280 25 32 0.023898853 
158 231 18 22 0.023861792 
854 591 76 89 0.023760376 
257 302 22 28 0.023716638 
254 397 36 48 0.02340184 
49 413 54 69 0.023366401 
866 478 48 63 0.023341855 
861 446 43 56 0.023246344 
122 393 36 46 0.023142498 
42 384 44 57 0.023101224 
975 292 29 49 0.022932466 
619 211 19 24 0.02291153 
305 364 36 47 0.022668567 
909 505 84 109 0.022648918 
868 529 33 52 0.022646047 
835 566 75 94 0.0226189 
994 331 19 29 0.022503346 
263 331 23 30 0.022345526 
149 200 18 24 0.022322351 
752 298 35 45 0.02216288 
847 209 17 21 0.021833079 
643 371 33 42 0.021778418 
411 280 21 28 0.021677032 
468 276 23 30 0.021605615 
388 206 18 24 0.021469308 
875 391 52 65 0.021441594 
967 319 31 47 0.021430228 
516 211 17 21 0.021365352 
771 357 27 35 0.021346118 
95 272 45 55 0.02099071 
621 271 25 32 0.020814983 
647 463 46 56 0.020643046 
872 300 25 33 0.020585123 
840 332 27 35 0.02048398 
682 357 35 44 0.020395897 
940 580 37 44 0.020392977 
591 435 27 35 0.020182947 
807 467 47 59 0.020157577 
911 250 43 56 0.020113755 
613 478 31 42 0.02001691 
