10_People_Marching_People_Marching_2_944
182
607 441 55 66 0.6510148 
673 269 53 66 0.39400065 
476 446 39 52 0.37224293 
60 457 33 43 0.27315542 
70 565 33 41 0.23158357 
249 450 28 37 0.2132992 
234 464 29 40 0.19610152 
111 405 37 47 0.15582304 
4 708 34 52 0.1542152 
248 515 32 41 0.15158132 
-1 478 27 42 0.13941593 
47 449 28 40 0.13917652 
69 718 36 43 0.12269109 
124 415 36 45 0.12177898 
458 425 63 84 0.10676151 
406 575 43 53 0.1041413 
238 531 36 46 0.09610831 
203 539 32 41 0.0845619 
266 515 32 40 0.08219329 
262 406 33 41 0.07973282 
415 108 93 114 0.07945555 
133 482 27 34 0.07454263 
216 474 28 35 0.073724315 
183 72 101 107 0.072764486 
273 534 33 42 0.07170114 
412 564 72 77 0.071581624 
42 433 46 67 0.06927001 
170 486 27 35 0.067048356 
480 403 36 46 0.06655683 
283 478 28 36 0.0651727 
34 4 34 39 0.055561136 
37 634 29 38 0.054572687 
108 509 31 39 0.05187883 
31 401 33 42 0.049200337 
281 276 38 46 0.04881064 
641 791 103 107 0.048745047 
9 536 27 36 0.0487043 
264 438 29 38 0.04859906 
112 479 29 36 0.047239803 
98 631 32 40 0.046616323 
443 437 37 52 0.044794284 
6 402 31 42 0.044319022 
594 75 125 134 0.043419287 
171 503 28 34 0.042879205 
616 155 77 98 0.042862993 
150 304 29 41 0.042479306 
142 309 49 70 0.042123478 
694 543 33 43 0.041841254 
276 611 33 45 0.04181866 
104 394 61 79 0.04153669 
183 710 32 39 0.041102413 
690 334 57 77 0.03980291 
26 95 141 232 0.03977174 
132 506 27 34 0.039102495 
1 501 28 43 0.038756955 
444 403 36 48 0.037761446 
102 378 32 40 0.03746487 
112 428 33 43 0.037190273 
616 165 43 53 0.03707179 
446 450 51 70 0.03689213 
636 497 54 67 0.0359948 
38 619 27 36 0.035919975 
569 536 56 69 0.03484422 
645 532 30 38 0.034467183 
211 513 28 36 0.034043923 
176 584 30 40 0.033611093 
104 9 30 34 0.033519633 
408 420 58 79 0.03346084 
612 96 41 46 0.033437975 
731 4 191 212 0.033343114 
214 450 26 34 0.03330808 
684 496 53 69 0.032885298 
278 635 49 71 0.032823894 
426 161 64 83 0.032667816 
298 481 29 37 0.03262489 
28 128 32 46 0.032545682 
16 381 55 67 0.03227924 
143 279 24 33 0.032157812 
548 460 46 59 0.03209493 
28 370 40 45 0.03194188 
603 398 60 72 0.031832557 
633 437 45 55 0.03174841 
447 505 34 45 0.03153577 
455 489 59 72 0.03145652 
74 691 31 38 0.03139169 
671 462 51 67 0.03134 
289 604 57 76 0.031277385 
324 605 54 69 0.031235073 
628 321 79 101 0.031008802 
587 436 54 65 0.030989673 
8 580 27 35 0.030809715 
6 1284 38 52 0.030538652 
333 570 53 68 0.030339608 
3 527 43 59 0.029584074 
277 673 34 43 0.029526656 
643 230 38 47 0.028924687 
674 637 39 48 0.02892184 
44 94 90 120 0.02887834 
494 461 49 62 0.028870223 
594 366 33 42 0.028803967 
226 517 64 78 0.028631775 
1 689 30 43 0.028305868 
377 365 35 46 0.02824888 
170 451 26 33 0.028151799 
636 188 44 53 0.028065396 
291 398 52 67 0.027790701 
678 441 34 45 0.027663697 
303 579 34 41 0.027567592 
273 578 31 39 0.0273667 
414 398 93 118 0.027019603 
576 1 40 40 0.026507366 
670 515 74 95 0.026470136 
8 437 27 38 0.026415067 
434 541 44 53 0.026189478 
102 137 33 46 0.026143584 
133 611 34 43 0.026112031 
70 515 69 89 0.026106898 
600 354 52 62 0.026064906 
289 575 56 70 0.025856698 
496 535 85 106 0.025686933 
14 61 51 70 0.025459545 
409 548 37 45 0.025373552 
639 404 43 54 0.025343627 
713 505 33 47 0.025310762 
306 430 32 42 0.024830192 
70 507 31 38 0.024760175 
539 541 54 71 0.02466796 
591 441 89 111 0.024632772 
201 568 30 39 0.024616497 
76 133 30 41 0.02461588 
75 171 27 38 0.024448426 
5 822 28 42 0.024270466 
470 653 67 87 0.024243228 
19 109 52 76 0.023984697 
197 523 61 74 0.023694657 
62 150 58 84 0.02365324 
633 207 63 77 0.02364062 
464 375 50 69 0.023498815 
567 500 57 73 0.023362398 
56 393 51 61 0.023214824 
488 434 48 63 0.023044165 
500 490 53 70 0.022690691 
92 76 85 104 0.022524439 
845 -17 113 146 0.022501994 
371 337 48 64 0.022298718 
719 473 32 42 0.022274895 
475 381 31 41 0.022273753 
28 356 81 99 0.022039019 
674 816 49 54 0.022032121 
409 407 35 47 0.021987863 
336 529 50 65 0.021968212 
201 684 31 38 0.021806287 
-8 400 75 114 0.021787092 
245 498 62 77 0.021711813 
447 377 35 44 0.021686384 
97 72 135 188 0.02167232 
76 613 30 36 0.021639649 
289 503 45 57 0.02159556 
332 1263 35 45 0.02156478 
175 1322 34 37 0.021512272 
297 535 35 46 0.021505613 
617 304 36 49 0.02133718 
425 506 96 113 0.02126703 
608 338 38 49 0.02121303 
641 359 41 51 0.021117106 
230 427 61 79 0.021115078 
653 271 38 47 0.02106848 
250 389 64 79 0.021063695 
623 506 81 98 0.020817025 
481 661 95 114 0.020699278 
603 254 50 69 0.020674614 
505 400 35 45 0.020659003 
9 69 31 43 0.020541113 
102 158 28 42 0.020471849 
159 590 44 58 0.020424232 
205 642 33 41 0.020286355 
26 202 102 134 0.020267427 
112 454 63 81 0.020189915 
273 376 34 42 0.020147532 
652 251 81 109 0.02014626 
8 -5 72 84 0.020065308 
94 575 33 43 0.020058176 
