26_Soldier_Drilling_Soldiers_Drilling_26_832
51
784 219 65 83 0.99357164 
437 218 55 71 0.97823364 
551 262 45 56 0.9066267 
739 272 42 52 0.13647343 
872 472 80 100 0.057385445 
51 307 19 24 0.04661205 
737 247 40 55 0.04418296 
692 292 36 46 0.04255171 
34 305 17 22 0.03951677 
648 335 46 63 0.03928653 
560 287 38 47 0.03860624 
898 271 37 51 0.03824834 
208 332 18 23 0.037947048 
697 283 27 35 0.036063448 
532 448 71 93 0.034752056 
160 338 17 22 0.034349006 
746 500 338 373 0.034046393 
977 310 25 32 0.03299459 
10 332 19 24 0.031729586 
260 332 17 21 0.031432834 
960 591 37 59 0.031408127 
815 434 153 151 0.030990705 
183 338 18 21 0.03060573 
705 279 51 61 0.030472342 
260 314 19 24 0.029892279 
210 314 19 24 0.028815877 
430 422 165 160 0.028578384 
897 518 50 62 0.027751697 
966 463 36 62 0.026180236 
640 279 23 29 0.026159566 
158 353 18 24 0.025975967 
354 327 25 33 0.02584463 
674 492 46 52 0.025756357 
930 448 62 96 0.025233673 
426 502 189 157 0.024831554 
209 362 23 27 0.024493128 
-62 494 344 371 0.023815904 
711 293 29 38 0.022712301 
47 289 19 23 0.022527702 
278 459 27 33 0.0224552 
890 650 33 38 0.022418767 
822 627 55 52 0.022240112 
293 334 19 23 0.021737996 
231 330 18 22 0.021681542 
347 297 43 55 0.021583391 
103 288 20 24 0.021215426 
576 313 654 706 0.021179691 
749 243 64 81 0.020848997 
448 363 90 81 0.020444792 
912 495 70 95 0.02027256 
894 432 72 114 0.020158468 
