26_Soldier_Drilling_Soldiers_Drilling_26_336
17
636 213 39 47 0.9638666 
86 228 37 46 0.733792 
583 301 30 38 0.084326334 
133 278 45 53 0.08240178 
53 308 27 35 0.046952147 
85 235 64 79 0.033990107 
67 257 47 62 0.033063605 
600 253 25 32 0.031486027 
666 512 144 160 0.027023893 
673 436 508 547 0.025920177 
52 225 35 46 0.024614548 
685 270 39 51 0.023914656 
147 587 25 33 0.023648981 
82 266 73 89 0.021940833 
127 430 68 79 0.021805367 
536 535 362 347 0.020920068 
114 240 45 54 0.020854566 
