26_Soldier_Drilling_Soldiers_Drilling_26_192
98
72 294 35 42 0.95586073 
517 304 24 29 0.67897266 
644 297 23 31 0.46951532 
38 368 39 51 0.37120062 
640 340 41 51 0.21123543 
405 258 29 36 0.20188317 
25 368 33 45 0.15498975 
127 245 27 37 0.13998477 
559 311 21 27 0.12262817 
632 323 41 51 0.11693971 
617 310 20 25 0.10989945 
127 176 29 35 0.103585616 
562 330 22 28 0.08986786 
617 325 23 29 0.08555194 
531 304 23 30 0.08149437 
46 560 29 37 0.081363626 
464 256 25 33 0.07667962 
570 350 25 32 0.06483263 
98 399 24 34 0.0610833 
614 316 38 47 0.05968359 
197 408 40 59 0.05730354 
438 175 24 29 0.057182685 
30 362 24 31 0.054112073 
235 356 24 32 0.052411277 
9 516 20 28 0.04894209 
133 310 23 29 0.046055503 
626 290 50 62 0.04530846 
230 380 28 37 0.04349776 
57 299 27 35 0.043231186 
121 357 24 32 0.042683262 
91 302 24 32 0.03839234 
389 264 38 45 0.038336366 
40 549 49 59 0.03760075 
32 563 22 29 0.037017107 
124 380 22 32 0.03690748 
481 300 20 26 0.036548276 
130 326 23 30 0.035892252 
25 514 21 26 0.03567823 
57 280 25 34 0.03566328 
595 312 19 25 0.034672074 
582 354 24 30 0.03456399 
216 392 46 60 0.03437478 
-2 253 18 29 0.03390516 
591 330 21 27 0.033685002 
11 382 20 26 0.033528548 
107 357 23 31 0.033109937 
101 381 32 48 0.03241504 
648 297 34 45 0.032051735 
150 312 21 28 0.03191413 
515 324 23 30 0.0315573 
73 562 27 31 0.03100332 
432 192 36 44 0.030852027 
448 332 74 83 0.030689286 
128 191 29 37 0.030638127 
513 287 24 29 0.030358875 
52 542 26 31 0.029776175 
61 373 38 51 0.028939234 
468 272 22 29 0.028833276 
173 390 57 72 0.028403737 
237 333 21 28 0.028173452 
186 411 25 32 0.02808928 
130 544 19 23 0.027712785 
150 380 25 32 0.026817476 
384 119 23 31 0.026253238 
144 319 32 41 0.026110802 
74 541 24 30 0.025997045 
33 483 20 24 0.025911575 
114 366 50 71 0.0251251 
4 528 20 28 0.024431407 
92 317 35 44 0.024170782 
460 354 30 37 0.024109019 
433 225 26 33 0.023769068 
220 348 52 65 0.023416532 
28 537 20 26 0.023391725 
137 379 62 75 0.023195438 
6 358 20 25 0.022938645 
504 291 45 55 0.022803774 
471 303 21 27 0.022740105 
44 391 31 40 0.022485243 
107 566 18 23 0.022477245 
481 284 23 30 0.0224514 
550 317 50 59 0.022025496 
55 261 22 28 0.021996384 
410 231 26 30 0.021872973 
2 566 22 30 0.021801358 
451 321 42 50 0.02173658 
478 358 27 33 0.021493625 
463 295 38 44 0.021407802 
584 424 26 35 0.021310063 
867 444 80 94 0.021099083 
132 275 23 31 0.02074 
49 506 25 30 0.020491628 
12 344 60 82 0.020361817 
229 384 58 72 0.020342205 
172 377 40 51 0.020226777 
115 317 49 63 0.020161731 
386 242 70 79 0.0201201 
73 390 38 48 0.020107938 
