26_Soldier_Drilling_Soldiers_Drilling_26_345
143
845 233 21 27 0.21068978 
668 181 21 28 0.2091681 
457 225 20 26 0.19269061 
467 205 21 26 0.1700593 
346 201 18 25 0.16941836 
467 336 40 58 0.16441117 
890 246 27 36 0.15254317 
825 257 21 27 0.13903962 
289 262 16 20 0.13602155 
897 232 24 31 0.1241212 
693 229 24 31 0.12240369 
828 233 20 25 0.113558345 
854 200 22 28 0.11333599 
437 259 19 24 0.10896347 
448 231 18 23 0.10351242 
864 197 22 27 0.09969442 
367 260 18 22 0.082129076 
505 233 20 26 0.07781214 
651 235 18 23 0.076409526 
161 205 22 27 0.075277574 
303 307 18 22 0.06783115 
174 233 26 31 0.06458038 
418 257 16 21 0.064157106 
840 246 21 26 0.060861904 
337 235 17 22 0.06021119 
800 102 22 26 0.059543066 
663 232 19 24 0.058583915 
158 226 21 27 0.057816885 
641 259 19 25 0.056739617 
900 100 20 24 0.056687884 
620 259 18 23 0.056329705 
854 183 22 29 0.05553981 
993 103 20 29 0.05469628 
674 335 21 26 0.054255467 
663 301 20 25 0.053121936 
334 253 17 21 0.052801855 
690 248 23 29 0.048774716 
366 277 18 23 0.047270995 
383 238 17 22 0.046912916 
496 231 20 24 0.04638986 
687 334 20 26 0.044959143 
670 197 19 25 0.044326622 
141 275 39 54 0.04411385 
379 253 18 23 0.041916616 
307 257 17 21 0.04191654 
160 182 22 27 0.04190445 
459 303 21 25 0.039861653 
723 253 24 31 0.038797677 
923 100 19 23 0.03855653 
151 297 21 29 0.038546234 
691 361 22 29 0.038432643 
900 85 19 24 0.038345564 
736 252 21 29 0.03795055 
870 229 20 26 0.037844356 
295 311 18 23 0.036536075 
714 228 23 30 0.03632031 
482 203 22 26 0.036090855 
287 239 16 19 0.036037996 
881 255 21 27 0.035886627 
696 306 19 24 0.035018977 
311 236 16 19 0.03501164 
452 299 39 47 0.03500784 
288 273 17 21 0.034618404 
922 85 19 23 0.034565054 
463 336 26 34 0.03454712 
311 283 16 19 0.03421062 
983 103 21 28 0.03379841 
456 298 68 93 0.033371292 
416 236 16 21 0.03141451 
336 284 16 20 0.031364527 
666 288 20 25 0.031310383 
641 275 20 25 0.03131002 
147 295 65 86 0.031284254 
365 235 17 22 0.030301249 
468 186 22 28 0.03022332 
340 306 17 21 0.030093264 
661 227 32 40 0.029960178 
694 281 19 24 0.02943002 
534 252 19 26 0.029127913 
362 309 19 24 0.028755752 
148 282 25 32 0.028404724 
725 280 21 27 0.028322604 
694 211 21 27 0.028191434 
180 329 23 28 0.02817554 
644 205 17 22 0.027979871 
619 273 22 26 0.027306851 
313 349 19 24 0.027258985 
831 217 47 59 0.027032696 
737 282 20 30 0.026716808 
482 335 28 34 0.026688527 
592 233 18 21 0.026422428 
459 252 20 26 0.026062248 
450 194 48 62 0.02599564 
461 285 19 23 0.025835088 
992 119 23 33 0.025803892 
311 340 18 23 0.02544473 
446 309 20 25 0.025354471 
483 306 21 25 0.02527236 
169 316 39 48 0.02520103 
672 252 20 24 0.025103997 
717 305 21 27 0.02482563 
699 375 23 31 0.024823057 
511 209 18 23 0.024814308 
656 295 36 45 0.024571108 
949 106 20 24 0.024281055 
492 252 20 26 0.024012014 
979 82 19 24 0.023966262 
680 220 49 63 0.023922754 
617 236 18 22 0.023889417 
713 211 20 24 0.023783993 
259 235 17 20 0.02371438 
150 211 53 66 0.023665685 
518 311 18 24 0.023547312 
540 236 18 23 0.023540856 
654 215 53 66 0.023426272 
426 239 52 64 0.023404257 
637 251 32 40 0.023393963 
445 253 72 97 0.023053948 
898 210 20 25 0.022790987 
882 221 48 63 0.02275831 
342 186 20 26 0.022689292 
125 181 24 28 0.022484193 
590 255 19 22 0.022443667 
520 281 18 22 0.022434339 
615 253 33 38 0.02237196 
156 251 21 29 0.02225708 
950 80 19 22 0.022217331 
135 274 22 31 0.022181368 
677 344 51 64 0.022137895 
658 237 76 87 0.02208387 
918 232 21 27 0.022019314 
717 269 35 47 0.021926103 
770 282 23 29 0.02151464 
332 358 21 27 0.02143151 
814 102 20 25 0.021426411 
441 211 18 23 0.021025233 
740 300 20 27 0.020994797 
143 244 72 103 0.02093765 
871 278 20 26 0.020739548 
259 255 18 21 0.020718448 
513 331 21 29 0.02057541 
331 339 18 22 0.020379573 
135 261 20 26 0.020294214 
