26_Soldier_Drilling_Soldiers_Drilling_26_390
54
606 537 74 95 0.23388764 
453 179 70 81 0.20215902 
366 395 97 104 0.08172403 
352 439 88 104 0.055702098 
517 0 27 28 0.050943468 
369 398 59 67 0.044737853 
454 143 71 83 0.0411482 
459 24 27 30 0.03741535 
724 506 22 28 0.03713908 
-227 323 709 744 0.033868182 
751 529 349 368 0.033836935 
-67 529 357 362 0.03352122 
552 15 48 49 0.03350835 
462 464 73 83 0.030609485 
1 305 26 37 0.029432073 
480 1 22 25 0.028779918 
415 4 21 23 0.02838892 
326 51 26 29 0.027615024 
301 423 122 138 0.027231006 
519 76 25 32 0.027229853 
440 19 25 28 0.027136141 
567 315 688 737 0.027100803 
461 175 35 44 0.026602095 
819 1 25 26 0.026516225 
475 338 50 53 0.02643874 
452 0 43 42 0.026255362 
436 6 25 27 0.025463082 
450 306 69 76 0.024575487 
618 106 23 28 0.024245273 
462 2 26 26 0.023780817 
362 158 25 30 0.023356108 
327 171 28 32 0.023040922 
430 430 78 91 0.022845164 
466 45 24 30 0.022685057 
4 173 25 37 0.02268032 
669 482 44 53 0.022589704 
636 506 72 99 0.022441594 
484 55 23 28 0.022245849 
311 473 76 95 0.02219473 
359 30 23 27 0.022143945 
522 3 69 69 0.021840189 
410 -8 82 83 0.021745345 
483 67 24 30 0.021555604 
499 76 78 95 0.021389697 
411 23 19 24 0.021388177 
488 479 76 91 0.02115767 
512 24 82 94 0.020926721 
742 178 23 28 0.02078956 
311 291 56 63 0.02049042 
0 119 22 33 0.020475248 
518 0 48 47 0.020183766 
452 211 79 97 0.020178732 
312 173 27 30 0.020159127 
248 236 238 274 0.020117316 
