26_Soldier_Drilling_Soldiers_Drilling_26_689
47
328 147 82 126 0.9765079 
241 116 64 82 0.650708 
386 173 65 81 0.20712359 
632 210 24 30 0.19259857 
414 184 50 60 0.114497736 
132 143 24 31 0.10268266 
629 215 39 58 0.078035094 
281 95 32 40 0.07100998 
228 123 48 68 0.052750286 
198 130 54 68 0.04314675 
297 93 28 36 0.042265084 
269 120 39 50 0.040547524 
383 115 42 57 0.04032386 
454 221 71 92 0.03991551 
394 138 58 77 0.037571386 
29 297 69 88 0.03661511 
171 162 37 47 0.036059238 
500 334 73 97 0.03583218 
198 161 42 53 0.035356484 
420 145 43 54 0.03472718 
13 452 90 121 0.03451293 
143 146 35 43 0.03215059 
288 127 72 88 0.030820375 
405 197 33 41 0.03064471 
130 160 38 49 0.030064078 
279 110 62 76 0.03000033 
7 322 23 32 0.029515048 
299 167 79 93 0.028719831 
2 315 39 52 0.028166013 
176 157 24 33 0.026116682 
5 307 78 116 0.024615126 
430 172 91 122 0.023943666 
485 108 49 55 0.02355374 
401 120 28 37 0.023032177 
0 359 25 38 0.022987392 
425 172 35 43 0.02272492 
274 86 56 69 0.022658415 
415 219 65 81 0.021796247 
486 235 69 89 0.021588117 
197 186 46 60 0.021491956 
528 290 54 69 0.021458447 
556 292 55 67 0.021135338 
132 172 60 73 0.021112269 
328 118 31 39 0.021050384 
405 171 36 44 0.020687444 
512 107 26 30 0.02029727 
404 106 23 32 0.020094113 
