26_Soldier_Drilling_Soldiers_Drilling_26_85
101
-2 598 33 54 0.39073318 
259 718 43 54 0.28023645 
56 353 32 42 0.227038 
68 778 33 43 0.12875241 
3 733 31 45 0.1255203 
230 387 30 37 0.11920655 
210 354 29 36 0.10809166 
226 638 35 45 0.083276756 
263 425 31 39 0.06506357 
44 689 32 42 0.061989684 
781 778 519 603 0.0601673 
786 1092 524 556 0.058172908 
51 772 33 44 0.05555002 
239 412 31 38 0.051364258 
69 451 32 40 0.049052 
789 466 510 604 0.048211288 
187 424 27 34 0.044627268 
66 371 32 41 0.043576557 
38 775 56 72 0.041856278 
379 397 28 37 0.040392857 
125 723 32 44 0.03996029 
7 753 31 45 0.039777644 
234 696 80 98 0.03835129 
811 -124 523 586 0.03812168 
43 793 34 45 0.036631316 
42 723 32 43 0.036508653 
5 1072 39 55 0.03634034 
849 321 108 110 0.034958888 
346 340 25 34 0.034412485 
498 204 955 1141 0.034243714 
41 308 28 35 0.03379301 
323 11 201 241 0.033792816 
804 176 500 593 0.03331671 
534 -341 1026 1124 0.03250294 
117 227 32 40 0.032312375 
211 378 28 37 0.031929396 
250 411 51 63 0.0318937 
8 457 29 39 0.031574912 
230 395 50 62 0.031063046 
116 348 28 34 0.030594988 
10 697 146 208 0.030495215 
919 794 105 158 0.029972695 
170 422 29 36 0.029558124 
115 385 30 37 0.02925778 
736 1070 121 125 0.029126773 
929 785 56 75 0.028967937 
71 732 31 39 0.028873548 
214 595 75 101 0.028255686 
2 745 52 75 0.027737144 
78 432 31 40 0.026677739 
67 692 31 39 0.026616668 
486 804 1042 1098 0.026129872 
213 351 47 62 0.025886308 
40 525 32 44 0.025557708 
441 1016 324 383 0.024784384 
322 343 27 34 0.024455264 
79 502 33 41 0.023973336 
180 409 47 58 0.023795338 
0 346 28 40 0.02366162 
396 351 26 31 0.023223693 
364 394 26 35 0.023045208 
239 813 33 41 0.023014886 
262 394 27 33 0.022856439 
340 266 31 39 0.022742288 
355 151 31 38 0.022680722 
858 1150 256 318 0.022675851 
34 712 50 70 0.02217034 
312 420 28 35 0.0220603 
246 562 217 226 0.021972928 
262 789 206 259 0.021894796 
-72 1113 517 520 0.021860106 
34 577 31 45 0.021847242 
206 350 102 129 0.021558741 
806 952 132 150 0.021480795 
316 225 33 41 0.021476949 
78 522 36 44 0.02145053 
459 423 31 37 0.02141009 
552 1080 126 142 0.02139427 
186 837 34 42 0.021354243 
124 699 30 38 0.02115189 
749 1058 82 86 0.021002904 
192 951 56 75 0.02098152 
-5 731 82 117 0.020954944 
270 307 31 39 0.02093493 
-34 552 233 303 0.020779481 
116 558 365 472 0.020735158 
343 305 30 39 0.020644525 
222 564 56 73 0.020629035 
116 427 33 42 0.020618051 
959 873 57 90 0.02043709 
231 312 29 36 0.020426199 
48 501 30 38 0.020403635 
202 632 49 63 0.020372337 
123 453 32 41 0.020341644 
349 310 268 334 0.020216864 
29 605 30 43 0.020189304 
-16 568 58 95 0.020150911 
210 385 378 542 0.020146327 
44 658 28 37 0.020120624 
565 1021 123 126 0.020052837 
194 818 29 38 0.020003311 
