26_Soldier_Drilling_Soldiers_Drilling_26_307
23
414 359 23 29 0.100415826 
908 340 18 23 0.064394705 
74 396 29 36 0.04886087 
304 362 27 33 0.040330373 
175 366 24 29 0.040281016 
405 305 19 24 0.035535052 
-239 338 713 724 0.033935916 
902 353 20 25 0.032204956 
755 521 346 374 0.031209897 
393 309 21 24 0.0310862 
643 325 18 22 0.02561541 
443 235 23 26 0.025312005 
586 325 670 728 0.024881037 
-73 529 361 346 0.024629919 
408 100 23 29 0.023736455 
259 339 23 29 0.023165617 
284 358 27 31 0.022650722 
141 439 76 98 0.0215955 
537 538 363 345 0.021469383 
168 371 38 43 0.021355735 
409 338 20 23 0.021251487 
307 90 25 32 0.020873688 
284 308 20 26 0.020320114 
