26_Soldier_Drilling_Soldiers_Drilling_26_245
47
290 344 100 111 0.99049383 
774 576 60 69 0.122119255 
785 523 51 59 0.068456985 
791 443 28 33 0.06193658 
518 225 107 130 0.05169805 
790 467 31 36 0.050320126 
749 422 28 33 0.048598837 
747 437 28 33 0.045468375 
231 527 84 100 0.04434357 
722 441 29 34 0.042813227 
245 759 46 66 0.03691866 
735 637 58 63 0.034921225 
807 518 35 43 0.030450718 
751 509 29 37 0.029859606 
134 347 31 43 0.029444551 
791 423 26 32 0.028635407 
758 574 32 38 0.027263168 
776 624 60 67 0.026882911 
534 549 94 99 0.026876975 
534 178 117 131 0.026796153 
238 372 34 47 0.026616396 
958 449 23 32 0.026299536 
754 472 29 34 0.026069956 
737 426 48 53 0.025632713 
454 218 107 124 0.025568336 
792 593 58 69 0.02538143 
122 324 56 77 0.025184015 
727 419 29 32 0.02430506 
348 952 199 244 0.024248235 
453 960 111 129 0.024175461 
788 679 34 40 0.02401653 
502 482 210 221 0.023597041 
569 225 91 122 0.023322623 
568 428 68 73 0.023264786 
577 273 34 43 0.02319984 
786 645 35 41 0.0231046 
141 247 30 39 0.023018926 
744 498 50 60 0.022324035 
298 232 102 119 0.021713477 
967 374 24 33 0.021658147 
716 429 48 54 0.021516295 
953 619 35 43 0.021494783 
743 460 53 60 0.021217259 
746 523 100 132 0.021173805 
365 503 186 249 0.020975336 
777 416 43 51 0.020030933 
574 130 105 115 0.020024264 
