26_Soldier_Drilling_Soldiers_Drilling_26_567
77
446 125 54 79 0.98485523 
657 76 69 98 0.77941513 
557 90 79 97 0.7684231 
904 134 44 56 0.60610306 
545 62 63 98 0.5960814 
589 95 86 101 0.48429763 
367 311 64 69 0.38197577 
445 261 64 91 0.16483742 
529 51 51 84 0.12769437 
387 288 58 71 0.09712097 
499 59 55 75 0.06312993 
355 340 53 65 0.062965736 
357 296 51 59 0.06089585 
623 66 76 107 0.05717824 
545 134 65 82 0.05567741 
727 666 129 174 0.04338803 
552 168 36 42 0.040676855 
170 768 54 60 0.040475186 
501 108 44 62 0.03992928 
722 0 45 46 0.03722533 
412 291 77 88 0.036740884 
32 101 24 33 0.035645984 
440 151 68 91 0.035476197 
626 122 91 103 0.034698702 
507 72 29 40 0.034369197 
511 121 27 36 0.03418423 
665 41 79 92 0.033867683 
305 134 43 53 0.03301563 
685 96 73 106 0.03281492 
928 126 54 74 0.03117481 
466 116 48 71 0.031166924 
378 600 45 54 0.030971387 
312 307 26 32 0.029557133 
863 144 34 45 0.02889589 
506 130 72 88 0.027416483 
387 317 79 87 0.027356936 
174 235 69 78 0.026887083 
876 101 72 86 0.026885392 
401 327 36 43 0.026621198 
11 92 53 87 0.026339965 
537 895 24 29 0.025954125 
768 166 75 86 0.025701508 
0 57 99 163 0.025662763 
317 122 37 47 0.025469413 
713 90 64 81 0.025450738 
475 249 72 93 0.025323978 
347 602 42 57 0.02523778 
780 176 148 173 0.024786815 
772 263 145 179 0.02460768 
24 348 144 167 0.02379992 
44 106 22 31 0.023223551 
525 169 65 82 0.022904593 
700 288 176 195 0.022858165 
461 239 56 79 0.022632536 
993 198 22 30 0.022283271 
495 77 25 32 0.022274006 
28 76 21 28 0.022011176 
485 96 46 62 0.021940943 
169 710 86 121 0.021940771 
700 -8 71 84 0.021891821 
508 98 29 39 0.021512493 
438 211 66 88 0.021501143 
339 420 85 110 0.021490833 
779 0 71 76 0.021466859 
3 282 20 29 0.021399949 
388 109 23 28 0.021300469 
431 186 46 58 0.021236634 
373 252 152 166 0.021209165 
320 243 41 51 0.021149037 
873 266 157 195 0.021002218 
829 155 61 73 0.020989712 
741 355 181 198 0.02096561 
202 275 72 75 0.02067738 
246 320 109 146 0.020400777 
745 128 73 90 0.020372681 
484 164 68 86 0.020171853 
851 150 25 32 0.020011056 
