26_Soldier_Drilling_Soldiers_Drilling_26_405
102
398 201 46 55 0.9819567 
552 175 50 56 0.95425963 
144 351 24 32 0.2107928 
493 516 21 26 0.10929182 
991 251 23 33 0.09457541 
853 271 22 29 0.08833399 
971 312 36 48 0.08814082 
642 413 21 26 0.087510824 
3 354 22 34 0.06290621 
949 351 21 26 0.06263263 
187 351 25 32 0.05294437 
108 350 20 26 0.04933231 
967 354 38 55 0.048064902 
671 443 22 26 0.04806159 
971 124 20 27 0.04710479 
127 462 38 48 0.04671415 
951 127 24 29 0.04564841 
872 383 19 24 0.043501604 
684 456 24 29 0.042621396 
843 345 19 26 0.038934134 
950 337 23 30 0.038140558 
130 336 44 58 0.037793063 
944 149 23 29 0.0372839 
405 179 34 41 0.036235273 
19 460 43 51 0.035829592 
0 535 24 36 0.035352875 
953 276 21 28 0.035247777 
618 233 38 49 0.03506236 
538 279 36 45 0.03470185 
105 336 23 30 0.033933397 
976 154 21 27 0.033565495 
536 252 39 46 0.033131298 
668 443 35 41 0.032678064 
147 465 25 30 0.03234987 
3 378 22 33 0.03231672 
544 376 25 32 0.030529393 
279 190 37 47 0.02993271 
136 337 25 33 0.02989362 
978 250 24 33 0.02896355 
464 404 21 26 0.028733773 
239 410 20 25 0.028711732 
187 385 23 29 0.028445566 
400 233 45 53 0.027724607 
510 460 20 24 0.027561737 
900 356 20 25 0.027340258 
663 413 18 22 0.027062172 
954 256 21 26 0.026503628 
877 361 19 25 0.026393557 
544 432 20 24 0.025977707 
512 485 19 22 0.025956487 
547 292 38 46 0.025811601 
720 306 26 32 0.02536241 
698 408 20 24 0.025320828 
262 437 22 27 0.025056211 
0 398 21 33 0.025028197 
99 326 38 49 0.024822408 
183 335 26 32 0.024603106 
466 430 21 26 0.024510885 
238 247 39 45 0.02426431 
280 166 34 48 0.024233857 
847 205 22 27 0.02418374 
947 349 35 46 0.024022337 
642 429 20 25 0.023883114 
684 442 22 28 0.023821529 
129 304 22 27 0.02340672 
963 115 32 45 0.023239672 
182 375 38 48 0.023144823 
946 384 23 30 0.023112485 
111 388 19 24 0.023044478 
485 284 21 28 0.023015568 
989 305 24 33 0.022928441 
970 145 33 47 0.022924196 
240 225 41 47 0.022866584 
1 480 23 30 0.022850975 
288 378 26 31 0.022847217 
614 225 30 39 0.022650007 
180 483 19 22 0.022537742 
923 75 22 27 0.022406537 
685 467 38 47 0.022231085 
274 221 38 45 0.022212844 
816 302 23 30 0.022164539 
106 456 24 30 0.021980349 
511 439 21 25 0.021936385 
280 437 23 29 0.021636248 
254 409 19 24 0.021499448 
179 297 68 82 0.021442983 
850 385 19 24 0.021297092 
892 231 21 24 0.021249572 
283 458 23 27 0.021062652 
978 170 22 29 0.020989964 
774 227 22 30 0.020979837 
523 586 20 27 0.020856395 
179 249 24 28 0.020761568 
994 94 20 29 0.02072693 
153 253 20 24 0.020631632 
994 78 21 29 0.020628804 
1 468 39 49 0.020581163 
243 267 112 138 0.02044313 
72 430 24 30 0.020403042 
235 353 24 32 0.02026514 
506 513 21 25 0.020130768 
183 462 20 25 0.020039363 
