26_Soldier_Drilling_Soldiers_Drilling_26_719
130
112 346 39 47 0.15080011 
41 214 43 59 0.14394039 
377 248 25 31 0.13593572 
459 213 26 34 0.12667732 
111 236 37 45 0.11340099 
197 308 30 37 0.11239091 
347 226 64 77 0.095899254 
147 338 38 51 0.08074035 
816 238 25 29 0.064533725 
673 195 23 29 0.06368646 
743 59 21 26 0.061578993 
379 234 26 32 0.06076376 
302 231 25 29 0.057938334 
739 70 20 26 0.05312484 
363 229 26 32 0.0498575 
672 180 23 30 0.048847143 
407 228 23 30 0.045207623 
537 153 24 30 0.043498725 
696 231 21 28 0.04091462 
302 252 28 34 0.04054633 
250 230 24 29 0.038232587 
378 215 58 76 0.038157113 
178 151 25 31 0.037184983 
329 222 47 56 0.03681551 
184 202 24 31 0.035884175 
689 152 20 26 0.03511855 
685 178 22 29 0.03429143 
22 265 48 54 0.03299576 
686 197 22 30 0.032982104 
899 76 24 30 0.032758467 
298 230 39 49 0.032082316 
417 285 64 83 0.031878408 
147 242 36 47 0.031112475 
290 230 22 28 0.030875748 
207 252 21 28 0.030867962 
419 251 61 79 0.030852875 
51 222 62 80 0.030704847 
116 330 34 40 0.030477922 
304 233 70 86 0.030124152 
635 448 67 82 0.029750317 
297 251 46 61 0.029659325 
153 226 25 34 0.029648978 
434 178 20 26 0.029274836 
840 80 25 30 0.029115157 
162 318 53 76 0.029021395 
335 228 24 28 0.028851913 
106 234 25 33 0.02878364 
3 226 22 32 0.028245674 
387 247 67 85 0.028209358 
407 208 22 28 0.028088113 
642 100 21 25 0.027714005 
112 504 40 40 0.027617816 
367 270 65 80 0.027554486 
798 241 37 43 0.027458029 
182 304 54 71 0.027441315 
410 281 22 28 0.027199974 
400 295 42 54 0.027115384 
311 359 29 34 0.0268115 
60 214 41 55 0.026341433 
406 316 41 49 0.026165336 
298 398 70 78 0.026038436 
532 45 26 33 0.025762726 
436 355 28 34 0.025674213 
31 280 50 59 0.025580969 
410 254 21 27 0.025381159 
509 249 23 30 0.025290022 
445 206 51 62 0.025286125 
355 203 28 34 0.02489272 
301 373 51 56 0.024218066 
69 201 25 36 0.024141895 
54 202 28 40 0.02410532 
440 307 25 31 0.023940263 
182 483 26 31 0.02390655 
106 302 26 33 0.023895718 
612 131 22 26 0.023784557 
382 271 23 30 0.023725633 
802 250 22 27 0.023494672 
182 168 26 34 0.023379365 
128 202 27 33 0.023326924 
329 242 104 129 0.023289103 
455 278 22 30 0.023247708 
442 277 24 32 0.023167871 
407 304 24 31 0.023092823 
427 320 41 48 0.022987487 
103 331 63 81 0.022892985 
128 8 24 27 0.022889232 
197 537 27 31 0.022759344 
1 0 24 30 0.022712052 
716 182 286 319 0.022572547 
150 205 24 31 0.02222857 
459 252 23 31 0.022201745 
204 281 23 28 0.0220182 
645 229 19 23 0.021967925 
201 201 21 29 0.021957431 
658 175 50 64 0.021848124 
309 409 32 36 0.021840919 
206 147 23 31 0.021824248 
667 226 21 25 0.021743277 
333 255 23 28 0.021731354 
565 96 23 31 0.021640265 
344 199 47 56 0.021639206 
178 222 23 31 0.021608057 
465 279 58 91 0.021599215 
252 251 24 34 0.021548705 
399 200 74 93 0.021529572 
174 320 31 46 0.021477079 
325 358 28 34 0.021425925 
681 147 35 45 0.021408692 
691 250 21 28 0.02139418 
534 173 25 32 0.021394055 
150 9 25 27 0.021373497 
786 229 61 69 0.021350786 
698 136 19 23 0.021346651 
767 363 47 54 0.021233553 
430 336 60 74 0.021179838 
237 230 22 29 0.021134853 
445 266 39 53 0.020949611 
106 362 40 49 0.02093207 
108 277 26 32 0.020899132 
73 350 26 35 0.020793935 
232 279 22 30 0.020776385 
281 372 40 49 0.020754177 
286 488 22 27 0.020560501 
164 353 61 75 0.020513153 
267 238 66 86 0.020459266 
262 466 22 28 0.020305922 
587 144 42 51 0.020138977 
511 230 24 33 0.020113453 
1 249 36 49 0.020095767 
640 86 20 24 0.020060133 
