26_Soldier_Drilling_Soldiers_Drilling_26_934
97
479 70 88 115 0.9997973 
140 390 83 105 0.9989008 
678 212 72 87 0.99754745 
72 168 39 50 0.9768598 
972 209 43 62 0.94592726 
806 553 93 134 0.90399706 
150 133 43 51 0.7540715 
734 164 57 79 0.6597101 
710 193 67 89 0.13234563 
753 178 61 81 0.10671162 
119 214 58 68 0.09770865 
-2 117 23 37 0.06923121 
903 688 48 62 0.06852491 
761 881 33 47 0.060014654 
906 749 68 86 0.056238342 
185 138 42 50 0.056050878 
754 717 41 56 0.05397899 
905 718 51 70 0.048546404 
159 137 55 71 0.0469634 
784 606 73 89 0.046137247 
840 790 89 102 0.045538392 
942 769 34 40 0.043615565 
167 122 40 51 0.042564414 
28 69 24 32 0.04117327 
874 754 76 97 0.041088257 
776 169 44 65 0.040924903 
784 715 42 56 0.04089432 
28 99 24 33 0.040747095 
-1 102 21 35 0.03903841 
558 451 75 105 0.03702688 
898 783 69 78 0.036442965 
889 751 47 65 0.036442913 
189 157 48 59 0.035762854 
723 853 50 63 0.035433292 
870 886 34 36 0.03521588 
737 868 54 67 0.0321892 
831 595 92 119 0.031777285 
889 639 73 91 0.03172797 
811 575 58 78 0.031509984 
915 731 32 41 0.03143554 
770 615 24 30 0.0311824 
897 627 27 36 0.030990362 
32 54 22 28 0.028833568 
796 602 43 55 0.028613413 
758 594 57 76 0.028407197 
731 707 55 72 0.028172132 
679 121 42 50 0.028139431 
897 761 27 39 0.028046746 
51 28 20 26 0.027504873 
774 655 72 84 0.027443903 
573 153 48 63 0.027375698 
775 731 66 86 0.027244423 
820 689 29 37 0.027165314 
813 674 48 60 0.026845578 
189 185 48 61 0.026802966 
921 764 29 36 0.026767168 
918 675 65 89 0.026755992 
46 47 21 27 0.026272934 
6 73 21 32 0.025816033 
731 791 123 131 0.025792481 
592 664 148 135 0.025669442 
798 730 140 146 0.025526078 
156 701 70 77 0.025364928 
738 143 34 44 0.024924371 
746 654 68 88 0.024853686 
830 770 77 85 0.024785684 
920 654 26 33 0.024638673 
693 726 119 144 0.024627175 
355 701 91 89 0.024477337 
943 222 57 71 0.024322 
-2 190 29 52 0.023845993 
0 179 22 36 0.023495784 
45 104 21 27 0.023167009 
887 587 71 89 0.023128113 
693 664 121 139 0.02249741 
732 460 85 105 0.022438606 
735 754 42 61 0.02235921 
53 527 77 104 0.022288648 
722 664 60 81 0.022154206 
858 744 63 79 0.02198168 
750 747 44 63 0.021711182 
800 612 24 31 0.021510143 
624 654 73 78 0.021432355 
701 132 60 78 0.021419283 
899 657 27 35 0.021390425 
819 616 63 83 0.021012451 
802 740 67 78 0.02083648 
1 250 22 37 0.020785939 
176 103 29 34 0.020466872 
36 94 34 44 0.02044491 
709 811 83 104 0.020390615 
24 109 32 47 0.020358367 
825 524 56 73 0.020319257 
924 815 28 36 0.020317558 
811 810 79 89 0.020146575 
305 694 24 28 0.020102734 
886 891 27 33 0.020056535 
