26_Soldier_Drilling_Soldiers_Drilling_26_520
24
819 88 134 189 0.9998505 
193 202 103 146 0.8747689 
186 367 79 94 0.31201625 
831 603 91 96 0.06474531 
623 676 48 47 0.0434114 
844 656 34 36 0.04127497 
355 394 27 36 0.038925886 
172 311 110 127 0.038286712 
211 124 129 188 0.037803523 
237 260 81 104 0.03639049 
922 643 41 49 0.031687036 
303 3 24 26 0.030713566 
10 81 21 28 0.026900092 
611 679 35 38 0.025601577 
222 357 73 93 0.0242498 
155 230 92 102 0.024217354 
794 687 29 32 0.023840975 
-221 301 706 751 0.02289755 
20 317 28 41 0.022817122 
247 303 50 68 0.021968374 
225 234 63 90 0.020798132 
656 683 32 36 0.020763215 
286 277 86 97 0.020505164 
-69 536 352 352 0.020093853 
