26_Soldier_Drilling_Soldiers_Drilling_26_204
240
947 258 28 35 0.7841904 
787 228 26 35 0.33375114 
981 200 22 29 0.28337213 
443 199 21 28 0.23907971 
379 253 32 38 0.1491832 
796 390 24 29 0.14430025 
955 158 18 23 0.12541479 
976 125 19 25 0.12322023 
791 244 25 33 0.12204099 
864 308 26 31 0.1143866 
866 321 26 31 0.10499577 
946 172 18 22 0.09722403 
918 205 19 25 0.095881544 
850 286 21 27 0.08749627 
759 385 25 29 0.08676952 
847 327 22 28 0.08495506 
866 285 22 27 0.084046304 
780 232 21 29 0.08318894 
904 201 21 29 0.0824367 
687 201 23 29 0.074587695 
822 306 19 25 0.074175425 
968 148 19 24 0.07296869 
793 212 21 26 0.071787156 
983 109 19 26 0.07057129 
849 305 23 29 0.06709235 
922 381 26 33 0.064871944 
816 231 23 32 0.064285785 
897 175 20 25 0.06339386 
780 218 44 60 0.0631232 
898 156 21 26 0.062170498 
764 359 23 28 0.061542984 
893 355 21 26 0.059695017 
690 246 22 27 0.058746196 
847 185 18 23 0.0577732 
922 225 20 26 0.05696989 
980 187 20 25 0.05636069 
739 286 20 26 0.05490494 
772 306 21 25 0.05445235 
991 108 21 29 0.054334376 
897 254 20 26 0.05424833 
826 183 18 22 0.05314007 
676 205 20 25 0.05293877 
945 356 24 31 0.052579552 
992 299 22 31 0.05202484 
950 234 21 27 0.05182103 
847 199 19 25 0.051751133 
441 147 21 26 0.05113176 
329 194 24 31 0.050420392 
963 253 26 35 0.05018724 
441 186 21 27 0.05009837 
700 208 40 51 0.049906034 
695 229 25 31 0.04970439 
956 130 17 22 0.04960824 
877 129 20 27 0.04958801 
745 301 19 24 0.048764702 
819 204 21 26 0.048575997 
690 184 20 24 0.047997024 
799 332 21 26 0.047623932 
929 361 40 51 0.04754339 
929 178 17 22 0.04642048 
776 257 21 28 0.045924433 
816 247 22 30 0.0453253 
664 101 22 27 0.044262953 
797 358 21 25 0.04405348 
821 135 17 22 0.043953173 
774 273 20 27 0.043928374 
748 397 27 32 0.042824432 
824 284 20 25 0.042657375 
433 182 35 45 0.042421635 
641 172 18 22 0.042227365 
878 259 18 23 0.04217437 
945 244 44 58 0.04195641 
819 331 21 28 0.041858252 
362 188 20 25 0.041683964 
647 121 18 23 0.04155673 
877 225 21 28 0.041103847 
847 254 20 24 0.04081225 
725 286 21 26 0.040714763 
845 232 20 25 0.0406021 
458 150 18 23 0.040447123 
766 331 22 27 0.039942287 
361 244 57 66 0.03965979 
914 395 28 36 0.039563663 
793 307 20 25 0.03840159 
725 306 19 23 0.037654016 
924 159 17 21 0.037648533 
334 228 24 31 0.037539743 
948 205 20 25 0.037327737 
875 207 21 28 0.037302922 
747 333 21 25 0.037118666 
767 179 16 20 0.036928825 
490 185 19 25 0.036848485 
845 307 50 62 0.036815107 
443 157 537 557 0.03669176 
794 183 16 21 0.03644401 
489 197 20 27 0.03636684 
316 172 57 70 0.036146328 
487 99 19 24 0.035741884 
898 227 21 29 0.035233565 
792 273 20 27 0.0352312 
822 148 17 23 0.0343102 
848 105 18 22 0.034165647 
718 182 20 23 0.034075014 
751 185 18 22 0.034054823 
671 156 16 20 0.03384315 
825 358 22 28 0.03381395 
873 150 21 25 0.03377634 
849 153 17 22 0.03377595 
413 180 20 26 0.03338827 
352 188 37 48 0.03334013 
873 380 23 28 0.03314946 
947 336 22 27 0.03310109 
647 109 19 25 0.033087075 
639 161 18 22 0.033048946 
664 82 21 26 0.032840244 
622 153 19 24 0.03282785 
468 130 20 25 0.032215606 
923 128 17 20 0.031739734 
769 158 17 20 0.031514253 
904 401 25 30 0.03149827 
670 180 17 20 0.031310283 
909 195 31 42 0.031106945 
617 75 20 24 0.03098426 
691 158 17 20 0.030937653 
384 187 20 26 0.030685095 
974 225 23 31 0.030524535 
901 276 19 24 0.030121218 
840 354 22 28 0.029730208 
741 372 51 55 0.029694611 
458 184 20 25 0.029397663 
432 142 36 44 0.029345177 
466 83 20 23 0.028950064 
716 290 370 391 0.028596729 
774 22 23 26 0.02845518 
435 133 22 27 0.028320815 
414 154 19 24 0.028246792 
585 80 19 24 0.028244812 
620 377 26 32 0.02804597 
383 198 22 29 0.027938994 
634 281 25 29 0.027905002 
684 183 53 66 0.027889352 
721 328 19 23 0.027863216 
846 273 52 64 0.02782005 
278 125 67 89 0.027614594 
950 110 17 21 0.027491646 
411 202 22 29 0.027476018 
766 231 50 70 0.027424626 
400 181 55 67 0.027365528 
940 167 30 38 0.027324436 
384 230 26 33 0.02716011 
775 207 17 21 0.027014462 
896 132 18 24 0.026850572 
804 131 16 20 0.0267599 
721 158 16 19 0.026710745 
745 258 20 26 0.026674446 
954 303 22 29 0.02660495 
643 72 19 24 0.026568746 
643 60 19 23 0.026485635 
872 106 18 24 0.026416037 
694 385 22 28 0.025948543 
337 263 380 399 0.025755232 
711 204 26 32 0.025720745 
364 256 26 32 0.025670802 
800 103 18 23 0.025607012 
488 231 22 30 0.025582924 
876 174 19 24 0.025348356 
889 351 34 42 0.025315752 
897 336 21 28 0.02488925 
692 280 20 26 0.024844259 
815 384 23 27 0.024790255 
730 233 58 75 0.024776328 
877 356 21 27 0.024662102 
751 153 16 20 0.024543617 
274 58 256 315 0.024510132 
-141 231 515 544 0.024243161 
967 292 32 46 0.024216745 
847 130 19 23 0.024122886 
484 82 18 23 0.02403635 
924 305 20 26 0.023975383 
993 328 21 28 0.023872554 
923 108 17 21 0.023871236 
898 381 22 25 0.023844626 
991 184 18 24 0.023840709 
926 357 22 27 0.02382408 
665 122 19 24 0.023719039 
355 225 24 30 0.023683924 
440 84 19 23 0.023661911 
427 126 36 44 0.0235978 
642 253 23 28 0.023567583 
994 385 18 25 0.02339482 
262 71 74 96 0.02335637 
964 187 45 59 0.023330312 
927 333 20 25 0.02316148 
672 250 22 26 0.02313425 
820 275 33 43 0.023081798 
994 229 18 25 0.022958387 
779 376 48 56 0.02291844 
698 79 19 24 0.022890618 
822 101 18 22 0.022872403 
889 171 39 51 0.02280237 
743 199 21 25 0.022710009 
995 355 18 25 0.022659862 
364 271 25 32 0.022522015 
348 216 40 50 0.022508308 
468 98 21 25 0.022400357 
386 131 87 112 0.022324739 
485 126 19 25 0.02223108 
346 171 84 99 0.02222593 
610 357 41 51 0.022145761 
926 253 19 25 0.022081995 
390 248 39 46 0.02205706 
671 227 22 28 0.021999616 
136 315 359 358 0.021884656 
739 247 34 47 0.021859791 
843 380 25 31 0.02177177 
873 146 66 83 0.02175799 
490 155 18 22 0.021740528 
798 155 16 19 0.021666903 
897 182 51 68 0.021550255 
746 355 23 28 0.0215234 
410 175 35 44 0.021494932 
642 228 24 30 0.021449579 
409 224 24 30 0.02142386 
722 128 17 21 0.021377273 
644 202 21 26 0.02135328 
751 4 60 62 0.021323388 
376 179 32 42 0.021255167 
792 226 52 70 0.021224335 
768 132 17 21 0.020950632 
747 130 18 22 0.02069995 
721 360 22 26 0.020626936 
484 248 23 35 0.020400222 
592 120 23 28 0.020304322 
723 202 61 76 0.020284519 
742 227 22 30 0.020235665 
634 302 25 32 0.020117166 
326 128 137 162 0.020082638 
841 177 30 39 0.020050595 
890 150 34 45 0.0200169 
590 103 21 27 0.020014498 
