26_Soldier_Drilling_Soldiers_Drilling_26_393
105
376 74 77 118 0.94402486 
750 49 71 113 0.6506371 
833 139 84 92 0.63980377 
43 98 103 153 0.5507535 
708 44 92 134 0.3973062 
504 81 81 123 0.1540064 
675 61 87 120 0.10092393 
84 135 58 92 0.08994184 
442 60 108 154 0.07167829 
780 69 92 129 0.06528627 
529 141 48 65 0.04889203 
207 219 65 82 0.039151978 
172 652 30 35 0.03849407 
865 115 85 96 0.036788944 
213 201 21 26 0.036193874 
582 118 122 158 0.03536289 
103 194 32 42 0.035138685 
541 102 45 73 0.03486386 
621 92 123 155 0.034818336 
383 562 21 23 0.034684733 
817 379 20 25 0.03413062 
467 121 117 143 0.033853725 
124 100 22 30 0.033313155 
789 408 19 23 0.033002824 
285 173 23 29 0.032222833 
425 85 77 105 0.03198226 
102 150 29 45 0.03100554 
77 85 71 87 0.030828832 
599 201 102 116 0.030421192 
331 63 80 109 0.029923543 
363 646 21 23 0.029775057 
822 429 20 24 0.029770717 
407 116 55 75 0.0295755 
973 507 24 32 0.02874329 
344 98 88 110 0.028436853 
111 96 40 58 0.02724724 
543 164 25 36 0.027217647 
908 114 49 62 0.02710083 
633 185 67 75 0.026827103 
744 433 20 24 0.02664878 
969 556 23 34 0.026332887 
807 119 77 99 0.026293388 
841 167 40 46 0.02622007 
976 389 21 27 0.02593317 
265 209 23 29 0.025913076 
757 11 67 78 0.025906269 
555 149 26 42 0.025012143 
204 194 39 44 0.024855189 
417 517 20 23 0.02462187 
924 120 26 35 0.024617335 
872 515 20 24 0.024567496 
779 408 18 23 0.024467746 
970 441 17 23 0.024241515 
975 460 18 23 0.024230072 
267 195 38 48 0.02411985 
366 159 78 94 0.023971928 
234 202 62 77 0.023909127 
279 166 38 47 0.02381158 
957 438 18 22 0.023619674 
873 538 21 25 0.02360315 
688 90 50 67 0.02347784 
787 84 32 51 0.023467565 
896 126 28 35 0.023456102 
871 455 18 23 0.023416618 
617 383 23 24 0.02335778 
982 484 21 27 0.023355296 
615 408 21 25 0.023246452 
383 32 69 85 0.023145182 
647 436 22 25 0.023141365 
763 463 17 19 0.022980208 
652 88 75 93 0.022824135 
893 532 22 27 0.022718959 
39 114 55 65 0.022710161 
964 528 35 52 0.02270536 
849 486 18 22 0.022573624 
487 657 29 33 0.02254603 
925 104 25 33 0.022518875 
307 653 30 34 0.022453517 
759 577 29 34 0.02234399 
289 134 57 74 0.022326553 
315 116 67 90 0.022166578 
778 538 19 22 0.022073008 
670 557 19 23 0.022034608 
113 568 20 23 0.021798244 
637 383 22 26 0.021730542 
624 640 19 22 0.021723818 
793 437 18 22 0.021695849 
842 189 34 41 0.021607187 
535 588 19 23 0.021584647 
672 204 141 158 0.021574387 
801 482 20 24 0.02143167 
-226 331 705 734 0.02142238 
953 335 21 26 0.021324877 
746 526 343 360 0.021259975 
52 591 20 25 0.021204835 
848 463 17 21 0.021026423 
508 156 72 91 0.020994168 
429 518 19 23 0.020943971 
790 540 19 23 0.020941542 
330 638 22 26 0.020869823 
888 146 75 102 0.020856483 
-67 539 353 345 0.020694096 
949 353 20 25 0.020526892 
225 199 23 28 0.020182274 
799 388 18 22 0.020182043 
