26_Soldier_Drilling_Soldiers_Drilling_26_893
25
462 82 37 51 0.06809308 
209 301 147 205 0.044770185 
443 230 86 105 0.04175709 
250 343 92 125 0.041712176 
191 48 571 732 0.04112411 
428 74 27 37 0.039675705 
382 210 147 183 0.039549373 
306 252 268 309 0.039138466 
213 311 81 102 0.031170245 
255 316 178 237 0.028745059 
948 511 64 85 0.026947178 
495 506 20 26 0.025818938 
368 314 148 189 0.02580387 
921 2 28 31 0.025563432 
413 224 79 96 0.025460642 
413 83 35 53 0.025083484 
141 337 88 98 0.024033874 
422 66 43 61 0.024021477 
175 279 135 165 0.023072276 
194 278 71 87 0.021883503 
452 104 41 57 0.021560322 
360 327 322 359 0.021463348 
225 300 55 71 0.02125927 
599 391 97 105 0.020703327 
731 417 42 60 0.020295504 
