12_Group_Group_12_Group_Group_12_417
43
275 215 31 40 0.987009 
720 223 30 39 0.9835736 
114 214 38 47 0.98181456 
581 224 27 35 0.98035836 
206 230 35 43 0.9690448 
787 233 31 40 0.9449171 
639 239 29 37 0.94412357 
508 223 28 36 0.9440088 
372 245 31 39 0.9307043 
860 212 34 41 0.8585708 
942 224 40 51 0.38824606 
443 217 28 36 0.3803141 
884 217 34 44 0.12470702 
849 209 28 36 0.068382315 
692 284 25 33 0.06260696 
494 226 25 32 0.058238406 
643 295 28 37 0.05002832 
588 240 26 34 0.044615194 
922 222 38 47 0.038838558 
963 226 31 40 0.036238097 
892 207 25 33 0.035504222 
774 231 29 39 0.035163764 
657 250 23 31 0.029504057 
262 219 29 37 0.02929167 
936 290 39 55 0.028403297 
585 211 27 34 0.028038355 
945 205 27 34 0.027863067 
532 226 23 32 0.02604384 
615 255 23 31 0.025977638 
236 490 18 23 0.0257932 
919 244 37 46 0.025348324 
845 355 29 37 0.024631206 
693 300 27 34 0.024501448 
818 227 26 35 0.024028676 
838 238 39 48 0.022953514 
657 429 519 547 0.022885628 
131 216 39 49 0.022547998 
971 203 25 34 0.022254964 
845 332 26 32 0.022155553 
537 249 23 31 0.02201384 
900 245 27 35 0.021934379 
538 406 22 29 0.021234337 
928 258 58 79 0.020197248 
