12_Group_Large_Group_12_Group_Large_Group_12_607
105
612 353 26 33 0.6393399 
539 339 19 24 0.27005246 
338 350 19 24 0.2090063 
470 415 22 27 0.17596807 
618 431 28 34 0.1606467 
493 380 20 24 0.1083766 
370 337 19 23 0.107317924 
490 365 20 24 0.10508607 
569 176 18 23 0.100376785 
596 407 21 27 0.07895183 
356 453 23 31 0.07223204 
495 334 19 23 0.06489114 
614 340 23 29 0.06418194 
457 335 17 22 0.05923452 
481 423 22 27 0.055949844 
449 333 17 22 0.054160953 
463 389 18 23 0.052068308 
387 388 20 24 0.04380121 
360 351 18 23 0.043140806 
466 359 18 23 0.04038526 
0 587 24 35 0.03952451 
358 442 21 26 0.038584035 
356 410 20 24 0.038466156 
439 439 18 24 0.03844433 
609 411 25 30 0.038331475 
537 488 22 26 0.038302932 
459 235 21 23 0.03815137 
508 460 18 22 0.037908334 
569 333 17 21 0.037461746 
415 363 18 22 0.036549654 
390 130 343 436 0.036186 
586 211 18 23 0.035951737 
569 358 17 22 0.03565754 
572 226 20 25 0.035444222 
435 360 18 22 0.034331173 
542 312 18 21 0.034189843 
493 462 20 25 0.03412407 
513 358 18 24 0.033872955 
516 337 19 23 0.033798568 
508 384 18 23 0.03288269 
143 377 30 37 0.032690644 
775 205 23 29 0.032400794 
490 486 20 25 0.03234911 
309 382 21 27 0.032206126 
756 502 330 380 0.032110184 
566 312 18 22 0.032103684 
457 250 21 26 0.031620156 
336 431 19 24 0.031114507 
358 389 19 22 0.030574128 
509 255 21 25 0.030128997 
-68 529 356 361 0.02933265 
439 414 18 24 0.028191788 
387 459 21 26 0.028044865 
585 224 19 24 0.027825775 
340 413 20 25 0.027544228 
283 409 22 30 0.027522497 
590 331 19 24 0.027513681 
120 434 49 60 0.027463684 
687 335 22 26 0.027256606 
674 332 21 24 0.027137928 
181 455 25 34 0.026859347 
689 461 82 102 0.026633423 
445 253 19 24 0.02626897 
595 388 20 26 0.026243404 
-225 320 704 741 0.02621417 
1 306 22 32 0.025708718 
596 358 19 25 0.025337031 
513 434 19 24 0.025290433 
512 491 19 24 0.024769891 
382 402 20 25 0.024715751 
365 316 17 23 0.024701754 
649 534 90 95 0.024350747 
303 373 35 44 0.024248276 
613 371 24 30 0.024229841 
329 437 55 71 0.024197223 
131 533 369 351 0.024130456 
515 309 18 22 0.024024343 
353 602 28 32 0.023752365 
534 342 30 37 0.023672268 
665 157 24 30 0.023307452 
598 351 31 40 0.023278005 
571 209 18 23 0.023069933 
314 360 18 23 0.022904128 
118 390 60 75 0.022798328 
486 453 33 40 0.02244099 
245 354 553 578 0.022347653 
412 307 17 20 0.022166621 
656 153 42 53 0.022162156 
517 412 19 24 0.022016313 
464 309 17 22 0.021987334 
614 439 38 46 0.021762507 
543 382 20 25 0.021741237 
463 280 20 24 0.02170809 
463 401 46 58 0.021563146 
490 310 18 24 0.021563055 
437 385 18 23 0.021437973 
590 313 19 23 0.021176614 
594 430 22 28 0.02115357 
539 466 19 23 0.021010082 
331 429 35 46 0.020874554 
486 278 21 25 0.020872014 
341 379 18 23 0.020378489 
567 255 18 24 0.020264596 
386 441 19 23 0.020213038 
544 210 17 22 0.020082163 
