12_Group_Large_Group_12_Group_Large_Group_12_13
267
867 412 21 26 0.6496707 
309 354 19 25 0.59614116 
233 356 21 27 0.56094676 
568 365 18 22 0.5333465 
515 392 21 25 0.50389886 
730 358 20 24 0.42986444 
683 390 21 28 0.39649078 
636 353 18 23 0.34225103 
476 362 20 25 0.33429468 
163 402 23 29 0.31966892 
824 435 21 24 0.30419645 
806 364 17 23 0.27980843 
902 367 21 27 0.27691254 
539 431 20 25 0.25071815 
360 411 22 27 0.24479266 
408 365 19 23 0.23428853 
333 511 29 36 0.21212232 
117 335 20 24 0.21038662 
368 357 19 23 0.20793603 
618 452 19 25 0.19893421 
162 388 23 30 0.18135819 
764 405 19 24 0.1701657 
506 534 29 35 0.16297624 
479 380 19 24 0.13949814 
593 407 19 23 0.1119589 
897 525 31 37 0.11127279 
562 430 19 25 0.1079235 
176 404 22 30 0.10387857 
693 514 29 35 0.09933942 
622 336 18 23 0.09871073 
569 377 18 23 0.09855615 
442 386 18 25 0.09736277 
330 358 19 24 0.0920653 
677 402 19 25 0.091323525 
173 387 23 31 0.09040059 
55 381 23 30 0.08763371 
607 516 24 32 0.08749448 
806 383 17 23 0.08683215 
857 413 19 23 0.08601892 
715 413 19 26 0.08307687 
439 409 19 24 0.080999605 
640 379 19 24 0.07980647 
625 359 19 24 0.072380655 
149 358 21 27 0.071117304 
236 374 20 26 0.070176676 
591 389 17 22 0.06934138 
77 399 23 29 0.06839717 
927 404 19 25 0.06800672 
382 361 17 22 0.06744576 
156 430 23 29 0.06718722 
772 363 18 23 0.06706037 
429 530 25 32 0.066481434 
128 359 21 27 0.065337755 
877 428 20 25 0.06530167 
565 530 22 29 0.064103775 
332 335 18 23 0.06403264 
768 390 18 23 0.06348097 
440 364 18 22 0.06310801 
752 410 19 25 0.062596865 
73 389 24 29 0.062321704 
157 451 24 29 0.06170764 
311 342 19 25 0.06029402 
923 385 17 22 0.059254162 
535 382 19 24 0.05546843 
558 521 21 27 0.05393226 
613 524 25 34 0.05332819 
719 432 17 22 0.053083465 
17 415 21 26 0.05297132 
110 355 20 27 0.05253774 
569 412 18 23 0.052083872 
514 362 18 22 0.051875364 
286 358 20 25 0.051725022 
545 513 23 30 0.049493488 
361 302 19 24 0.048931822 
333 385 19 26 0.048809938 
433 519 23 29 0.048122942 
586 362 17 21 0.047140434 
892 440 19 24 0.047069866 
210 360 19 25 0.04656677 
511 514 25 28 0.046391703 
896 408 19 25 0.04628299 
365 389 20 24 0.046249993 
537 482 21 26 0.045931656 
3 333 21 30 0.045469247 
539 413 20 25 0.045398798 
820 416 20 25 0.045369636 
724 380 19 26 0.045246962 
130 431 20 26 0.044845186 
159 335 19 23 0.044327013 
541 362 18 23 0.04298921 
492 535 25 30 0.042912573 
387 387 17 21 0.04246677 
464 337 18 24 0.042287417 
597 335 16 20 0.04220629 
665 362 19 23 0.041866254 
612 411 18 24 0.04129979 
232 342 21 26 0.04113306 
593 484 20 25 0.040982097 
840 438 19 24 0.04033488 
132 413 20 26 0.04016696 
206 430 21 27 0.039936434 
409 377 19 23 0.03989214 
645 509 23 28 0.03987454 
17 427 21 28 0.039835423 
693 486 22 26 0.03958301 
618 381 19 24 0.039529156 
261 431 20 26 0.038875535 
944 405 21 27 0.038873304 
594 434 17 21 0.03873238 
693 359 19 23 0.03857613 
442 307 19 25 0.03840004 
203 408 22 30 0.038320128 
382 406 19 25 0.038048528 
205 384 20 26 0.037882492 
815 384 18 22 0.037281163 
253 355 22 27 0.037187114 
490 463 19 23 0.03645767 
915 365 19 24 0.036289513 
177 453 24 29 0.036131773 
696 459 19 24 0.036025293 
841 459 19 25 0.03594229 
442 331 18 23 0.03535015 
183 426 23 30 0.03529998 
367 340 19 23 0.03527227 
225 426 22 27 0.035172876 
254 379 21 27 0.034768984 
433 481 20 25 0.03458625 
358 424 22 28 0.03454801 
260 336 21 27 0.03450712 
520 434 20 24 0.033973664 
316 377 19 25 0.033645865 
710 110 60 73 0.0336403 
515 483 22 27 0.03243966 
645 491 22 26 0.032118257 
417 538 22 29 0.03211528 
873 482 20 25 0.032044943 
537 521 35 43 0.03144744 
281 333 19 25 0.03135719 
161 390 45 57 0.03128864 
-70 532 358 358 0.031115944 
816 48 24 28 0.030940982 
466 488 20 25 0.030872216 
324 503 51 62 0.030799227 
82 356 19 24 0.030517563 
929 433 19 25 0.030355094 
614 313 18 22 0.030340983 
342 408 20 26 0.029952308 
206 335 18 23 0.029803239 
387 483 19 25 0.029540619 
421 544 40 50 0.029383749 
595 462 19 23 0.029290667 
341 310 19 22 0.029214235 
133 376 20 26 0.029099831 
335 490 23 27 0.028868916 
943 389 19 24 0.028596485 
665 509 23 27 0.028550897 
283 308 21 26 0.028293839 
747 432 18 23 0.028266124 
451 41 58 88 0.028092816 
903 307 22 27 0.027909368 
614 484 21 26 0.02789544 
-224 319 708 742 0.027793013 
356 70 74 82 0.027762113 
873 389 18 21 0.027695047 
206 26 24 27 0.027688896 
456 209 21 27 0.027663093 
565 341 17 21 0.027636578 
599 514 21 26 0.027544701 
641 410 19 24 0.027439993 
457 225 22 29 0.02703955 
590 533 20 30 0.027028078 
565 485 19 23 0.0269243 
722 342 19 26 0.026802395 
791 518 26 30 0.026768008 
584 0 149 158 0.026714144 
29 383 20 26 0.026686067 
721 456 17 22 0.026670981 
564 460 19 23 0.026617596 
350 511 23 29 0.026592739 
461 539 21 28 0.02647382 
52 363 20 25 0.026321737 
841 481 19 26 0.026130084 
197 20 40 42 0.02586745 
773 334 19 24 0.02584751 
485 336 18 22 0.025638724 
258 413 21 27 0.025525285 
759 499 71 80 0.025439162 
665 487 20 25 0.0254227 
679 509 50 58 0.02522114 
259 461 20 25 0.025210286 
503 373 48 61 0.025184074 
688 486 34 42 0.024975864 
545 461 20 25 0.024951354 
361 288 19 24 0.024742985 
636 536 22 29 0.024735726 
341 154 23 27 0.024684748 
388 515 19 23 0.024558274 
512 461 20 26 0.024463067 
22 301 18 24 0.024383074 
655 499 54 61 0.024216564 
278 256 21 25 0.024151256 
872 281 18 23 0.024102809 
848 359 18 23 0.023882514 
874 362 19 24 0.023705153 
285 382 20 27 0.023653623 
739 340 19 23 0.023613673 
772 463 19 24 0.023608603 
514 337 19 22 0.023447035 
359 488 21 26 0.023375195 
410 435 20 24 0.023368115 
626 497 52 63 0.023355087 
411 484 21 26 0.023321869 
229 411 22 28 0.023255829 
438 430 18 22 0.023181515 
63 372 49 60 0.023142735 
497 508 52 62 0.023131518 
809 40 41 47 0.023124676 
305 314 17 22 0.02300248 
981 387 18 25 0.022935376 
717 485 20 24 0.02291465 
743 382 18 22 0.022847315 
488 483 20 26 0.022844866 
276 278 21 25 0.022837967 
104 377 20 26 0.022812828 
80 335 20 24 0.022788158 
671 377 39 50 0.02277677 
381 539 21 26 0.022727594 
598 314 17 21 0.022624021 
766 234 20 24 0.022623137 
800 408 18 23 0.022586195 
945 431 20 26 0.022446943 
387 435 20 25 0.022369945 
146 408 55 64 0.022260016 
439 466 18 22 0.022259625 
203 456 21 26 0.022246076 
951 361 18 22 0.022066904 
563 545 38 48 0.021933801 
804 435 17 21 0.021919284 
387 462 19 25 0.02179295 
274 44 185 203 0.021648869 
797 496 57 69 0.02163833 
338 142 37 47 0.021560255 
918 330 20 25 0.02145993 
598 506 47 60 0.021448545 
56 332 19 24 0.021334883 
769 481 20 25 0.021128377 
310 488 21 26 0.021092825 
57 310 18 23 0.021084974 
157 430 55 64 0.021061612 
354 540 42 51 0.021019766 
696 434 18 22 0.020973707 
358 535 23 29 0.020932935 
338 437 20 26 0.020914756 
444 207 20 26 0.02086227 
339 457 21 27 0.020732336 
283 234 19 24 0.020576203 
110 342 46 57 0.020559443 
283 28 21 23 0.020540956 
56 402 21 27 0.020380128 
464 463 17 22 0.020362616 
876 458 20 24 0.020349782 
182 392 47 62 0.020284666 
464 513 20 25 0.020148152 
849 388 18 22 0.02013131 
929 486 20 25 0.020071741 
315 203 19 25 0.020060677 
664 527 41 45 0.020005245 
