12_Group_Team_Organized_Group_12_Group_Team_Organized_Group_12_551
34
493 72 88 114 0.9996184 
276 -1 80 97 0.99848723 
707 83 50 63 0.045304276 
417 41 45 56 0.037504513 
704 92 116 126 0.035707593 
316 456 65 91 0.033821262 
413 602 28 35 0.03245687 
736 728 361 368 0.030568393 
209 564 587 541 0.03034988 
505 705 395 363 0.029595522 
116 695 398 364 0.027745284 
560 56 61 82 0.027554007 
465 3 54 56 0.025365721 
504 39 81 98 0.02442397 
784 296 90 93 0.024341622 
285 444 72 88 0.02401886 
536 516 702 719 0.024009053 
744 324 89 97 0.023892276 
472 475 96 105 0.023538588 
1 226 20 28 0.02348125 
692 232 88 99 0.023480363 
693 52 89 105 0.023045776 
575 550 87 100 0.02268773 
760 111 81 87 0.022363734 
309 501 313 321 0.02165371 
556 582 77 106 0.021632018 
408 312 72 98 0.021411523 
660 87 40 51 0.021236615 
582 20 79 96 0.021232724 
361 20 27 34 0.020969428 
45 792 30 32 0.02081191 
338 442 66 86 0.02076433 
262 587 77 101 0.020732814 
126 377 78 97 0.020565165 
