12_Group_Team_Organized_Group_12_Group_Team_Organized_Group_12_340
89
325 110 59 74 0.99729806 
130 2 53 61 0.9905042 
284 -1 50 65 0.9888903 
611 33 50 61 0.988669 
39 0 48 48 0.98628634 
531 32 50 64 0.97815585 
473 0 43 46 0.9386793 
725 64 47 56 0.8398836 
927 39 37 54 0.75239533 
386 3 41 49 0.7308604 
-7 57 42 74 0.5028486 
348 14 41 50 0.40897194 
230 -2 34 36 0.2956297 
851 69 36 45 0.23539634 
91 -4 44 42 0.202733 
304 4 52 66 0.16542202 
376 33 49 61 0.153237 
858 78 41 51 0.100948624 
663 -5 39 41 0.085905164 
277 161 36 44 0.081078775 
685 -1 29 32 0.07647528 
10 75 42 62 0.07360664 
0 -2 27 29 0.071211085 
850 54 27 35 0.06418419 
356 -2 30 33 0.059882175 
436 -5 29 33 0.0583792 
319 17 53 69 0.05597618 
746 101 355 382 0.05173396 
244 128 52 69 0.049861617 
479 31 44 55 0.04733484 
942 23 31 39 0.046281394 
881 86 45 57 0.044356585 
943 36 52 75 0.043961532 
838 145 41 59 0.04361392 
55 6 53 49 0.04137184 
277 90 39 49 0.039629366 
380 89 41 54 0.039392196 
630 -6 43 45 0.03714027 
223 126 51 69 0.037086975 
6 36 55 81 0.03641726 
579 -80 677 726 0.03559008 
-68 107 362 365 0.035176277 
968 24 26 35 0.034330696 
498 10 53 65 0.033524614 
424 91 40 51 0.033073578 
963 209 33 61 0.032455612 
831 210 58 70 0.032304104 
-3 49 31 49 0.032026734 
55 128 27 38 0.03141932 
3 23 27 33 0.031406276 
502 112 41 51 0.030709594 
874 46 63 81 0.030260645 
44 138 29 38 0.030055096 
859 221 57 62 0.029632742 
397 56 40 48 0.02926149 
862 55 26 31 0.02918795 
15 87 60 87 0.028787237 
399 84 39 50 0.028661886 
543 119 360 358 0.028531898 
547 33 59 74 0.02829701 
967 48 28 40 0.027597118 
719 87 37 44 0.027352558 
925 28 29 41 0.02710516 
963 71 39 58 0.027063703 
256 101 28 39 0.026281347 
584 -4 32 35 0.026268551 
746 79 46 55 0.026242198 
512 82 42 56 0.02609606 
347 52 51 64 0.026070176 
327 118 363 355 0.025776971 
848 88 30 38 0.025333066 
809 218 45 55 0.025191134 
733 53 36 44 0.025116503 
938 53 36 49 0.025099238 
948 5 24 29 0.02428395 
901 42 37 50 0.023788827 
39 27 46 56 0.023759967 
206 -2 29 30 0.022666827 
14 -2 61 72 0.021989282 
251 67 38 52 0.021968765 
-213 -79 687 720 0.021770276 
820 63 38 47 0.021706698 
934 202 65 88 0.02144254 
865 105 43 58 0.0213282 
933 73 46 61 0.020872574 
43 109 50 69 0.020732824 
837 221 33 40 0.020587863 
574 110 40 52 0.02016601 
981 61 34 51 0.020162579 
