12_Group_Group_12_Group_Group_12_759
39
540 193 72 85 0.9993755 
374 119 63 82 0.99883837 
243 185 73 96 0.99815065 
831 133 66 107 0.9913754 
53 106 81 116 0.9713137 
884 499 51 59 0.3381682 
219 158 65 90 0.059084367 
22 471 94 96 0.053101327 
770 470 31 37 0.047943957 
50 53 77 85 0.038779125 
990 71 23 35 0.03831526 
925 180 27 37 0.03704014 
457 512 20 25 0.03437048 
976 119 24 35 0.03425181 
63 242 64 86 0.031272247 
5 71 57 77 0.030778492 
22 127 51 75 0.030239213 
754 505 343 380 0.030097734 
366 511 21 26 0.029703384 
971 167 34 56 0.028648213 
321 209 61 74 0.027811358 
774 153 25 30 0.027776126 
167 93 44 54 0.026931183 
30 82 72 95 0.026680192 
974 62 35 50 0.026422236 
193 148 63 81 0.026270958 
895 480 56 64 0.025815142 
606 203 30 41 0.024949087 
879 509 29 34 0.024536736 
588 304 667 742 0.023722546 
979 555 24 37 0.023145098 
887 509 82 100 0.023074929 
783 382 229 305 0.02200203 
-64 521 349 360 0.021924356 
28 122 32 45 0.02152296 
925 45 24 31 0.021440674 
790 154 25 32 0.02038911 
911 175 54 74 0.0202225 
978 152 23 35 0.020014815 
