12_Group_Large_Group_12_Group_Large_Group_12_448
21
517 423 183 243 0.9939598 
744 287 173 206 0.9939308 
582 121 187 224 0.98477167 
280 159 241 209 0.8133017 
139 447 261 180 0.36682254 
413 134 271 248 0.07866797 
-1 379 110 121 0.06413935 
568 203 228 268 0.051748954 
962 337 58 84 0.041274678 
202 488 107 115 0.034943767 
558 179 130 172 0.034294333 
343 173 120 151 0.02980652 
336 411 273 255 0.028861802 
189 357 250 222 0.028418584 
299 297 289 283 0.02777549 
750 525 334 373 0.025667652 
289 504 92 123 0.022580137 
677 222 177 217 0.022155821 
179 225 296 284 0.022109302 
689 147 142 182 0.021236155 
611 95 92 110 0.020915402 
