12_Group_Team_Organized_Group_12_Group_Team_Organized_Group_12_353
24
448 16 449 410 0.9923603 
441 13 248 264 0.7015743 
145 627 88 113 0.4490196 
481 520 94 112 0.048553802 
116 628 151 166 0.04401835 
194 633 67 85 0.041643858 
442 52 147 176 0.03938134 
98 638 103 114 0.038076527 
164 643 54 70 0.038059916 
812 1056 201 299 0.036902964 
552 119 151 180 0.0363671 
665 91 184 226 0.03319264 
574 775 181 256 0.02917526 
214 660 102 130 0.028057525 
525 514 78 85 0.025341485 
595 666 165 226 0.024455922 
430 11 121 155 0.023912389 
745 623 56 67 0.023876851 
535 470 109 122 0.0231605 
544 870 140 175 0.022226477 
143 668 48 62 0.02099211 
316 664 100 123 0.020959234 
753 695 113 123 0.020637829 
212 629 88 103 0.02055032 
