12_Group_Group_12_Group_Group_12_610
33
894 185 72 104 0.99941194 
354 139 58 64 0.87173796 
506 220 78 94 0.5917593 
186 125 65 75 0.12302545 
613 237 61 86 0.11684061 
510 262 76 97 0.09658189 
148 226 46 70 0.090076774 
351 86 51 63 0.048330523 
467 238 151 160 0.04363698 
515 196 61 76 0.039664946 
561 228 64 89 0.037792534 
160 137 76 90 0.036962427 
122 211 60 81 0.036054738 
142 187 66 90 0.03569012 
66 209 47 60 0.03560632 
98 -12 76 82 0.032861225 
503 294 52 63 0.031198379 
114 182 60 76 0.030005714 
5 229 22 32 0.029678997 
190 84 59 74 0.02767211 
175 61 48 59 0.027301101 
360 74 35 44 0.027289713 
632 248 74 93 0.025550963 
87 208 48 62 0.024929747 
964 221 31 41 0.024443526 
465 197 71 91 0.02362475 
506 321 32 38 0.023284778 
219 141 35 46 0.023211796 
673 206 53 74 0.023211505 
333 109 63 75 0.02179971 
110 200 93 138 0.020985901 
93 165 56 72 0.02084982 
242 85 49 61 0.020380203 
