12_Group_Group_12_Group_Group_12_268
116
460 324 37 47 0.9879753 
105 241 35 43 0.9844744 
587 363 36 47 0.98444575 
246 351 34 42 0.97541785 
708 383 36 46 0.96815187 
914 317 37 48 0.9661414 
301 240 32 42 0.95704186 
811 400 36 47 0.9513081 
808 226 31 38 0.9407461 
707 196 29 37 0.9389037 
629 222 31 38 0.9363959 
897 217 32 40 0.9183003 
344 359 35 43 0.90218925 
493 193 31 38 0.88083065 
158 349 36 47 0.8699171 
222 209 31 38 0.83247995 
760 215 30 37 0.80543214 
572 228 33 42 0.7844706 
149 259 35 45 0.77632374 
371 204 32 39 0.5885948 
444 218 30 38 0.5762332 
852 229 29 37 0.53967464 
726 261 37 47 0.457511 
151 207 26 33 0.39078602 
412 157 27 35 0.28900024 
963 202 42 53 0.25473708 
430 161 25 31 0.22163476 
558 147 22 29 0.18827054 
611 199 30 37 0.15688023 
659 200 26 33 0.14884023 
672 149 20 26 0.13033609 
591 149 23 28 0.10167654 
547 146 22 29 0.09441248 
968 230 37 49 0.089345634 
229 81 38 45 0.08083504 
410 222 26 34 0.08079627 
634 153 20 25 0.07563355 
451 207 29 37 0.07512842 
29 241 27 39 0.0745816 
616 151 23 27 0.06544829 
561 135 23 29 0.055021454 
815 209 29 35 0.05308081 
250 93 24 30 0.053002685 
611 180 26 33 0.052017014 
667 180 23 29 0.051208854 
270 347 36 44 0.046239175 
590 134 22 28 0.044895317 
417 56 24 30 0.044734705 
686 252 28 36 0.043558143 
221 292 29 39 0.040903773 
330 203 27 35 0.040832587 
670 135 21 26 0.040803794 
251 338 32 38 0.040542334 
591 201 30 35 0.039828286 
686 149 21 26 0.039626308 
1 403 24 37 0.03909147 
749 207 27 37 0.03883747 
210 206 30 38 0.03879913 
32 368 34 51 0.03862497 
793 180 24 31 0.037751134 
637 209 29 35 0.036590107 
794 122 28 32 0.036375843 
330 183 25 31 0.035411533 
537 181 23 30 0.03441372 
950 107 24 28 0.03400502 
535 224 27 35 0.03350466 
363 213 30 38 0.032941077 
699 184 25 33 0.032367844 
951 167 62 85 0.031724293 
592 180 24 30 0.0313685 
617 133 20 24 0.02984938 
846 210 25 32 0.028321477 
670 246 28 35 0.028201131 
570 366 38 49 0.028190257 
686 136 20 25 0.02780476 
990 251 25 33 0.027243879 
533 201 27 34 0.027026167 
954 124 23 29 0.026989479 
0 227 35 57 0.026786787 
663 226 27 35 0.02673243 
15 161 39 59 0.026667485 
567 176 24 31 0.026212312 
863 381 27 34 0.026131034 
26 175 24 34 0.025702247 
304 333 30 39 0.02485596 
638 133 19 24 0.024788108 
925 302 38 51 0.024337519 
870 207 25 32 0.024012288 
302 377 32 40 0.023932923 
208 297 29 37 0.02363504 
565 204 28 35 0.023403002 
914 385 69 94 0.022956666 
863 404 27 34 0.022846553 
662 80 21 27 0.022839122 
939 282 28 35 0.022805048 
284 331 29 36 0.022568902 
284 203 25 33 0.022482485 
204 86 42 50 0.022337915 
505 185 24 29 0.02225874 
950 201 30 37 0.02213048 
330 329 31 38 0.02184043 
301 349 30 41 0.021586731 
589 101 21 24 0.021566786 
952 220 29 35 0.021533208 
42 357 36 50 0.02144052 
917 254 27 32 0.02120799 
440 104 21 27 0.020942593 
967 260 38 50 0.02061672 
429 59 22 27 0.02061195 
828 399 37 45 0.020290695 
875 184 23 29 0.020226147 
87 243 38 49 0.020219246 
306 203 26 31 0.020203061 
-6 321 35 51 0.020140445 
640 178 23 29 0.020051615 
-2 184 40 71 0.02001951 
