12_Group_Team_Organized_Group_12_Group_Team_Organized_Group_12_64
62
870 317 69 96 0.992219 
662 273 50 70 0.9908262 
110 321 49 65 0.97794914 
538 238 37 48 0.9473114 
244 269 39 50 0.91458654 
558 532 48 56 0.19300319 
472 245 37 51 0.097184524 
397 252 39 46 0.07938714 
768 229 37 47 0.066799596 
478 333 30 37 0.066222355 
310 300 29 37 0.06415315 
521 447 42 50 0.058678318 
402 462 22 28 0.057747334 
303 392 69 81 0.043294284 
618 453 27 32 0.039545752 
472 543 45 47 0.039319493 
388 304 24 31 0.039081443 
387 458 33 42 0.036493495 
578 548 33 43 0.036432315 
270 483 84 91 0.034081142 
29 376 38 58 0.033384643 
485 440 23 31 0.03326406 
519 430 26 33 0.030691236 
559 493 66 82 0.030597582 
576 237 38 49 0.029644916 
160 200 77 86 0.029481277 
303 270 41 52 0.028863145 
497 451 61 76 0.028556013 
274 381 71 78 0.028484209 
555 463 59 73 0.028045405 
470 334 24 31 0.027431976 
260 425 85 102 0.026273565 
557 316 49 58 0.02593831 
382 266 38 44 0.0250823 
404 304 24 31 0.025048392 
256 523 78 85 0.025009248 
384 257 28 34 0.024525935 
168 558 78 81 0.024435591 
602 464 39 52 0.023930553 
469 321 52 64 0.023906581 
578 274 38 53 0.023452025 
485 445 37 46 0.023383524 
357 416 54 66 0.023338925 
408 271 26 32 0.023142347 
845 331 63 79 0.023139339 
332 399 63 79 0.022683134 
529 436 28 37 0.022673573 
570 338 44 51 0.022621898 
355 298 36 43 0.022571858 
-1 266 33 55 0.022352155 
500 527 41 48 0.022318386 
465 264 35 49 0.022191884 
467 305 22 29 0.02217736 
566 481 28 37 0.022166828 
929 305 66 89 0.021619508 
491 550 41 47 0.02110956 
550 453 40 49 0.02087404 
515 502 27 32 0.020814672 
308 426 78 88 0.02069457 
379 431 24 30 0.020480629 
322 384 44 55 0.020448348 
516 482 26 31 0.020193228 
