12_Group_Large_Group_12_Group_Large_Group_12_461
31
380 95 58 76 0.9985495 
524 189 49 57 0.9969528 
128 170 57 71 0.9958646 
823 142 53 65 0.99495053 
667 142 48 62 0.9912151 
458 125 43 56 0.9882457 
223 158 49 62 0.9863084 
595 121 44 56 0.9471561 
0 103 60 108 0.15408336 
425 105 54 72 0.06470805 
46 159 43 59 0.0645902 
960 182 46 66 0.044701196 
305 194 43 56 0.037024073 
265 119 41 50 0.035845056 
290 459 23 28 0.0327617 
459 96 45 58 0.032007717 
391 635 24 29 0.029846301 
201 138 57 70 0.029554496 
686 88 41 51 0.027708579 
288 333 29 35 0.027487412 
960 148 46 65 0.02734273 
295 254 49 63 0.026000455 
246 121 43 53 0.025988441 
26 191 27 38 0.02407947 
153 438 52 59 0.024014466 
60 141 49 57 0.021627659 
337 655 24 32 0.021041242 
23 169 29 45 0.020548286 
525 704 49 46 0.020531185 
8 736 23 31 0.020364555 
168 140 46 58 0.020070016 
