12_Group_Group_12_Group_Group_12_331
46
572 404 40 51 0.9871061 
330 516 52 67 0.98543996 
693 135 46 65 0.9809518 
212 386 49 57 0.9737804 
427 356 44 55 0.96532106 
766 430 57 74 0.946874 
259 467 49 74 0.22985739 
324 413 28 35 0.100770004 
349 513 60 73 0.07272557 
564 494 38 45 0.05807674 
806 660 41 49 0.040616367 
305 407 39 45 0.039998505 
736 381 24 32 0.037526134 
712 667 45 56 0.03722502 
993 795 18 26 0.034968253 
721 373 35 44 0.034750104 
559 194 26 35 0.03350885 
769 645 27 33 0.032383803 
980 864 21 27 0.030842498 
130 465 37 58 0.029484708 
475 457 37 48 0.027908865 
727 745 55 67 0.027320515 
981 797 20 27 0.026788058 
422 420 42 51 0.025457097 
194 563 46 57 0.024753837 
694 80 24 29 0.024164226 
633 429 28 37 0.023310916 
519 428 26 34 0.023222057 
714 762 83 106 0.022793718 
566 230 23 30 0.02274281 
531 378 28 35 0.022397881 
136 457 24 36 0.022260712 
760 647 74 78 0.021708896 
295 487 60 80 0.021613663 
663 398 37 45 0.021488637 
991 720 23 32 0.021341259 
715 656 31 41 0.02123725 
282 467 55 75 0.021100605 
406 120 22 28 0.02065963 
368 539 47 58 0.020546608 
951 811 19 25 0.020476127 
926 866 28 34 0.0204449 
635 488 28 39 0.020403625 
129 737 27 31 0.020229612 
752 395 60 82 0.020220844 
105 377 25 31 0.020136962 
