12_Group_Large_Group_12_Group_Large_Group_12_107
124
757 201 32 41 0.9867165 
81 209 42 54 0.9826078 
299 201 32 40 0.97145575 
837 196 35 44 0.9710226 
187 379 42 52 0.95120066 
235 180 33 42 0.94346696 
293 318 41 49 0.93619496 
547 297 33 42 0.93563366 
634 311 34 42 0.9093341 
470 200 29 35 0.9081465 
411 205 29 35 0.87705296 
718 376 37 45 0.8619865 
384 311 35 43 0.84773636 
469 373 36 45 0.8436573 
160 204 35 44 0.81214714 
645 214 31 38 0.7975976 
511 209 29 36 0.7952938 
435 238 29 37 0.77060115 
701 196 30 36 0.7192049 
620 183 25 32 0.6713361 
349 216 28 36 0.6547811 
591 210 28 37 0.5142295 
552 199 24 31 0.44536787 
225 321 38 47 0.23735562 
56 374 66 72 0.22591215 
787 153 21 26 0.16106592 
903 196 26 33 0.1421034 
607 198 27 37 0.12973954 
843 180 31 36 0.12664849 
690 161 22 28 0.12427008 
688 175 26 33 0.119737774 
147 524 43 61 0.08344985 
745 174 26 33 0.08097013 
511 177 23 29 0.08039338 
287 200 30 38 0.07958887 
170 473 73 82 0.07770105 
790 300 37 43 0.07555888 
782 319 38 45 0.07409297 
762 183 26 33 0.06652847 
955 245 40 52 0.063734055 
339 206 28 37 0.06308012 
435 332 31 40 0.061423577 
790 273 38 47 0.061339755 
661 152 21 26 0.060844406 
561 187 21 27 0.060018636 
388 152 24 32 0.05820292 
341 130 21 28 0.057976358 
389 204 24 32 0.05757972 
426 199 25 32 0.057536986 
623 478 49 57 0.05658987 
387 175 26 33 0.054400593 
435 294 30 38 0.053297855 
25 342 40 53 0.05095818 
2 295 27 41 0.05053632 
287 149 21 28 0.049301594 
834 382 47 59 0.048720717 
308 185 26 33 0.046483513 
207 321 40 48 0.04474438 
903 183 23 28 0.04416846 
120 375 46 51 0.044012737 
795 133 22 26 0.043113865 
387 224 24 32 0.04302872 
430 183 24 30 0.042480987 
631 179 23 29 0.042416133 
769 128 21 26 0.042414084 
647 135 21 26 0.04152998 
405 382 31 41 0.040770087 
695 126 19 24 0.04062495 
647 147 21 26 0.039213024 
666 430 520 557 0.038564865 
567 150 20 26 0.036672715 
743 158 21 27 0.0362488 
857 199 28 36 0.036069598 
544 182 22 29 0.034972757 
55 401 32 41 0.034486894 
334 145 24 32 0.032594003 
946 372 31 36 0.03242482 
432 150 22 28 0.031955063 
661 135 20 24 0.031314094 
588 182 22 28 0.030857481 
513 302 29 38 0.030748915 
23 318 38 52 0.030344922 
142 370 46 61 0.029983427 
873 159 21 26 0.029707035 
865 342 43 52 0.029477369 
540 106 21 25 0.0282615 
357 178 26 33 0.028170664 
433 127 23 27 0.027968984 
31 514 26 35 0.027951956 
413 184 25 31 0.027947932 
623 420 56 73 0.02767159 
-226 314 706 735 0.027014688 
652 304 35 44 0.026872223 
838 387 69 86 0.026475452 
561 246 28 36 0.026046934 
796 173 22 29 0.02597245 
204 469 59 80 0.025865586 
3 632 39 49 0.025862144 
-3 310 36 56 0.025749095 
352 127 23 30 0.02546185 
717 180 27 33 0.02531289 
414 148 24 29 0.025219614 
585 298 32 43 0.024880221 
687 299 28 38 0.02443 
850 371 49 62 0.024421606 
845 159 23 29 0.024352737 
466 183 24 30 0.024119774 
-69 521 363 359 0.023997422 
821 151 22 26 0.023919594 
220 530 65 88 0.023873767 
533 219 26 33 0.023592692 
66 397 39 42 0.023422431 
394 302 33 41 0.023122242 
392 100 20 26 0.023031471 
56 213 48 62 0.02226274 
514 161 20 27 0.022008175 
918 177 21 27 0.02164907 
402 542 24 29 0.021618953 
897 157 20 25 0.021528011 
465 125 21 25 0.021360757 
949 198 37 50 0.021213975 
949 299 24 31 0.02081061 
924 449 26 33 0.020709695 
10 293 37 52 0.02021397 
