12_Group_Group_12_Group_Group_12_912
188
411 141 31 40 0.8904853 
380 245 38 48 0.7925219 
832 71 36 48 0.77120376 
543 152 24 31 0.566294 
620 248 28 33 0.44985524 
289 200 31 36 0.4439863 
220 87 43 53 0.39577082 
698 181 25 33 0.28779325 
311 129 23 30 0.276496 
504 252 26 33 0.2236518 
617 232 26 31 0.15167505 
871 171 31 37 0.13812824 
698 195 26 34 0.13264644 
563 256 21 26 0.11857492 
635 179 22 27 0.10698482 
648 121 22 29 0.1048411 
489 209 22 28 0.09358348 
382 228 29 38 0.07881785 
535 302 25 31 0.077109635 
439 389 23 30 0.06772515 
440 226 22 28 0.06747308 
467 410 22 29 0.06655061 
385 385 25 31 0.060455438 
516 226 25 29 0.059178088 
647 105 24 30 0.058652744 
485 222 23 30 0.058569685 
620 376 23 28 0.057524398 
432 402 22 29 0.053879015 
610 118 25 32 0.053086802 
507 385 22 28 0.052999374 
659 124 22 28 0.05265572 
312 143 23 29 0.051337652 
685 255 22 28 0.049967546 
491 385 22 27 0.047480013 
554 152 22 28 0.047298122 
684 379 22 28 0.046998 
483 409 23 29 0.046609715 
224 110 30 39 0.046410404 
459 224 22 28 0.046075404 
536 445 44 51 0.04495561 
587 379 23 30 0.0448506 
594 434 24 31 0.04477473 
332 196 24 30 0.043144412 
721 395 42 46 0.04199382 
692 157 21 26 0.041490328 
543 255 21 26 0.04098437 
326 388 25 31 0.04078847 
617 405 25 30 0.040339865 
696 304 24 29 0.040131744 
635 377 21 26 0.040128946 
674 385 22 27 0.03954626 
623 178 22 27 0.039533544 
205 149 25 32 0.03882976 
568 278 22 26 0.03871635 
429 93 26 33 0.03846078 
336 181 23 28 0.038432684 
439 255 24 30 0.038298443 
536 285 22 28 0.03820838 
613 237 45 57 0.037747122 
641 364 21 26 0.037295375 
609 104 25 31 0.036741234 
868 123 27 34 0.03651154 
308 105 21 25 0.03605322 
283 351 22 27 0.035739712 
822 191 27 36 0.035202496 
663 402 22 29 0.035157833 
667 286 21 26 0.034732997 
330 252 25 32 0.034653526 
532 228 21 27 0.034595344 
226 78 31 37 0.03393082 
590 408 23 29 0.03368455 
311 428 22 27 0.03359763 
719 469 38 54 0.033369433 
617 364 22 27 0.033216886 
557 436 28 34 0.032482307 
673 251 22 27 0.03232261 
512 205 22 28 0.032230016 
458 97 24 30 0.03219514 
687 356 23 29 0.032038834 
540 169 23 31 0.03169862 
609 302 22 28 0.03145631 
686 182 47 57 0.0314454 
601 445 42 53 0.030296292 
607 437 26 32 0.030122379 
770 285 22 28 0.029707117 
720 351 24 31 0.029312706 
407 201 23 29 0.029159103 
667 149 20 24 0.028951231 
585 231 21 25 0.028645292 
664 228 22 28 0.02861984 
461 388 21 26 0.028567672 
365 433 22 28 0.028416384 
738 385 30 34 0.028238147 
690 283 22 27 0.028108338 
868 186 39 46 0.027918478 
439 204 23 30 0.027833 
490 240 44 56 0.027753519 
646 150 20 26 0.027711539 
745 535 351 363 0.027580626 
658 104 23 30 0.02729201 
853 410 23 29 0.02708579 
593 255 20 25 0.02664798 
253 276 24 30 0.026545875 
542 133 23 28 0.026358558 
243 390 38 44 0.026340099 
665 302 20 27 0.026299233 
817 181 27 35 0.026204824 
672 352 21 28 0.026132999 
667 206 21 28 0.025943603 
717 225 22 27 0.025854979 
721 434 25 30 0.02564951 
334 437 22 28 0.025552504 
561 411 24 29 0.025402946 
509 102 21 26 0.025378807 
461 425 22 29 0.025362303 
258 173 23 28 0.02535436 
628 103 51 64 0.025316259 
695 221 25 31 0.025275344 
325 126 22 29 0.02526049 
333 226 24 29 0.025115937 
714 450 38 52 0.025101237 
570 230 21 26 0.025002878 
722 384 26 31 0.024897177 
302 102 35 45 0.024877569 
711 308 21 28 0.024600694 
-69 540 352 352 0.024474842 
703 98 44 49 0.024470536 
460 125 23 29 0.024312219 
765 300 24 31 0.024297634 
640 407 22 26 0.024246026 
414 95 28 34 0.024156362 
506 452 64 79 0.024046663 
597 304 22 28 0.023811895 
690 335 23 30 0.023785407 
-228 333 703 737 0.023640994 
260 123 24 31 0.023630297 
541 378 23 28 0.023626668 
195 175 40 50 0.023472127 
693 102 25 32 0.02346799 
565 200 22 28 0.023241537 
814 152 25 29 0.02315754 
539 199 22 29 0.023145324 
789 347 25 35 0.023143878 
508 277 25 32 0.02293805 
749 301 23 30 0.022925222 
667 338 22 29 0.022883004 
619 275 24 31 0.022858823 
238 349 24 33 0.022848465 
674 453 56 78 0.022810148 
903 466 20 26 0.022704918 
865 152 31 38 0.02267025 
338 458 23 29 0.022604225 
462 285 22 27 0.022354485 
438 275 23 29 0.022345006 
521 538 23 29 0.022313934 
226 197 26 32 0.022305809 
713 119 26 32 0.022294052 
577 447 63 81 0.022211043 
388 100 22 29 0.0221498 
487 359 22 27 0.022062 
609 288 67 78 0.02203918 
595 479 74 103 0.021985576 
694 120 23 30 0.02197331 
663 279 34 44 0.02188258 
286 336 23 28 0.021867443 
391 258 38 47 0.021731265 
851 430 26 33 0.02168268 
537 411 24 29 0.021649577 
589 180 20 25 0.021591827 
872 227 28 33 0.021472765 
490 265 35 45 0.02141133 
295 208 35 43 0.021375054 
283 178 24 29 0.021325849 
655 298 66 77 0.021206051 
562 318 686 729 0.02119375 
387 206 24 30 0.021192417 
705 413 62 75 0.021024475 
391 150 23 29 0.020717978 
436 432 23 28 0.02069113 
736 455 23 30 0.020503888 
648 334 20 26 0.020429535 
461 255 21 27 0.020327633 
724 261 21 27 0.020281147 
742 -88 255 287 0.020233901 
428 130 27 34 0.020151824 
428 212 50 60 0.02011933 
588 285 21 27 0.020008968 
536 433 33 37 0.020003684 
