12_Group_Group_12_Group_Group_12_735
94
534 254 100 134 0.9990582 
210 289 100 134 0.98481894 
756 220 43 52 0.8680299 
812 352 94 153 0.4611239 
158 208 110 167 0.2397936 
872 253 27 34 0.18442284 
869 229 23 30 0.122469254 
901 226 26 33 0.11764793 
748 224 31 42 0.093234904 
291 176 22 29 0.08108322 
766 356 103 154 0.07936018 
663 221 27 34 0.07576927 
776 244 36 46 0.067486875 
824 184 23 27 0.06449437 
816 374 51 94 0.060252886 
880 242 37 49 0.056988813 
164 234 68 103 0.053645473 
336 108 18 22 0.053600557 
339 181 23 29 0.04913993 
328 196 26 33 0.04429659 
312 131 17 22 0.04275863 
160 116 123 185 0.042064086 
339 124 19 24 0.041741025 
917 232 20 28 0.04167929 
767 210 32 38 0.04094909 
953 249 25 33 0.040804077 
366 306 73 87 0.039741315 
304 85 19 23 0.036065403 
851 258 22 28 0.03573344 
308 103 16 21 0.03405942 
967 253 20 28 0.033367403 
85 153 150 183 0.033022437 
460 110 20 24 0.032232348 
360 235 26 34 0.031738766 
870 212 21 27 0.03173063 
753 510 342 383 0.031484254 
337 155 20 26 0.031473123 
705 294 39 49 0.03137811 
646 207 54 66 0.031135982 
776 366 67 93 0.030807039 
582 274 657 756 0.029754862 
721 278 56 71 0.029123658 
885 216 48 59 0.028105097 
784 224 25 34 0.027938439 
699 109 21 27 0.0275214 
712 225 24 32 0.027500514 
162 294 75 104 0.027358478 
787 260 36 48 0.027051885 
761 254 40 53 0.02694375 
919 237 37 49 0.026736144 
712 210 22 28 0.025901029 
767 308 172 247 0.02589714 
504 158 24 29 0.025797041 
225 259 72 88 0.025741884 
823 254 21 26 0.02538532 
-48 464 339 366 0.025296379 
233 171 61 88 0.025216028 
788 210 22 30 0.024833009 
231 321 106 146 0.024749389 
574 217 48 62 0.024330223 
716 423 147 166 0.024186729 
144 158 86 112 0.024170822 
268 154 52 71 0.024104863 
843 243 48 60 0.023868801 
817 248 33 43 0.023681697 
730 382 74 79 0.023549834 
233 105 24 31 0.023382632 
804 106 18 23 0.02337753 
852 135 19 23 0.023359952 
689 222 23 29 0.022936374 
330 145 33 43 0.02275562 
391 296 46 54 0.022662131 
491 155 24 28 0.02261191 
732 272 38 49 0.022547275 
803 289 44 57 0.022377128 
961 335 55 103 0.022274353 
823 233 20 26 0.022260474 
718 282 25 29 0.022244185 
315 183 53 66 0.022225572 
333 102 29 40 0.022079427 
861 216 47 58 0.022066757 
938 233 54 69 0.021946084 
950 235 22 29 0.021900006 
410 444 63 86 0.021670545 
265 412 83 89 0.021243494 
158 4 26 30 0.021136018 
812 267 37 46 0.02104542 
173 123 80 101 0.021000886 
232 120 71 101 0.020886488 
579 243 75 94 0.020797437 
464 265 42 50 0.020757312 
204 171 68 100 0.020468319 
-8 -10 74 85 0.020395258 
307 121 32 41 0.020209748 
