12_Group_Group_12_Group_Group_12_407
68
146 291 46 59 0.9939824 
351 274 44 54 0.9910858 
253 271 41 51 0.978811 
665 250 40 50 0.97627515 
589 365 43 55 0.7654633 
546 264 35 46 0.7067045 
433 251 38 46 0.6894447 
956 233 24 32 0.108525544 
615 428 38 46 0.09738822 
95 277 26 35 0.07857752 
838 251 30 38 0.0704776 
566 220 28 34 0.06807786 
72 272 35 42 0.064074315 
154 236 22 29 0.059928425 
743 169 25 32 0.05494755 
53 279 26 35 0.05014648 
662 482 24 30 0.04839574 
848 204 24 28 0.046203416 
575 184 44 54 0.043921724 
635 132 25 34 0.04226958 
759 299 27 33 0.042007748 
841 224 29 36 0.040382672 
721 281 25 32 0.0389402 
832 228 58 67 0.038145438 
557 426 39 48 0.037931543 
56 124 18 22 0.037048858 
101 238 19 24 0.036685675 
585 196 27 33 0.036535304 
567 208 23 29 0.03633333 
598 387 42 54 0.035232045 
824 254 28 33 0.035099808 
587 179 26 33 0.035046488 
22 127 21 25 0.034465123 
954 312 23 29 0.031619824 
572 211 41 52 0.030791428 
821 231 24 28 0.027445266 
607 175 25 33 0.027118701 
840 198 41 49 0.026768219 
535 226 22 28 0.026640309 
797 156 23 28 0.026546089 
234 82 20 24 0.026403679 
127 255 23 28 0.026261568 
837 266 30 40 0.02624321 
137 234 19 23 0.025891474 
553 282 40 52 0.025231063 
158 108 23 28 0.025110984 
616 150 23 31 0.024993997 
921 202 21 26 0.024800278 
517 228 24 29 0.024796223 
576 430 40 49 0.024211023 
823 269 29 36 0.024135325 
865 202 21 25 0.023733206 
226 96 20 25 0.023614615 
665 156 21 27 0.023601592 
743 283 23 31 0.02343857 
616 125 37 48 0.02310341 
943 228 45 60 0.022950677 
817 179 22 26 0.02225678 
862 244 31 41 0.02220158 
785 219 37 47 0.021661611 
85 233 20 23 0.021293912 
409 262 40 51 0.021216141 
77 129 18 22 0.02104289 
417 100 19 23 0.020585412 
213 98 21 26 0.020566797 
153 242 37 49 0.020443669 
866 1 23 25 0.020113248 
790 251 27 34 0.020092836 
