12_Group_Team_Organized_Group_12_Group_Team_Organized_Group_12_186
289
307 379 31 39 0.9908476 
223 201 28 35 0.9894511 
203 356 32 41 0.98874575 
145 196 28 34 0.97415155 
971 340 30 40 0.97140324 
556 196 27 32 0.9664641 
716 348 32 39 0.9625326 
857 325 32 41 0.9465363 
827 200 27 35 0.939186 
762 153 24 29 0.9221104 
14 180 29 36 0.9195215 
325 156 25 31 0.9133423 
594 360 30 37 0.89455354 
464 306 33 40 0.8868362 
903 193 26 32 0.87810975 
401 149 23 30 0.8600007 
720 177 24 30 0.85231054 
296 272 28 36 0.8504902 
454 179 26 32 0.8274061 
529 342 28 34 0.8239321 
338 309 31 39 0.81978375 
512 181 26 33 0.7978665 
696 219 28 33 0.78278416 
657 367 30 38 0.7718233 
757 226 29 35 0.7495797 
69 160 28 35 0.6860577 
676 160 20 25 0.63515294 
450 393 30 37 0.5760499 
398 369 28 36 0.5740299 
283 173 24 29 0.5732416 
599 179 24 31 0.49257672 
117 176 24 30 0.4803098 
367 194 26 31 0.47940934 
272 197 22 29 0.44169804 
573 108 21 27 0.42648098 
494 162 23 31 0.4256454 
517 104 20 24 0.41903105 
255 151 22 28 0.39867803 
194 178 26 34 0.3836644 
585 156 21 26 0.34487268 
720 147 22 28 0.3381826 
445 158 25 31 0.33237407 
157 420 25 33 0.30557677 
365 156 24 30 0.30289373 
673 179 22 28 0.29852524 
366 178 26 32 0.29667923 
684 206 25 32 0.2882923 
630 208 25 33 0.26169977 
166 147 24 29 0.25778493 
390 150 22 29 0.22521667 
516 122 20 26 0.2145087 
614 151 21 26 0.2109531 
233 150 21 28 0.19971985 
617 207 24 31 0.17972171 
674 195 24 31 0.17504442 
353 73 19 24 0.15594327 
283 455 31 38 0.15429008 
563 187 25 32 0.1469137 
868 150 26 31 0.14311984 
384 452 25 32 0.1300784 
891 150 24 30 0.117383145 
125 409 27 34 0.11702183 
722 301 28 34 0.11523693 
505 157 23 29 0.11318967 
461 189 25 32 0.110290475 
234 300 29 34 0.10835943 
544 198 25 31 0.10630826 
337 43 21 26 0.10552594 
647 357 32 41 0.10492954 
258 180 23 31 0.104214326 
235 438 24 31 0.09284541 
484 381 30 38 0.08955206 
595 195 23 30 0.08532202 
622 218 25 32 0.084466316 
488 75 17 22 0.084075086 
488 102 19 23 0.083410114 
395 105 19 24 0.08340187 
414 326 25 33 0.079316184 
131 200 27 32 0.07834271 
395 131 21 27 0.076856144 
354 57 20 24 0.07677731 
407 172 23 28 0.07515131 
629 287 36 44 0.07511761 
530 179 24 30 0.074389435 
208 198 26 32 0.073775455 
779 425 36 53 0.073147886 
326 430 32 40 0.07149678 
919 290 40 51 0.06360623 
685 421 28 36 0.063570134 
870 177 24 31 0.06352321 
283 348 28 36 0.06268631 
257 136 20 25 0.06200069 
403 137 23 28 0.06126918 
456 460 29 36 0.061210103 
755 151 20 27 0.059554048 
333 33 23 26 0.059292555 
563 354 25 31 0.0590226 
540 154 20 26 0.058612652 
390 74 19 24 0.056942284 
229 184 27 32 0.056925844 
258 351 26 33 0.05653305 
977 165 30 38 0.05523319 
405 77 20 24 0.055211347 
520 78 18 21 0.054089304 
926 152 22 29 0.05344518 
-4 231 24 33 0.05294177 
403 101 20 26 0.051989116 
470 102 18 22 0.051352758 
687 181 21 27 0.051320884 
975 303 26 36 0.05109351 
391 27 19 22 0.050624073 
566 334 25 32 0.049991164 
489 57 20 24 0.04961236 
440 569 28 32 0.04939381 
493 129 19 26 0.048374753 
914 176 24 31 0.04836282 
746 210 25 32 0.048064176 
533 77 18 21 0.047647797 
360 129 20 26 0.04744296 
127 427 25 31 0.04729679 
574 151 21 26 0.04727334 
821 184 27 34 0.046972163 
152 99 22 27 0.04647303 
944 225 24 29 0.046012726 
438 80 19 22 0.04548449 
639 180 21 26 0.044574138 
640 156 19 25 0.04454127 
359 103 20 25 0.044099327 
284 477 28 36 0.04392144 
386 52 19 24 0.043165103 
438 101 18 21 0.042538874 
534 103 18 22 0.042309217 
766 350 26 34 0.04228829 
0 279 25 37 0.04214612 
940 303 28 35 0.041479692 
869 199 22 29 0.041376993 
73 103 22 28 0.041273624 
612 483 29 39 0.0408212 
571 76 19 22 0.04081222 
412 200 22 29 0.04074352 
769 136 20 26 0.039351154 
924 278 29 39 0.039117415 
745 130 20 25 0.039106745 
431 225 26 34 0.038613852 
455 280 29 35 0.03857444 
286 437 27 34 0.038338766 
519 334 28 37 0.038337342 
405 28 17 21 0.037403353 
795 176 21 27 0.036513146 
794 211 22 28 0.036230493 
33 443 19 27 0.03591474 
286 133 18 22 0.035875462 
963 145 41 52 0.035422195 
301 303 28 33 0.035406172 
328 275 26 34 0.03474264 
537 56 18 24 0.0344479 
920 227 24 30 0.034109857 
333 131 21 27 0.034040682 
790 407 28 38 0.03392716 
716 197 26 32 0.03388811 
439 26 18 21 0.03375252 
989 151 26 36 0.033186913 
666 78 21 26 0.03316911 
581 125 21 26 0.03281695 
206 157 23 29 0.032813508 
513 523 40 45 0.032517243 
616 135 20 25 0.032418422 
198 460 26 34 0.032292604 
437 133 19 24 0.032288514 
158 133 23 29 0.032256313 
768 336 25 31 0.032204207 
657 427 520 553 0.03208054 
919 250 26 34 0.03193156 
315 170 23 30 0.031879306 
305 360 29 35 0.031854805 
567 19 22 26 0.031842154 
73 122 24 30 0.031500414 
355 426 31 40 0.03135652 
232 133 20 26 0.031319235 
130 97 22 27 0.031230498 
586 330 27 32 0.030770883 
304 1 22 25 0.030580524 
142 403 42 53 0.030419698 
105 357 25 33 0.029931752 
801 283 25 32 0.029878717 
795 156 20 25 0.029604783 
167 402 32 42 0.029448586 
441 279 29 35 0.029278807 
463 79 17 21 0.029273005 
862 311 30 36 0.029159212 
175 132 22 28 0.029057736 
532 377 28 34 0.028831985 
485 205 22 28 0.028827483 
309 228 24 30 0.02853277 
891 372 37 46 0.028335538 
991 168 24 33 0.027865317 
584 77 18 23 0.027791178 
516 57 18 23 0.027581802 
436 51 19 22 0.027573979 
120 453 25 34 0.02754435 
143 528 37 46 0.02750873 
538 129 18 24 0.027507976 
513 377 34 42 0.0273982 
686 438 57 66 0.0273749 
126 162 21 26 0.027261052 
938 279 27 33 0.027227271 
381 329 26 33 0.027200328 
376 278 27 34 0.027098164 
511 502 37 44 0.026858872 
945 168 28 34 0.026749771 
335 0 20 22 0.02674147 
385 538 26 30 0.026727732 
6 406 19 25 0.026610443 
408 2 18 20 0.026428476 
851 153 23 27 0.026388362 
-69 535 357 355 0.026160842 
260 379 24 32 0.026053224 
382 306 27 33 0.026039809 
885 378 56 67 0.025973696 
757 425 51 70 0.025934206 
61 103 22 28 0.02586531 
332 258 25 32 0.02581996 
186 281 27 32 0.025756435 
465 129 20 25 0.025385087 
514 24 19 23 0.025348417 
-229 325 709 742 0.02521242 
172 503 25 32 0.025017314 
411 52 19 23 0.025001505 
595 2 20 23 0.024963323 
359 26 19 22 0.024818383 
468 52 19 24 0.024728848 
812 438 49 66 0.024612583 
297 453 28 37 0.024396693 
623 49 20 26 0.024363672 
408 452 24 30 0.024012074 
581 523 42 51 0.023898872 
312 97 21 26 0.023718309 
559 305 26 33 0.02330385 
233 448 31 40 0.023263745 
308 76 22 28 0.0232612 
714 452 33 41 0.02324172 
663 3 23 26 0.023153186 
129 127 21 26 0.023136398 
175 481 35 43 0.0229734 
313 52 21 26 0.02291504 
229 278 29 35 0.022891534 
155 499 35 45 0.022869619 
610 1 19 23 0.022824544 
106 128 19 25 0.022713332 
561 504 26 32 0.022683512 
4 325 21 32 0.022556074 
762 209 25 30 0.022531686 
962 421 40 49 0.022506595 
690 304 25 33 0.022478418 
45 439 23 31 0.02247476 
667 301 24 31 0.022471745 
678 397 48 61 0.022442644 
841 181 26 31 0.022280617 
691 103 19 24 0.022154715 
51 507 23 30 0.022074921 
799 300 26 34 0.022009445 
51 342 36 45 0.021904798 
411 309 24 31 0.02182816 
974 230 23 28 0.021775633 
413 485 25 31 0.02169514 
666 335 26 33 0.021623159 
543 26 19 24 0.021567423 
342 74 21 25 0.021564683 
697 349 34 44 0.021490656 
944 205 25 31 0.021329172 
178 102 21 27 0.021184089 
922 315 38 46 0.021157112 
745 177 22 27 0.021040749 
816 305 25 34 0.021024015 
974 197 24 30 0.02100034 
289 377 32 40 0.02090371 
530 396 34 43 0.020846037 
762 241 27 33 0.020837037 
559 218 27 33 0.020741822 
770 406 37 52 0.020739969 
479 455 33 43 0.02072519 
333 101 21 27 0.020650612 
358 2 18 21 0.020586047 
992 307 23 35 0.020505542 
487 480 33 40 0.020353496 
285 100 20 23 0.020291558 
647 1 20 23 0.020248393 
487 28 20 23 0.020125313 
617 296 29 35 0.02002534 
