12_Group_Team_Organized_Group_12_Group_Team_Organized_Group_12_855
111
890 243 28 37 0.70336115 
745 280 26 33 0.6881563 
808 279 27 34 0.6018766 
897 300 35 44 0.51861656 
676 281 24 31 0.3897631 
741 252 25 30 0.3214174 
795 372 36 42 0.16182719 
659 334 23 29 0.14772944 
634 275 23 30 0.13826421 
620 434 25 30 0.121022955 
632 256 24 30 0.10352566 
648 332 23 28 0.093281135 
813 347 29 35 0.08867888 
724 250 22 29 0.086818375 
796 354 27 32 0.07905253 
759 280 22 29 0.07890217 
178 382 23 26 0.07716374 
666 228 24 30 0.06830265 
623 277 21 27 0.062357325 
387 417 21 26 0.060291514 
715 358 24 33 0.059641324 
487 464 17 22 0.057599362 
795 293 26 34 0.05372983 
472 463 17 23 0.053230476 
466 433 18 22 0.05040728 
814 263 23 28 0.048504323 
986 402 30 54 0.046291523 
791 336 26 34 0.04614004 
520 488 22 29 0.04422855 
27 363 20 25 0.04244173 
944 321 37 56 0.0418102 
-65 516 363 367 0.038258936 
668 257 23 28 0.03764552 
64 381 18 24 0.037144314 
769 300 23 30 0.037083846 
391 428 20 25 0.036975566 
460 413 20 25 0.03685837 
972 327 30 50 0.036795024 
200 351 559 575 0.03633109 
948 309 23 33 0.035091534 
64 364 19 23 0.03488492 
614 382 20 26 0.03288034 
918 285 28 34 0.03269893 
671 296 23 29 0.032638412 
594 258 21 26 0.032587126 
620 362 21 27 0.032052487 
484 481 21 28 0.031070147 
799 261 22 29 0.03075554 
523 433 17 22 0.030272879 
880 247 24 32 0.030271713 
438 408 22 28 0.030245189 
389 280 21 26 0.030102314 
796 343 51 60 0.02994588 
976 364 34 57 0.029698638 
837 334 23 31 0.029485412 
587 331 24 28 0.029290354 
308 381 25 28 0.02912447 
742 240 22 28 0.028941352 
710 364 34 48 0.02877375 
892 273 39 50 0.028665181 
566 358 26 30 0.027820604 
733 267 44 55 0.027717233 
689 296 24 30 0.027656475 
514 463 17 22 0.027646486 
720 238 21 28 0.027467787 
772 351 35 43 0.027230382 
816 291 27 34 0.026753442 
667 270 42 53 0.026706988 
986 529 32 55 0.02659749 
535 434 18 24 0.02653712 
755 526 346 367 0.026363468 
642 305 22 27 0.026205182 
775 336 23 30 0.026050193 
58 465 18 22 0.025892941 
356 456 17 21 0.025397902 
611 331 21 27 0.025121976 
-184 259 716 762 0.025120774 
356 413 18 22 0.024986876 
689 258 22 27 0.024968725 
530 530 366 356 0.024920654 
617 412 21 25 0.024709396 
595 277 20 25 0.024685161 
489 441 15 20 0.0243408 
115 454 401 399 0.024130858 
111 468 17 21 0.023534676 
516 257 20 24 0.02349575 
25 433 21 28 0.023314828 
835 346 37 46 0.023075791 
881 233 22 30 0.023074608 
73 383 17 23 0.023007473 
946 348 29 43 0.022625571 
464 451 34 42 0.022609599 
737 347 22 30 0.022511158 
0 380 19 28 0.022332186 
470 480 19 25 0.022300081 
82 199 23 30 0.02222937 
75 466 17 21 0.022125207 
788 325 48 58 0.022052376 
906 303 51 67 0.021606091 
534 333 23 28 0.0214797 
878 309 24 29 0.02143838 
698 352 23 30 0.021340905 
29 375 19 25 0.0210971 
620 245 45 58 0.020904072 
724 277 23 29 0.020884607 
27 258 20 25 0.020835567 
361 515 19 23 0.020527434 
479 456 30 39 0.02050143 
992 332 22 30 0.020419434 
637 461 21 27 0.020188436 
368 487 18 23 0.02005185 
