12_Group_Team_Organized_Group_12_Group_Team_Organized_Group_12_270
139
454 14 57 81 0.9932253 
964 118 25 34 0.33316833 
869 149 29 39 0.29220203 
726 139 46 66 0.27475214 
940 180 27 36 0.21744731 
756 449 39 50 0.15517344 
888 71 24 31 0.14316516 
92 451 43 52 0.13619582 
738 450 42 51 0.13541116 
150 74 182 246 0.12693113 
311 146 30 38 0.12290822 
818 167 33 42 0.10936922 
809 141 41 54 0.107346304 
892 206 38 48 0.10308883 
662 13 55 55 0.087362185 
948 444 42 56 0.08673857 
967 440 39 58 0.08559994 
918 131 22 30 0.08262312 
877 97 25 32 0.07993536 
319 378 47 56 0.07506995 
211 457 27 34 0.0728879 
185 146 44 62 0.06992208 
161 108 77 103 0.06518269 
657 453 29 37 0.06490369 
874 450 30 36 0.06051768 
790 137 42 58 0.058694176 
914 196 35 48 0.054431215 
925 43 25 34 0.05123359 
734 124 32 43 0.05112969 
170 221 44 52 0.04968295 
873 123 26 32 0.04703417 
970 107 22 31 0.046980087 
77 454 36 48 0.04545318 
722 452 39 50 0.04445895 
687 133 71 81 0.04416198 
715 123 46 61 0.044044312 
609 5 43 55 0.04302723 
815 191 29 38 0.042223286 
531 445 45 59 0.041783366 
663 175 64 79 0.041116755 
770 29 25 29 0.040985353 
894 56 23 28 0.03924501 
796 47 28 32 0.038302932 
752 140 42 61 0.037565194 
93 217 45 52 0.037023436 
135 76 120 173 0.03577421 
991 167 25 35 0.035765193 
794 0 32 32 0.0354813 
847 92 25 34 0.03531323 
880 55 47 62 0.034593657 
201 150 27 37 0.03447279 
846 80 24 31 0.03427715 
931 178 25 32 0.034164295 
772 43 24 32 0.033160623 
928 29 23 29 0.033066973 
860 284 44 56 0.032757096 
979 20 21 29 0.03219462 
923 145 24 32 0.032019634 
883 139 37 48 0.031940114 
110 460 43 54 0.031543866 
955 106 21 28 0.031061858 
969 140 32 47 0.030886743 
895 121 24 31 0.030325612 
186 186 47 58 0.029724164 
691 17 59 72 0.02947676 
100 241 30 37 0.029291533 
683 0 38 40 0.029241838 
979 5 22 25 0.028975328 
845 151 27 38 0.02891929 
811 52 26 29 0.028564157 
360 379 67 76 0.028553892 
310 132 28 34 0.028486967 
84 194 50 59 0.028293809 
638 181 47 63 0.027850417 
787 16 49 42 0.027558468 
155 232 67 83 0.027557168 
994 77 20 30 0.027544413 
7 220 31 57 0.027196713 
199 469 40 46 0.02679773 
748 247 52 73 0.026688306 
640 14 45 53 0.026622351 
140 76 75 96 0.026046395 
203 148 60 75 0.025764842 
583 184 50 60 0.025728056 
841 166 28 38 0.025641251 
224 225 27 34 0.025521543 
7 461 23 32 0.02542615 
215 175 69 77 0.02541075 
996 94 20 29 0.025167655 
874 54 23 28 0.025146103 
949 109 44 59 0.025107063 
975 164 33 47 0.024969816 
816 71 26 32 0.024641521 
740 26 24 32 0.024640324 
974 45 23 31 0.024634525 
207 231 72 85 0.024613068 
718 159 35 51 0.024469817 
306 157 40 48 0.024449456 
199 225 29 35 0.024423284 
940 27 22 28 0.02427638 
199 200 29 37 0.024199456 
794 126 31 41 0.02419222 
181 147 28 40 0.02408311 
542 15 48 50 0.023778604 
655 212 62 77 0.023433417 
25 198 20 31 0.022942653 
949 142 32 45 0.022906078 
182 127 26 34 0.022846993 
741 435 32 41 0.022837257 
913 26 55 72 0.02278666 
972 13 34 47 0.022385288 
19 228 22 33 0.022378532 
922 102 21 26 0.022234943 
682 161 51 61 0.022222456 
96 435 37 45 0.022067593 
214 122 103 123 0.021875128 
992 4 20 26 0.021620989 
940 43 25 34 0.021585563 
186 62 47 62 0.021442343 
405 132 22 29 0.021090275 
721 20 57 73 0.021090077 
796 199 27 34 0.02100665 
216 218 46 52 0.020883748 
187 95 49 62 0.020879166 
213 94 45 53 0.020865371 
874 78 48 63 0.020839391 
534 352 22 29 0.020757798 
236 256 57 77 0.020512845 
877 213 38 46 0.020512661 
989 450 27 42 0.020461919 
839 139 47 62 0.020454926 
814 126 31 40 0.020450497 
944 205 37 53 0.020435391 
713 246 63 83 0.020398837 
311 300 71 90 0.02037788 
16 193 34 61 0.02033266 
772 -1 26 28 0.02024703 
584 9 47 52 0.020074498 
818 96 27 34 0.020058714 
