12_Group_Team_Organized_Group_12_Group_Team_Organized_Group_12_83
226
724 374 172 237 0.99937505 
810 218 61 79 0.9328511 
302 246 27 36 0.79709804 
403 242 35 42 0.5077171 
151 287 22 32 0.46539313 
23 312 26 31 0.39359325 
187 262 20 26 0.26621446 
690 255 35 44 0.25806642 
559 274 40 47 0.2547116 
388 272 37 48 0.22294669 
200 303 23 28 0.20208655 
204 256 19 25 0.18666983 
388 248 25 33 0.18219805 
533 275 28 38 0.16084138 
46 258 21 25 0.15799649 
291 249 23 31 0.15376543 
708 256 27 34 0.14511345 
955 235 20 27 0.14386539 
97 281 20 27 0.14362039 
128 251 21 28 0.14070961 
563 258 29 36 0.13167834 
89 284 20 24 0.12522002 
255 259 22 29 0.121698625 
724 222 25 31 0.118374094 
181 271 21 29 0.112959705 
326 249 23 30 0.11025474 
30 276 23 28 0.10753567 
96 373 23 31 0.10225707 
131 132 22 29 0.09845471 
150 260 19 26 0.095891155 
284 293 41 49 0.09486776 
6 273 21 29 0.09420038 
4 262 19 25 0.091606244 
38 260 19 24 0.090804376 
585 261 24 30 0.08808933 
904 238 19 25 0.084873535 
329 238 22 28 0.082796395 
427 248 25 33 0.080532655 
736 223 25 35 0.079235055 
209 233 20 24 0.0784598 
755 236 37 53 0.072952636 
387 236 23 31 0.07228363 
289 236 23 30 0.071019776 
45 277 22 27 0.0699219 
446 294 41 54 0.06949108 
522 281 23 30 0.06907186 
955 202 19 25 0.068216756 
908 211 19 24 0.067259334 
109 252 20 25 0.06562942 
918 238 19 23 0.06513975 
915 250 18 23 0.06478254 
293 271 41 50 0.06454146 
70 352 25 34 0.06364294 
60 353 22 28 0.06342099 
81 307 20 25 0.062404737 
205 281 20 25 0.061824687 
138 284 22 30 0.056435276 
85 376 26 32 0.05630175 
33 252 33 40 0.055272494 
72 327 24 32 0.055167086 
7 354 21 30 0.054612704 
232 258 19 25 0.054415602 
617 260 21 27 0.053400606 
761 227 26 36 0.053392053 
580 273 29 36 0.052967563 
617 280 23 30 0.052578602 
231 230 20 25 0.05232975 
459 286 27 35 0.05228417 
59 330 20 27 0.051808286 
358 276 22 29 0.051117647 
748 271 26 34 0.05058489 
974 185 20 26 0.050225634 
103 305 20 24 0.049952947 
614 234 19 23 0.049342263 
642 263 22 28 0.048832525 
643 274 24 31 0.048230533 
28 235 18 22 0.0481189 
59 326 49 67 0.04765957 
336 296 29 36 0.047525194 
234 280 20 26 0.04739242 
101 328 22 28 0.0472699 
724 214 50 66 0.047093388 
237 334 26 31 0.047089044 
540 260 25 34 0.047055535 
112 237 20 27 0.046919722 
667 270 28 34 0.046670653 
75 306 36 49 0.04653614 
969 231 21 31 0.045835856 
255 275 23 30 0.045323674 
762 207 23 30 0.044579912 
365 259 21 27 0.044488717 
972 195 21 29 0.044218533 
124 236 21 27 0.043942224 
176 119 65 73 0.043852948 
662 254 57 66 0.04376781 
914 207 19 23 0.043747075 
21 353 21 28 0.043608256 
744 209 24 31 0.043155357 
252 233 21 26 0.041919976 
399 290 31 40 0.041617323 
181 131 24 28 0.041471515 
237 302 24 30 0.040833894 
184 236 18 24 0.040717237 
433 312 48 62 0.04056358 
869 235 20 26 0.04042419 
186 306 23 28 0.04001522 
796 127 20 27 0.039715387 
335 281 23 29 0.038970407 
994 229 18 26 0.03873286 
94 302 35 44 0.038682915 
425 268 40 50 0.037703563 
52 320 37 45 0.03758847 
461 233 21 28 0.037452858 
90 318 35 46 0.03743938 
140 273 42 57 0.037237525 
747 253 26 34 0.037183642 
152 234 18 23 0.0370735 
587 101 25 31 0.036440235 
993 199 19 27 0.036278512 
535 283 36 46 0.03619471 
956 248 20 26 0.035801485 
720 210 24 30 0.035682358 
641 109 21 25 0.035320275 
250 306 24 31 0.034592316 
714 108 21 27 0.03451127 
877 103 22 25 0.034309924 
295 230 45 60 0.034290608 
36 165 44 47 0.034203716 
20 229 37 48 0.033695836 
53 309 20 24 0.033484325 
229 349 27 33 0.033456605 
890 104 21 25 0.03337683 
26 398 25 30 0.033191778 
697 105 22 26 0.033083003 
-146 409 540 557 0.0329993 
82 258 18 24 0.032607593 
951 198 31 41 0.0322184 
12 304 49 60 0.03189805 
231 380 40 46 0.03189369 
431 235 22 30 0.03186846 
22 389 23 30 0.030706946 
135 293 30 40 0.03018509 
363 232 20 25 0.030091504 
153 178 21 26 0.030020768 
993 186 18 24 0.02989284 
796 147 22 30 0.029129598 
796 151 72 88 0.02912288 
746 192 56 73 0.02883813 
868 248 22 31 0.028739674 
872 212 19 25 0.028315132 
712 268 27 33 0.028305935 
901 202 31 41 0.028295005 
202 142 28 33 0.028267354 
83 263 48 60 0.028229678 
183 144 28 31 0.028187413 
7 380 22 29 0.028121678 
55 237 20 24 0.028020596 
956 188 19 24 0.027616655 
262 151 19 25 0.027552705 
955 530 59 118 0.027525624 
315 130 21 28 0.027365996 
925 97 23 30 0.027272929 
3 252 31 42 0.02706059 
874 282 27 33 0.026911505 
15 340 34 45 0.02678075 
280 130 21 26 0.026757194 
8 306 22 28 0.026639052 
997 254 17 24 0.026347218 
154 150 21 26 0.026124693 
131 327 22 30 0.02604643 
774 127 22 28 0.026045764 
900 230 30 41 0.025865838 
691 229 24 31 0.025693001 
979 159 19 22 0.025688572 
978 383 25 37 0.025685081 
129 205 19 25 0.02560903 
390 247 61 73 0.025545325 
128 357 23 30 0.025533684 
379 225 50 64 0.025420276 
921 185 18 21 0.025261708 
207 210 23 28 0.024996404 
5 332 21 28 0.024720723 
5 234 19 24 0.024632014 
459 253 23 29 0.024552135 
454 322 28 39 0.024429725 
76 235 19 23 0.024412764 
512 269 46 59 0.024403213 
102 363 24 32 0.024294242 
518 306 21 28 0.024127772 
1 612 23 32 0.024082573 
279 147 23 29 0.024045752 
389 -4 143 151 0.023985967 
29 292 57 74 0.023843642 
769 104 20 26 0.023564259 
941 217 47 64 0.023410348 
82 292 56 74 0.023361318 
563 232 23 28 0.02332374 
742 143 22 27 0.023149254 
968 515 36 73 0.023042915 
265 131 18 24 0.023000868 
690 235 65 82 0.022840774 
345 261 51 64 0.02272145 
841 189 71 86 0.022597818 
250 384 29 36 0.022558384 
993 157 17 22 0.022477489 
821 147 23 27 0.02215656 
816 137 39 47 0.0217974 
942 97 21 28 0.021613184 
362 213 19 24 0.02147962 
4 168 25 37 0.02133517 
747 244 55 76 0.021260297 
-5 331 50 69 0.02125631 
23 153 25 31 0.02120165 
685 230 39 52 0.021053614 
841 129 21 25 0.020957781 
23 239 53 68 0.020886967 
111 237 46 60 0.020854263 
633 260 53 64 0.02070842 
166 260 45 59 0.020604884 
649 226 92 118 0.020580614 
230 210 21 26 0.020426158 
805 94 78 83 0.020362088 
45 230 38 46 0.020346511 
409 149 23 27 0.020342214 
79 339 52 71 0.020236142 
520 83 20 25 0.020209512 
