12_Group_Large_Group_12_Group_Large_Group_12_495
70
344 205 70 94 0.9974643 
15 229 88 110 0.9964896 
634 175 44 52 0.48098496 
153 227 66 95 0.4025833 
129 231 59 86 0.18987493 
891 383 82 107 0.095282115 
644 306 27 35 0.07752657 
182 242 51 66 0.065506294 
473 194 36 45 0.060267303 
791 203 36 42 0.046240818 
539 325 52 49 0.044195063 
139 271 58 74 0.04158034 
887 386 122 194 0.041488416 
654 179 30 38 0.039428324 
849 231 23 30 0.036127284 
595 178 21 28 0.034569584 
530 174 23 29 0.03348761 
763 222 24 30 0.03338757 
643 157 26 32 0.03262249 
260 121 22 27 0.030573882 
203 255 63 73 0.030562216 
564 151 23 29 0.03000944 
765 210 23 29 0.029641433 
532 156 22 28 0.029541675 
754 506 339 376 0.029362103 
199 7 28 30 0.028956007 
77 213 64 88 0.028501844 
739 323 23 30 0.02787786 
721 333 22 28 0.027472211 
934 395 70 110 0.027344955 
432 215 39 52 0.027297297 
993 225 19 26 0.027143182 
894 348 81 85 0.02657577 
562 204 24 32 0.026572118 
816 56 147 185 0.026459042 
509 52 21 26 0.02574376 
123 81 78 94 0.025372699 
745 403 85 105 0.025333613 
77 158 38 51 0.025132364 
319 232 62 81 0.025107173 
665 156 23 28 0.025068179 
47 3 24 28 0.024814121 
132 185 75 105 0.024722254 
551 208 38 50 0.024641002 
478 252 38 49 0.024524182 
98 124 79 99 0.024306582 
615 307 21 28 0.023998395 
634 293 48 58 0.023946952 
520 152 21 27 0.023381127 
480 183 25 29 0.023348365 
590 169 34 46 0.023223031 
742 312 22 29 0.023200663 
566 175 21 27 0.022743698 
617 181 26 34 0.022547022 
922 3 24 26 0.022336967 
614 326 22 28 0.022310957 
541 77 20 25 0.02228484 
672 128 20 26 0.021806607 
130 246 33 47 0.021619054 
591 299 651 737 0.021477133 
142 267 37 49 0.021433098 
309 261 40 52 0.021391846 
748 104 20 25 0.021334423 
152 296 30 38 0.02069861 
266 6 57 48 0.020639498 
433 1 26 27 0.020394592 
242 288 44 51 0.020275801 
27 193 74 95 0.020204749 
223 200 39 50 0.02012637 
427 241 38 50 0.02011539 
