12_Group_Large_Group_12_Group_Large_Group_12_527
178
710 417 87 114 0.99898654 
723 243 67 85 0.6428325 
331 418 73 97 0.40745506 
589 221 83 108 0.31821153 
497 433 74 93 0.27296802 
768 922 71 91 0.20417532 
483 50 79 83 0.20185487 
880 87 63 94 0.19727463 
291 54 72 97 0.16868998 
214 34 48 58 0.16782764 
-1 31 57 96 0.13727944 
761 597 105 118 0.12961623 
243 46 98 118 0.11445694 
191 53 96 121 0.1083191 
832 216 65 85 0.10501129 
679 116 63 90 0.104134895 
900 546 72 110 0.099332005 
219 194 88 110 0.09206869 
129 247 67 93 0.09062375 
954 327 57 79 0.07763565 
767 98 61 76 0.07649197 
719 12 64 73 0.07201776 
914 333 62 75 0.06644774 
82 60 94 123 0.06584181 
-1 238 54 112 0.061546408 
684 110 42 58 0.061042648 
394 135 78 92 0.06073095 
-1 709 77 117 0.057591077 
337 285 62 80 0.057475656 
498 211 63 86 0.05519384 
131 54 92 123 0.054694746 
858 427 69 86 0.05408351 
171 599 71 86 0.052885387 
833 321 72 88 0.052046012 
12 55 87 144 0.050959457 
868 478 64 81 0.050766896 
766 1066 550 568 0.047384202 
99 30 70 94 0.047111787 
348 873 84 92 0.04516515 
194 66 48 67 0.044919644 
912 262 60 73 0.044751346 
629 427 59 79 0.044672444 
530 556 71 87 0.04238596 
363 711 113 133 0.042042363 
639 225 48 68 0.041160192 
882 516 66 92 0.040155154 
656 93 64 83 0.040032107 
485 241 70 89 0.03980025 
256 580 71 95 0.039743245 
452 28 79 79 0.0393774 
308 671 120 150 0.038654037 
918 -2 69 60 0.03828721 
720 914 86 109 0.03815842 
618 270 71 88 0.037403315 
476 788 1049 1060 0.037352942 
517 411 56 75 0.037022904 
508 75 73 88 0.036952984 
520 60 54 66 0.03645216 
846 861 59 75 0.036398884 
456 248 69 88 0.035683803 
220 90 49 63 0.034777816 
222 89 117 141 0.034137107 
619 904 69 85 0.033690754 
746 796 513 580 0.033549577 
626 353 753 845 0.033494093 
740 264 70 88 0.033481207 
560 185 71 96 0.03340712 
235 195 42 56 0.033236135 
215 593 69 90 0.033153575 
918 392 63 91 0.032718226 
430 59 109 125 0.03268409 
7 415 72 91 0.032278277 
557 133 61 81 0.03216556 
375 333 61 78 0.03174431 
839 395 71 96 0.03151803 
226 1 42 47 0.031276803 
684 16 68 71 0.031023031 
646 65 63 76 0.030172678 
294 928 72 88 0.030129027 
402 337 58 76 0.03005574 
778 175 512 586 0.030024838 
476 321 70 82 0.029669864 
226 212 53 70 0.029644245 
786 -123 516 574 0.02963773 
229 672 65 83 0.029429067 
114 34 38 48 0.029424982 
448 454 96 119 0.029387344 
519 261 94 111 0.029020535 
387 32 38 47 0.02894238 
722 221 57 72 0.028868621 
248 25 69 88 0.028852828 
802 323 65 85 0.028779266 
483 365 70 89 0.028625978 
684 621 65 76 0.028380113 
344 270 47 60 0.028359545 
498 90 49 63 0.028213218 
912 76 47 58 0.02808641 
21 33 47 67 0.028007353 
322 31 63 83 0.027940558 
566 256 83 99 0.027660387 
686 203 67 98 0.027480304 
417 2 41 45 0.027309923 
10 503 101 153 0.027208254 
715 94 61 81 0.027124817 
821 966 61 87 0.027072918 
251 249 54 69 0.0267374 
802 234 83 101 0.026545653 
504 -326 1026 1106 0.02647869 
255 683 44 54 0.026289217 
948 412 68 101 0.026151465 
149 376 49 60 0.026111985 
307 31 45 61 0.02609954 
275 562 95 118 0.025716651 
648 610 86 102 0.025642311 
445 0 75 76 0.02535522 
952 117 60 98 0.02530259 
457 0 44 45 0.025266899 
104 98 51 65 0.025141893 
314 360 136 173 0.025114855 
871 333 51 63 0.025107058 
852 96 61 82 0.025020204 
46 7 141 210 0.024887094 
829 846 56 67 0.024735278 
139 34 67 92 0.02471644 
640 17 68 69 0.024683818 
836 887 63 90 0.02447366 
547 467 70 86 0.024455091 
106 71 49 63 0.024392517 
802 910 84 119 0.024216255 
277 -9 99 116 0.024206946 
182 163 96 127 0.024137728 
884 692 42 57 0.023938157 
804 12 73 75 0.023917053 
170 226 87 110 0.023914348 
454 278 115 132 0.023881847 
143 229 50 67 0.023776704 
832 177 61 84 0.023670925 
670 65 101 126 0.023539755 
237 679 90 114 0.023141228 
679 935 63 82 0.023137132 
771 993 210 266 0.023067381 
75 815 40 51 0.022947641 
260 29 42 53 0.022899333 
50 96 95 120 0.02288974 
119 -3 161 190 0.022820888 
409 464 91 113 0.02276379 
848 288 94 110 0.022759166 
370 297 50 65 0.022640629 
364 -18 178 186 0.022601178 
429 527 98 116 0.022499949 
211 119 75 96 0.022494512 
3 729 45 66 0.02221863 
418 715 101 128 0.022090167 
517 865 56 84 0.022008998 
716 55 67 84 0.02200507 
461 60 50 58 0.021994518 
367 507 112 128 0.021937517 
517 506 78 98 0.021721395 
152 38 39 49 0.021604082 
336 804 121 141 0.021581374 
355 294 110 133 0.021455899 
993 115 35 53 0.021435015 
116 305 95 126 0.02142416 
324 559 169 199 0.021272557 
896 580 89 132 0.021045242 
69 694 86 110 0.02102808 
296 365 97 129 0.020930035 
382 2 41 46 0.020904597 
978 127 50 84 0.020874681 
506 668 96 128 0.020858364 
169 494 88 108 0.020796122 
-2 0 99 142 0.020745842 
751 60 66 80 0.020464553 
206 555 146 171 0.02032863 
559 87 63 82 0.020269781 
346 441 91 112 0.020221666 
704 610 95 107 0.020047812 
202 0 84 97 0.02003883 
