12_Group_Team_Organized_Group_12_Group_Team_Organized_Group_12_283
333
441 324 24 31 0.966736 
359 339 25 32 0.8656691 
236 350 24 30 0.8221023 
265 253 20 25 0.80261236 
298 351 23 30 0.7602215 
675 361 18 21 0.74938524 
888 261 24 30 0.74590147 
138 333 22 29 0.683652 
839 248 20 27 0.6274059 
309 263 19 26 0.59590393 
574 356 20 25 0.5830378 
827 250 19 24 0.5624296 
385 235 19 23 0.5596713 
230 255 19 25 0.5572478 
771 247 18 23 0.54914665 
468 252 19 24 0.51736367 
661 259 19 23 0.47530237 
522 256 18 23 0.4583074 
209 236 19 24 0.3889357 
617 253 18 21 0.38564038 
471 236 18 23 0.377484 
520 350 20 26 0.37480614 
421 249 18 24 0.37017965 
305 277 20 26 0.35304072 
619 238 17 21 0.34818166 
736 231 17 21 0.34076375 
953 264 19 26 0.32689506 
664 235 18 21 0.30489483 
389 249 18 24 0.30023152 
70 326 21 27 0.29989466 
798 248 18 23 0.28417477 
721 234 17 21 0.2714716 
651 256 17 21 0.26743475 
701 235 17 21 0.26519012 
522 236 16 21 0.265034 
175 226 17 22 0.26330054 
276 253 20 25 0.26225513 
212 251 19 23 0.2574449 
735 280 20 23 0.23818468 
233 340 24 29 0.23475054 
360 235 16 21 0.23436224 
560 239 16 20 0.22868937 
597 235 16 21 0.22755177 
623 355 18 21 0.22485068 
99 330 21 26 0.21717711 
562 256 17 20 0.21714747 
417 240 17 23 0.21281567 
482 215 18 23 0.20882836 
136 256 18 22 0.19487472 
64 237 21 25 0.19067234 
358 255 18 23 0.18922266 
125 236 18 23 0.18143839 
647 235 16 20 0.18018319 
705 252 17 21 0.1781345 
310 230 18 22 0.17729452 
340 236 17 21 0.15688518 
336 253 18 23 0.15248707 
713 254 17 21 0.15017001 
302 341 24 28 0.14653626 
112 231 18 22 0.14420047 
452 328 21 27 0.14053322 
481 278 18 23 0.14038742 
64 250 20 25 0.13786466 
570 340 19 25 0.13587435 
164 229 17 22 0.13586111 
354 280 19 25 0.13406967 
205 411 24 31 0.13328816 
184 262 18 23 0.13226686 
336 385 23 29 0.13002716 
703 414 16 20 0.1294434 
101 261 17 22 0.12492871 
480 225 18 23 0.12117798 
149 258 16 20 0.11896615 
596 252 17 21 0.117417835 
62 315 20 26 0.11539289 
473 274 20 24 0.115287125 
73 253 18 23 0.11316384 
97 277 18 24 0.111472346 
233 238 18 22 0.1100747 
234 275 19 24 0.109643936 
670 275 18 22 0.10932613 
430 240 16 21 0.10905436 
821 241 19 25 0.10766843 
439 385 24 30 0.1076349 
248 355 22 28 0.106984146 
10 199 37 47 0.09837772 
536 256 17 21 0.0968729 
335 331 20 26 0.09286743 
107 377 21 27 0.09016042 
481 263 18 22 0.08851488 
334 308 20 25 0.085028954 
22 284 19 23 0.084366724 
291 340 23 30 0.08354934 
537 239 16 20 0.080337785 
638 359 16 21 0.0801175 
174 214 18 23 0.07919385 
179 274 18 23 0.07804717 
623 277 17 21 0.07666092 
472 213 18 22 0.07662376 
717 390 16 19 0.07592978 
571 455 18 22 0.07521782 
153 358 22 27 0.07503826 
742 260 18 21 0.07472299 
285 237 18 23 0.073579736 
289 286 20 27 0.07239914 
518 379 19 23 0.07072627 
690 285 17 21 0.06893469 
341 285 20 24 0.068500146 
516 457 20 26 0.066910245 
261 240 18 23 0.06583338 
487 357 19 24 0.06536217 
313 214 18 24 0.06476855 
621 342 18 21 0.06448073 
947 268 28 36 0.064355694 
390 216 16 20 0.06413025 
699 391 16 20 0.06367271 
156 380 21 26 0.063494675 
390 405 22 28 0.062177025 
723 445 17 21 0.061734665 
742 215 16 21 0.061649486 
520 214 16 21 0.061115883 
571 444 17 21 0.060985245 
684 361 16 20 0.05921089 
28 304 17 22 0.05856865 
714 410 16 20 0.05792526 
617 211 17 20 0.057867497 
358 307 21 27 0.05784024 
389 389 21 27 0.05749469 
672 213 16 21 0.055779416 
775 361 16 20 0.055657286 
262 275 20 25 0.055209875 
796 361 17 21 0.054916326 
126 465 22 29 0.05455243 
673 379 16 21 0.054281525 
22 220 25 31 0.054236144 
573 380 19 24 0.053734757 
532 356 18 22 0.05357778 
310 297 21 27 0.053542025 
726 454 18 23 0.053430732 
674 342 16 20 0.0531625 
163 212 18 23 0.05294186 
644 212 15 20 0.05276394 
486 336 18 25 0.052663613 
102 362 21 26 0.052402064 
741 386 16 19 0.052388173 
181 358 20 26 0.05075604 
619 464 18 22 0.05056645 
594 211 16 21 0.049722545 
589 459 18 22 0.049542725 
720 364 16 19 0.048752476 
286 297 21 29 0.048704877 
181 333 19 25 0.048611823 
801 387 19 22 0.048100207 
103 315 19 24 0.048044197 
586 381 18 21 0.047941547 
388 279 20 24 0.047602292 
252 333 21 26 0.047162037 
210 356 20 27 0.04698448 
154 310 20 24 0.04583807 
697 215 16 20 0.045732718 
723 214 16 20 0.045708124 
590 440 17 22 0.045586213 
539 385 17 22 0.04530395 
463 430 20 25 0.044962626 
433 281 19 25 0.044706337 
420 280 20 26 0.04433521 
134 349 22 28 0.04423086 
491 307 19 24 0.04417282 
386 309 21 26 0.044001922 
3 326 19 25 0.043445233 
363 211 15 19 0.04300704 
926 257 19 25 0.04292822 
927 282 19 23 0.042734683 
467 411 21 26 0.042216953 
11 281 19 25 0.041317124 
518 275 19 24 0.04118513 
52 406 23 31 0.04106062 
531 340 18 24 0.04097631 
29 256 19 24 0.040480625 
124 383 20 27 0.04047898 
871 236 19 24 0.040351726 
515 308 19 24 0.040266756 
334 211 16 21 0.039763756 
135 314 19 24 0.039665878 
567 210 16 20 0.039627735 
540 305 19 24 0.039141424 
108 226 29 37 0.038785856 
133 276 19 24 0.038689315 
696 305 18 22 0.038537577 
820 359 17 21 0.03845693 
595 307 18 23 0.03827087 
743 438 19 23 0.03823431 
569 275 19 23 0.03823087 
210 213 17 21 0.038153782 
586 339 18 21 0.037905276 
592 409 18 22 0.03785541 
643 279 17 21 0.037816267 
54 384 22 28 0.03760298 
357 379 23 29 0.03715998 
231 304 20 24 0.036201026 
489 383 19 24 0.036010593 
957 358 19 24 0.035751674 
409 380 21 29 0.03549271 
458 382 21 27 0.03517621 
225 404 21 28 0.034863442 
404 406 21 29 0.03442114 
77 406 21 28 0.034349654 
743 411 17 21 0.034227602 
184 308 19 23 0.034223504 
155 412 21 27 0.034217123 
130 212 18 22 0.03420118 
618 306 17 21 0.03418729 
641 336 16 20 0.03364197 
7 309 18 25 0.032891124 
105 211 17 22 0.032839686 
746 363 15 19 0.032808222 
801 407 21 26 0.032672033 
436 399 24 30 0.032580253 
773 211 16 21 0.03217888 
133 412 21 26 0.032167815 
437 210 17 21 0.032124568 
187 412 21 28 0.03192505 
210 335 20 26 0.03184605 
515 443 20 23 0.031845763 
821 209 17 22 0.03179226 
617 383 17 22 0.03133541 
739 304 17 21 0.031281516 
749 331 17 20 0.030979713 
799 210 16 21 0.030906966 
77 383 22 29 0.030899584 
310 436 23 28 0.030871047 
590 596 23 27 0.03072131 
751 531 351 365 0.03051898 
234 212 16 20 0.030497763 
817 382 19 22 0.030323215 
540 278 18 22 0.030224731 
260 383 22 28 0.029750085 
693 333 16 20 0.029618291 
131 319 42 54 0.029582754 
158 280 18 22 0.029401992 
483 414 19 24 0.029206764 
967 359 18 23 0.02890566 
413 213 16 20 0.028894987 
921 387 20 27 0.028850095 
54 207 18 24 0.02880877 
208 306 19 24 0.028753938 
78 208 17 21 0.028587561 
105 409 19 24 0.028511735 
23 413 20 28 0.028486637 
132 427 21 27 0.02833389 
879 270 22 28 0.028318342 
206 387 20 27 0.028244443 
182 384 20 26 0.028224517 
846 359 18 21 0.028154239 
953 235 17 22 0.027918097 
642 305 18 23 0.027851596 
309 451 25 30 0.027493726 
382 331 22 28 0.02715829 
285 342 40 51 0.027110789 
108 434 20 26 0.02703442 
823 278 18 23 0.026965074 
437 347 21 29 0.02670818 
849 278 19 24 0.026696827 
621 481 21 24 0.0265754 
56 282 19 23 0.026540125 
234 381 23 31 0.026428511 
537 209 16 21 0.026245391 
592 278 16 20 0.026222952 
697 432 16 20 0.025994888 
307 376 23 28 0.025929308 
826 336 18 22 0.025892695 
156 428 20 26 0.025885312 
409 330 20 27 0.025606316 
769 278 18 23 0.025587842 
16 278 31 40 0.025518076 
843 381 17 21 0.025211487 
567 307 18 23 0.025176583 
412 308 21 27 0.025137987 
618 443 17 20 0.02497424 
110 457 22 28 0.024963932 
538 442 18 21 0.02492421 
336 400 23 29 0.024697797 
981 203 18 25 0.024547635 
533 459 19 22 0.02449168 
767 337 16 20 0.024466028 
925 236 18 23 0.024462232 
674 305 16 20 0.024294553 
646 410 17 21 0.024169412 
32 357 18 23 0.024100758 
803 304 19 24 0.024074124 
726 305 17 21 0.02406502 
543 408 16 21 0.023801755 
357 229 27 35 0.023497975 
518 409 17 21 0.023392648 
776 383 16 20 0.023307605 
721 332 16 20 0.022994641 
349 328 42 52 0.022990646 
50 309 48 58 0.02287987 
28 331 17 22 0.02273553 
576 314 680 731 0.022630323 
201 461 26 34 0.022626858 
182 430 20 27 0.022494117 
769 307 18 22 0.022431662 
843 339 17 22 0.022420341 
645 387 16 21 0.02224243 
876 250 41 50 0.022206018 
967 260 18 24 0.022151312 
972 232 17 23 0.02212455 
261 403 21 27 0.021963703 
458 316 22 28 0.021934645 
24 296 29 38 0.021931693 
380 356 21 27 0.021913549 
747 591 17 20 0.021644657 
45 219 47 61 0.02162431 
259 211 16 20 0.02138764 
338 358 21 28 0.021321313 
874 211 18 23 0.02122856 
230 431 22 27 0.021197865 
10 410 18 26 0.021117033 
816 304 18 23 0.021004338 
358 408 23 28 0.02095068 
212 276 19 25 0.020827344 
849 209 17 21 0.020733126 
262 308 19 24 0.020712094 
78 433 20 26 0.020429857 
334 433 23 29 0.020381266 
0 317 31 42 0.020358039 
123 476 24 30 0.020309944 
800 282 17 23 0.020231923 
56 455 21 25 0.020112175 
3 387 17 25 0.020100243 
54 358 20 25 0.020098986 
133 568 24 28 0.020033613 
