12_Group_Large_Group_12_Group_Large_Group_12_94
116
204 113 73 87 0.9998772 
648 194 64 81 0.99968314 
650 112 65 72 0.997182 
823 103 65 77 0.9959235 
403 134 72 88 0.9958156 
359 7 47 55 0.9486562 
703 60 38 48 0.91383654 
164 80 45 60 0.82239336 
-1 53 58 87 0.74903244 
872 56 42 51 0.64425236 
386 71 51 61 0.50499797 
707 0 44 40 0.49109393 
525 10 51 52 0.42775115 
138 0 58 48 0.3854095 
64 24 71 79 0.37012243 
324 -4 31 35 0.2049578 
530 40 46 53 0.19594432 
324 118 44 56 0.18365064 
161 0 57 44 0.18077412 
507 95 47 59 0.1772116 
587 18 36 39 0.17261256 
310 -2 31 31 0.1326306 
358 30 63 76 0.13097942 
462 25 29 33 0.12549928 
110 -6 63 68 0.124047086 
848 83 59 76 0.115051925 
448 58 42 55 0.10610048 
759 108 44 55 0.0985189 
3 8 63 69 0.09487058 
477 -1 30 32 0.09442293 
182 85 64 85 0.08703997 
756 64 36 46 0.085230745 
880 88 40 54 0.083345294 
246 8 41 52 0.08273631 
770 -2 31 31 0.08097256 
507 0 31 33 0.072899394 
938 2 52 58 0.072803386 
452 38 40 52 0.06818737 
865 14 30 36 0.06730749 
128 -2 38 41 0.066443674 
423 -1 31 34 0.062162172 
423 59 54 70 0.062052816 
28 14 80 76 0.061832473 
787 0 27 29 0.060165085 
646 145 73 95 0.05786911 
20 61 85 97 0.055894084 
869 4 28 30 0.055281032 
282 -2 30 33 0.055151258 
251 0 28 33 0.0530885 
277 13 41 48 0.04602154 
605 22 28 33 0.045563564 
759 50 28 34 0.04512347 
361 75 71 89 0.044683993 
-2 81 33 53 0.043826163 
542 -2 55 50 0.04197046 
226 -7 41 43 0.041493367 
600 91 37 49 0.041468374 
92 52 41 56 0.040668115 
931 48 63 84 0.03903834 
691 9 46 46 0.038674347 
574 0 47 47 0.037497405 
669 -2 26 29 0.037073463 
146 35 66 77 0.036443613 
191 -2 39 38 0.035504386 
426 9 37 44 0.03468478 
291 31 40 50 0.034498613 
220 10 44 53 0.033883866 
469 10 42 46 0.032276187 
932 22 48 66 0.031510483 
891 1 24 26 0.03137672 
908 64 41 55 0.031093111 
694 0 32 31 0.03107977 
946 82 43 59 0.029686289 
505 -4 55 52 0.02958228 
398 9 39 47 0.029339613 
964 2 32 35 0.028817784 
696 54 32 40 0.028605951 
549 57 42 53 0.028593183 
742 45 35 47 0.02838892 
910 3 61 74 0.027292779 
750 327 347 366 0.027164342 
72 17 42 48 0.026833462 
725 5 46 49 0.026714625 
15 34 40 51 0.026144084 
191 36 49 60 0.02610674 
514 14 33 37 0.026064608 
44 36 38 46 0.025832621 
949 0 33 36 0.024970338 
78 68 77 89 0.024937341 
896 19 58 78 0.024354672 
276 89 45 59 0.023918511 
643 43 36 47 0.023741495 
-2 -4 35 44 0.023573598 
304 87 65 79 0.02354441 
612 0 24 27 0.023425136 
438 67 64 80 0.022507995 
55 51 69 86 0.02248533 
819 -1 22 23 0.022435801 
-229 105 710 746 0.022422263 
240 56 58 73 0.022383582 
72 2 32 36 0.022373024 
849 0 25 27 0.022203008 
435 43 39 52 0.022093166 
605 72 38 51 0.021939898 
19 -4 35 38 0.02183266 
582 70 38 50 0.021741243 
297 134 69 84 0.021653216 
635 94 59 73 0.021642461 
480 103 59 72 0.021629484 
-69 336 354 346 0.021481533 
88 22 41 50 0.021469764 
507 64 46 57 0.02141786 
387 41 45 57 0.020570314 
112 53 47 63 0.020537905 
729 0 30 32 0.02047372 
848 21 27 31 0.020444294 
