12_Group_Large_Group_12_Group_Large_Group_12_112
150
216 38 70 103 0.9979855 
283 411 61 91 0.284015 
444 335 58 64 0.24567969 
943 239 59 77 0.24060383 
369 523 100 137 0.13837817 
667 411 28 37 0.11182147 
275 510 99 162 0.110989854 
394 266 41 50 0.11071645 
468 545 85 108 0.07925738 
964 282 43 57 0.07908292 
624 419 54 79 0.07291816 
922 373 24 32 0.07175105 
196 361 160 195 0.06983269 
637 376 30 39 0.06973957 
914 281 24 31 0.06927641 
907 287 22 29 0.06510447 
633 400 40 56 0.06392014 
787 376 37 47 0.06313716 
669 383 26 32 0.060007304 
469 429 74 91 0.058810342 
949 250 34 41 0.05545248 
897 399 24 31 0.05479385 
436 318 50 61 0.05363096 
648 406 52 70 0.05230056 
124 368 91 151 0.050932802 
354 487 69 94 0.05058238 
636 430 27 40 0.049280167 
776 385 22 30 0.048079383 
585 374 30 37 0.046809044 
350 437 72 101 0.046276957 
637 453 27 38 0.04426701 
642 356 28 35 0.043582883 
456 367 37 43 0.04301969 
460 357 56 64 0.042791422 
831 464 64 90 0.042791307 
233 423 87 96 0.0423764 
962 333 39 56 0.042102035 
587 419 39 53 0.042011015 
302 522 129 181 0.040675607 
968 312 39 57 0.04053708 
466 320 47 58 0.040429413 
796 361 25 33 0.039506443 
378 483 78 110 0.039057605 
501 440 47 65 0.03772421 
766 389 38 50 0.03737333 
611 419 43 61 0.037199453 
317 491 74 98 0.03703921 
895 377 38 48 0.03551662 
343 470 180 244 0.03551009 
337 471 64 87 0.03494394 
607 375 38 49 0.034727376 
309 446 69 93 0.0343075 
434 473 117 159 0.033968236 
95 399 89 133 0.03340952 
486 486 88 129 0.032766007 
396 436 60 79 0.032065764 
846 350 26 32 0.03178025 
495 316 39 52 0.031691983 
87 297 230 308 0.031457294 
897 354 21 27 0.031150078 
507 546 77 105 0.031056385 
922 388 76 108 0.031053716 
477 293 50 66 0.030897357 
821 337 23 29 0.03089684 
154 321 69 77 0.030837402 
277 485 75 107 0.030798031 
428 301 95 112 0.030748392 
295 80 51 62 0.030614894 
453 385 54 64 0.0303301 
888 300 111 168 0.029489936 
843 335 24 31 0.029478671 
892 350 37 49 0.029297313 
904 354 57 74 0.029121075 
439 398 84 95 0.028992962 
913 237 96 150 0.028761094 
58 421 88 121 0.028491085 
146 305 153 179 0.027527202 
440 449 85 93 0.027440876 
557 401 39 52 0.026994305 
191 271 75 81 0.026953354 
197 409 196 266 0.026875302 
902 335 21 26 0.02681246 
919 329 21 25 0.026792968 
919 299 23 28 0.026742052 
838 321 39 52 0.0266401 
655 375 53 68 0.026461463 
606 446 70 94 0.026356926 
844 437 71 95 0.026258923 
902 262 52 67 0.02614838 
187 401 103 132 0.026140459 
535 349 38 49 0.025901474 
828 410 71 86 0.02560667 
682 384 24 30 0.025471987 
17 288 128 194 0.02535522 
451 300 36 43 0.025128223 
730 432 104 143 0.025110392 
37 187 76 91 0.024909368 
229 377 93 101 0.024804508 
168 293 77 80 0.02472089 
334 413 63 81 0.024623828 
385 429 105 128 0.024361398 
615 403 30 40 0.02416662 
94 318 101 137 0.024057755 
427 288 59 71 0.024014428 
849 299 68 86 0.02356253 
404 532 66 80 0.023541162 
856 361 103 133 0.023240808 
844 299 24 29 0.023133403 
410 260 28 34 0.022994995 
759 420 43 60 0.022887044 
946 340 37 52 0.022738663 
498 358 47 59 0.022634672 
893 285 38 48 0.022514159 
682 430 23 30 0.02243575 
943 320 78 124 0.022434866 
865 395 43 52 0.02232036 
179 445 70 83 0.022302762 
417 452 211 258 0.022297872 
278 317 40 53 0.022271426 
202 509 122 155 0.022092398 
188 461 94 126 0.021944528 
837 272 43 50 0.021927822 
734 373 106 130 0.021894617 
374 579 108 155 0.021798786 
917 402 23 31 0.021752933 
720 532 22 28 0.02170088 
686 378 105 126 0.021603718 
432 225 105 125 0.021510527 
389 249 68 77 0.021479972 
806 441 66 85 0.02147291 
568 429 64 84 0.021344712 
779 456 68 96 0.021084199 
550 413 56 73 0.020973794 
863 315 40 51 0.020852322 
798 490 77 94 0.02071943 
944 430 36 45 0.020713018 
467 258 57 76 0.020635685 
634 475 26 34 0.020612141 
0 307 67 124 0.020588718 
619 412 93 124 0.02047329 
483 333 55 70 0.020454649 
935 304 58 79 0.020436775 
870 407 25 31 0.020434067 
758 270 41 49 0.020347748 
0 387 106 174 0.020333013 
707 493 61 77 0.02026397 
655 359 37 48 0.02023639 
562 369 39 48 0.020223398 
406 449 31 41 0.020056946 
654 437 40 54 0.020027002 
