12_Group_Group_12_Group_Group_12_227
101
733 269 31 38 0.98425794 
604 220 33 40 0.97953343 
637 155 28 35 0.97550404 
425 226 31 39 0.9750624 
837 195 29 36 0.97475624 
695 218 31 37 0.96162194 
325 224 29 35 0.9583333 
476 273 33 40 0.9578975 
511 231 30 36 0.95694757 
717 148 26 32 0.941883 
483 196 30 35 0.9311108 
342 154 28 35 0.923697 
808 257 32 40 0.9111863 
648 278 32 40 0.900408 
389 307 32 40 0.8899007 
380 127 26 33 0.8242423 
564 186 30 38 0.8221103 
184 264 32 41 0.8197757 
240 276 33 42 0.81843257 
392 244 31 38 0.8142893 
241 178 29 37 0.7911673 
299 181 27 34 0.7774749 
733 186 29 36 0.7293092 
476 128 25 30 0.65269375 
591 279 37 46 0.64473903 
549 281 30 39 0.64297795 
398 184 28 35 0.57641333 
448 156 25 30 0.380101 
555 134 25 30 0.30878046 
648 206 29 35 0.23527996 
154 228 26 33 0.19649947 
183 320 30 35 0.17506497 
300 263 28 36 0.17287564 
722 177 28 35 0.15041892 
465 71 23 28 0.10237165 
2 476 21 33 0.08926951 
290 258 26 34 0.07501869 
823 129 26 32 0.06948172 
689 176 24 31 0.058311936 
551 145 24 31 0.055810574 
362 266 34 43 0.044200018 
867 98 23 29 0.043535564 
488 217 28 35 0.04223615 
547 72 22 28 0.041393705 
464 106 22 28 0.038098987 
78 361 27 34 0.036550347 
697 155 22 28 0.03606854 
798 263 29 40 0.034452885 
915 319 29 37 0.034423374 
81 376 25 31 0.032207582 
722 193 30 37 0.031885646 
697 108 21 27 0.031626325 
200 130 25 30 0.03156245 
481 74 23 27 0.030581258 
284 269 27 36 0.03026171 
533 634 19 23 0.029796105 
484 146 25 30 0.029665189 
327 275 34 43 0.029107265 
256 595 18 23 0.028471425 
452 171 24 30 0.028394977 
155 323 25 32 0.028106736 
257 645 21 26 0.027446242 
237 190 28 36 0.027343921 
992 127 24 32 0.027275186 
229 255 35 43 0.025629431 
224 462 25 33 0.025507106 
102 1 29 30 0.025412418 
693 124 21 27 0.025195742 
984 552 32 53 0.024865896 
560 75 21 26 0.0246002 
384 108 24 31 0.024432214 
327 236 36 44 0.024308762 
397 405 42 53 0.02426948 
821 79 24 30 0.023768403 
49 437 21 25 0.023536233 
100 575 27 36 0.023276601 
821 143 25 31 0.02292772 
151 247 27 35 0.02291522 
369 129 22 27 0.022908384 
514 155 22 28 0.02287891 
713 241 67 80 0.022704778 
971 267 36 48 0.022567566 
992 2 22 26 0.022508468 
461 57 22 27 0.022500485 
114 571 40 48 0.022407562 
990 272 25 36 0.021742733 
405 1 26 28 0.021678725 
80 225 22 28 0.021658817 
525 226 28 37 0.021506753 
481 259 29 37 0.021330839 
396 190 72 84 0.021156995 
840 127 23 28 0.020876696 
978 235 23 29 0.020737473 
208 374 29 37 0.020545887 
407 152 24 30 0.020543197 
308 159 24 29 0.020316191 
176 542 17 21 0.020207772 
915 276 27 31 0.020186866 
843 216 25 33 0.020185158 
525 370 37 46 0.020131517 
183 619 20 23 0.020113012 
