12_Group_Group_12_Group_Group_12_301
45
588 85 63 72 0.99950314 
337 192 90 119 0.99924743 
135 183 121 122 0.9970599 
730 159 62 91 0.9844711 
471 67 49 67 0.93248886 
100 195 32 42 0.11162833 
447 79 63 85 0.091578774 
970 108 31 55 0.07429447 
102 157 75 105 0.06132353 
358 134 61 71 0.059685897 
968 154 34 63 0.052826546 
430 53 62 79 0.049410757 
803 558 52 59 0.04245302 
343 145 80 111 0.040507756 
793 414 22 28 0.03429632 
869 541 48 55 0.03341788 
755 173 63 83 0.032019243 
952 130 22 31 0.0295406 
894 131 22 28 0.029045539 
790 176 30 39 0.027507875 
660 268 46 52 0.0267 
952 136 34 52 0.026588922 
26 183 42 53 0.026041552 
-3 201 22 31 0.0253715 
118 135 51 67 0.024988135 
787 408 39 47 0.024626335 
957 132 54 108 0.024033071 
218 178 87 103 0.02371336 
657 288 60 66 0.022887355 
727 533 52 50 0.02280645 
529 90 42 58 0.022787753 
230 136 33 42 0.022687808 
566 79 56 73 0.022351079 
706 537 48 48 0.022038389 
0 0 25 32 0.021909665 
3 65 103 141 0.021697996 
824 553 47 57 0.02158938 
717 556 30 34 0.021252466 
168 145 101 126 0.02116828 
100 182 28 37 0.020953165 
727 493 336 368 0.020883633 
-220 314 700 734 0.020518485 
184 127 68 83 0.020505233 
681 154 66 85 0.020386305 
337 541 358 343 0.020169646 
