12_Group_Group_12_Group_Group_12_379
118
426 248 31 37 0.99346644 
157 243 32 42 0.9924469 
333 240 32 40 0.99104756 
892 227 37 46 0.98961484 
870 170 31 39 0.98456407 
429 158 29 36 0.9778455 
533 167 32 38 0.97500604 
732 221 33 39 0.9658662 
846 118 27 35 0.959386 
80 230 33 40 0.9555333 
481 122 28 35 0.95069826 
664 122 29 36 0.9107928 
537 234 34 44 0.89729923 
156 181 32 41 0.88374496 
761 158 28 35 0.8811671 
360 157 28 37 0.8513529 
383 114 29 36 0.83709514 
297 169 29 36 0.81918144 
192 102 31 40 0.72705245 
637 181 28 35 0.7263058 
227 178 29 38 0.7061767 
797 240 33 41 0.6885951 
795 109 25 31 0.63419026 
629 231 34 41 0.5909029 
286 108 29 38 0.5287603 
527 116 26 33 0.52412343 
616 109 24 30 0.51941776 
727 132 25 31 0.5134093 
582 139 27 35 0.4653488 
419 102 25 32 0.34805492 
242 233 32 40 0.28512117 
973 370 34 47 0.28410643 
915 406 25 33 0.14869617 
741 152 24 32 0.14815076 
682 121 27 35 0.14444248 
724 146 26 32 0.144167 
618 229 30 39 0.12722334 
661 238 34 42 0.12077332 
521 107 25 32 0.11564761 
204 412 28 35 0.10071639 
573 132 25 32 0.09594709 
483 109 27 33 0.08441122 
665 107 27 33 0.082776815 
272 409 27 35 0.07857323 
285 245 30 38 0.07852823 
483 137 29 36 0.07805352 
229 154 25 32 0.065515734 
666 143 27 34 0.0632602 
641 124 23 29 0.06136963 
743 106 23 28 0.056859836 
991 181 22 31 0.055742633 
800 508 22 25 0.055386867 
775 320 33 45 0.0543319 
470 123 25 31 0.053841215 
414 118 27 35 0.050767988 
329 151 24 31 0.04894629 
769 128 25 30 0.047841962 
844 219 30 39 0.046870243 
721 382 31 37 0.046073534 
298 117 27 34 0.045559667 
864 102 25 32 0.04521347 
620 147 24 32 0.044133328 
328 126 25 31 0.0420888 
194 273 31 38 0.04085328 
687 105 26 32 0.0400469 
426 125 27 33 0.03759276 
769 107 22 28 0.037328668 
851 250 29 38 0.036907673 
807 230 32 40 0.03498462 
68 293 42 46 0.034258135 
639 151 25 31 0.03387144 
479 385 29 39 0.03331245 
487 249 29 37 0.032958895 
983 196 31 56 0.032813415 
875 222 39 48 0.032263193 
287 155 28 38 0.031869866 
326 375 46 47 0.031833325 
376 147 28 36 0.03095733 
639 103 23 30 0.03066432 
513 190 69 79 0.030447867 
-71 539 358 354 0.030392455 
-235 335 713 737 0.029295523 
973 131 22 31 0.029252997 
797 149 22 27 0.02922012 
666 441 517 549 0.028906485 
330 107 23 29 0.02827469 
690 198 27 34 0.027346844 
741 166 24 32 0.026480574 
820 177 24 31 0.026016679 
994 243 24 39 0.025523396 
928 382 26 33 0.025423598 
483 228 28 37 0.025269285 
380 250 31 42 0.024758892 
821 1 22 24 0.024459137 
18 131 43 58 0.024308262 
362 126 24 32 0.023662698 
458 222 30 37 0.023572445 
382 225 29 38 0.023529885 
872 78 23 27 0.023090942 
683 229 29 38 0.023032509 
465 106 23 29 0.022687856 
415 153 28 35 0.022647485 
993 217 25 43 0.022429472 
569 143 26 33 0.02241576 
714 274 35 43 0.022405164 
821 589 24 29 0.02170648 
106 538 21 27 0.021701904 
859 121 25 32 0.021575626 
404 189 73 84 0.021147335 
16 383 55 79 0.021063795 
31 401 23 32 0.021019531 
975 395 28 39 0.020888073 
816 102 22 30 0.020671535 
723 167 26 34 0.020507338 
257 107 22 29 0.020429809 
690 174 25 32 0.020428877 
691 149 24 29 0.020388277 
797 203 26 34 0.0202972 
