12_Group_Large_Group_12_Group_Large_Group_12_286
95
802 231 69 89 0.9975425 
86 157 45 65 0.9870408 
284 157 40 52 0.8644161 
-2 194 26 40 0.7715836 
493 243 28 37 0.6981315 
410 271 46 59 0.4765721 
488 235 25 31 0.1718033 
742 275 29 36 0.15194088 
352 152 22 28 0.14068493 
469 205 22 28 0.10232425 
438 148 23 27 0.099762365 
394 205 33 39 0.097530656 
256 229 34 47 0.089616865 
914 256 25 31 0.086155966 
615 260 25 33 0.08540345 
612 266 36 46 0.07524846 
594 238 20 26 0.06880264 
339 107 25 31 0.067067906 
513 209 20 25 0.06509618 
505 235 25 30 0.05669171 
405 147 21 27 0.05513295 
733 250 37 48 0.050453775 
480 210 22 27 0.04865141 
745 227 25 31 0.046069544 
274 239 41 54 0.044016887 
791 97 24 30 0.043005332 
390 148 21 26 0.042927817 
200 175 26 33 0.042876717 
14 193 33 45 0.04141373 
430 252 30 39 0.040346414 
340 142 31 41 0.038093966 
628 255 37 47 0.03681166 
108 166 39 50 0.036187194 
429 282 38 52 0.035555013 
967 219 24 31 0.035020683 
642 207 21 27 0.034445636 
958 194 39 52 0.033864845 
438 264 50 66 0.032909553 
402 706 53 54 0.03284874 
972 254 24 33 0.032664876 
434 137 22 26 0.032534152 
386 95 21 27 0.03242547 
784 181 41 51 0.03217314 
725 249 24 32 0.030867366 
556 289 38 51 0.03069313 
773 149 19 23 0.030383825 
562 257 19 24 0.030279044 
992 260 22 32 0.029491287 
613 207 21 25 0.029315969 
463 222 33 43 0.029046338 
792 188 22 28 0.028972352 
325 93 47 60 0.027736077 
461 246 56 73 0.027731178 
564 283 24 30 0.027520124 
761 189 39 47 0.02741416 
822 190 71 87 0.027116733 
559 203 18 24 0.02704589 
114 246 54 61 0.026975673 
756 215 37 49 0.026756885 
522 321 36 48 0.026677852 
597 109 23 27 0.025956852 
542 259 21 27 0.025729438 
970 208 23 29 0.025645673 
901 243 47 60 0.025451612 
604 283 48 56 0.025383541 
795 162 65 81 0.025317071 
925 230 22 27 0.023911921 
276 232 28 38 0.023849666 
40 144 40 52 0.023831598 
515 183 18 22 0.02348372 
353 105 21 27 0.023221951 
389 219 27 34 0.023167554 
744 204 23 27 0.022700252 
361 171 23 30 0.022623857 
608 110 22 27 0.022445953 
574 286 42 53 0.022420894 
590 246 30 39 0.022396829 
358 202 23 30 0.02224708 
146 183 24 30 0.022113917 
230 149 26 34 0.022088446 
297 253 31 40 0.021952411 
540 127 18 23 0.021851089 
617 229 22 28 0.021695364 
221 204 38 49 0.02161724 
229 271 68 83 0.021530475 
716 197 21 26 0.021395788 
568 127 17 22 0.021067102 
5 100 20 28 0.021064134 
422 609 53 70 0.021058986 
519 128 19 23 0.02092715 
435 226 26 34 0.020875052 
385 247 39 52 0.020662505 
957 233 47 65 0.02035875 
722 235 23 30 0.020088876 
199 194 35 44 0.020057505 
