12_Group_Large_Group_12_Group_Large_Group_12_550
63
581 525 41 52 0.9858181 
63 62 41 51 0.983863 
233 521 36 46 0.957878 
72 527 35 46 0.9551458 
752 66 41 49 0.94974583 
944 54 40 56 0.9367305 
418 521 39 48 0.92030394 
741 519 37 47 0.913347 
592 60 41 56 0.9076861 
906 518 36 46 0.89944655 
224 53 38 52 0.76920456 
398 57 38 49 0.7258131 
696 616 58 85 0.5647405 
573 159 76 95 0.3129653 
66 606 55 84 0.2836055 
744 547 36 47 0.18684134 
451 605 35 42 0.08532196 
415 58 41 54 0.081996195 
392 66 28 36 0.07252997 
405 177 48 55 0.055446975 
404 76 40 53 0.05011353 
933 169 56 81 0.044231012 
303 134 24 31 0.04188302 
244 62 32 42 0.04084251 
960 877 38 41 0.03899972 
412 119 24 31 0.037411295 
89 531 29 39 0.03688902 
603 622 35 46 0.035580654 
197 158 61 67 0.03434809 
696 200 27 33 0.032428876 
748 737 353 367 0.032352753 
382 152 63 76 0.031918585 
867 882 31 34 0.031451542 
57 762 30 35 0.030793631 
824 592 24 31 0.030782234 
-74 735 360 357 0.02982087 
560 501 45 56 0.02900455 
229 79 40 54 0.028919892 
759 560 27 34 0.028806292 
406 109 39 48 0.02871285 
35 257 53 66 0.027515039 
-231 516 706 743 0.02701165 
824 610 26 33 0.026855923 
395 189 66 76 0.026768995 
577 521 682 736 0.026529845 
283 119 34 43 0.02625555 
67 137 60 71 0.026213445 
721 625 42 56 0.024952605 
52 508 62 77 0.0244136 
374 200 60 74 0.024233744 
30 599 40 53 0.02420409 
540 875 18 23 0.023807596 
568 161 45 59 0.023580154 
439 150 25 31 0.02323436 
755 515 31 39 0.023138218 
689 -1 28 28 0.02282939 
281 893 28 30 0.021661239 
744 414 23 28 0.021635236 
351 126 63 78 0.020803459 
917 147 60 77 0.020679235 
926 44 41 55 0.020450234 
35 593 95 126 0.020137273 
740 567 38 49 0.020032706 
