12_Group_Large_Group_12_Group_Large_Group_12_557
17
278 206 119 141 0.9994836 
122 205 104 131 0.99945575 
637 173 115 145 0.99910706 
477 88 101 126 0.99753654 
829 145 113 137 0.9918149 
66 569 98 89 0.048024897 
253 136 90 104 0.036016915 
843 102 85 108 0.034546036 
152 394 136 179 0.030341864 
400 128 83 102 0.028664242 
320 520 176 149 0.025894823 
404 71 65 85 0.025573833 
263 148 127 143 0.021832263 
916 188 84 122 0.021798786 
239 234 92 106 0.021526573 
892 88 87 117 0.021090155 
136 -1 51 51 0.020123757 
