12_Group_Group_12_Group_Group_12_101
22
519 189 49 60 0.99839526 
349 210 50 63 0.99655765 
661 130 53 66 0.9956125 
323 144 47 65 0.9935766 
831 138 52 70 0.990999 
480 123 48 63 0.9865218 
734 227 46 62 0.98230445 
171 442 44 56 0.96467876 
643 561 20 25 0.094403766 
191 448 33 44 0.059846386 
158 539 26 33 0.04364374 
226 463 25 32 0.04258786 
327 169 56 71 0.040874116 
589 411 25 30 0.03841004 
500 143 60 82 0.033253103 
882 266 41 69 0.029437797 
398 248 34 43 0.02847739 
644 546 17 21 0.025305152 
178 601 70 72 0.024395179 
189 624 84 80 0.024068404 
2 560 34 52 0.022623405 
305 463 22 31 0.021088095 
