12_Group_Group_12_Group_Group_12_123
33
818 42 67 87 0.9991985 
231 72 48 62 0.9767436 
547 95 38 49 0.9351169 
647 97 33 44 0.79347813 
441 102 30 37 0.19805712 
346 88 41 51 0.09906049 
425 136 43 64 0.0574139 
430 120 37 51 0.050162014 
351 68 42 52 0.040281903 
-67 502 362 359 0.039350163 
48 155 22 27 0.038341265 
186 155 24 32 0.03712466 
742 530 357 366 0.03600088 
219 353 79 119 0.03162636 
98 250 44 50 0.029533664 
359 24 27 29 0.029127533 
555 323 694 728 0.027103214 
411 153 48 73 0.026224634 
504 414 48 48 0.02620865 
148 17 27 31 0.026207572 
535 522 373 351 0.026109563 
558 83 29 37 0.025603741 
34 176 18 23 0.025222957 
327 516 374 357 0.024031857 
21 122 18 24 0.023763722 
125 519 371 351 0.023685712 
400 114 315 352 0.02217275 
381 7 26 28 0.021508208 
-202 292 681 720 0.021344218 
607 147 27 35 0.02048402 
50 178 20 25 0.02033173 
11 123 21 28 0.020310367 
375 13 40 41 0.020124208 
