12_Group_Group_12_Group_Group_12_112
192
864 149 31 41 0.96488225 
789 450 39 46 0.95843965 
785 123 36 45 0.9380928 
258 113 37 47 0.91361946 
456 475 38 49 0.9038384 
924 317 33 41 0.8889128 
147 224 37 47 0.8597779 
721 448 36 47 0.85726875 
791 193 37 45 0.83780366 
319 457 39 45 0.7812556 
257 318 37 46 0.7514697 
636 480 34 43 0.739276 
582 147 28 35 0.6673354 
493 263 36 45 0.64301205 
668 274 36 43 0.6241858 
239 267 41 52 0.61038965 
146 176 31 38 0.5848356 
542 476 36 45 0.5666838 
86 303 35 43 0.5547164 
469 150 28 38 0.5422613 
452 231 33 41 0.51255774 
182 305 37 46 0.4686321 
585 259 40 47 0.4674963 
367 319 41 52 0.45140812 
744 314 34 42 0.4483246 
246 290 43 52 0.41669556 
191 481 36 46 0.3917863 
710 155 26 33 0.358998 
849 249 31 37 0.31087235 
734 248 28 36 0.29411203 
253 245 40 50 0.28162265 
364 154 27 35 0.27177143 
363 268 31 40 0.26543906 
529 218 29 36 0.25709024 
711 170 27 34 0.21062602 
702 201 33 41 0.21059401 
272 241 31 38 0.16921532 
144 198 41 52 0.16121139 
592 222 24 30 0.1567691 
81 384 28 37 0.15145676 
607 231 24 30 0.12597595 
399 253 28 37 0.115872175 
586 210 22 27 0.09477974 
601 268 39 45 0.09057106 
95 196 25 33 0.083935805 
378 257 34 41 0.08383424 
258 230 33 40 0.082606 
695 171 26 35 0.0825864 
600 247 38 44 0.07649208 
326 495 39 48 0.07303552 
400 510 33 46 0.07297948 
369 162 35 43 0.07068191 
516 207 48 59 0.06871719 
378 342 36 44 0.06663994 
699 156 25 33 0.061721522 
474 160 33 42 0.06043627 
379 399 28 38 0.05967467 
798 278 25 34 0.057972655 
816 245 33 43 0.057425734 
784 398 28 35 0.056517284 
585 164 25 32 0.055545185 
636 462 32 38 0.054933593 
88 384 36 50 0.05311176 
643 535 24 32 0.05290245 
461 272 35 43 0.052597325 
3 207 22 29 0.05139365 
279 372 29 38 0.051177204 
568 266 38 46 0.05086292 
473 477 31 41 0.05045764 
697 583 21 26 0.050192058 
135 173 27 35 0.04991547 
361 299 38 49 0.04917692 
263 267 42 50 0.048676763 
744 271 28 36 0.048220746 
966 354 24 32 0.04777587 
70 237 37 44 0.04719313 
587 135 25 32 0.046831477 
81 319 29 37 0.045556184 
154 159 25 29 0.045407742 
740 233 26 33 0.044226147 
184 375 28 37 0.043246906 
607 453 29 36 0.04309778 
306 245 26 35 0.042303123 
528 240 37 48 0.041997977 
634 278 27 35 0.040868912 
152 300 28 37 0.039439846 
717 435 32 40 0.038996976 
903 258 22 28 0.037648816 
760 277 25 33 0.037216146 
869 134 26 33 0.037052885 
411 406 27 36 0.036914714 
871 537 22 27 0.036881324 
968 220 29 38 0.03601044 
844 232 25 34 0.035998225 
532 274 27 36 0.035016596 
574 352 33 45 0.034796935 
710 590 20 24 0.034567 
973 332 21 28 0.03452652 
569 207 22 27 0.03444792 
603 285 39 49 0.034090243 
510 202 35 47 0.033484302 
577 370 38 50 0.033418477 
590 450 35 42 0.033333015 
759 309 31 38 0.033074964 
926 680 48 50 0.032822087 
568 224 23 32 0.03196504 
636 252 24 32 0.03182322 
441 244 29 36 0.031757332 
870 235 24 28 0.031726602 
852 152 26 35 0.031380918 
739 616 23 27 0.031139715 
636 558 23 30 0.030809816 
805 180 37 48 0.029731218 
185 497 28 37 0.029009597 
876 554 26 33 0.028814543 
917 260 23 30 0.028557284 
668 589 23 29 0.028162044 
863 351 25 31 0.02796942 
191 343 38 48 0.02789981 
895 504 24 32 0.027796023 
107 540 23 33 0.027443403 
759 347 33 42 0.027339082 
890 489 24 33 0.027286986 
924 224 23 29 0.026321443 
236 320 36 46 0.02623954 
719 274 28 35 0.026210403 
235 256 28 35 0.02612219 
251 334 37 48 0.02609242 
370 185 38 47 0.025881613 
762 377 33 41 0.025802119 
670 257 28 35 0.02578841 
553 461 38 48 0.025620133 
897 277 23 30 0.025070969 
539 462 31 39 0.025021434 
478 222 38 48 0.024996055 
791 109 28 34 0.024955923 
878 486 25 32 0.024916837 
849 350 27 35 0.024888953 
632 517 49 62 0.02482735 
971 205 25 35 0.024813421 
717 240 43 55 0.024353677 
482 193 36 46 0.024299681 
798 252 25 34 0.024203824 
629 551 39 50 0.024102248 
964 273 40 48 0.024088329 
76 354 26 34 0.023892237 
747 376 33 42 0.023728527 
646 210 21 27 0.02345568 
538 493 31 39 0.023330355 
23 474 35 45 0.023299253 
740 342 34 42 0.023164716 
363 432 27 34 0.023024615 
49 231 38 43 0.022866137 
378 371 40 54 0.0227994 
482 283 39 48 0.022798853 
677 590 56 67 0.022736937 
272 342 39 48 0.022695461 
555 197 48 62 0.022666294 
668 383 27 37 0.022580676 
-3 251 23 33 0.022497537 
471 494 37 46 0.022361957 
587 220 50 62 0.022279527 
645 225 22 28 0.022176862 
124 296 35 44 0.022139773 
5 223 22 30 0.022107463 
454 202 37 49 0.02205608 
-2 595 71 79 0.021853842 
201 567 22 29 0.021840096 
649 497 36 44 0.021766298 
694 616 22 29 0.021516087 
848 334 25 31 0.021510204 
1 536 23 30 0.02142794 
784 350 27 36 0.021348823 
972 180 23 29 0.021282304 
82 187 47 56 0.021173172 
768 251 25 33 0.021145279 
303 279 27 35 0.021066764 
775 201 26 32 0.021015968 
974 277 25 29 0.020975897 
972 309 22 28 0.020939989 
182 588 19 26 0.020807082 
690 569 21 26 0.020721318 
436 381 26 34 0.020565473 
255 199 26 33 0.020516831 
715 133 23 29 0.020431321 
667 563 22 28 0.020412304 
584 328 27 36 0.020366596 
942 218 37 47 0.020304803 
747 564 19 25 0.02030218 
874 512 23 31 0.020156946 
613 210 21 26 0.02014143 
847 267 28 36 0.020092139 
