12_Group_Team_Organized_Group_12_Group_Team_Organized_Group_12_28
118
681 54 40 51 0.9281968 
214 0 55 45 0.918669 
524 257 35 43 0.8738573 
433 260 28 34 0.5671044 
606 271 25 32 0.53965414 
925 239 24 31 0.48642057 
838 281 23 28 0.42221913 
466 258 24 30 0.39114377 
829 278 20 25 0.35971174 
878 276 22 26 0.32343808 
979 287 29 43 0.27943128 
715 322 22 29 0.23468406 
5 220 23 35 0.22167109 
668 255 24 31 0.18461247 
893 280 21 27 0.12801078 
790 279 20 25 0.10457989 
967 255 22 28 0.10258651 
776 273 19 25 0.10182099 
953 252 20 27 0.096431226 
691 284 23 30 0.09246896 
843 297 23 29 0.09204703 
463 271 24 29 0.0839407 
877 265 19 25 0.08076361 
696 208 24 31 0.07811393 
793 343 26 32 0.07568193 
331 280 23 32 0.07232217 
794 301 20 27 0.07195773 
329 249 21 27 0.06475217 
788 263 19 24 0.06378728 
100 12 45 53 0.060855705 
894 301 21 26 0.054643128 
609 299 25 33 0.053793985 
103 338 20 25 0.052958246 
597 262 24 31 0.05259712 
822 302 21 26 0.05236622 
16 335 24 31 0.050454628 
626 198 21 28 0.050252218 
478 256 21 29 0.045168888 
136 269 25 33 0.045082897 
788 298 32 43 0.045076553 
846 337 24 30 0.04458273 
54 230 19 24 0.044357784 
624 185 22 27 0.044290707 
714 280 21 27 0.04351569 
594 292 33 42 0.04307181 
227 554 22 25 0.041174363 
84 229 21 27 0.04070513 
180 81 26 32 0.04047774 
85 209 22 27 0.040388413 
918 279 22 29 0.040220544 
777 306 20 26 0.03872911 
695 45 41 53 0.037964296 
710 221 23 31 0.03765844 
876 300 21 26 0.037270863 
825 264 20 26 0.035847545 
821 269 41 54 0.035509545 
905 334 21 25 0.034206912 
492 386 25 31 0.03376294 
843 261 20 24 0.033718046 
426 260 50 59 0.032847393 
146 257 23 31 0.032502092 
996 238 17 21 0.032118313 
975 237 18 24 0.03195208 
449 249 43 54 0.03182709 
590 267 41 54 0.031443473 
18 213 21 27 0.030848347 
634 185 22 26 0.03076329 
819 375 25 33 0.030669251 
815 353 25 32 0.030607635 
842 348 28 35 0.030422587 
772 299 34 43 0.03021792 
694 301 22 29 0.03017041 
773 258 28 36 0.029640527 
617 225 22 30 0.029047113 
440 316 40 48 0.028850323 
350 295 37 48 0.028755404 
868 334 22 27 0.027952353 
895 260 19 26 0.027799215 
877 267 48 60 0.027345343 
643 256 23 30 0.027019404 
690 254 23 30 0.02699869 
918 337 21 25 0.026967278 
805 330 37 43 0.02695063 
168 13 43 48 0.026503788 
669 277 25 33 0.026283426 
474 273 31 41 0.02612248 
498 394 37 47 0.025939653 
640 223 22 29 0.025658932 
745 283 19 25 0.025013916 
332 294 23 32 0.024834992 
742 307 18 24 0.02480379 
7 346 24 33 0.024234658 
159 99 23 29 0.02407937 
951 374 39 45 0.02406261 
257 78 29 37 0.023885094 
670 207 21 26 0.023584763 
149 129 23 32 0.023579301 
48 376 22 25 0.023379583 
96 203 20 27 0.023361124 
995 255 20 26 0.023129188 
446 300 38 45 0.023070062 
942 237 20 26 0.023031937 
948 418 44 47 0.02271213 
840 374 29 37 0.022109987 
699 333 21 28 0.022106862 
970 353 29 36 0.021779526 
762 263 48 64 0.021611895 
150 0 26 29 0.021323882 
51 280 21 27 0.021307468 
919 351 21 28 0.020888586 
641 281 23 31 0.020859951 
55 210 20 26 0.02076207 
53 363 23 27 0.020606766 
905 352 22 27 0.02054195 
970 312 32 45 0.02050275 
714 252 22 30 0.02047427 
316 282 22 27 0.020189052 
776 337 20 26 0.020020299 
