12_Group_Large_Group_12_Group_Large_Group_12_1007
273
450 201 30 37 0.8985477 
532 198 34 39 0.8715983 
635 212 35 46 0.67909104 
263 155 26 31 0.58035094 
693 129 22 27 0.4023761 
5 162 29 41 0.3773004 
371 236 35 45 0.34808767 
350 174 26 33 0.24778675 
223 208 27 35 0.21730919 
414 174 22 28 0.19675872 
157 149 22 28 0.16628337 
388 176 22 29 0.14837205 
662 154 21 28 0.12779751 
211 213 33 42 0.113750316 
539 182 28 33 0.108717784 
723 154 19 24 0.10064889 
981 199 16 23 0.094965726 
646 179 23 31 0.08986694 
740 157 20 26 0.086172275 
251 95 20 25 0.08550149 
660 171 24 32 0.08530014 
505 229 26 33 0.081781335 
657 142 35 47 0.08050937 
618 123 19 24 0.07917354 
648 216 43 56 0.07667555 
692 142 22 29 0.07580997 
495 225 25 31 0.07416591 
110 149 20 25 0.07284596 
509 156 20 26 0.07275688 
749 171 23 30 0.071944594 
609 180 21 27 0.07101209 
29 224 24 30 0.069221 
651 155 19 23 0.06771962 
386 199 26 33 0.06748979 
545 193 34 41 0.066853456 
125 152 19 25 0.06299723 
589 220 24 31 0.06299226 
514 72 19 24 0.06296388 
410 216 33 43 0.06205262 
436 211 36 47 0.061756935 
677 236 47 58 0.058367636 
620 108 19 23 0.057128415 
390 159 19 25 0.056561954 
613 2 22 23 0.05643224 
516 54 19 25 0.055695187 
145 204 26 31 0.05549544 
664 128 20 25 0.055064533 
647 128 18 22 0.054859765 
70 264 30 42 0.05473172 
822 172 22 28 0.052726895 
236 177 20 26 0.05263368 
620 204 33 44 0.05225096 
622 74 19 24 0.050684858 
15 158 23 31 0.050656773 
520 204 26 31 0.04965644 
751 132 18 22 0.049310356 
820 159 21 26 0.048586402 
355 159 22 27 0.048444353 
975 186 18 24 0.04766262 
408 202 26 33 0.047535043 
412 160 20 25 0.04743098 
485 105 20 26 0.04719729 
129 204 29 34 0.04718211 
598 177 21 27 0.047131684 
344 164 45 57 0.047090698 
536 149 21 27 0.0470134 
1 228 22 30 0.046860993 
595 54 21 26 0.04659748 
337 155 24 30 0.04579476 
386 54 21 25 0.045672264 
613 56 19 23 0.045046106 
534 132 20 25 0.044994008 
46 229 23 30 0.04480881 
101 204 23 30 0.044784635 
309 148 23 29 0.043523453 
494 156 20 26 0.043235704 
509 173 23 28 0.04307067 
615 156 19 23 0.042936083 
714 134 18 22 0.04281569 
372 161 48 61 0.04266729 
235 156 19 25 0.042399727 
717 145 32 42 0.041451707 
255 167 24 31 0.04136445 
765 74 18 21 0.041298855 
691 111 20 24 0.040988546 
257 128 20 26 0.039788555 
698 7 19 22 0.039607905 
495 176 22 27 0.03892193 
636 76 17 22 0.038179535 
89 256 46 60 0.03809063 
464 150 22 28 0.038028218 
78 203 21 27 0.03780129 
640 145 59 79 0.03763575 
384 70 24 29 0.037181333 
251 145 43 53 0.037097808 
646 4 22 24 0.036922343 
762 130 19 23 0.036798153 
927 76 19 22 0.036688853 
745 520 356 375 0.03634001 
980 229 19 27 0.03592799 
102 180 21 27 0.035038654 
160 134 19 26 0.034894504 
49 154 20 25 0.03480376 
129 178 23 29 0.034718253 
660 123 34 47 0.03445244 
669 46 20 24 0.03368894 
236 50 18 22 0.033502128 
671 107 18 22 0.033445973 
312 131 21 27 0.03316813 
234 127 21 27 0.03314763 
255 86 18 24 0.033019748 
976 195 27 40 0.03279595 
592 209 24 30 0.032712642 
948 77 21 24 0.03262578 
468 102 21 27 0.032499317 
537 41 22 27 0.03246975 
667 253 66 80 0.032455456 
670 121 55 73 0.032148384 
700 75 18 22 0.032071367 
518 134 18 24 0.03189906 
948 147 25 33 0.031802528 
486 126 19 25 0.031792767 
242 101 20 25 0.031749714 
67 249 50 66 0.03166259 
741 50 17 23 0.031480122 
598 1 20 21 0.03127679 
762 176 21 27 0.03104838 
493 4 20 22 0.030976228 
203 179 22 27 0.030928982 
705 193 278 322 0.030368872 
814 152 34 41 0.03034131 
175 153 21 26 0.030290868 
518 103 19 23 0.030188171 
104 221 23 30 0.030106679 
535 107 20 25 0.029819312 
305 178 24 31 0.029686885 
249 249 31 39 0.02966095 
993 203 17 23 0.02951016 
560 295 696 744 0.029417276 
689 205 24 29 0.029292049 
57 206 21 27 0.029107608 
358 195 27 35 0.028793074 
850 205 20 26 0.028776908 
457 183 24 31 0.028694225 
209 157 19 23 0.028606448 
641 104 17 21 0.028592795 
869 155 17 21 0.028581243 
516 30 19 23 0.028549135 
51 176 22 28 0.02852756 
593 154 19 24 0.02849123 
109 134 20 26 0.028360054 
822 200 24 30 0.028225753 
905 182 18 22 0.028198672 
845 176 18 23 0.02813885 
942 127 27 32 0.028022723 
97 221 41 53 0.027901934 
592 132 19 23 0.027784942 
485 205 24 31 0.027676499 
750 82 18 22 0.027581073 
384 155 34 43 0.027497767 
643 53 18 23 0.027462631 
718 79 18 22 0.027385617 
740 186 37 48 0.027259896 
434 180 22 28 0.027228951 
750 100 18 21 0.027083747 
366 1 22 23 0.026869753 
726 50 19 23 0.026837505 
720 103 18 21 0.026667407 
389 25 23 23 0.026458219 
246 212 40 51 0.026399156 
850 157 20 23 0.026378525 
670 29 19 24 0.026357774 
27 124 20 25 0.026321031 
125 220 30 35 0.026268022 
659 200 26 35 0.02622646 
688 219 60 76 0.026222449 
238 1 19 21 0.026114862 
769 60 19 24 0.026047545 
994 187 17 22 0.02590376 
686 231 30 37 0.025701886 
484 242 35 48 0.025690397 
558 180 23 29 0.025594428 
432 153 22 28 0.025555395 
83 183 21 26 0.025543846 
560 3 20 21 0.02532794 
769 157 19 24 0.025101174 
251 274 29 35 0.025074232 
76 228 21 27 0.02472457 
184 201 22 29 0.024506526 
129 100 20 27 0.02447597 
490 78 19 23 0.024441598 
870 103 22 27 0.024228951 
967 154 21 27 0.024160208 
382 3 25 25 0.024133783 
902 127 22 28 0.024104064 
328 55 21 26 0.02404394 
793 155 19 25 0.02393524 
154 95 21 29 0.02389321 
541 0 21 22 0.023892963 
152 176 23 29 0.023806276 
524 267 41 52 0.023799285 
314 102 22 28 0.0237362 
300 217 39 49 0.023718074 
954 309 23 27 0.02359907 
643 20 21 24 0.023570204 
16 193 35 47 0.02347557 
992 330 22 33 0.023458945 
185 181 21 27 0.023425682 
868 44 20 25 0.02341582 
946 103 23 26 0.02339519 
706 125 33 41 0.023390627 
528 320 71 84 0.023375914 
749 30 18 22 0.023211958 
705 131 58 73 0.023129858 
363 79 20 27 0.023088077 
924 54 19 22 0.023050796 
745 126 32 39 0.022691455 
405 18 25 26 0.022677558 
235 274 27 33 0.022588337 
868 208 18 24 0.022565944 
695 192 66 78 0.022542052 
538 607 41 41 0.022538546 
900 205 20 25 0.022529297 
467 129 21 27 0.022428589 
924 130 23 29 0.022415653 
678 200 40 54 0.022224978 
975 251 19 27 0.022093954 
806 183 54 67 0.022053562 
314 51 18 23 0.021973131 
951 208 16 23 0.021969706 
901 153 19 25 0.02191906 
56 252 37 45 0.021869518 
538 531 366 353 0.021785341 
185 228 22 30 0.021752944 
59 271 25 33 0.021588692 
686 114 96 119 0.021499548 
796 178 20 27 0.021446534 
391 129 20 24 0.021381395 
716 205 22 29 0.021325532 
691 277 83 108 0.021217266 
30 108 18 24 0.021178624 
925 145 22 28 0.021109972 
587 105 18 22 0.021104619 
80 1 22 23 0.021099644 
977 281 19 25 0.02099026 
670 77 18 21 0.02098926 
712 1 19 22 0.020962162 
556 219 34 42 0.020951208 
710 196 36 47 0.02094185 
614 116 31 40 0.020940317 
441 25 21 23 0.020934964 
103 48 19 24 0.020920109 
570 103 20 25 0.020885846 
723 174 20 27 0.020803401 
793 112 114 127 0.020728137 
712 227 25 32 0.020699989 
641 85 105 136 0.020633088 
249 191 36 46 0.020614192 
925 103 20 23 0.020550776 
113 195 53 61 0.02048642 
911 123 56 70 0.020425778 
-5 334 68 101 0.020271786 
662 5 18 21 0.020258779 
685 297 23 30 0.020247718 
900 76 18 22 0.02020277 
365 51 20 24 0.020194164 
870 128 21 24 0.0201781 
902 104 20 25 0.02014018 
395 190 46 58 0.020106083 
672 300 25 32 0.020093972 
611 146 32 42 0.020075705 
686 277 29 36 0.020060593 
127 132 19 23 0.020012254 
