12_Group_Group_12_Group_Group_12_29
38
85 205 87 119 0.9996629 
804 209 80 93 0.99959534 
508 198 69 83 0.9992256 
265 214 70 90 0.99919206 
930 211 53 65 0.7803939 
953 212 48 58 0.6860988 
902 213 57 70 0.23655236 
734 343 63 80 0.08682759 
556 637 24 31 0.074217156 
321 156 43 51 0.07239255 
350 216 58 73 0.07134476 
696 333 112 154 0.049412373 
470 183 25 33 0.04024668 
399 238 42 55 0.03666454 
427 639 21 27 0.036170468 
741 523 357 371 0.034264617 
312 209 65 79 0.034168813 
705 434 94 104 0.032028537 
-227 297 711 757 0.0319324 
570 300 682 744 0.031887073 
-68 526 356 360 0.030031713 
542 615 20 24 0.029990941 
416 615 20 24 0.028341137 
304 149 43 51 0.027057128 
694 340 73 90 0.025619924 
962 608 44 50 0.02546079 
516 171 54 72 0.025013387 
344 193 49 62 0.024782643 
896 227 32 39 0.02412588 
979 461 32 54 0.023981983 
128 507 68 84 0.023233434 
37 364 88 113 0.02211922 
162 25 21 26 0.021703482 
988 490 34 57 0.021021007 
838 197 72 93 0.02046341 
306 58 20 24 0.020186666 
538 613 33 42 0.020165948 
757 469 81 89 0.020013142 
