12_Group_Large_Group_12_Group_Large_Group_12_212
40
678 372 89 110 0.9924533 
479 711 94 117 0.99051803 
274 366 82 93 0.96424615 
553 880 81 100 0.14034845 
591 374 41 55 0.11344584 
386 1137 132 150 0.055882197 
585 394 45 61 0.050957613 
867 1189 572 601 0.037554488 
563 802 1135 1222 0.032611176 
877 -140 560 621 0.032158107 
904 812 40 54 0.03156458 
106 607 71 89 0.031266045 
738 65 799 933 0.03090801 
585 -382 1121 1188 0.030106533 
270 659 77 91 0.029739266 
611 1041 116 123 0.029243663 
400 733 41 54 0.02860521 
522 452 59 76 0.026618695 
527 907 81 101 0.02625151 
499 471 57 72 0.024845371 
838 801 539 637 0.024436602 
147 535 105 151 0.023975642 
381 728 42 55 0.023347965 
151 485 69 95 0.023340592 
132 597 99 135 0.02260049 
334 493 41 56 0.022545828 
403 496 39 50 0.022315972 
614 694 66 98 0.022138054 
239 411 91 118 0.022006828 
986 698 26 38 0.021351233 
600 391 58 80 0.021331187 
250 364 56 74 0.021279544 
861 442 61 77 0.020959703 
13 692 38 62 0.020875938 
245 464 67 85 0.02086279 
83 625 66 85 0.020733813 
828 544 507 617 0.020465061 
505 461 40 51 0.020293135 
811 437 56 74 0.020098705 
908 543 110 151 0.020029796 
