12_Group_Group_12_Group_Group_12_478
83
328 283 78 93 0.99648285 
437 279 64 77 0.9408912 
166 247 53 67 0.805288 
566 235 54 63 0.5920221 
787 127 119 137 0.5409198 
500 83 104 124 0.49242786 
137 130 101 117 0.4655199 
766 647 71 88 0.40989208 
656 370 58 71 0.21993276 
108 398 48 54 0.20185842 
786 252 70 80 0.10230188 
236 295 47 54 0.06545074 
778 192 117 133 0.0568639 
224 351 47 56 0.0555451 
758 110 38 50 0.04779224 
94 478 28 41 0.046464812 
151 198 75 98 0.044378337 
60 434 65 83 0.04365549 
203 142 81 104 0.043134846 
120 420 32 38 0.039337456 
72 386 67 77 0.03900759 
225 315 59 67 0.034275074 
119 118 80 101 0.034216326 
757 255 64 78 0.033997614 
530 97 66 76 0.033802483 
229 371 29 40 0.033355284 
767 107 74 91 0.03284812 
181 403 27 35 0.032388784 
230 111 72 90 0.031038482 
73 453 28 38 0.03085969 
750 85 123 161 0.030615643 
87 357 76 92 0.030013232 
743 171 86 108 0.029373908 
108 292 53 56 0.028692482 
225 392 41 61 0.028203448 
35 402 42 52 0.027994491 
747 123 70 93 0.027877653 
65 424 47 58 0.027820328 
796 654 107 118 0.027716693 
47 436 48 55 0.027714731 
228 255 26 34 0.026914144 
1 452 21 33 0.026743615 
200 50 24 29 0.025888655 
679 110 66 91 0.025825344 
196 328 94 122 0.025580535 
78 137 87 93 0.025548747 
826 175 95 100 0.02502463 
683 372 68 84 0.024882257 
90 446 47 66 0.024809193 
140 346 76 94 0.024797078 
768 437 66 86 0.024311095 
-3 317 32 53 0.024133768 
400 281 67 84 0.024098536 
6 654 32 48 0.024057902 
80 402 27 35 0.023799466 
69 115 48 64 0.023329731 
514 163 82 100 0.023085175 
38 263 122 130 0.022833837 
70 483 42 54 0.022778742 
49 555 23 32 0.02268403 
907 94 45 47 0.022554543 
103 417 34 44 0.022412628 
126 385 61 69 0.022411386 
73 434 28 36 0.022318223 
811 269 38 44 0.022276094 
80 384 27 33 0.022236157 
113 237 48 51 0.021787683 
219 241 43 55 0.02168477 
59 503 23 29 0.021519396 
221 206 50 66 0.021371335 
735 101 58 78 0.021289658 
697 106 105 140 0.02121143 
223 265 46 56 0.021038132 
545 211 87 107 0.021000737 
789 93 44 54 0.020968225 
244 231 45 56 0.020940324 
174 420 43 54 0.020680636 
30 144 140 163 0.020638054 
236 69 71 86 0.020606553 
148 65 40 50 0.0205995 
300 219 41 52 0.020574542 
716 181 72 94 0.020404436 
310 286 59 77 0.020278255 
