12_Group_Group_12_Group_Group_12_823
26
214 339 45 59 0.99383175 
358 322 40 52 0.9914273 
613 313 39 48 0.9799197 
483 305 40 52 0.9783644 
714 306 38 49 0.9496581 
564 378 38 49 0.08594638 
207 469 36 43 0.062776215 
783 418 41 48 0.05092616 
691 395 39 50 0.03647408 
753 736 348 368 0.033531237 
778 373 40 52 0.029721938 
714 451 40 49 0.028295044 
608 199 38 46 0.0275178 
690 381 32 41 0.027226435 
577 528 688 736 0.026071494 
304 400 29 41 0.024191467 
-66 742 351 354 0.023831382 
460 423 38 46 0.023604987 
-225 531 701 741 0.02329255 
494 454 46 50 0.023137439 
764 391 57 70 0.023049159 
626 108 18 22 0.02245046 
583 72 20 24 0.022044614 
540 741 364 350 0.021944163 
463 657 26 30 0.021813117 
538 148 24 30 0.020824092 
