12_Group_Group_12_Group_Group_12_935
1038
132 281 21 27 0.9057527 
612 429 22 28 0.9021946 
902 554 24 29 0.90218186 
839 536 24 30 0.8819446 
740 257 19 25 0.8741645 
409 349 19 25 0.85751456 
971 512 22 30 0.8467443 
259 413 21 28 0.84513694 
469 153 20 25 0.8394005 
260 250 20 25 0.8304742 
942 424 23 28 0.81577057 
920 234 22 29 0.7988179 
355 152 18 24 0.7740112 
201 285 20 27 0.7656375 
382 634 23 28 0.75555634 
718 560 22 27 0.7467951 
687 453 20 26 0.7465615 
24 284 23 31 0.74502873 
208 84 19 24 0.744891 
22 95 20 26 0.733882 
359 336 21 27 0.7264255 
871 415 22 27 0.7194038 
59 639 21 24 0.71798784 
303 279 19 23 0.7088762 
754 177 19 23 0.7057565 
515 178 19 24 0.7047724 
363 109 21 26 0.69871086 
542 490 19 25 0.6956981 
75 593 21 27 0.6656052 
617 218 21 28 0.6625096 
284 338 22 28 0.6621632 
69 308 22 30 0.6561763 
723 508 20 27 0.6507889 
506 455 19 24 0.6494103 
178 176 19 25 0.64304644 
18 564 18 23 0.6397756 
786 281 20 25 0.63231486 
227 334 21 26 0.629728 
701 390 20 25 0.62474626 
893 633 22 28 0.6216638 
686 661 19 23 0.6102681 
120 152 21 26 0.606131 
62 153 21 25 0.6048017 
649 556 22 27 0.60266536 
238 666 20 25 0.5950409 
685 187 19 24 0.5934324 
379 433 19 25 0.58741677 
866 460 19 24 0.58680594 
469 381 18 24 0.5816146 
817 176 19 25 0.57572126 
531 528 19 24 0.57510626 
853 157 21 27 0.5605694 
613 494 19 24 0.5496815 
515 612 22 27 0.5437591 
435 408 19 24 0.5409073 
182 638 19 24 0.5366248 
947 326 21 27 0.53538805 
635 380 20 26 0.534762 
314 532 18 23 0.5305233 
574 391 19 24 0.52648365 
540 359 17 21 0.52614784 
919 507 20 26 0.51832974 
277 563 19 22 0.51822156 
115 537 18 22 0.5125571 
188 435 21 26 0.51130867 
639 184 20 24 0.5103843 
463 560 20 24 0.50452954 
894 309 20 26 0.5019659 
977 232 19 27 0.5000337 
821 95 19 24 0.4989343 
301 150 20 25 0.49094555 
149 389 19 24 0.4902973 
652 312 19 24 0.485771 
847 221 20 25 0.48543373 
659 306 18 23 0.48422527 
624 662 21 28 0.47616416 
150 567 18 23 0.46995467 
393 207 18 23 0.46924922 
781 287 19 23 0.46854186 
899 55 19 24 0.4664985 
8 157 20 26 0.46496156 
407 519 18 25 0.463605 
415 342 19 26 0.46326685 
890 128 19 24 0.4624947 
233 528 19 24 0.45512402 
343 561 20 23 0.449931 
97 354 20 24 0.44805127 
828 382 20 25 0.44415027 
302 664 21 26 0.4439788 
548 85 18 24 0.43704596 
583 564 19 23 0.43320963 
462 532 20 26 0.43229893 
763 385 19 25 0.42893806 
210 570 19 24 0.4264298 
29 222 19 25 0.42553034 
52 186 20 26 0.42214867 
34 349 21 25 0.4201759 
215 154 19 24 0.41647896 
666 67 19 24 0.4162744 
944 100 20 25 0.41466185 
617 62 17 22 0.4138315 
208 590 20 26 0.41378626 
558 284 17 22 0.41085228 
420 104 18 22 0.40884742 
634 605 19 27 0.4055005 
533 123 18 24 0.40537402 
175 312 20 27 0.40429106 
20 458 19 24 0.4035071 
226 154 19 24 0.39754176 
432 286 17 22 0.39581573 
250 634 19 23 0.3932255 
504 664 22 25 0.38947016 
826 337 20 27 0.38643438 
811 660 21 26 0.3862085 
201 608 19 24 0.3859622 
446 59 18 22 0.3843689 
398 383 18 24 0.3801022 
694 597 21 27 0.3698175 
930 151 19 23 0.3690421 
677 4 20 24 0.36856157 
264 102 18 22 0.36792263 
567 645 18 23 0.36767977 
983 181 21 30 0.36632884 
288 23 16 21 0.36611977 
568 214 19 23 0.3536178 
497 60 19 24 0.35219446 
777 535 23 28 0.35211152 
594 528 19 24 0.3519887 
765 597 23 29 0.34561047 
947 609 22 27 0.3437595 
114 487 19 25 0.3426634 
358 483 18 22 0.34220624 
136 607 19 24 0.3387141 
175 661 19 24 0.33742082 
690 201 18 23 0.33714586 
651 544 22 26 0.33578807 
881 122 22 27 0.3328064 
243 638 19 24 0.32843158 
404 562 18 23 0.32826164 
922 492 20 26 0.32622412 
622 3 21 24 0.32513782 
234 314 20 25 0.32451227 
714 129 18 22 0.32332027 
841 552 22 29 0.32286972 
574 562 19 23 0.32275212 
700 149 18 22 0.31877258 
516 411 18 24 0.31641686 
545 96 19 24 0.31541237 
378 660 21 27 0.31435457 
934 377 20 27 0.31373674 
253 128 17 23 0.31216186 
485 279 19 23 0.31118733 
111 634 20 24 0.3095823 
112 670 23 27 0.30777663 
164 312 19 25 0.3049102 
132 126 20 25 0.30444488 
308 461 18 22 0.3040996 
226 348 18 25 0.30336905 
698 284 18 23 0.2996857 
755 641 21 25 0.29710808 
829 350 20 26 0.29588237 
762 414 21 27 0.29471886 
227 520 21 26 0.29312512 
294 187 17 23 0.29292002 
228 181 19 24 0.29112867 
738 505 20 25 0.29044995 
471 335 18 23 0.28875676 
701 134 18 22 0.28838626 
742 460 17 23 0.28760144 
455 2 19 22 0.286263 
21 605 17 23 0.28604776 
821 644 22 26 0.28235734 
509 438 19 25 0.2816533 
346 150 18 24 0.28089646 
328 55 16 20 0.27963498 
965 356 18 23 0.2784246 
900 542 23 30 0.27759677 
217 386 18 24 0.2761586 
566 406 21 26 0.27603686 
342 388 19 25 0.27038 
483 106 18 22 0.2701784 
265 561 18 22 0.26979986 
617 418 22 28 0.2687506 
133 81 18 23 0.26134938 
461 520 21 26 0.26102155 
495 70 19 23 0.25873184 
522 389 17 22 0.25679594 
365 413 19 24 0.25338808 
211 58 18 22 0.25125882 
-1 634 17 26 0.25122988 
806 458 20 24 0.25045043 
479 154 18 23 0.24970073 
539 332 17 21 0.24837956 
752 662 23 27 0.24641216 
96 82 19 24 0.24467026 
458 200 17 22 0.24108535 
112 182 19 26 0.24090819 
164 534 18 22 0.2406182 
789 493 19 25 0.23765394 
649 109 18 22 0.23757817 
316 434 19 24 0.23720056 
318 619 19 25 0.23675407 
226 487 18 22 0.23674482 
388 128 18 22 0.23578133 
55 34 18 23 0.23532441 
650 121 18 22 0.23450762 
560 436 20 25 0.23446369 
79 571 19 24 0.23409054 
648 157 19 23 0.23359449 
227 197 19 25 0.23269898 
292 667 21 25 0.23261559 
0 46 18 26 0.23238456 
533 169 18 23 0.23112741 
317 593 18 23 0.23087692 
279 387 19 24 0.23080866 
535 381 17 23 0.22995475 
485 263 19 24 0.22781529 
859 464 18 23 0.22588028 
387 312 18 23 0.22533366 
319 54 16 19 0.22498105 
786 560 21 27 0.22328097 
297 283 17 22 0.22218382 
714 351 18 22 0.21902281 
871 386 19 23 0.21884489 
853 7 19 23 0.21743801 
239 458 19 24 0.21682149 
258 616 21 26 0.21626347 
673 510 20 25 0.2156801 
433 486 19 23 0.21543747 
46 532 19 24 0.21536668 
769 123 18 23 0.21505241 
432 594 19 25 0.21502702 
138 569 18 23 0.2144052 
593 134 17 21 0.21431243 
472 108 19 24 0.21413688 
433 306 17 22 0.21391383 
482 384 17 20 0.21259344 
431 459 17 22 0.20984235 
241 133 18 23 0.2094532 
128 5 17 20 0.20889363 
134 106 18 23 0.20822643 
594 354 17 22 0.20780009 
265 389 18 23 0.20748702 
537 515 21 26 0.20615308 
59 44 19 25 0.20460196 
788 355 18 23 0.20378256 
612 286 18 24 0.20333935 
798 224 19 24 0.2018857 
596 98 18 23 0.2010107 
419 454 18 23 0.20074609 
636 358 21 25 0.19981004 
722 538 21 25 0.19905658 
814 423 20 26 0.1984283 
727 460 17 23 0.19752061 
123 638 18 23 0.19664773 
670 350 18 23 0.19607507 
469 359 19 24 0.1958292 
149 607 17 23 0.19567789 
215 518 18 23 0.19560933 
494 495 18 24 0.19410115 
340 277 19 24 0.19291066 
356 590 18 23 0.19212258 
165 183 18 24 0.19207522 
33 209 20 27 0.19141601 
592 146 18 23 0.19139485 
447 204 17 22 0.19087872 
748 131 17 22 0.19026 
981 202 20 28 0.18960086 
511 632 19 24 0.18823291 
831 284 19 25 0.18814951 
881 106 20 25 0.18792836 
797 3 20 21 0.18665123 
506 57 17 22 0.18654765 
826 309 20 25 0.18504977 
165 105 19 23 0.18487343 
411 530 19 24 0.18436359 
470 128 19 23 0.18389884 
160 335 20 27 0.18376642 
157 349 18 24 0.18336193 
882 663 22 28 0.18296488 
229 413 18 23 0.18294038 
332 622 19 25 0.18228965 
550 671 18 21 0.18225124 
515 591 21 25 0.1813486 
741 158 19 24 0.1804876 
973 524 22 30 0.18019502 
29 85 20 26 0.17920706 
443 71 18 22 0.17803948 
34 261 20 26 0.17784247 
675 490 20 25 0.17733231 
840 388 18 23 0.17699657 
972 289 20 25 0.17698182 
995 463 19 27 0.17618239 
379 414 19 25 0.17595337 
840 280 19 24 0.17510809 
570 155 17 22 0.17480704 
416 162 17 22 0.17453186 
557 259 18 22 0.17401287 
852 20 17 21 0.17343496 
258 182 18 22 0.17244774 
163 642 19 23 0.17168297 
173 537 16 20 0.17029724 
354 387 18 24 0.16983844 
584 604 19 24 0.16954163 
405 22 16 20 0.1687224 
719 32 17 21 0.16838098 
89 97 20 25 0.1665484 
415 229 16 21 0.166408 
842 520 22 27 0.16583285 
895 73 19 24 0.16400018 
893 618 24 30 0.16364388 
739 235 18 23 0.16319034 
677 665 19 23 0.16275476 
9 616 20 26 0.16251935 
981 246 20 26 0.16245133 
679 185 17 22 0.16235873 
482 335 17 21 0.16223732 
383 623 22 26 0.1619591 
875 251 20 25 0.16155998 
189 283 21 26 0.16143663 
213 530 18 23 0.16060042 
307 521 18 22 0.15966097 
907 30 17 20 0.15943144 
310 131 17 20 0.15883273 
543 461 18 23 0.15871899 
339 587 19 24 0.15855339 
774 514 20 26 0.15734597 
292 82 17 20 0.15710954 
792 22 17 21 0.15648878 
713 404 18 23 0.15591937 
164 663 21 25 0.15579148 
545 54 17 21 0.15579104 
368 82 17 22 0.15570238 
779 81 17 21 0.15543078 
289 492 17 23 0.15513465 
330 75 16 20 0.15499818 
687 515 19 25 0.15495698 
417 491 17 21 0.15485437 
127 303 20 26 0.15441838 
719 152 17 21 0.15331087 
624 643 21 25 0.15318161 
623 596 20 26 0.1531732 
542 314 18 22 0.15125535 
303 187 19 25 0.1509654 
620 360 19 23 0.150225 
847 131 19 25 0.14987677 
285 98 17 22 0.14920428 
37 385 20 24 0.1491284 
415 174 17 21 0.1485994 
255 153 18 23 0.14842324 
354 279 19 24 0.14717147 
202 636 18 23 0.14694443 
559 665 18 22 0.1463531 
390 515 18 23 0.14540939 
166 49 18 22 0.14474042 
110 331 20 26 0.14402439 
457 632 20 24 0.14370927 
289 313 19 24 0.14346004 
362 47 17 20 0.14328805 
14 106 19 26 0.14319749 
994 124 19 27 0.14225909 
699 356 19 23 0.14210361 
824 604 24 30 0.1420573 
659 561 20 25 0.14197442 
717 666 20 24 0.14138685 
595 491 19 24 0.14121842 
894 360 18 23 0.14004363 
217 491 17 22 0.13973136 
443 612 21 26 0.1395777 
395 54 17 21 0.13952872 
612 453 20 24 0.13923311 
700 303 17 23 0.13867989 
288 509 17 22 0.13835935 
772 106 18 21 0.13795988 
662 107 18 23 0.13766019 
52 520 18 23 0.13755596 
723 495 19 24 0.13746393 
671 641 18 23 0.13687779 
514 518 18 24 0.1367669 
309 262 19 23 0.13667494 
37 537 19 22 0.13639787 
621 185 18 24 0.13629155 
573 609 19 22 0.13604197 
486 356 16 20 0.13594188 
250 666 19 23 0.13574454 
539 29 16 20 0.13539006 
738 1 18 22 0.13519041 
314 635 19 24 0.1339273 
794 382 17 23 0.13364431 
660 123 17 21 0.13356072 
191 618 19 25 0.13338082 
696 565 19 25 0.13320796 
441 391 19 24 0.13251907 
934 100 17 23 0.13134317 
618 504 18 24 0.13118029 
162 29 18 21 0.13079132 
843 256 18 24 0.13032877 
697 338 18 23 0.13018216 
645 461 17 22 0.12899081 
565 453 19 24 0.12895174 
485 124 18 22 0.1288205 
308 81 16 20 0.12859985 
462 181 19 23 0.12830678 
162 204 18 25 0.1282668 
746 496 18 24 0.12772004 
386 75 18 21 0.12762678 
54 595 18 23 0.12700815 
443 637 19 24 0.12622648 
396 24 16 20 0.12611212 
646 330 20 24 0.1259582 
157 232 18 24 0.12580487 
522 161 19 25 0.12571195 
406 210 16 20 0.12566926 
362 314 20 25 0.1251068 
694 649 19 25 0.12506562 
252 462 18 23 0.12474199 
241 620 18 24 0.12469204 
959 562 21 27 0.12423205 
693 533 19 24 0.124132186 
614 258 19 24 0.12380247 
930 78 18 23 0.12372143 
316 562 17 21 0.12367893 
906 514 21 27 0.12358091 
390 183 17 23 0.123095445 
367 639 20 27 0.12302541 
790 505 21 25 0.12259515 
819 57 18 23 0.12248858 
289 195 19 24 0.121975414 
21 153 18 23 0.121961236 
275 606 19 24 0.12128463 
338 5 17 21 0.12108463 
740 537 20 25 0.12063139 
113 312 19 25 0.120237656 
670 288 18 23 0.11975081 
182 569 17 22 0.119081624 
524 359 16 21 0.11902217 
367 465 18 23 0.11838623 
70 640 19 24 0.11825491 
446 566 18 23 0.11825164 
890 102 19 23 0.1179787 
569 180 18 22 0.11722999 
261 276 18 23 0.11709483 
291 463 18 23 0.11690277 
48 415 20 23 0.116809115 
638 197 20 25 0.116400115 
778 492 18 24 0.11619002 
422 284 18 22 0.11612733 
595 337 18 22 0.11612351 
390 543 19 23 0.116035335 
544 640 17 21 0.115918785 
253 542 17 22 0.11521287 
305 100 17 21 0.11520763 
198 440 18 24 0.11510272 
409 81 16 21 0.11508685 
728 2 17 21 0.11498186 
286 539 17 21 0.11496364 
667 339 18 22 0.11438124 
262 84 17 22 0.1142531 
916 32 17 21 0.11350293 
334 540 17 23 0.113477774 
488 413 17 22 0.11323717 
71 287 21 27 0.11288988 
311 415 18 24 0.1128622 
455 52 16 21 0.11285995 
881 362 18 23 0.112677135 
394 360 17 22 0.11190888 
573 684 22 26 0.11186687 
465 491 17 21 0.111789756 
364 0 17 19 0.11162467 
950 315 21 26 0.111591116 
740 558 19 25 0.11143321 
592 26 17 21 0.11134967 
867 3 17 20 0.111153975 
277 595 19 24 0.11099963 
543 587 18 22 0.109891735 
61 320 22 30 0.10988597 
677 206 18 23 0.10975067 
643 487 18 23 0.10969469 
215 176 19 24 0.1092755 
599 285 18 22 0.109136276 
106 621 19 24 0.109125845 
180 160 20 25 0.10894153 
265 55 17 21 0.10879276 
466 409 18 24 0.10868378 
289 7 17 20 0.10867333 
31 517 18 23 0.10737247 
364 511 17 22 0.107334614 
800 641 19 25 0.107138015 
494 441 19 24 0.10693839 
633 2 21 24 0.106930874 
780 26 16 20 0.10683597 
174 103 18 24 0.10622645 
598 310 18 22 0.106176786 
436 156 18 22 0.106152 
333 260 17 22 0.10553778 
670 415 17 22 0.10522063 
507 75 17 22 0.105158515 
901 285 20 25 0.10501629 
665 226 18 23 0.1049594 
386 153 17 22 0.10494665 
430 107 17 23 0.10480694 
205 133 18 22 0.10476637 
947 83 19 23 0.10456765 
932 466 20 26 0.104450226 
565 28 17 22 0.10426065 
642 433 19 24 0.10410364 
262 485 18 22 0.103946924 
342 230 17 21 0.10326306 
984 462 19 27 0.103230216 
74 492 19 23 0.10280753 
494 181 18 22 0.10258075 
826 513 20 26 0.10215015 
968 23 18 24 0.10204909 
942 156 19 23 0.10152354 
635 640 20 25 0.10076889 
829 259 18 23 0.10054263 
660 156 17 21 0.10041575 
158 252 18 23 0.09995335 
157 121 20 25 0.09974069 
962 31 17 21 0.09969544 
598 260 18 22 0.09964847 
338 25 16 19 0.09961767 
984 126 19 26 0.099442996 
932 427 22 28 0.099089004 
792 263 19 23 0.09856438 
641 284 18 23 0.09841243 
442 662 18 22 0.09826263 
411 127 16 21 0.09817414 
821 161 19 25 0.09816894 
439 183 17 22 0.09812844 
340 487 17 22 0.097953334 
814 4 18 21 0.09756821 
467 313 17 22 0.097455345 
496 643 18 23 0.09707559 
416 407 19 23 0.09694757 
130 265 20 26 0.09681158 
564 305 17 22 0.096787386 
616 102 17 20 0.096701816 
675 438 20 27 0.09665368 
389 227 18 23 0.096350156 
360 615 18 24 0.0959827 
410 638 17 23 0.09564495 
60 614 19 24 0.09524829 
567 490 18 21 0.09523465 
516 311 17 21 0.09515082 
567 595 18 23 0.09497489 
565 538 17 22 0.094920695 
154 438 18 23 0.094911456 
535 609 18 23 0.09476582 
341 355 19 24 0.09451066 
128 20 17 21 0.09426561 
799 212 18 24 0.09405373 
948 254 18 24 0.09378198 
642 225 19 24 0.09347335 
900 206 18 22 0.093369916 
165 81 17 23 0.09334308 
823 487 19 24 0.093270876 
179 323 20 25 0.093251675 
140 383 18 23 0.093140535 
805 178 18 23 0.09306581 
805 430 21 26 0.09305752 
284 643 18 23 0.09291111 
237 438 18 24 0.092753835 
267 596 19 24 0.092681326 
639 26 17 20 0.09266725 
728 228 18 22 0.09251785 
49 426 18 23 0.092512146 
569 132 16 21 0.09227908 
774 303 18 24 0.09220944 
158 152 18 24 0.0921699 
152 519 19 24 0.091994524 
32 640 16 21 0.09191905 
913 562 21 28 0.09176974 
420 595 19 23 0.09142919 
924 530 20 25 0.091407105 
306 487 17 21 0.09136951 
871 235 19 24 0.09120911 
390 486 17 22 0.09087326 
495 0 18 19 0.090020604 
254 311 17 22 0.08962135 
102 125 19 24 0.08921966 
148 285 18 23 0.088978074 
996 79 17 26 0.088346735 
881 311 19 24 0.088275395 
977 152 19 26 0.08813523 
520 570 19 25 0.08804259 
338 517 17 23 0.0879679 
361 257 18 23 0.087945834 
951 231 18 24 0.08771459 
210 31 16 20 0.08748202 
851 171 19 25 0.08704133 
792 338 19 24 0.08701751 
804 416 19 25 0.086847864 
229 102 17 21 0.0867309 
589 405 19 24 0.086151004 
844 105 17 22 0.08613455 
488 227 17 22 0.08603774 
794 303 19 24 0.08593611 
541 227 17 22 0.08586676 
467 438 16 21 0.08579717 
927 366 18 24 0.08539435 
517 105 18 22 0.085380994 
488 208 18 23 0.085181236 
152 404 19 24 0.08506478 
181 590 18 23 0.08424636 
559 101 17 22 0.084163874 
281 254 17 21 0.08395529 
692 106 17 22 0.08394292 
157 594 19 23 0.083904974 
129 510 18 22 0.08385298 
718 181 17 21 0.08343213 
926 134 17 23 0.08338812 
510 1 18 20 0.08307031 
362 33 16 19 0.08295111 
209 1 18 20 0.08268841 
357 237 17 22 0.0823578 
970 6 19 23 0.08221101 
458 81 16 20 0.08213333 
313 388 18 23 0.08198848 
798 154 19 24 0.08185951 
520 331 16 21 0.08165914 
431 334 17 22 0.08112335 
328 436 18 22 0.08067288 
436 357 17 21 0.0805746 
905 492 18 24 0.08022378 
337 102 17 22 0.0801629 
110 282 19 25 0.08004447 
678 456 20 26 0.0800416 
218 354 19 25 0.07991561 
442 262 17 21 0.079898216 
34 438 18 22 0.079853036 
384 456 18 22 0.07984809 
406 8 17 22 0.079728395 
55 126 19 24 0.079691805 
233 585 18 22 0.079570875 
617 153 17 23 0.07950016 
797 128 18 24 0.079226255 
697 264 18 23 0.078905575 
991 250 18 25 0.07890487 
440 537 17 21 0.07875793 
386 590 18 23 0.07860905 
899 459 18 24 0.07841167 
278 412 19 23 0.07838522 
290 129 17 21 0.078236476 
596 84 17 22 0.07788708 
178 29 16 20 0.07772612 
53 667 19 24 0.07760593 
856 486 18 24 0.07753686 
743 359 17 22 0.07752622 
30 597 18 23 0.07732559 
185 415 19 24 0.07713669 
548 438 17 23 0.07689194 
594 6 17 21 0.0767696 
690 79 17 22 0.07672943 
385 332 18 23 0.07672645 
-2 669 17 26 0.07670005 
8 285 21 30 0.07654484 
178 383 18 22 0.07653764 
752 593 20 25 0.07644916 
714 206 17 22 0.07631027 
940 465 21 28 0.07626462 
917 637 19 26 0.076215275 
385 6 17 20 0.07619569 
594 181 18 22 0.07618149 
562 334 17 21 0.075769305 
615 301 18 23 0.07574166 
112 512 18 23 0.075439684 
234 564 17 22 0.07523106 
178 198 18 24 0.07505277 
184 513 18 22 0.07494321 
566 358 18 22 0.07477596 
284 50 16 21 0.07474069 
864 154 20 26 0.07471247 
200 457 19 23 0.07457446 
183 486 18 23 0.07445784 
280 430 18 23 0.0742682 
303 331 20 24 0.07425519 
411 258 16 21 0.07425286 
538 5 17 20 0.073970795 
434 229 17 21 0.07395402 
849 48 17 22 0.07363901 
483 560 18 24 0.0734116 
831 558 21 27 0.0732117 
361 544 18 22 0.07320704 
187 456 19 24 0.07303309 
304 356 19 23 0.07301495 
131 57 16 21 0.07278409 
259 358 16 22 0.07265123 
111 564 17 22 0.07250211 
994 390 18 25 0.07248583 
305 28 16 19 0.07240767 
126 331 19 24 0.07233594 
174 82 17 21 0.07230084 
640 513 18 23 0.07189257 
844 643 19 23 0.07170681 
44 263 20 26 0.0715197 
206 297 20 27 0.07140472 
599 460 19 24 0.07135406 
209 663 19 23 0.071260646 
80 25 19 23 0.07124793 
986 78 16 24 0.0712213 
668 262 17 21 0.070578046 
467 256 17 21 0.070543036 
131 222 18 25 0.070244744 
512 490 17 23 0.07020342 
979 390 18 24 0.07002512 
865 486 19 24 0.06991018 
213 405 18 22 0.06982645 
405 54 16 20 0.0696986 
230 59 16 21 0.06967604 
308 308 19 24 0.0696608 
441 512 18 23 0.069522865 
954 535 20 27 0.06938809 
929 332 17 23 0.06901369 
228 78 17 22 0.069003396 
883 642 21 26 0.068809524 
358 199 17 21 0.06865327 
391 255 17 22 0.06860405 
899 410 20 25 0.067823336 
671 383 16 20 0.06767574 
463 459 16 20 0.06765278 
419 313 18 22 0.06755693 
978 492 19 28 0.06716618 
773 258 18 23 0.06711344 
752 426 19 26 0.06708219 
54 563 18 23 0.06688262 
542 211 17 21 0.06671289 
260 197 18 24 0.06657923 
793 81 17 22 0.06607736 
411 441 18 23 0.06600326 
215 337 20 26 0.066003196 
881 82 18 24 0.06577459 
731 257 19 25 0.06569082 
590 595 19 24 0.06566133 
340 406 19 24 0.06537846 
258 513 17 22 0.06528766 
590 206 17 23 0.06527472 
742 272 19 25 0.06520115 
643 261 18 23 0.0650828 
772 232 17 23 0.065066665 
59 488 18 23 0.06452252 
645 412 19 24 0.064471416 
157 4 16 19 0.06413399 
106 56 18 22 0.06404799 
77 462 18 22 0.06403286 
516 261 17 21 0.06400892 
561 50 18 22 0.06365133 
182 255 20 25 0.06356309 
930 414 22 29 0.063430235 
867 22 17 20 0.06335664 
308 230 18 21 0.063349776 
514 281 17 22 0.06328278 
803 105 18 22 0.06300741 
586 641 19 23 0.06294922 
972 48 16 23 0.062874064 
216 202 18 24 0.06276235 
435 125 17 21 0.062670104 
104 27 17 20 0.062641576 
264 26 18 21 0.06224164 
496 614 19 23 0.06188739 
802 51 17 20 0.06177514 
515 197 18 23 0.061725747 
837 355 19 23 0.061716273 
83 543 16 21 0.0615724 
619 23 18 21 0.061401777 
719 644 18 23 0.061365534 
541 569 18 23 0.061359618 
-3 487 17 25 0.06126458 
381 107 18 23 0.06090645 
957 513 18 25 0.060760938 
487 27 17 20 0.060665417 
959 50 18 22 0.06056697 
32 185 19 24 0.060533848 
185 0 18 21 0.060500517 
879 330 19 24 0.06020191 
108 468 19 23 0.060176387 
851 433 18 24 0.059963208 
693 25 18 23 0.05989786 
772 332 19 24 0.059621777 
567 511 17 22 0.05948243 
716 302 17 22 0.059053145 
847 664 19 24 0.05893088 
566 6 17 20 0.058353517 
159 462 18 24 0.05824014 
995 405 18 25 0.05811062 
557 83 17 22 0.057915796 
849 408 19 24 0.057809006 
336 308 18 23 0.057751913 
769 462 18 24 0.05773724 
338 206 17 22 0.057628535 
740 78 16 22 0.057503656 
340 337 19 25 0.057405308 
687 488 19 24 0.05737711 
722 107 17 21 0.05729745 
128 208 20 26 0.057277657 
646 78 16 21 0.05712516 
363 183 17 23 0.057078324 
230 284 17 23 0.05703753 
128 466 19 23 0.056998756 
947 480 18 24 0.056975566 
283 235 17 22 0.056415513 
184 232 19 24 0.056377575 
179 121 18 23 0.05599388 
234 259 18 23 0.055876974 
233 2 18 19 0.05579975 
617 127 16 20 0.055677183 
411 666 18 23 0.055668287 
978 406 18 26 0.055630434 
3 536 18 23 0.055603396 
921 212 19 24 0.05556013 
53 105 19 25 0.05551534 
486 542 18 24 0.055446297 
301 3 17 20 0.055308305 
952 208 18 24 0.055281676 
726 79 18 21 0.055141103 
453 621 20 26 0.055106573 
336 184 17 22 0.054914914 
336 132 17 22 0.05488263 
389 284 17 22 0.054641802 
617 566 18 23 0.05459545 
821 25 17 21 0.054589503 
257 2 17 20 0.05456116 
72 322 20 27 0.054537997 
5 381 19 24 0.0544904 
924 283 19 24 0.05443884 
905 231 20 26 0.054359 
948 120 18 23 0.054254603 
767 204 18 23 0.054061677 
775 0 17 20 0.054053802 
896 325 19 24 0.05404904 
872 511 19 25 0.05399061 
180 356 17 22 0.053781033 
897 0 16 19 0.05368616 
596 53 17 21 0.05345363 
1 2 21 25 0.053005055 
899 383 18 24 0.052773263 
749 106 16 20 0.0524366 
32 28 15 20 0.0522216 
869 177 18 22 0.052196022 
542 409 18 23 0.051858224 
130 357 17 23 0.051786244 
979 664 20 27 0.051712602 
992 679 23 32 0.051698107 
949 594 22 28 0.051632788 
491 308 18 22 0.05147058 
772 155 18 23 0.05129903 
926 308 17 22 0.05126675 
645 53 16 21 0.051244196 
872 535 18 24 0.05114698 
84 3 18 21 0.050940976 
78 435 19 24 0.050677344 
471 285 16 21 0.050535563 
995 330 17 23 0.05040739 
996 47 17 24 0.050376814 
122 175 20 26 0.050210506 
974 435 18 25 0.05010385 
871 594 20 26 0.05007198 
954 283 19 23 0.049651254 
695 49 16 22 0.049649082 
461 664 19 22 0.049504105 
899 432 19 25 0.04948853 
614 535 17 21 0.0493919 
80 508 16 22 0.049263008 
751 202 18 23 0.049251016 
334 462 17 21 0.048992563 
724 436 17 21 0.048521556 
875 53 17 21 0.048417293 
82 229 17 23 0.04796722 
695 226 17 22 0.047919232 
44 357 19 25 0.04788283 
839 336 20 26 0.047882307 
0 513 18 23 0.047724165 
236 26 16 19 0.047626294 
896 183 18 22 0.047405455 
749 337 17 22 0.047401235 
873 282 19 24 0.04732881 
842 610 20 25 0.04731185 
27 119 18 23 0.047199365 
208 258 19 24 0.04692555 
5 296 20 29 0.046910584 
925 -2 18 19 0.046742246 
440 433 18 22 0.04588295 
871 562 18 24 0.045742083 
57 275 20 26 0.04562993 
206 233 19 24 0.04533675 
466 25 16 20 0.044724066 
159 484 18 23 0.044701282 
58 464 18 22 0.04441554 
416 610 18 23 0.04420604 
921 56 18 23 0.044174172 
31 486 18 22 0.04393121 
3 172 20 26 0.043891285 
872 204 18 23 0.04366823 
520 29 17 19 0.043421406 
491 592 17 22 0.043336947 
540 681 22 28 0.043180842 
81 178 19 23 0.0430739 
949 180 19 24 0.04298565 
233 228 19 23 0.042474553 
518 232 16 20 0.042259485 
721 284 18 23 0.04216602 
108 198 20 27 0.042027503 
722 46 17 22 0.04194357 
668 616 18 24 0.04168835 
591 669 19 23 0.041604653 
901 255 20 26 0.041311648 
994 593 19 25 0.041240066 
35 667 17 22 0.04080309 
103 5 17 20 0.04053562 
714 611 18 23 0.04019278 
618 337 17 23 0.040185343 
464 686 21 25 0.04018531 
260 335 17 22 0.039982498 
78 409 20 25 0.03986848 
469 230 17 22 0.039810643 
230 680 23 29 0.03962557 
844 81 17 21 0.03959258 
941 686 23 29 0.03958993 
845 305 19 24 0.039560445 
137 437 18 23 0.039393935 
744 54 16 21 0.039077647 
38 409 19 23 0.038885724 
336 661 18 23 0.038768724 
590 229 17 23 0.038691603 
158 682 24 29 0.03843446 
25 53 16 22 0.038327325 
826 126 18 23 0.03808276 
90 359 20 24 0.038081422 
956 2 18 21 0.038021863 
995 97 18 27 0.03790977 
992 196 18 27 0.037733965 
56 0 18 21 0.03760092 
74 53 19 24 0.037491105 
823 200 19 24 0.037227735 
8 122 18 25 0.037183616 
921 667 20 25 0.037102748 
10 230 20 26 0.03692636 
7 433 18 23 0.036839914 
597 433 18 24 0.036822326 
1 255 19 27 0.035941366 
994 613 18 23 0.0356397 
720 684 22 27 0.03553006 
54 76 18 23 0.03510871 
849 685 22 27 0.03497347 
715 583 21 27 0.034626555 
928 614 20 26 0.034486562 
6 413 18 24 0.034402072 
2 362 19 24 0.034238227 
897 586 22 30 0.034050014 
776 56 16 21 0.03388243 
674 20 17 21 0.033805612 
928 685 24 29 0.033765122 
929 177 17 22 0.033674307 
791 614 20 26 0.03361408 
993 536 20 26 0.033406522 
50 224 19 24 0.0333151 
983 99 19 27 0.033230353 
439 24 17 20 0.033224694 
997 434 16 24 0.03316315 
360 116 26 35 0.032414995 
954 669 20 24 0.032339986 
971 339 19 24 0.03212044 
741 648 42 53 0.031527434 
997 477 18 26 0.031167567 
670 590 18 23 0.030975688 
984 666 27 39 0.030802827 
22 0 18 22 0.030783642 
-1 28 17 25 0.03070437 
444 -2 27 31 0.030682974 
615 649 43 55 0.030577956 
746 308 17 21 0.030561317 
977 643 18 24 0.03029552 
84 124 19 23 0.030183014 
104 654 44 53 0.03011986 
305 679 25 30 0.030072216 
875 609 21 28 0.030054245 
108 588 17 22 0.029954989 
746 613 19 25 0.029585745 
83 203 18 23 0.029412815 
994 29 18 23 0.029394343 
994 641 16 23 0.028506923 
105 404 19 24 0.028367633 
107 677 24 31 0.02808048 
796 682 23 28 0.028056106 
954 639 19 24 0.027649447 
404 685 22 27 0.02762039 
80 257 19 24 0.027584944 
819 231 18 23 0.027402023 
994 283 17 22 0.027154401 
58 298 38 50 0.026854474 
970 613 19 24 0.026723435 
122 677 24 30 0.026464287 
943 343 41 54 0.026385643 
996 361 18 23 0.025995774 
106 224 20 26 0.025993478 
107 262 19 24 0.025697447 
122 1 29 34 0.025662242 
746 25 17 21 0.025497513 
466 583 19 23 0.025389599 
283 682 24 29 0.025231391 
900 147 19 23 0.024852993 
439 686 22 26 0.02450624 
105 382 19 24 0.024212634 
207 683 23 28 0.024111688 
995 564 20 24 0.024086382 
329 627 27 34 0.023953449 
488 649 44 55 0.02341482 
258 682 22 27 0.023337211 
994 4 19 23 0.023032479 
870 647 43 56 0.022885723 
360 686 22 28 0.022884343 
334 687 23 27 0.022863131 
868 423 28 35 0.022781245 
974 586 20 26 0.022593021 
692 683 22 26 0.022566745 
174 681 22 27 0.02254493 
48 677 23 29 0.022509767 
925 588 21 27 0.022495484 
283 3 28 33 0.022488918 
138 407 18 23 0.022035576 
5 206 19 23 0.021876032 
26 9 281 335 0.021851294 
670 683 22 28 0.021798398 
29 632 27 36 0.0215895 
868 112 43 54 0.021585926 
963 5 31 38 0.021559265 
162 47 28 37 0.021525573 
-2 678 21 30 0.02149692 
438 653 30 36 0.021496264 
748 626 41 52 0.021340515 
795 588 21 26 0.021221306 
290 651 44 53 0.020994553 
83 383 20 26 0.020823514 
133 590 28 37 0.020655913 
41 167 45 58 0.020273149 
80 664 19 22 0.02008573 
14 274 40 54 0.020060284 
50 123 30 41 0.02002523 
