12_Group_Team_Organized_Group_12_Group_Team_Organized_Group_12_458
85
455 209 34 42 0.97358024 
912 201 36 48 0.96517056 
254 361 45 55 0.96297944 
800 215 38 47 0.92054045 
279 219 38 50 0.9158627 
695 346 39 48 0.8617066 
670 219 29 36 0.8180447 
729 202 39 48 0.8031601 
547 203 28 35 0.79508793 
578 266 31 40 0.7642421 
367 225 35 43 0.6593751 
410 210 23 30 0.44440567 
617 202 35 42 0.434759 
298 198 40 51 0.42683285 
137 214 43 53 0.36328584 
478 180 26 32 0.24218279 
719 215 31 38 0.078140415 
427 325 34 46 0.07320602 
935 280 43 54 0.069577016 
0 335 98 160 0.06899568 
273 308 31 38 0.06645539 
296 218 32 41 0.06601235 
574 339 45 53 0.062433653 
989 324 28 40 0.04826833 
199 375 32 44 0.04673886 
260 452 29 35 0.0425927 
317 197 36 46 0.04238579 
99 328 37 45 0.042356268 
228 455 32 42 0.039311476 
795 305 32 39 0.036859643 
860 340 40 52 0.03651921 
732 294 30 40 0.036480892 
273 452 27 34 0.035846435 
878 483 23 31 0.03484479 
559 331 43 52 0.03216682 
752 533 350 366 0.032010127 
630 220 27 34 0.03148212 
714 275 35 42 0.030827094 
283 207 28 36 0.030638812 
165 273 38 47 0.030245753 
526 343 39 46 0.030143425 
511 300 36 46 0.029541448 
734 276 36 45 0.029277097 
551 212 33 40 0.028896673 
429 309 29 37 0.028470464 
689 208 24 32 0.028418047 
587 224 27 34 0.028361037 
597 338 43 54 0.02832888 
589 201 26 33 0.026992867 
229 459 77 103 0.02652007 
816 330 58 71 0.026217211 
447 530 126 109 0.026132455 
510 246 36 45 0.025214726 
249 442 55 66 0.025075726 
573 329 689 731 0.024704779 
386 452 24 31 0.024547668 
509 370 47 55 0.023926763 
732 178 41 54 0.023848584 
393 453 61 78 0.023812251 
175 457 28 38 0.02370995 
329 219 28 37 0.023707774 
28 303 187 292 0.023000043 
162 367 66 84 0.022992568 
874 480 37 51 0.022900667 
637 183 25 30 0.022706198 
871 119 44 49 0.022544648 
865 476 64 93 0.022536369 
719 175 28 37 0.022523725 
388 208 25 31 0.0224068 
916 181 31 40 0.022369217 
690 333 34 40 0.021820677 
435 180 24 32 0.021817075 
230 231 24 31 0.021813065 
804 301 55 64 0.02179085 
850 428 26 35 0.021259984 
148 205 28 33 0.021178776 
-131 392 501 564 0.021103846 
765 341 40 54 0.020881569 
372 437 55 68 0.020820357 
262 218 38 48 0.020631367 
576 360 48 57 0.020483773 
970 189 36 55 0.020472968 
178 476 37 53 0.020397335 
890 483 22 31 0.020317629 
892 73 21 29 0.020245224 
