12_Group_Team_Organized_Group_12_Group_Team_Organized_Group_12_536
62
489 136 51 63 0.89362955 
854 65 36 55 0.764529 
634 141 44 54 0.34201097 
645 181 48 59 0.2151528 
652 212 67 99 0.099757224 
640 168 33 42 0.09813187 
878 226 42 59 0.09037961 
711 171 36 49 0.0874304 
665 180 60 79 0.073060915 
574 198 37 49 0.06830935 
626 187 63 94 0.057017375 
850 154 26 33 0.055508655 
678 172 42 56 0.052018728 
801 3 49 57 0.0514616 
841 171 25 32 0.049960285 
641 126 32 39 0.043127406 
683 205 66 92 0.041467093 
881 62 35 54 0.036893744 
922 361 63 89 0.035474967 
642 192 29 36 0.0341136 
477 178 47 60 0.033457924 
462 514 109 114 0.03195463 
695 177 57 74 0.031501137 
748 154 22 27 0.03063255 
958 199 40 71 0.029666994 
565 185 60 84 0.02941112 
584 183 23 30 0.029183967 
653 144 34 42 0.028885778 
617 164 37 53 0.028831253 
709 154 33 46 0.027735636 
657 121 29 35 0.026830966 
914 173 63 90 0.026667336 
918 380 43 57 0.02651174 
926 385 25 35 0.02623027 
807 229 64 70 0.02567753 
848 230 68 87 0.025397854 
127 567 24 28 0.025337715 
563 141 38 52 0.025158811 
570 221 27 33 0.025138423 
-64 522 357 360 0.024967274 
690 152 26 35 0.024657292 
631 222 107 144 0.024343856 
551 219 65 79 0.024343073 
586 150 22 29 0.023728367 
730 168 37 48 0.02304809 
487 194 28 36 0.02289238 
794 220 27 33 0.02272866 
597 305 25 28 0.022718878 
739 518 343 366 0.022541123 
618 172 24 31 0.022033334 
812 0 32 36 0.022013152 
836 231 28 33 0.02176252 
664 108 27 32 0.02169259 
518 156 43 55 0.021062221 
804 195 57 66 0.021013375 
685 220 30 40 0.020784725 
949 286 68 109 0.020549908 
782 208 66 72 0.02031313 
752 205 63 74 0.020285383 
733 9 262 308 0.020135872 
-213 315 689 732 0.02006093 
863 3 25 28 0.020045443 
