12_Group_Group_12_Group_Group_12_62
38
339 157 48 61 0.9991406 
647 135 51 62 0.99864846 
398 122 43 56 0.9969631 
555 143 41 49 0.99685884 
804 123 50 61 0.994311 
186 144 49 64 0.99073786 
257 129 48 62 0.9879255 
745 95 45 57 0.93482 
465 175 46 58 0.91295135 
539 266 57 79 0.24254431 
874 120 38 49 0.15189008 
208 133 49 66 0.07679258 
563 70 27 35 0.05946205 
590 604 28 33 0.048517004 
26 182 37 63 0.047753237 
43 166 36 60 0.046595376 
574 590 47 51 0.04043023 
744 636 20 25 0.03225464 
868 104 38 48 0.030734625 
960 117 38 54 0.029710153 
806 645 19 23 0.029527768 
966 99 25 33 0.028605899 
766 638 18 22 0.028296527 
51 151 34 51 0.027185518 
966 134 42 60 0.027138354 
556 55 25 32 0.026306452 
753 519 351 372 0.026299957 
93 574 63 88 0.025297016 
608 613 20 23 0.024605824 
925 75 23 29 0.024462098 
743 608 20 24 0.023606274 
466 101 25 32 0.023545612 
661 637 18 23 0.023540461 
-220 331 694 730 0.022959873 
-66 528 348 352 0.022464743 
570 394 35 45 0.021790845 
919 99 25 32 0.02131593 
576 313 679 729 0.020238318 
