12_Group_Team_Organized_Group_12_Group_Team_Organized_Group_12_685
184
403 162 61 75 0.9534557 
423 986 55 69 0.9268291 
652 979 60 77 0.8730406 
536 995 46 62 0.75948167 
270 877 33 42 0.47423887 
784 1129 43 56 0.26799572 
742 731 37 45 0.16683923 
643 857 38 47 0.16010255 
409 790 34 44 0.15089864 
411 884 36 47 0.13587685 
384 872 33 43 0.11856026 
883 1110 40 49 0.114253245 
269 1020 38 47 0.10560028 
190 928 36 43 0.101089135 
427 820 35 43 0.09450285 
605 886 35 45 0.094423704 
247 872 33 41 0.09321841 
418 902 42 53 0.09124643 
289 836 31 37 0.08859208 
84 745 35 43 0.086483784 
337 748 32 40 0.0794593 
288 790 31 40 0.07668086 
788 881 48 56 0.07141379 
153 743 33 40 0.06998425 
321 916 37 45 0.069255166 
203 833 33 41 0.06850144 
221 836 32 39 0.06849141 
335 831 30 37 0.0646451 
277 907 32 41 0.0646395 
606 903 37 49 0.06339459 
571 832 30 37 0.06268218 
326 878 33 41 0.06261765 
388 788 34 42 0.06168602 
173 1057 37 46 0.061277576 
320 779 34 45 0.059745852 
662 777 31 39 0.05941516 
56 739 34 44 0.057967905 
367 830 32 42 0.05743882 
153 778 33 40 0.057114787 
556 738 31 38 0.05543316 
513 796 30 39 0.055274446 
454 913 39 51 0.054819837 
592 836 30 37 0.054170348 
230 924 32 41 0.05350333 
512 823 31 39 0.053437375 
267 1050 36 45 0.053164184 
517 973 47 59 0.05262981 
450 833 30 39 0.051579274 
59 820 34 42 0.051259313 
979 1068 37 46 0.049788088 
191 953 40 49 0.049696602 
742 877 39 46 0.049600706 
745 706 36 44 0.049547236 
316 954 42 54 0.048496056 
12 672 34 53 0.04754048 
90 679 32 38 0.04725937 
811 881 42 52 0.04722251 
684 698 33 43 0.047219947 
465 881 34 43 0.047149632 
732 913 42 51 0.046060733 
190 874 32 38 0.04464264 
177 778 33 42 0.044513192 
283 732 30 38 0.044130147 
605 729 30 37 0.0437953 
181 1016 39 48 0.043565717 
559 1190 45 61 0.0429424 
230 965 37 48 0.042392347 
221 511 39 45 0.042375397 
96 598 31 39 0.041771803 
332 1154 39 48 0.040873643 
515 979 75 97 0.040570073 
542 1422 31 43 0.040543824 
142 871 31 39 0.03992427 
13 726 36 54 0.039905805 
244 1007 38 49 0.039831664 
380 911 34 46 0.038118105 
88 775 35 43 0.038029417 
177 917 56 71 0.037531476 
240 783 32 41 0.037501767 
1003 869 33 43 0.037321433 
734 836 33 41 0.036723085 
571 196 87 110 0.036510114 
238 685 30 35 0.036396574 
178 744 33 41 0.036327872 
96 656 32 41 0.03630835 
85 831 35 43 0.03586648 
274 700 29 35 0.035303146 
791 1062 39 46 0.03510517 
237 656 32 39 0.035013806 
445 966 49 65 0.03437426 
690 727 33 40 0.034262273 
362 744 32 41 0.033995535 
510 917 37 45 0.03370648 
272 641 30 39 0.03361859 
61 787 33 43 0.03318621 
226 541 38 44 0.03301375 
817 900 44 54 0.032657433 
186 1777 47 56 0.032451417 
604 179 48 63 0.03235677 
338 691 31 38 0.03226413 
278 966 36 45 0.032172833 
729 957 46 58 0.032171328 
147 1021 40 50 0.031842884 
601 704 31 39 0.031518314 
243 1062 39 49 0.03130519 
565 879 33 41 0.03114763 
154 1049 37 44 0.03110491 
554 918 36 46 0.030666672 
861 1198 41 52 0.030648569 
737 778 34 42 0.030068452 
508 880 32 40 0.029858988 
153 919 33 41 0.029542118 
555 700 30 36 0.029518196 
869 812 125 139 0.028971506 
334 1267 46 59 0.02883056 
596 1000 40 54 0.028671758 
876 822 42 48 0.02830728 
103 1738 32 39 0.028282931 
568 779 30 37 0.028227407 
147 694 31 38 0.02807581 
886 1067 35 42 0.02763742 
192 658 36 44 0.027452301 
593 785 30 36 0.027436936 
648 922 41 51 0.027403623 
242 736 30 38 0.027367985 
191 543 37 45 0.027193164 
379 171 51 65 0.027008148 
662 747 31 38 0.026434353 
146 1112 33 42 0.026343437 
311 907 57 75 0.026231831 
464 792 30 39 0.026143428 
797 784 34 42 0.026003204 
686 786 32 40 0.025976364 
360 1748 42 53 0.02564342 
229 1088 36 45 0.02559754 
48 648 31 41 0.025571037 
796 820 35 43 0.025423102 
649 122 43 60 0.025397796 
46 687 31 41 0.02535693 
142 837 32 41 0.025006598 
268 897 51 70 0.024991954 
835 778 34 42 0.024973156 
187 1093 37 43 0.024932185 
169 997 62 77 0.02491823 
195 678 34 40 0.024908293 
846 747 35 44 0.02483874 
364 692 31 39 0.024702704 
325 1142 63 75 0.024510184 
364 507 41 50 0.024240853 
663 696 30 38 0.024104346 
919 869 51 56 0.024029365 
145 501 36 44 0.02390336 
100 861 33 41 0.023677034 
317 864 53 69 0.023484813 
280 1095 34 42 0.023480747 
149 896 127 149 0.023460856 
375 902 55 75 0.023431454 
372 1106 40 53 0.023412934 
419 744 33 41 0.023390548 
323 1003 40 53 0.022870032 
280 829 52 69 0.022861421 
697 648 33 41 0.022840481 
830 823 33 41 0.02271409 
562 648 30 37 0.022673747 
321 111 72 85 0.022605894 
601 969 39 52 0.022502486 
879 867 47 52 0.022417167 
977 1092 36 46 0.022036005 
283 614 30 38 0.02183268 
407 1095 50 62 0.021443237 
578 1178 62 82 0.021398064 
213 172 79 90 0.021317458 
213 914 53 72 0.021205844 
198 516 38 45 0.021129837 
332 1107 35 43 0.020831786 
329 1183 43 54 0.020718448 
692 1413 35 51 0.020534176 
142 1043 62 72 0.020532254 
742 1082 116 132 0.020528276 
626 163 69 92 0.020444233 
408 1285 43 52 0.020165367 
922 907 50 57 0.02015082 
694 834 32 40 0.020077275 
779 743 33 40 0.020028798 
