12_Group_Team_Organized_Group_12_Group_Team_Organized_Group_12_67
69
293 19 166 193 0.9993747 
627 205 124 183 0.5763838 
204 27 61 77 0.29294926 
757 235 46 62 0.15621415 
70 87 72 81 0.08994233 
852 6 44 68 0.07713835 
628 300 72 91 0.0686229 
239 19 59 79 0.064373754 
12 39 104 184 0.064145245 
0 24 63 130 0.059557132 
131 53 48 57 0.058980435 
679 155 78 96 0.054941896 
696 263 47 57 0.054210044 
727 211 91 118 0.05347122 
653 333 50 62 0.051735617 
713 166 80 105 0.05118326 
747 253 26 34 0.042552568 
635 181 78 115 0.042012088 
49 43 80 87 0.04132383 
672 244 79 100 0.04112204 
886 287 41 50 0.036551338 
845 141 86 100 0.036307648 
259 11 71 76 0.035545297 
516 349 80 86 0.032552782 
620 236 84 112 0.031595852 
669 -9 76 70 0.030741805 
448 45 95 114 0.030242465 
222 57 35 45 0.030175617 
817 19 76 96 0.030063426 
57 18 128 128 0.029562566 
45 84 121 139 0.029501503 
147 23 81 89 0.029100865 
-3 102 63 108 0.02907304 
634 261 49 65 0.02893349 
880 0 69 84 0.027163196 
234 2 27 31 0.027006445 
864 175 83 99 0.02601739 
274 27 33 37 0.025608858 
714 256 28 36 0.025261955 
83 21 76 81 0.02488809 
397 40 119 170 0.024871055 
907 -7 81 77 0.024441035 
677 76 121 139 0.024152165 
-3 49 38 88 0.02403361 
854 45 54 74 0.023862045 
797 -3 144 140 0.02315473 
644 279 24 30 0.022948839 
128 0 71 63 0.02276711 
642 329 33 41 0.022608234 
362 33 87 108 0.02258642 
687 302 26 33 0.02222316 
288 41 106 126 0.022057122 
96 68 71 81 0.022028117 
661 282 23 28 0.021789335 
698 282 26 31 0.021718666 
607 194 65 96 0.021592263 
606 265 111 152 0.02156024 
22 14 72 97 0.021421047 
2 -18 128 168 0.021375427 
739 252 46 61 0.021244604 
192 59 73 86 0.02107223 
864 201 48 61 0.02103068 
459 13 87 90 0.020933919 
254 51 44 60 0.020850427 
763 263 30 40 0.020811407 
469 9 131 142 0.020797575 
864 108 81 91 0.02070762 
866 3 30 41 0.020533687 
189 98 70 85 0.02028125 
