12_Group_Large_Group_12_Group_Large_Group_12_613
49
793 120 22 27 0.7293828 
623 123 22 29 0.52738726 
845 121 29 36 0.40983635 
530 122 22 28 0.30871406 
460 123 23 27 0.3086908 
908 124 21 27 0.1977615 
423 151 77 86 0.15054998 
618 108 23 30 0.11311528 
719 477 60 69 0.11036665 
852 106 25 29 0.11033742 
333 483 67 69 0.100001894 
451 122 37 44 0.084699586 
971 137 19 26 0.06683326 
632 131 23 30 0.0647867 
969 147 19 24 0.055383075 
904 108 20 26 0.051646207 
532 111 21 26 0.05129949 
749 151 23 28 0.044387277 
520 110 21 27 0.044217363 
955 130 19 24 0.043127485 
457 147 30 36 0.03835621 
654 403 534 569 0.035548247 
822 127 21 26 0.032841377 
664 101 21 27 0.03199136 
776 126 20 26 0.031097379 
-64 527 356 361 0.030485496 
-223 325 698 738 0.02915224 
635 105 21 27 0.028875118 
737 495 77 86 0.028177911 
339 540 363 344 0.026334025 
870 187 19 24 0.025084376 
947 104 18 23 0.024831772 
774 179 23 29 0.024555562 
617 128 35 49 0.024336966 
771 102 21 28 0.024321292 
129 541 363 349 0.023657553 
822 102 20 26 0.023586793 
760 404 44 49 0.023455469 
799 147 21 26 0.023041021 
834 98 49 61 0.022898117 
174 311 719 728 0.022632046 
962 147 31 43 0.022527028 
693 393 72 95 0.02251354 
255 100 26 31 0.02213692 
533 540 372 343 0.02183848 
687 105 337 386 0.021057567 
819 78 19 23 0.020983633 
991 409 25 31 0.020170746 
959 151 19 24 0.020146362 
