12_Group_Group_12_Group_Group_12_843
167
393 497 95 104 0.9976768 
96 451 105 180 0.89710814 
315 455 49 76 0.23918778 
386 193 24 30 0.23394576 
41 445 124 208 0.15898147 
303 479 47 65 0.13627751 
663 257 24 31 0.13625917 
496 227 19 24 0.076637864 
508 225 17 24 0.07052438 
619 197 23 29 0.0609843 
458 353 76 78 0.053656388 
515 204 21 27 0.05268143 
534 256 21 27 0.046835527 
540 225 19 24 0.046551578 
610 327 28 35 0.045390684 
589 206 21 26 0.045040853 
538 205 20 26 0.04399846 
490 256 21 28 0.043765295 
331 347 71 81 0.043620583 
616 229 21 28 0.04088244 
434 202 21 26 0.039516687 
184 485 56 72 0.037817623 
293 433 85 115 0.037716117 
532 87 40 64 0.037652954 
643 279 22 30 0.037652638 
639 266 37 48 0.03761222 
145 458 101 153 0.037498023 
501 220 31 41 0.037435807 
609 477 76 93 0.037317466 
633 499 82 96 0.03598297 
351 330 61 72 0.035819415 
638 204 20 26 0.03508782 
478 368 81 94 0.0331571 
707 322 73 92 0.032793038 
324 497 32 46 0.032591835 
409 201 19 25 0.032100476 
280 75 20 25 0.03203683 
392 338 55 69 0.031448506 
417 236 20 23 0.031406898 
526 245 35 45 0.030928722 
646 248 37 47 0.030889068 
593 327 61 79 0.03074914 
513 182 25 31 0.030573994 
214 202 20 24 0.029977188 
607 216 38 48 0.02988715 
440 319 67 80 0.029769849 
566 204 18 24 0.029737808 
606 232 72 93 0.029528342 
200 507 27 36 0.029153395 
607 538 116 129 0.0289063 
642 226 19 26 0.02872777 
515 95 29 41 0.028619908 
336 383 52 65 0.02858053 
764 584 59 71 0.028544527 
256 210 19 23 0.028512672 
235 552 53 63 0.028508611 
470 419 78 98 0.028415963 
251 543 68 89 0.028400311 
532 219 33 43 0.027896311 
667 475 68 88 0.02789195 
430 192 135 174 0.027677614 
385 75 23 30 0.027662465 
317 200 21 26 0.027624223 
411 358 26 34 0.027604718 
260 180 18 23 0.027522942 
341 463 42 64 0.02748999 
314 184 21 25 0.027446292 
369 474 67 84 0.027339121 
586 195 35 44 0.02729701 
491 313 68 81 0.026903503 
328 185 19 23 0.026895273 
228 206 18 22 0.026878664 
598 182 55 68 0.026863469 
500 364 55 59 0.026742063 
590 352 23 30 0.026642004 
411 377 28 37 0.026556164 
640 105 22 29 0.02641832 
463 357 32 36 0.026291016 
489 277 24 30 0.026271164 
427 339 58 76 0.026148427 
431 233 19 24 0.026135117 
509 82 71 94 0.026109587 
577 201 59 74 0.026055906 
538 113 27 42 0.025986083 
205 470 54 67 0.025946869 
313 309 78 86 0.025879823 
543 341 58 71 0.025795814 
592 227 21 27 0.025629554 
571 353 65 84 0.025619365 
461 201 22 29 0.025561485 
597 534 82 90 0.025460579 
207 408 21 26 0.025424264 
583 340 41 54 0.025421528 
434 428 72 90 0.025078988 
502 281 58 73 0.025072379 
515 305 24 29 0.02507173 
631 218 37 49 0.025045773 
487 215 87 112 0.024973115 
649 257 22 28 0.024937922 
624 338 57 73 0.024907162 
921 608 24 32 0.024796396 
489 206 21 28 0.024708487 
561 358 23 30 0.024567967 
436 184 21 25 0.024498414 
256 222 20 24 0.024357505 
726 576 71 86 0.024293054 
526 202 122 154 0.024272883 
362 146 231 289 0.023746189 
373 175 48 60 0.023512233 
512 266 39 49 0.023366913 
548 111 40 59 0.023364825 
182 253 21 25 0.02327836 
372 390 49 61 0.023175802 
585 180 24 31 0.023172783 
644 362 26 33 0.023164257 
459 326 25 31 0.023151184 
627 196 34 43 0.0231396 
432 275 128 156 0.023052342 
437 330 23 30 0.022783121 
283 176 18 23 0.022635812 
612 249 22 29 0.02257858 
124 152 19 25 0.022532325 
182 319 47 53 0.022443946 
626 604 79 79 0.022337643 
329 411 64 88 0.022192836 
687 519 63 85 0.022076188 
538 74 28 39 0.022014894 
441 287 59 74 0.021994308 
431 97 26 33 0.021817878 
889 599 42 57 0.021767639 
519 250 21 28 0.021733858 
316 177 32 38 0.021665325 
612 311 58 74 0.02166056 
500 186 51 65 0.021605978 
704 253 79 96 0.0215905 
611 349 25 33 0.0215588 
419 35 45 50 0.021476727 
375 351 31 37 0.02140907 
724 189 269 319 0.021403937 
559 95 23 35 0.021392075 
402 396 45 55 0.021258367 
433 354 26 35 0.02121193 
492 209 52 68 0.02118896 
187 98 22 26 0.021105036 
577 284 66 80 0.02107844 
414 307 23 30 0.02097895 
385 158 19 23 0.020833617 
513 239 35 46 0.020745752 
598 375 65 78 0.020738285 
417 286 55 74 0.020721508 
514 329 23 29 0.020715646 
699 541 74 91 0.02070416 
521 355 45 52 0.02064697 
344 476 56 79 0.020645903 
4 150 23 34 0.020512914 
580 174 39 51 0.020481473 
382 253 18 23 0.020453367 
205 483 29 36 0.020444132 
419 420 44 55 0.0204402 
650 238 69 92 0.020286772 
566 229 17 22 0.020268688 
458 371 36 41 0.020255763 
433 310 21 27 0.020235788 
562 375 24 30 0.020185973 
602 238 40 50 0.020185305 
410 100 24 30 0.020087222 
613 448 70 77 0.020056643 
