12_Group_Large_Group_12_Group_Large_Group_12_143
166
260 223 27 36 0.9107661 
308 172 27 34 0.7477442 
83 206 27 33 0.70034564 
465 230 33 41 0.6505465 
390 237 24 31 0.57048064 
178 204 21 28 0.3507119 
25 224 21 28 0.25302693 
49 202 21 27 0.23081002 
563 235 25 31 0.22838444 
261 207 24 32 0.20954528 
148 250 24 31 0.18987489 
355 250 22 29 0.1820067 
129 184 20 26 0.15958185 
403 233 23 30 0.13920525 
126 196 20 26 0.11481759 
231 180 20 25 0.09819765 
135 235 21 28 0.08772215 
153 234 21 28 0.0830724 
154 135 18 23 0.08148812 
205 231 21 27 0.07852578 
541 205 19 25 0.07827916 
575 207 19 23 0.07789085 
308 159 25 31 0.07788904 
182 228 23 28 0.07750828 
163 204 21 27 0.07345951 
99 451 25 29 0.072853126 
581 210 20 24 0.07233353 
355 235 23 29 0.07062476 
582 227 23 28 0.068462856 
258 245 24 33 0.06600041 
60 150 19 24 0.06579164 
312 166 38 50 0.06542913 
107 178 20 25 0.06473081 
187 183 19 23 0.06382241 
443 174 21 27 0.06338228 
135 247 24 32 0.06277328 
203 251 21 27 0.062322095 
55 184 19 23 0.059918642 
185 250 22 28 0.057410315 
646 186 20 24 0.054166388 
29 212 20 27 0.053751264 
650 201 20 26 0.051639326 
661 206 20 25 0.049904615 
137 132 19 25 0.04922276 
236 227 21 30 0.048251513 
23 173 18 23 0.04746755 
614 180 20 24 0.046771113 
77 314 24 30 0.046438135 
226 131 22 27 0.045637667 
8 181 20 27 0.045481652 
206 207 19 26 0.04463526 
21 160 19 24 0.043666642 
339 128 20 25 0.042942766 
183 155 17 22 0.042837188 
213 132 20 26 0.04201617 
228 152 20 25 0.041486748 
261 272 22 30 0.040363435 
205 182 18 24 0.04023127 
554 222 44 54 0.039833885 
261 183 18 24 0.039676182 
235 205 21 29 0.03771634 
356 272 22 28 0.03686902 
467 156 20 25 0.035967067 
74 151 18 23 0.035931915 
5 203 19 26 0.035709176 
477 240 28 35 0.035645247 
409 211 21 26 0.035641603 
159 181 18 24 0.035631306 
24 300 34 53 0.03558149 
380 226 43 53 0.03485945 
10 226 20 26 0.033296615 
310 128 19 24 0.032321304 
79 182 19 23 0.03184009 
278 128 18 23 0.031759698 
548 237 19 26 0.031668484 
89 211 33 42 0.031645022 
30 125 17 22 0.031321425 
514 232 20 26 0.03130037 
265 128 20 25 0.03089529 
596 158 18 23 0.03065848 
159 100 18 23 0.030302973 
54 229 21 28 0.030198717 
161 150 19 23 0.02991013 
510 251 21 27 0.029666867 
235 257 21 28 0.029601967 
127 232 49 61 0.029519629 
226 270 22 28 0.029194312 
916 185 21 24 0.029086301 
308 1 22 23 0.028473288 
359 177 22 25 0.02797943 
56 134 18 23 0.02789079 
440 3 23 23 0.027712323 
1 104 19 26 0.027525546 
338 231 22 28 0.027257062 
694 206 21 26 0.026967047 
516 158 20 25 0.026831472 
536 198 31 40 0.026785722 
619 205 19 24 0.026746172 
48 5 24 24 0.026709802 
49 237 33 45 0.026584523 
227 172 31 42 0.026565649 
594 178 19 23 0.026458932 
9 153 19 26 0.026458599 
311 228 22 28 0.026347755 
434 231 23 29 0.025884522 
412 326 21 26 0.02581087 
573 237 38 45 0.025559975 
377 326 21 26 0.025547624 
387 211 20 26 0.025484016 
108 159 19 23 0.02525955 
68 203 47 57 0.025066331 
358 68 21 25 0.02503962 
30 75 18 23 0.025032146 
212 273 23 28 0.024862446 
220 139 33 45 0.024725258 
378 313 21 25 0.024664216 
266 152 18 22 0.024584709 
384 177 19 23 0.024416104 
517 204 19 24 0.024325026 
459 177 20 26 0.02401779 
906 180 21 24 0.02398505 
291 179 19 24 0.02398182 
765 4 23 22 0.023764158 
486 153 19 23 0.023603568 
332 154 25 30 0.02344941 
282 154 18 23 0.023404377 
768 254 26 32 0.023384895 
247 203 45 61 0.023279319 
208 389 22 29 0.023230236 
412 312 21 25 0.0231927 
614 332 28 34 0.023184804 
0 349 21 34 0.023162547 
614 225 20 25 0.02311275 
565 154 19 24 0.022995692 
1 319 33 56 0.022919549 
357 206 22 27 0.0228789 
463 208 24 29 0.022872452 
388 156 19 24 0.02273787 
482 79 25 31 0.022705106 
644 154 17 21 0.022571906 
410 356 24 30 0.022482496 
726 129 19 21 0.022398947 
335 123 33 43 0.022239242 
613 129 18 21 0.022130046 
177 135 18 22 0.02209118 
860 460 163 208 0.021922678 
179 274 23 30 0.02184199 
350 238 44 54 0.021788584 
736 593 72 102 0.021658113 
992 490 22 31 0.021455452 
323 151 40 52 0.021453861 
612 252 24 29 0.02139195 
210 125 33 43 0.021307593 
286 102 19 23 0.021289775 
615 347 28 35 0.021245845 
691 222 23 28 0.021200579 
241 226 52 64 0.020747315 
340 108 18 22 0.020653732 
605 323 44 55 0.020576501 
97 240 35 46 0.020545926 
365 309 23 27 0.02042689 
744 2 25 24 0.02042382 
129 153 19 24 0.020288745 
325 578 291 324 0.020147024 
833 216 260 323 0.020087052 
767 274 27 34 0.020063674 
