12_Group_Large_Group_12_Group_Large_Group_12_253
320
870 383 33 42 0.956087 
485 365 33 42 0.95603937 
38 262 36 44 0.94923264 
615 284 26 33 0.9488667 
655 383 29 39 0.9340503 
130 417 35 44 0.93197614 
243 403 34 42 0.91416806 
460 234 25 31 0.9034981 
118 198 29 36 0.90151006 
19 428 37 54 0.8722396 
356 229 24 30 0.86224097 
972 392 27 36 0.85734075 
591 423 27 35 0.84832925 
208 202 22 28 0.8446979 
636 229 21 26 0.8429989 
862 258 24 29 0.80728376 
32 199 25 33 0.7893967 
677 323 24 31 0.7744352 
161 263 33 43 0.7366375 
794 231 23 28 0.7313529 
408 241 25 32 0.7194454 
561 206 19 25 0.6778034 
394 202 23 28 0.63988286 
937 260 25 33 0.61042005 
-4 245 27 37 0.60194266 
546 334 27 36 0.57574517 
499 208 22 27 0.5154471 
282 266 29 37 0.45477894 
763 258 23 29 0.4433808 
554 398 28 36 0.43613452 
723 238 21 25 0.4354181 
82 233 27 36 0.4268409 
711 247 21 27 0.41930154 
745 377 26 34 0.41331324 
292 229 25 31 0.4081763 
161 210 23 31 0.3945696 
612 203 19 23 0.38589063 
680 232 19 24 0.38273856 
331 200 20 26 0.3730822 
351 418 36 47 0.35385484 
632 529 28 33 0.33108136 
895 228 22 28 0.32669187 
459 206 21 26 0.3212224 
351 407 30 37 0.30006096 
212 269 30 38 0.28431326 
546 205 20 24 0.26191404 
767 203 18 23 0.250677 
623 224 20 25 0.24381766 
385 426 35 45 0.24244657 
761 369 26 32 0.2335511 
86 240 34 44 0.21982236 
333 324 26 32 0.19279948 
598 324 27 33 0.19139816 
536 182 19 25 0.16828732 
866 229 22 27 0.15828376 
360 211 21 27 0.14750001 
401 435 27 35 0.14116856 
92 226 36 46 0.13807224 
672 205 19 24 0.1373466 
753 257 20 25 0.1252562 
847 325 26 35 0.123818405 
852 223 21 27 0.114498414 
257 225 22 29 0.11362638 
794 243 24 30 0.11130995 
689 207 19 23 0.105824225 
443 206 20 25 0.10425326 
670 314 25 31 0.10225374 
849 212 17 23 0.10100689 
800 212 19 24 0.09859414 
356 307 27 32 0.09549751 
596 204 16 22 0.094845615 
898 250 22 27 0.09304705 
3 147 24 32 0.09286559 
459 461 29 38 0.091676995 
302 404 28 35 0.09160955 
932 230 20 26 0.091018274 
643 208 21 26 0.09082164 
205 189 21 26 0.089247875 
368 155 19 25 0.08846955 
896 209 21 27 0.0880414 
355 324 26 31 0.08789318 
737 236 17 22 0.086301245 
337 188 19 24 0.085592166 
778 232 19 24 0.08544175 
564 312 25 31 0.08530742 
597 226 18 24 0.08482618 
639 247 22 27 0.08440449 
940 230 21 27 0.083181635 
391 185 21 25 0.0825744 
259 209 20 25 0.07999302 
419 486 40 53 0.079948485 
644 151 21 26 0.07981883 
564 187 19 25 0.07814313 
875 204 20 25 0.07801346 
699 249 22 27 0.072735645 
947 359 22 29 0.07198803 
489 220 23 30 0.07000402 
463 184 20 25 0.06940227 
384 308 26 31 0.066598885 
616 188 19 25 0.06530385 
563 218 21 26 0.065256014 
976 252 22 29 0.065082446 
843 355 26 33 0.064794995 
847 301 26 35 0.06466918 
993 254 21 26 0.062011283 
522 185 18 24 0.061341237 
821 150 21 26 0.06116173 
438 227 20 27 0.060412005 
815 230 20 27 0.06033503 
316 205 20 25 0.06006581 
387 412 27 35 0.05995097 
594 309 23 31 0.05897572 
715 307 24 29 0.057318572 
746 360 30 39 0.057019882 
642 186 19 24 0.05580743 
720 355 24 30 0.055157125 
993 146 20 34 0.055046815 
76 209 23 30 0.054975376 
173 220 26 33 0.054482162 
596 277 22 28 0.05308158 
633 281 23 29 0.053057306 
591 184 18 23 0.052416604 
669 506 26 33 0.051936474 
925 245 40 56 0.051858123 
25 183 25 32 0.049615342 
753 204 18 22 0.049175914 
673 251 19 24 0.048215356 
185 331 28 35 0.047649536 
766 269 23 28 0.047147956 
743 395 27 35 0.046882506 
237 153 21 25 0.04658242 
219 259 26 33 0.04654769 
878 186 20 25 0.046051662 
393 105 20 26 0.045816097 
666 280 22 28 0.04553077 
343 227 20 27 0.045528863 
974 425 30 44 0.043689568 
109 181 23 29 0.043631155 
769 83 22 27 0.043155454 
819 208 18 22 0.04306054 
223 508 26 32 0.04295293 
206 222 22 29 0.04291709 
255 185 20 25 0.042912927 
871 362 28 34 0.042843595 
384 325 27 32 0.042765573 
699 179 19 25 0.042728085 
979 232 19 25 0.042079505 
410 103 22 27 0.04172162 
714 330 24 31 0.04167416 
377 344 36 44 0.04148737 
464 330 25 32 0.04145582 
931 75 23 30 0.04140415 
754 443 43 52 0.04132207 
262 258 24 31 0.04120244 
615 258 23 28 0.041023236 
375 512 27 35 0.04060879 
719 208 17 22 0.04018687 
121 359 29 39 0.04016644 
768 186 19 25 0.039925437 
381 158 19 24 0.039805446 
534 157 19 25 0.039750896 
408 474 39 52 0.039701078 
923 206 19 24 0.0393817 
106 376 31 40 0.039149158 
634 516 29 34 0.038913663 
253 152 20 25 0.03839391 
122 186 28 34 0.038295638 
0 381 26 37 0.038223997 
542 223 21 26 0.037517723 
852 246 40 51 0.037329346 
669 186 18 24 0.03675666 
389 435 46 58 0.03652572 
851 381 26 34 0.036377374 
666 356 26 33 0.03588399 
745 331 23 29 0.035734072 
490 182 18 24 0.03522058 
819 250 21 28 0.03450839 
555 343 26 34 0.034399867 
685 313 24 31 0.034321185 
791 336 20 27 0.034149468 
818 179 19 23 0.033956133 
715 175 19 27 0.033884175 
787 504 24 30 0.0335411 
387 224 22 28 0.033443622 
33 124 20 28 0.033372138 
335 308 32 39 0.033187818 
49 175 26 31 0.03306385 
948 207 20 25 0.032807 
994 229 19 25 0.03275978 
362 179 18 23 0.03269288 
790 483 27 36 0.03243176 
565 279 22 28 0.032367818 
360 240 24 32 0.03205777 
519 279 23 29 0.03200102 
312 149 22 26 0.031941343 
565 258 22 26 0.03177554 
107 154 21 27 0.031452935 
974 362 22 28 0.031123282 
523 155 17 23 0.030900896 
5 173 23 31 0.03078175 
170 532 30 35 0.030751256 
75 180 20 25 0.030576892 
592 260 22 28 0.03055355 
694 273 22 28 0.03013049 
223 204 21 27 0.030118078 
49 352 37 45 0.030090844 
788 448 39 48 0.029956184 
689 378 24 30 0.029935112 
463 300 23 30 0.029712245 
770 331 24 30 0.029703392 
330 155 20 25 0.029642599 
107 302 28 35 0.029537825 
359 351 25 31 0.029432204 
309 100 21 25 0.029403018 
661 153 19 24 0.029323265 
78 151 21 26 0.029283669 
951 384 23 30 0.029265674 
339 427 28 36 0.029165415 
-2 131 21 30 0.029162075 
989 382 23 32 0.028903252 
302 487 29 36 0.028810766 
223 480 38 45 0.028804822 
415 153 20 24 0.028587354 
791 378 23 30 0.028316244 
450 222 43 53 0.028314166 
845 460 26 32 0.028234027 
417 79 20 24 0.027948854 
412 121 21 27 0.027839104 
604 427 27 35 0.027748115 
716 278 22 27 0.027558178 
155 185 20 26 0.02747622 
893 360 24 31 0.027360223 
994 361 19 27 0.027119631 
749 278 21 26 0.0270825 
405 184 19 24 0.026955733 
492 582 36 47 0.026760375 
663 316 39 50 0.026756115 
426 451 37 50 0.026603244 
430 296 25 32 0.02652474 
770 97 20 26 0.026519135 
969 512 23 34 0.02648838 
490 157 18 23 0.02646398 
802 183 18 22 0.026456341 
357 387 25 32 0.026361972 
536 378 35 46 0.026343988 
692 463 27 35 0.026099678 
813 454 26 33 0.025979018 
248 481 41 48 0.025895681 
773 510 24 31 0.02587847 
844 151 18 24 0.02583948 
49 125 20 26 0.025815066 
285 208 19 24 0.02574374 
273 400 35 44 0.025685798 
638 329 23 30 0.02564461 
220 449 39 49 0.02553503 
866 478 39 43 0.025482878 
687 480 25 33 0.025181359 
-4 403 35 56 0.025172587 
435 77 25 30 0.025129888 
881 213 48 60 0.02503589 
636 354 25 32 0.025001228 
761 434 32 39 0.02492698 
512 447 36 44 0.024852738 
977 203 19 27 0.024692232 
441 185 19 24 0.024441717 
146 197 42 56 0.024390168 
255 501 31 36 0.024364103 
260 76 21 25 0.02434961 
282 150 22 26 0.024151355 
295 423 34 43 0.024019716 
929 269 23 31 0.023643823 
849 477 28 36 0.023604177 
994 281 21 27 0.02347086 
433 402 24 31 0.023437085 
507 222 21 28 0.023400221 
125 217 27 35 0.023362473 
794 359 22 28 0.023359325 
895 185 19 24 0.02330743 
464 158 19 24 0.023096234 
340 406 27 35 0.023023523 
351 561 36 48 0.022861673 
844 511 28 36 0.02257495 
742 452 31 40 0.022515114 
629 537 40 47 0.022333056 
514 332 24 31 0.022327472 
409 95 37 44 0.022279276 
177 183 19 23 0.022233611 
447 461 47 63 0.022157583 
684 418 36 48 0.022092259 
-3 103 18 27 0.022021463 
825 357 22 30 0.021977864 
761 461 43 54 0.02192635 
740 122 22 26 0.021920675 
366 499 47 57 0.021897674 
29 73 19 26 0.021817137 
395 349 35 44 0.021777635 
5 351 33 43 0.021731732 
406 407 25 32 0.021703085 
259 274 24 32 0.021661777 
747 178 22 28 0.021658547 
535 281 23 29 0.021578588 
589 415 45 57 0.0215375 
923 383 23 29 0.021493817 
794 280 21 27 0.021420563 
264 476 55 65 0.021369327 
83 511 24 30 0.02132371 
434 98 25 31 0.021073746 
329 350 25 31 0.02104684 
233 229 22 28 0.021007754 
994 131 19 30 0.020982727 
436 279 23 31 0.02085628 
280 78 20 24 0.0208028 
346 318 51 59 0.020740977 
363 134 18 23 0.020708106 
438 252 22 28 0.02067635 
384 47 17 21 0.020628853 
332 443 37 50 0.020598346 
620 151 19 24 0.020206632 
205 104 20 25 0.020153204 
744 107 19 26 0.020109244 
