12_Group_Team_Organized_Group_12_Group_Team_Organized_Group_12_235
42
54 74 199 253 0.9589416 
75 966 196 287 0.9412125 
214 397 150 219 0.90810025 
426 576 62 73 0.8726772 
829 488 112 157 0.42887166 
746 967 201 275 0.103150345 
132 949 263 345 0.09658425 
76 129 70 86 0.06564925 
654 423 55 74 0.053297002 
234 768 97 122 0.04375807 
685 766 31 39 0.043443825 
618 223 59 68 0.041705925 
246 781 56 64 0.03945393 
214 926 174 231 0.035828523 
650 842 60 83 0.032890245 
456 732 82 107 0.031826045 
676 784 50 59 0.031451274 
547 701 49 58 0.029363146 
422 829 108 140 0.029011562 
278 959 300 352 0.027913712 
77 771 28 34 0.026886405 
569 876 141 172 0.026270121 
510 724 73 100 0.025285108 
120 123 117 167 0.025061276 
393 580 53 67 0.024151137 
620 883 81 110 0.024010964 
533 643 52 64 0.023636188 
493 927 151 190 0.02330448 
581 738 49 63 0.023127925 
590 76 264 333 0.022938661 
267 748 138 166 0.02279762 
496 923 33 41 0.02255192 
643 276 57 67 0.022502491 
678 803 57 69 0.022475488 
600 730 31 39 0.022085033 
656 814 60 72 0.021762861 
654 328 32 41 0.021344706 
696 729 28 34 0.02129886 
399 744 135 154 0.021072935 
286 911 111 138 0.020521136 
128 886 195 260 0.020500466 
481 910 59 71 0.020487683 
