9_Press_Conference_Press_Conference_9_757
17
132 179 353 434 0.9999703 
484 287 79 113 0.2523727 
746 696 210 234 0.12547514 
812 763 133 139 0.10441198 
364 1017 82 105 0.051219523 
879 641 386 477 0.04677207 
892 864 399 464 0.038412523 
909 142 412 472 0.034604643 
904 -105 422 471 0.03278383 
650 689 342 426 0.031882167 
897 414 405 470 0.029794397 
685 -283 836 890 0.029790632 
88 40 29 32 0.027933134 
205 99 50 64 0.026468467 
292 984 184 150 0.025210438 
204 1004 231 181 0.02147279 
664 627 768 893 0.021179998 
