9_Press_Conference_Press_Conference_9_431
29
310 271 321 437 0.9997421 
962 141 37 50 0.09191266 
849 142 32 42 0.045487043 
880 117 29 40 0.039540026 
809 157 33 44 0.0350744 
687 1 38 44 0.033308472 
879 148 28 37 0.03250244 
240 -7 152 164 0.031990517 
758 390 160 225 0.03154088 
809 1110 525 550 0.031080533 
885 33 35 42 0.030724382 
306 -3 141 150 0.02954335 
717 7 91 138 0.028903732 
664 13 110 147 0.027631009 
618 21 104 130 0.027547065 
943 343 66 99 0.027356768 
532 801 1049 1104 0.026996287 
945 448 67 108 0.024134675 
925 106 30 38 0.023769565 
548 1 107 102 0.023582345 
819 770 509 585 0.023100022 
812 123 29 38 0.022662692 
809 469 497 582 0.022309747 
849 227 37 43 0.022025313 
611 44 71 86 0.021999339 
900 333 118 166 0.02136862 
915 34 32 40 0.02108733 
962 125 31 44 0.020873766 
811 174 35 47 0.020681066 
