9_Press_Conference_Press_Conference_9_552
25
382 111 254 351 0.9984219 
753 1033 509 545 0.05115908 
700 716 499 545 0.04873063 
255 696 96 106 0.046204634 
411 1202 38 48 0.04384189 
470 1137 35 43 0.042615555 
555 390 701 734 0.04061631 
331 1127 44 48 0.03868706 
458 731 1014 1052 0.038163885 
765 -119 503 549 0.036124453 
304 1028 260 253 0.03433185 
759 195 494 542 0.033043038 
470 1160 30 39 0.030403832 
449 1173 33 38 0.029638432 
769 935 154 195 0.029610863 
678 677 229 239 0.028880822 
391 1178 88 105 0.028490769 
325 782 443 456 0.026580496 
428 1202 35 44 0.024120986 
327 1138 209 222 0.022846792 
347 1256 141 148 0.022639347 
407 1277 33 41 0.021877836 
366 463 136 137 0.021347087 
378 1228 100 119 0.021116477 
439 1128 60 68 0.020164125 
