9_Press_Conference_Press_Conference_9_297
22
403 166 274 364 0.99936503 
694 680 129 136 0.07385505 
216 1336 178 225 0.06250266 
857 1171 574 603 0.04178074 
560 825 1135 1207 0.038079333 
541 81 244 287 0.037275996 
861 -139 560 624 0.03717042 
89 411 35 44 0.031235572 
869 41 37 45 0.027232798 
821 26 39 51 0.027171362 
859 814 546 634 0.027012233 
232 1429 188 202 0.026222605 
875 192 533 612 0.025283838 
801 9 65 81 0.024999391 
843 10 96 111 0.023883125 
649 74 221 249 0.023617942 
581 -353 1065 1148 0.023389105 
561 851 120 138 0.022363346 
732 373 759 903 0.021545893 
579 -22 204 188 0.020474894 
550 13 108 112 0.02045097 
858 7 35 40 0.020445896 
