9_Press_Conference_Press_Conference_9_105
27
490 59 63 87 0.99971503 
600 82 51 65 0.98400533 
114 127 43 54 0.89154315 
56 91 55 68 0.8901091 
267 148 46 62 0.8879395 
92 110 54 69 0.26097062 
317 175 42 54 0.11333243 
281 156 52 66 0.10852939 
224 233 31 39 0.0825171 
678 112 34 50 0.06907603 
208 157 27 35 0.043533683 
246 161 66 83 0.04031387 
213 219 61 76 0.03362308 
65 118 52 62 0.032626595 
688 103 28 38 0.02967863 
755 322 346 370 0.02901895 
-74 312 368 366 0.028294276 
222 157 41 54 0.027202765 
694 0 29 32 0.025625268 
-217 92 708 743 0.025569204 
278 250 70 80 0.024692861 
74 158 42 52 0.024347864 
586 119 673 737 0.023527827 
307 284 69 83 0.022491371 
342 294 67 84 0.022187993 
291 208 66 79 0.021179315 
229 231 77 98 0.02112575 
