9_Press_Conference_Press_Conference_9_375
48
134 134 70 95 0.999762 
301 125 68 83 0.9986291 
840 124 72 90 0.99822634 
542 123 53 80 0.99041253 
649 106 62 85 0.98201776 
746 68 32 40 0.20997813 
516 135 61 78 0.13484347 
727 118 40 52 0.10826495 
714 168 29 41 0.098343566 
708 134 42 59 0.06892016 
485 429 25 28 0.033821087 
602 119 68 83 0.033591516 
499 91 54 69 0.032041874 
430 142 41 55 0.03188936 
406 164 41 52 0.030903002 
598 408 24 28 0.03087888 
486 108 40 57 0.029884491 
564 116 47 67 0.02895151 
576 64 42 56 0.027876625 
950 247 55 76 0.027801158 
-2 103 22 34 0.027302872 
528 94 48 66 0.026504576 
748 129 56 70 0.02620321 
557 66 43 58 0.025528958 
917 182 24 30 0.025262667 
666 128 64 84 0.025128422 
607 90 54 74 0.024913434 
404 73 48 67 0.02421463 
737 81 42 54 0.024129082 
869 83 27 34 0.023997173 
919 64 40 60 0.023695627 
661 93 41 59 0.022627106 
790 138 40 53 0.022617199 
-67 527 357 357 0.022128575 
433 166 27 38 0.021845244 
709 1 26 29 0.021657387 
748 522 351 367 0.021638902 
252 433 27 30 0.021268655 
700 90 57 75 0.021127377 
694 -1 30 29 0.021003922 
70 108 44 59 0.020858059 
584 101 31 40 0.020750208 
637 357 21 26 0.02048659 
757 115 42 54 0.020434802 
442 124 56 75 0.020331247 
688 81 25 33 0.020303234 
484 419 22 25 0.020249115 
874 43 25 32 0.020203328 
