9_Press_Conference_Press_Conference_9_607
56
332 166 242 330 0.9991026 
716 1097 47 58 0.19265398 
300 1165 156 152 0.14526393 
271 1086 266 254 0.061139952 
583 115 114 139 0.056280345 
853 185 106 145 0.053161856 
803 1091 538 570 0.04734956 
845 570 36 43 0.046487357 
373 1126 177 159 0.045053847 
798 950 64 79 0.04171128 
515 771 1065 1128 0.040625893 
133 382 110 142 0.040253643 
859 174 70 100 0.039657325 
765 962 100 131 0.034136474 
874 142 66 93 0.033162113 
786 764 523 592 0.03235336 
696 1100 49 61 0.03201773 
890 113 40 51 0.030969473 
886 144 41 53 0.03076383 
847 184 44 57 0.030455371 
704 968 154 245 0.029539896 
788 -119 525 582 0.02903555 
233 919 97 129 0.028686902 
789 144 59 74 0.027982386 
378 1194 149 158 0.027800048 
809 983 40 50 0.027393248 
651 339 728 855 0.02637041 
460 1136 90 105 0.026011145 
471 1105 76 91 0.0257671 
911 76 41 49 0.025684157 
706 937 113 142 0.024563009 
878 88 83 107 0.024349917 
171 872 94 121 0.024188941 
537 -311 995 1061 0.02401846 
278 902 110 144 0.02376727 
700 1059 84 103 0.023656894 
338 1052 161 169 0.02334414 
648 1050 62 80 0.02325232 
767 1105 35 47 0.023235425 
349 908 93 142 0.022664014 
890 338 29 36 0.022614926 
197 912 88 108 0.02254412 
336 973 106 144 0.022512568 
791 181 508 581 0.022418674 
739 1037 97 117 0.02187848 
796 1143 59 87 0.021077767 
432 1103 88 104 0.021067176 
763 121 202 255 0.020788725 
264 986 42 54 0.020743016 
-2 253 211 327 0.020583788 
660 981 103 129 0.020562485 
421 1088 212 218 0.020501914 
755 1093 57 74 0.020326516 
45 415 35 41 0.020301355 
271 872 31 36 0.020028597 
881 385 27 34 0.020017916 
