9_Press_Conference_Press_Conference_9_655
147
658 218 42 55 0.9983511 
793 247 41 50 0.99053484 
305 203 23 28 0.88038135 
364 230 29 36 0.8674758 
498 225 34 41 0.85323787 
953 211 36 49 0.82831323 
719 183 26 34 0.7383115 
578 217 30 37 0.7188462 
886 207 35 50 0.69206464 
758 204 31 40 0.6369357 
129 225 25 30 0.601433 
231 222 26 32 0.5948463 
546 182 23 30 0.55741864 
465 185 24 31 0.53687084 
849 186 24 31 0.5143433 
198 186 23 29 0.4142414 
63 207 23 29 0.39564165 
946 184 24 32 0.3741788 
742 202 33 43 0.2965495 
232 210 24 29 0.29475448 
948 197 32 43 0.2496716 
407 195 22 29 0.21250458 
393 277 41 52 0.20740311 
177 200 22 27 0.19073632 
227 244 28 37 0.18534087 
162 207 21 25 0.17311282 
132 209 22 27 0.16456744 
388 194 26 31 0.14235498 
876 204 27 38 0.13852243 
459 483 18 23 0.112459786 
773 184 23 30 0.11086326 
309 217 24 30 0.107118905 
570 205 32 40 0.10233847 
506 205 27 33 0.09675447 
227 304 27 34 0.095522866 
596 372 32 40 0.08682086 
186 183 23 29 0.08448785 
483 198 25 31 0.080041304 
254 233 25 31 0.07183459 
150 224 21 27 0.06638656 
529 189 33 42 0.06622286 
337 206 22 30 0.061079808 
767 321 32 46 0.05939838 
733 180 24 31 0.056943215 
355 207 25 31 0.05228312 
107 230 23 29 0.049263734 
108 185 19 24 0.048965007 
418 512 21 26 0.048703756 
333 224 22 28 0.047490682 
431 184 20 26 0.046394836 
254 280 28 36 0.045914758 
292 204 20 25 0.044949528 
251 246 27 34 0.044384364 
646 186 24 33 0.043779038 
480 187 21 27 0.04307165 
730 247 35 46 0.04281156 
466 469 19 25 0.04139362 
103 286 25 31 0.0402116 
457 360 26 32 0.040155526 
590 275 29 37 0.040098388 
929 186 19 26 0.039972924 
106 202 19 24 0.039867572 
223 219 44 56 0.039183196 
864 182 21 28 0.039016455 
922 191 33 49 0.03857447 
435 196 20 26 0.038496047 
735 275 29 38 0.037450742 
309 188 22 27 0.036631618 
109 107 21 28 0.035351764 
664 436 523 554 0.03489336 
305 324 40 45 0.03479263 
428 357 23 29 0.034096874 
991 209 23 30 0.033976723 
53 193 43 55 0.03347984 
445 490 18 22 0.033205293 
914 211 36 52 0.032944903 
100 246 23 31 0.032577854 
368 237 38 47 0.03166112 
1 329 23 37 0.031290922 
431 509 18 23 0.030972337 
114 212 47 56 0.030690063 
159 180 20 26 0.030676391 
436 456 18 23 0.030600108 
176 223 22 28 0.030451829 
245 289 35 45 0.030151857 
99 198 35 44 0.02947241 
325 265 35 45 0.029263351 
581 237 37 44 0.029039863 
607 362 29 37 0.028956037 
513 182 22 27 0.028677233 
148 192 46 57 0.02776216 
109 120 22 30 0.027295845 
994 556 20 30 0.027265882 
353 456 24 30 0.027261375 
280 301 27 33 0.027137803 
460 371 35 42 0.02696405 
413 225 23 28 0.026866162 
524 215 37 46 0.026697714 
336 184 21 26 0.026695091 
166 186 43 56 0.026608732 
179 99 23 30 0.026556076 
123 105 19 24 0.026488967 
1 228 34 48 0.026461061 
456 171 45 59 0.026379175 
830 242 39 51 0.026241895 
466 228 24 29 0.026167152 
305 344 31 38 0.025388166 
768 246 41 49 0.025378397 
130 186 20 25 0.025236253 
282 229 21 27 0.02502309 
19 232 22 28 0.024700148 
160 154 21 28 0.024572937 
897 184 22 27 0.023846565 
645 194 39 52 0.023449862 
58 220 22 30 0.023447432 
226 266 38 52 0.023301093 
77 180 20 26 0.02328906 
360 185 20 26 0.023280624 
483 456 20 25 0.02315065 
454 283 24 31 0.022984179 
594 359 29 35 0.022911051 
615 200 23 30 0.022282269 
168 88 42 55 0.02215107 
712 225 28 36 0.022047127 
608 451 26 30 0.021847725 
109 152 21 27 0.021799559 
271 290 54 62 0.021710807 
308 305 26 32 0.02170418 
174 166 49 62 0.021641517 
362 253 65 73 0.021634925 
277 281 25 31 0.021573745 
384 292 35 43 0.021491734 
489 242 29 36 0.021478362 
439 482 31 36 0.02129355 
810 198 36 45 0.021139726 
361 482 23 26 0.02102668 
308 272 35 44 0.020947946 
386 379 23 28 0.020789113 
438 274 33 43 0.020763826 
416 359 25 30 0.020645244 
-13 535 165 193 0.020550665 
462 250 23 29 0.02045202 
380 492 19 24 0.020421486 
597 453 23 27 0.02037336 
358 438 22 27 0.020345729 
449 293 35 44 0.020275097 
316 339 45 50 0.020206276 
