9_Press_Conference_Press_Conference_9_424
38
494 49 160 263 0.9974827 
66 341 88 139 0.98080885 
866 359 122 188 0.3927599 
-2 -10 141 123 0.23294304 
100 806 73 92 0.1871643 
710 345 80 104 0.054838914 
921 15 48 57 0.049118206 
324 579 318 434 0.045895737 
122 719 48 61 0.043949958 
811 607 41 53 0.038433913 
492 180 164 268 0.03832925 
834 676 63 78 0.036192033 
706 760 30 37 0.034882262 
400 59 212 310 0.034150984 
21 625 48 63 0.033395577 
107 609 67 87 0.031953473 
835 398 106 152 0.03052876 
838 740 41 54 0.02760758 
694 747 65 79 0.027021347 
725 406 71 87 0.026616644 
761 409 128 153 0.025906695 
451 726 213 257 0.025703821 
304 121 195 267 0.025515012 
931 2 43 46 0.025384575 
902 439 98 152 0.024965914 
665 757 102 114 0.024731291 
643 782 85 101 0.0237628 
102 753 75 100 0.023215925 
752 443 25 33 0.022737766 
692 415 139 156 0.0225169 
767 708 43 52 0.022224532 
592 756 179 203 0.021640927 
609 683 92 96 0.02133748 
713 262 150 195 0.021143427 
722 744 75 92 0.020619145 
772 549 91 107 0.020455686 
802 679 63 79 0.020242136 
376 266 179 200 0.020172944 
