9_Press_Conference_Press_Conference_9_183
22
552 144 180 220 0.9987581 
222 181 122 175 0.99871933 
295 234 86 133 0.5710282 
816 71 34 43 0.16963267 
805 66 69 85 0.06307674 
779 9 153 175 0.05992925 
776 3 43 53 0.048625678 
620 -4 65 73 0.038761906 
590 7 80 94 0.030066872 
243 159 85 113 0.029887315 
527 6 85 104 0.029793603 
649 3 48 54 0.026470419 
504 177 125 168 0.026140172 
752 532 344 361 0.026018634 
580 313 679 743 0.02346427 
747 1 89 80 0.023122478 
663 142 60 68 0.022435477 
558 236 113 118 0.021454602 
515 92 68 87 0.021036237 
626 32 52 58 0.020928891 
491 204 84 111 0.020465095 
790 34 45 56 0.020045735 
