9_Press_Conference_Press_Conference_9_100
25
638 265 27 35 0.96598655 
748 270 29 37 0.88917816 
496 278 22 28 0.65939075 
813 325 31 38 0.18878645 
612 315 23 30 0.08367671 
488 158 21 24 0.052556776 
699 351 21 26 0.046518397 
773 349 24 29 0.046260536 
492 299 22 28 0.043290384 
701 339 20 25 0.038280733 
543 373 26 32 0.03732348 
491 263 22 29 0.03585721 
510 302 20 25 0.032724522 
942 328 28 34 0.032209978 
489 333 22 27 0.030368656 
746 511 359 377 0.030342337 
-231 327 704 736 0.0252218 
806 313 50 62 0.024631618 
-70 538 356 350 0.02383352 
488 270 42 54 0.023813974 
801 309 23 30 0.023207331 
589 284 664 743 0.022970809 
924 331 25 31 0.022672106 
665 331 20 25 0.021270413 
539 337 20 24 0.020709313 
