9_Press_Conference_Press_Conference_9_40
218
218 231 36 46 0.7054714 
361 228 27 33 0.5787993 
922 135 26 32 0.5744113 
108 197 22 29 0.45665067 
153 243 29 38 0.2824111 
755 126 19 24 0.27232733 
291 171 24 31 0.2587909 
107 186 20 27 0.24834132 
362 174 20 25 0.24691173 
155 156 22 28 0.219804 
46 222 24 29 0.20970261 
899 170 21 27 0.18839745 
32 247 26 33 0.1684645 
7 166 23 32 0.15688863 
899 157 20 26 0.14339614 
252 172 20 27 0.12779127 
669 179 20 24 0.125451 
462 230 24 29 0.11513332 
184 183 21 25 0.11250532 
326 236 37 49 0.107761905 
594 131 18 23 0.10554272 
240 172 21 26 0.103214055 
463 151 20 26 0.10269076 
181 197 22 27 0.10186577 
697 148 20 25 0.09911047 
715 153 20 26 0.09200856 
595 152 17 21 0.09143889 
260 210 23 30 0.090522796 
374 227 23 29 0.08707832 
467 205 19 25 0.08365109 
534 171 17 21 0.07966448 
521 171 18 21 0.07786359 
239 162 21 25 0.075874954 
465 173 19 24 0.07585738 
355 242 27 35 0.0757843 
343 174 19 26 0.07281813 
288 161 22 28 0.07191487 
440 232 23 29 0.07047477 
409 158 18 23 0.06862254 
565 162 17 21 0.067207165 
29 283 26 32 0.06425373 
155 127 20 26 0.063074835 
196 302 29 38 0.06271062 
562 172 18 22 0.06261839 
20 296 27 33 0.05946504 
-2 348 231 365 0.057789505 
278 228 26 35 0.057702307 
30 233 24 30 0.05712595 
822 185 20 27 0.055158876 
281 250 25 33 0.0545622 
363 209 24 28 0.054507446 
19 169 22 28 0.05446369 
301 160 21 25 0.05434048 
45 286 25 32 0.053137403 
942 276 29 36 0.052051514 
355 162 19 24 0.05168801 
314 225 27 37 0.051078994 
415 176 18 22 0.050774116 
595 175 18 21 0.050298046 
458 139 34 47 0.04916343 
127 233 24 32 0.048777744 
639 149 18 23 0.04865521 
207 239 31 39 0.048508972 
79 253 26 35 0.048405394 
132 245 25 34 0.047523014 
157 171 23 29 0.047099862 
923 174 21 25 0.046930514 
462 127 23 30 0.046678383 
976 151 25 33 0.046277605 
380 180 17 22 0.045256604 
534 253 19 24 0.04496191 
849 234 20 23 0.0445532 
125 307 29 40 0.04446307 
279 161 42 56 0.04376882 
321 259 46 56 0.043712825 
158 304 299 386 0.042781655 
522 256 21 26 0.042681526 
718 133 19 25 0.042212073 
30 216 47 60 0.042052247 
693 133 22 27 0.041907426 
441 242 26 35 0.04120918 
343 160 19 24 0.041178383 
382 208 21 25 0.03996581 
565 126 17 21 0.039588295 
520 206 19 23 0.03938633 
869 180 18 23 0.039084665 
637 136 20 25 0.038541544 
122 202 21 28 0.03817789 
902 132 22 28 0.037535828 
438 211 19 23 0.03709768 
415 204 20 26 0.036738697 
670 257 20 23 0.036702663 
673 158 19 23 0.036631983 
88 270 36 46 0.03662659 
-2 404 72 108 0.036150154 
19 233 45 57 0.035640806 
142 223 51 66 0.034898516 
593 111 19 24 0.034640294 
78 229 22 29 0.03450882 
690 132 40 49 0.03448197 
336 208 22 29 0.03412652 
445 153 19 24 0.03380508 
486 285 22 31 0.033238098 
619 158 15 20 0.03308205 
-1 122 18 26 0.032984056 
312 245 29 40 0.032619104 
413 283 23 28 0.0325011 
745 110 20 26 0.032463115 
105 223 24 31 0.03196556 
664 96 79 98 0.031957813 
355 216 46 56 0.031916752 
391 156 18 23 0.03159931 
145 256 40 51 0.031512678 
616 175 17 22 0.031129098 
7 232 22 29 0.030930249 
93 247 34 44 0.03086464 
204 159 19 23 0.03075469 
252 222 24 31 0.030728977 
915 162 35 42 0.03059336 
276 236 52 64 0.030517513 
664 168 34 41 0.03031166 
484 153 19 23 0.030262884 
668 199 20 24 0.030206414 
646 227 19 25 0.030205438 
444 136 73 88 0.0297795 
353 290 43 49 0.029692702 
744 519 353 370 0.029455086 
481 223 22 29 0.02935973 
922 254 22 27 0.028787712 
80 270 28 36 0.028664969 
336 228 49 60 0.028563984 
485 174 18 23 0.028436132 
23 319 42 50 0.028272895 
413 230 22 28 0.028109862 
483 203 21 27 0.028090807 
663 229 20 24 0.027871663 
537 289 19 24 0.027770454 
550 266 701 737 0.027338209 
908 122 45 56 0.027250338 
516 226 20 25 0.027072996 
4 249 23 31 0.02690697 
718 169 21 26 0.026820624 
409 255 22 28 0.026751136 
170 228 37 45 0.026655896 
453 240 26 33 0.026426818 
172 248 24 31 0.026175821 
156 107 21 25 0.025890147 
483 133 21 26 0.025621993 
183 298 31 40 0.02560822 
0 107 19 28 0.025549183 
462 193 38 47 0.025528379 
83 204 19 25 0.02522686 
28 265 51 62 0.025148463 
130 277 27 35 0.024985723 
198 176 20 25 0.0249269 
902 201 20 25 0.024904493 
440 128 20 26 0.024898453 
307 202 24 32 0.024610326 
767 110 19 24 0.024552185 
690 99 23 29 0.024471013 
244 158 47 59 0.024434524 
930 279 23 29 0.024419265 
516 248 34 43 0.0242935 
89 159 53 69 0.024271628 
3 201 21 27 0.024271546 
176 322 42 59 0.024171809 
944 153 21 26 0.024168521 
542 237 20 24 0.024040282 
357 281 26 33 0.024024488 
442 175 17 22 0.024018949 
851 180 19 24 0.023938589 
1 285 69 93 0.023932043 
877 158 19 23 0.023860905 
125 180 19 27 0.023765476 
106 156 21 28 0.023652807 
282 199 24 32 0.023495836 
142 322 39 54 0.023434868 
894 137 47 60 0.023397075 
512 166 32 39 0.023253197 
83 182 20 26 0.02303809 
162 165 49 61 0.023025155 
729 124 287 388 0.022912545 
947 175 20 24 0.022866117 
464 300 26 34 0.022722488 
718 104 21 25 0.022613628 
692 287 18 24 0.022526842 
849 213 18 23 0.02252278 
873 128 21 26 0.022516554 
307 270 29 38 0.022505565 
922 106 23 27 0.022303134 
763 205 26 31 0.022228215 
11 303 22 29 0.022115571 
565 111 18 23 0.021997262 
827 277 25 31 0.021961177 
990 156 23 31 0.021854218 
40 328 32 38 0.02178552 
719 208 20 24 0.021710454 
991 174 23 31 0.02157936 
67 241 48 63 0.021571117 
974 164 33 46 0.021529442 
822 258 21 26 0.021519886 
672 279 18 21 0.021440035 
462 106 22 28 0.021351492 
623 135 126 149 0.021258248 
695 228 19 23 0.021148909 
91 296 41 55 0.021041453 
335 127 21 28 0.020978697 
690 254 19 23 0.020962894 
148 124 33 44 0.020812454 
430 226 51 63 0.020788215 
914 248 37 44 0.020693848 
222 265 38 47 0.020629331 
479 288 34 45 0.020618055 
560 284 20 25 0.02051641 
875 207 17 22 0.020409936 
529 278 31 40 0.020336237 
964 37 45 54 0.02008275 
147 302 30 39 0.020049168 
