9_Press_Conference_Press_Conference_9_325
85
690 126 62 98 0.9888387 
336 203 52 69 0.96084255 
669 82 25 32 0.24795645 
426 138 35 54 0.16234589 
534 120 22 31 0.1529915 
596 106 23 32 0.15253547 
950 529 24 29 0.12506977 
459 245 37 50 0.105288394 
529 239 32 43 0.081836015 
454 133 37 53 0.07884633 
506 235 40 51 0.07429251 
480 142 24 32 0.06961667 
594 229 27 39 0.06849918 
837 181 40 50 0.059148446 
519 124 25 31 0.052446358 
429 413 39 60 0.049786642 
415 104 21 29 0.04860353 
606 100 26 33 0.044676103 
950 171 24 32 0.043882586 
772 20 61 86 0.04167789 
597 216 42 56 0.03971209 
414 249 27 34 0.03849954 
274 191 37 47 0.038174402 
752 55 23 29 0.038152672 
332 237 33 42 0.037819583 
529 370 31 38 0.035299588 
465 129 24 32 0.0352651 
413 208 23 32 0.033125084 
436 409 27 38 0.032079097 
476 248 32 42 0.031925283 
820 131 64 81 0.031439427 
407 106 37 58 0.031174533 
512 360 41 55 0.030657852 
754 40 41 55 0.030331956 
465 123 52 65 0.030331852 
404 396 62 90 0.028866682 
412 224 25 34 0.028822696 
592 171 25 33 0.028509766 
650 74 53 68 0.02847465 
610 168 27 35 0.027994672 
710 153 66 92 0.027493382 
713 89 72 92 0.026781159 
377 333 25 33 0.026695082 
309 210 57 69 0.026625473 
415 117 22 33 0.025263237 
841 158 60 78 0.025019553 
638 1 22 24 0.024910143 
669 92 71 92 0.024607353 
383 106 40 53 0.024500271 
369 123 62 78 0.024444051 
460 167 27 36 0.024161369 
500 257 41 53 0.024108458 
660 207 41 54 0.024105256 
915 134 88 99 0.022985809 
700 99 49 69 0.022937309 
691 56 74 94 0.022591487 
621 158 66 83 0.022334555 
466 384 25 32 0.022316866 
793 5 67 77 0.022201011 
419 148 26 37 0.022012679 
772 128 60 79 0.021924019 
384 182 24 31 0.021859093 
460 227 30 40 0.021630907 
456 406 27 35 0.021461368 
386 150 23 30 0.021399943 
429 222 29 39 0.021378478 
435 72 19 23 0.021201137 
597 160 56 68 0.021183763 
934 -12 81 78 0.021130368 
845 27 25 29 0.021021217 
690 104 23 30 0.021018626 
549 213 54 69 0.020969693 
429 244 35 49 0.020943664 
864 10 76 89 0.020541277 
431 101 20 27 0.020495728 
391 102 20 28 0.020443834 
514 105 49 64 0.020375937 
377 71 63 86 0.020369507 
431 201 26 36 0.020281468 
538 177 27 36 0.020224253 
389 121 21 29 0.020216702 
532 188 40 54 0.02021408 
844 145 26 34 0.020160902 
325 385 45 45 0.020028962 
434 417 65 95 0.020001559 
