9_Press_Conference_Press_Conference_9_432
17
433 153 245 370 0.9998727 
207 22 101 104 0.07670918 
806 -120 524 586 0.035124186 
828 411 102 142 0.030139048 
195 -5 162 193 0.027622221 
803 803 498 578 0.02724323 
412 37 38 45 0.026280021 
790 1091 522 559 0.02622299 
227 55 47 55 0.025106225 
822 176 501 564 0.024162913 
131 51 218 317 0.023801068 
815 477 511 586 0.023233047 
530 819 1021 1092 0.022917131 
956 1 63 71 0.02277223 
211 1152 265 357 0.021658352 
587 198 912 1090 0.02036448 
128 182 231 330 0.02012817 
