15_Stock_Market_Stock_Market_15_286
149
690 121 85 120 0.9982652 
622 222 50 61 0.8554782 
488 248 27 33 0.24703208 
488 236 24 30 0.2074214 
561 495 44 57 0.1290223 
783 157 36 50 0.12853922 
467 179 19 24 0.109877184 
348 355 37 48 0.10555682 
914 171 42 52 0.0707912 
455 435 23 31 0.06670855 
644 234 44 55 0.06662844 
432 229 19 24 0.062286828 
815 227 45 60 0.05550099 
544 -2 42 37 0.054252874 
389 262 22 28 0.052860763 
480 236 52 60 0.052701555 
463 257 20 25 0.052199375 
391 271 25 31 0.050605096 
505 257 24 30 0.04941812 
976 181 40 62 0.046667457 
487 209 19 23 0.045613594 
743 147 56 76 0.04512928 
337 272 22 27 0.044418305 
349 336 64 88 0.04419098 
468 199 19 24 0.044013165 
534 230 23 28 0.04335104 
535 251 23 29 0.043260444 
681 246 38 47 0.043000937 
826 208 50 65 0.040885918 
515 77 29 37 0.04047964 
376 327 221 300 0.039583568 
539 428 21 25 0.039447453 
436 211 18 23 0.039135557 
516 174 20 24 0.038606793 
378 95 22 27 0.03801951 
487 267 30 36 0.03781345 
637 1 24 25 0.036374323 
366 331 23 29 0.035811067 
563 271 25 31 0.03572971 
391 369 128 177 0.03483427 
485 175 17 23 0.034543972 
402 260 21 26 0.034081355 
900 189 63 85 0.03399341 
357 189 19 23 0.033638764 
567 408 19 24 0.033576846 
467 374 162 215 0.03344724 
386 362 23 30 0.032477643 
867 167 27 35 0.032223236 
462 159 21 25 0.03196998 
273 469 74 98 0.031434115 
534 209 22 27 0.03128851 
380 232 18 23 0.031065224 
478 202 33 43 0.030967552 
525 223 36 47 0.030903356 
830 597 139 95 0.03065246 
418 235 19 23 0.03044675 
921 101 24 33 0.03017738 
375 354 38 49 0.029753583 
538 452 91 117 0.029563356 
392 208 17 21 0.029543677 
852 193 63 82 0.02929411 
367 234 18 22 0.029264951 
462 174 31 39 0.029260298 
457 238 52 64 0.029026879 
383 375 23 31 0.029015014 
458 271 22 28 0.028876903 
357 201 17 20 0.028804213 
275 318 225 311 0.028706666 
513 158 21 26 0.028473087 
568 488 27 35 0.028218254 
241 331 81 105 0.02809676 
371 390 37 52 0.027974812 
865 162 21 27 0.02776407 
619 4 24 25 0.027762167 
413 107 21 25 0.027440004 
469 235 20 25 0.02743461 
413 129 20 26 0.027356535 
514 235 54 65 0.026937163 
687 264 42 51 0.026795395 
358 261 19 25 0.02678755 
360 329 37 48 0.026782472 
950 236 60 101 0.026509695 
530 421 38 44 0.026477264 
838 164 42 53 0.026377533 
540 150 22 26 0.025954535 
133 471 370 394 0.025727514 
613 20 26 27 0.025645742 
271 318 98 131 0.025581785 
573 190 39 49 0.025481477 
379 405 22 31 0.025452454 
380 335 23 28 0.025322367 
516 410 66 75 0.025268039 
903 146 71 98 0.025244623 
884 171 60 81 0.025098605 
993 260 22 31 0.025046118 
466 98 21 25 0.024750339 
637 206 33 41 0.024675991 
567 435 19 24 0.024500899 
849 154 59 72 0.024473533 
510 167 33 41 0.024079204 
312 225 23 31 0.02406279 
507 436 22 25 0.023930479 
353 276 20 25 0.023751708 
529 262 37 45 0.023480259 
353 376 78 108 0.023422858 
742 195 65 80 0.023273934 
306 475 71 96 0.023085628 
341 205 17 20 0.022950334 
487 101 22 29 0.022715483 
331 447 362 392 0.02251219 
623 157 60 74 0.022496143 
416 148 20 25 0.022488572 
357 311 20 25 0.022372793 
358 454 63 97 0.022156637 
5 244 671 733 0.022121096 
345 361 22 29 0.022086022 
486 418 68 77 0.02196772 
515 210 20 24 0.021940088 
285 278 156 210 0.021822736 
815 173 28 38 0.021714339 
385 348 82 108 0.02168913 
510 231 22 27 0.021610191 
661 152 84 110 0.02160207 
-1 483 20 36 0.02156926 
444 254 20 25 0.021527072 
909 241 66 87 0.02150507 
525 199 37 46 0.021463213 
559 400 35 44 0.02139725 
340 308 20 25 0.021363493 
557 404 63 87 0.021289706 
439 178 18 23 0.021154337 
330 231 19 25 0.021141673 
918 218 31 41 0.021080876 
266 370 75 89 0.021040259 
399 76 166 206 0.021009358 
584 200 23 31 0.020990945 
851 159 23 29 0.020984856 
568 386 20 25 0.020708654 
-56 492 344 379 0.020561207 
433 154 20 24 0.020382041 
686 290 62 81 0.02029924 
567 457 20 26 0.020240257 
341 496 64 81 0.020194488 
459 184 75 95 0.020153359 
912 111 37 53 0.020121675 
463 193 32 41 0.02006942 
266 522 180 229 0.020066733 
638 169 28 37 0.020032387 
371 245 52 63 0.020002464 
