15_Stock_Market_Stock_Market_15_483
43
496 453 465 713 0.23088485 
536 494 255 393 0.14235 
654 646 563 682 0.09123672 
199 576 541 741 0.08445417 
471 394 243 424 0.06793694 
629 541 282 374 0.057582103 
658 594 161 239 0.055049796 
320 373 831 1018 0.052431975 
721 206 510 645 0.051207636 
765 1026 567 622 0.048371665 
20 243 192 264 0.039365955 
21 407 216 288 0.03908268 
435 652 1105 1154 0.038982928 
392 606 290 460 0.038278732 
834 196 229 363 0.031869445 
804 58 222 290 0.028275767 
244 517 343 513 0.027475113 
1 106 201 263 0.027384518 
62 194 184 197 0.026567854 
744 635 148 208 0.02646507 
458 244 227 366 0.026375633 
793 -84 504 581 0.026112007 
144 660 192 238 0.026053436 
503 220 367 590 0.025918074 
20 545 235 282 0.02525034 
109 260 188 259 0.025148438 
627 499 177 249 0.024409428 
873 45 143 174 0.024119616 
663 368 286 420 0.023482349 
270 486 133 151 0.023298413 
510 -270 999 1097 0.022934632 
281 394 219 327 0.02251778 
163 257 37 49 0.022495681 
227 267 189 242 0.021859689 
2 694 467 676 0.021748167 
247 880 102 119 0.02157595 
74 247 108 120 0.021413017 
183 711 117 138 0.021264007 
532 497 111 206 0.020751003 
289 905 61 74 0.020746134 
347 1097 130 170 0.02072677 
397 1035 110 182 0.020553354 
289 991 120 126 0.020056041 
