15_Stock_Market_Stock_Market_15_102
255
265 445 53 69 0.5042846 
286 418 59 91 0.46245128 
148 443 43 54 0.12264403 
258 471 39 45 0.101918004 
4 430 27 39 0.09600947 
30 270 24 30 0.094866574 
5 478 24 33 0.08156636 
44 228 25 31 0.08127246 
29 310 23 30 0.07539161 
-1 99 20 30 0.07466783 
143 467 42 57 0.07183227 
994 32 17 26 0.07062539 
63 470 43 49 0.06710424 
1 450 27 39 0.06430768 
354 379 82 98 0.06213113 
130 490 38 49 0.059182815 
34 233 24 29 0.058328852 
28 327 24 29 0.058243185 
33 214 42 50 0.058119323 
358 429 83 99 0.057928104 
-2 403 51 76 0.05750563 
51 182 26 31 0.05747866 
945 536 20 27 0.056096364 
19 323 40 48 0.05549359 
53 150 22 27 0.05411385 
174 287 43 54 0.053685695 
313 425 49 79 0.053297054 
968 405 17 23 0.05277656 
104 279 30 36 0.05147184 
118 277 27 33 0.05107717 
184 279 27 37 0.049667858 
151 399 47 57 0.049390554 
287 194 220 338 0.048482053 
129 159 24 29 0.048249878 
169 252 55 77 0.048091706 
42 172 44 51 0.04783164 
28 249 35 46 0.047684625 
15 429 27 37 0.04662054 
174 329 28 34 0.04645009 
154 424 32 41 0.045443617 
153 369 46 55 0.045086924 
100 236 46 53 0.044833586 
178 237 42 56 0.04478477 
106 234 28 34 0.044332616 
95 248 60 74 0.04353079 
200 156 28 32 0.04303615 
-153 404 544 572 0.04259319 
22 354 24 29 0.04251913 
399 31 99 112 0.04236096 
41 273 25 31 0.04218816 
12 349 40 49 0.041528895 
110 204 23 29 0.041270424 
94 316 40 48 0.04109617 
185 249 25 35 0.04043686 
44 146 40 49 0.040412944 
158 358 27 35 0.04035408 
919 492 20 24 0.040183287 
119 243 27 30 0.0400557 
993 264 18 23 0.03995277 
54 128 23 27 0.03939356 
99 303 28 36 0.038837884 
0 364 58 76 0.038425513 
67 441 48 51 0.03823985 
30 296 38 48 0.037904907 
187 158 22 27 0.037841417 
371 485 55 54 0.037602197 
301 439 36 58 0.03610939 
123 202 23 28 0.0359625 
186 173 23 29 0.035614036 
365 227 23 28 0.03559781 
880 304 17 20 0.035515085 
84 308 25 31 0.03540649 
207 128 27 31 0.03513027 
371 348 86 105 0.034307197 
191 162 42 49 0.034206316 
186 204 24 31 0.033589646 
351 472 85 97 0.03335184 
673 146 19 25 0.033255253 
35 200 20 25 0.033204652 
72 110 20 24 0.032976046 
870 352 19 24 0.032927334 
128 124 23 28 0.032888863 
929 337 17 20 0.032702155 
84 286 58 72 0.03230063 
378 298 80 88 0.032032188 
955 388 18 22 0.03184438 
36 184 20 26 0.03178628 
98 358 27 33 0.031734314 
917 121 21 25 0.031672806 
952 356 18 21 0.03165855 
924 31 20 22 0.03154732 
262 377 80 93 0.031422794 
10 356 23 30 0.031334814 
36 153 19 24 0.031144068 
89 345 44 52 0.030928873 
363 29 531 600 0.030652627 
120 163 41 48 0.030333873 
19 388 26 33 0.030276056 
876 340 19 22 0.030230336 
7 400 25 35 0.029762903 
1 148 19 25 0.029731058 
104 194 42 51 0.029426044 
797 108 18 22 0.029296063 
310 346 140 182 0.029105185 
396 392 54 64 0.029080644 
33 126 18 23 0.028990682 
156 308 55 69 0.028947817 
77 423 48 55 0.028612638 
884 255 17 20 0.028445821 
596 639 18 21 0.028205939 
56 483 30 38 0.028006164 
393 438 52 58 0.027828667 
144 199 102 136 0.027796267 
395 173 45 52 0.027584005 
52 372 113 134 0.027310897 
171 183 67 84 0.02731075 
161 332 25 32 0.027271582 
81 324 27 34 0.027234582 
323 369 61 81 0.027089048 
160 346 45 55 0.026972547 
687 231 20 25 0.026762635 
979 117 20 28 0.026727324 
897 174 21 25 0.026603946 
24 181 65 84 0.02650261 
779 566 18 21 0.02637097 
981 264 18 23 0.026218995 
47 125 39 46 0.026157865 
110 180 20 25 0.026145527 
35 147 69 92 0.026088985 
820 183 17 21 0.026046626 
182 229 25 33 0.025953114 
344 434 54 67 0.025728708 
924 46 20 25 0.025670152 
362 484 30 37 0.0255165 
311 330 21 25 0.025337161 
355 449 29 37 0.025291195 
695 649 19 21 0.025223587 
995 80 16 25 0.025217915 
465 490 18 22 0.025213087 
96 159 65 81 0.025094984 
897 354 20 24 0.024987504 
132 151 37 45 0.02478631 
944 211 21 25 0.024759823 
109 126 21 26 0.024715424 
608 6 23 25 0.02451743 
69 123 23 27 0.024387952 
44 253 26 33 0.024364136 
124 309 107 140 0.024359534 
407 182 27 32 0.024330596 
130 74 19 23 0.024328979 
388 194 24 30 0.024212208 
622 586 18 22 0.024159346 
924 355 17 20 0.024156459 
199 205 26 31 0.024071872 
59 257 121 150 0.024055202 
539 176 18 22 0.024035158 
83 471 42 51 0.024010135 
747 563 18 21 0.023955297 
159 230 20 26 0.023919303 
9 308 20 28 0.023910716 
893 308 17 21 0.023789616 
68 153 22 26 0.023683274 
981 105 20 28 0.02364605 
649 510 19 22 0.023636857 
721 377 19 23 0.023574375 
410 449 30 35 0.023530418 
-3 314 61 76 0.023502043 
57 109 20 24 0.023487821 
119 414 63 79 0.023435526 
986 27 18 24 0.0234323 
874 434 20 25 0.023300711 
229 444 47 60 0.023292398 
840 539 104 115 0.023288496 
467 466 18 22 0.023286778 
159 303 24 31 0.023259763 
571 262 18 24 0.023094675 
-2 490 35 51 0.023087177 
11 264 113 151 0.023078596 
286 458 73 94 0.023039233 
191 32 430 589 0.023017364 
136 454 26 37 0.022908594 
75 353 66 78 0.022822969 
147 158 21 26 0.022815239 
652 277 19 23 0.02281167 
387 471 49 52 0.022702448 
518 126 19 23 0.022693653 
917 71 22 28 0.022678707 
907 122 19 24 0.022616334 
770 153 18 22 0.022523163 
687 7 24 25 0.02249211 
928 407 18 22 0.02239808 
639 540 19 23 0.022346817 
137 508 48 61 0.022332925 
120 123 37 45 0.022295142 
106 172 39 49 0.022249293 
739 333 19 23 0.022222085 
927 176 19 22 0.022171266 
660 276 17 21 0.022146216 
855 436 18 23 0.02205851 
747 467 18 22 0.02205851 
598 180 19 23 0.022034513 
899 211 18 23 0.022017298 
240 363 73 79 0.02200545 
83 358 26 33 0.021857306 
899 614 18 21 0.02180028 
161 284 21 29 0.021790678 
852 508 86 96 0.021771785 
304 468 32 48 0.02176676 
982 313 17 21 0.021737041 
663 259 19 24 0.021730319 
-34 300 325 388 0.021726102 
494 245 77 91 0.021719301 
548 618 17 21 0.021703292 
757 521 344 359 0.02162841 
8 332 21 27 0.02156023 
23 225 57 75 0.021509841 
719 417 18 23 0.021492379 
868 517 22 26 0.021454487 
950 492 18 23 0.021416998 
996 440 15 20 0.02138308 
921 458 19 23 0.02133546 
826 252 16 20 0.021253858 
93 435 29 35 0.021190032 
28 346 40 47 0.021182096 
928 211 19 22 0.021171028 
892 338 18 21 0.021110466 
924 504 20 24 0.021070063 
959 405 19 24 0.021069808 
625 540 17 22 0.021040253 
854 156 18 21 0.021009142 
406 483 28 34 0.020994768 
726 331 19 22 0.020984145 
769 430 17 21 0.020938415 
83 281 24 30 0.020847654 
18 255 54 67 0.020838507 
898 388 19 25 0.020821523 
75 201 111 129 0.020795777 
772 109 18 24 0.020727849 
484 74 20 27 0.020667814 
771 514 17 21 0.020647718 
159 1 20 23 0.020643987 
57 455 27 34 0.020620525 
980 276 17 22 0.020613594 
971 394 16 23 0.02054415 
166 181 251 337 0.020465022 
34 292 72 92 0.020457774 
360 503 29 33 0.020453691 
948 341 16 20 0.020442767 
140 143 78 93 0.02041947 
148 127 21 26 0.020414712 
99 373 27 33 0.0203229 
953 514 19 24 0.020317767 
957 439 19 23 0.02029356 
160 253 20 26 0.020209972 
955 456 18 22 0.020163277 
