15_Stock_Market_Stock_Market_15_554
41
229 74 152 191 0.99682873 
499 200 88 116 0.99437356 
302 87 132 169 0.88195115 
339 134 83 107 0.24986666 
-10 133 65 84 0.18132743 
634 250 48 59 0.18065444 
692 222 31 37 0.17259301 
556 171 64 77 0.062449384 
-2 105 107 146 0.04797164 
679 210 51 61 0.042083554 
564 118 81 84 0.041779827 
594 107 109 138 0.040562086 
542 521 88 90 0.038085744 
17 161 41 48 0.033404376 
629 125 64 83 0.03277519 
641 385 42 55 0.032392334 
189 54 76 113 0.03195853 
335 77 78 114 0.030983618 
708 224 23 31 0.029589912 
642 235 67 84 0.029384285 
95 151 62 70 0.029172067 
737 225 57 77 0.027890755 
706 23 61 61 0.02730143 
-2 146 36 51 0.0263204 
579 194 32 41 0.026192604 
597 153 48 59 0.025650796 
541 490 77 79 0.025275134 
529 139 54 64 0.024479369 
200 4 79 97 0.024388159 
692 209 27 34 0.024293993 
452 339 64 72 0.02401815 
443 257 59 81 0.023998704 
514 161 79 90 0.023291478 
169 107 68 114 0.022683593 
654 346 70 89 0.022623802 
439 204 57 74 0.022222439 
646 404 528 568 0.02170227 
977 196 22 31 0.02145603 
264 -12 142 145 0.020794883 
562 175 35 41 0.020742768 
574 206 46 59 0.020428305 
