47_Matador_Bullfighter_matadorbullfighting_47_354
102
899 428 25 31 0.11762389 
895 450 30 37 0.113907605 
952 491 24 30 0.102927394 
900 417 23 29 0.07529839 
788 301 24 32 0.057562564 
948 457 20 26 0.05475993 
750 457 20 25 0.048034273 
614 376 27 34 0.04716287 
590 387 23 30 0.045155376 
743 452 185 211 0.044976283 
866 403 21 27 0.04495727 
569 363 19 23 0.043982524 
796 460 22 27 0.04317355 
917 461 22 28 0.042865798 
741 443 37 44 0.04038482 
916 434 20 25 0.038283687 
650 335 19 25 0.038229086 
616 365 22 28 0.037452083 
821 453 21 26 0.035607435 
772 491 21 26 0.03550533 
715 460 18 23 0.03452711 
712 442 19 22 0.033613756 
324 114 314 318 0.03307397 
596 409 141 163 0.03293864 
591 392 37 47 0.032606196 
455 480 20 24 0.032334097 
765 459 22 26 0.03227045 
671 409 21 27 0.031913523 
747 441 20 24 0.031632658 
637 385 23 28 0.03110458 
943 477 45 59 0.030996948 
670 484 20 26 0.029135369 
487 541 19 24 0.028843831 
850 402 21 28 0.028466407 
893 442 50 62 0.028354215 
922 533 21 31 0.028002314 
846 384 21 27 0.027898299 
33 198 289 395 0.027829412 
666 427 21 26 0.027636861 
739 251 27 32 0.027568346 
605 399 87 102 0.027397051 
876 454 24 31 0.027396811 
873 438 21 28 0.026952503 
613 492 18 23 0.026892474 
694 418 64 79 0.02685144 
115 121 259 323 0.026637975 
634 436 25 32 0.026574988 
614 438 43 48 0.026566943 
700 439 18 22 0.026411695 
722 413 72 87 0.026371105 
950 444 20 23 0.026299015 
747 483 18 22 0.026032547 
767 500 23 27 0.025984755 
787 449 38 44 0.025906876 
662 337 18 23 0.025655307 
705 433 34 44 0.025584409 
637 454 21 26 0.025341522 
926 481 22 27 0.025338596 
641 360 19 25 0.025331026 
647 486 18 22 0.0251204 
904 429 34 44 0.025094215 
611 511 18 23 0.024767943 
621 453 23 26 0.024615394 
285 114 63 85 0.024535023 
617 432 28 34 0.0245049 
965 502 24 30 0.024484096 
598 347 85 92 0.02427404 
789 484 22 27 0.02426935 
227 210 272 286 0.024193605 
603 397 44 56 0.02388896 
719 251 26 31 0.023869734 
769 433 66 73 0.02374355 
546 490 16 21 0.023737902 
251 361 186 189 0.023564324 
219 17 48 51 0.023088899 
841 392 36 46 0.023065343 
324 307 121 134 0.022944583 
764 480 36 44 0.02286982 
770 435 21 25 0.022708852 
739 469 36 46 0.022603061 
915 634 24 29 0.022531217 
276 271 46 51 0.022344826 
323 442 100 87 0.022137329 
844 363 21 27 0.021966605 
494 481 20 24 0.02195519 
869 430 37 48 0.021893533 
751 464 64 73 0.021739049 
723 452 69 81 0.021645255 
793 405 62 78 0.021637175 
930 514 19 26 0.02159712 
262 255 124 141 0.021464908 
822 437 22 30 0.021392124 
662 386 180 198 0.021313515 
456 469 21 25 0.0211785 
567 383 19 23 0.021067616 
827 416 138 169 0.020913102 
493 517 18 22 0.020856207 
870 392 21 25 0.020548962 
264 164 180 206 0.020405993 
679 392 104 125 0.020324718 
643 437 70 92 0.020001221 
369 352 183 182 0.020000275 
