47_Matador_Bullfighter_matadorbullfighting_47_152
81
778 275 36 47 0.5095715 
188 212 40 53 0.43060824 
979 55 23 31 0.14666961 
454 507 23 33 0.10714486 
747 395 40 50 0.09745287 
527 458 45 67 0.09341136 
532 360 80 110 0.065650076 
611 52 18 23 0.052376594 
694 55 17 21 0.05000549 
653 56 17 21 0.043567494 
712 344 83 111 0.039679375 
743 427 28 36 0.037414264 
661 57 17 22 0.03678198 
515 393 71 97 0.036064923 
468 1 21 22 0.035549972 
509 486 42 58 0.035089556 
418 2 22 24 0.03366668 
345 318 246 298 0.032977127 
786 259 31 38 0.032351278 
351 514 28 32 0.03229614 
277 1 20 22 0.03146575 
496 521 41 54 0.029671634 
520 378 49 62 0.029391563 
741 329 64 88 0.027510673 
3 628 30 45 0.02703338 
496 326 200 288 0.026895227 
481 466 60 74 0.026875209 
490 535 26 34 0.026235923 
975 7 21 23 0.026158886 
207 341 278 316 0.025894428 
253 175 29 37 0.02526253 
230 171 44 51 0.025164679 
545 444 46 67 0.025103617 
491 486 24 32 0.025065096 
483 497 37 49 0.024467371 
563 264 222 290 0.024446132 
413 58 19 22 0.024390928 
747 0 23 24 0.02421954 
527 401 119 157 0.024218408 
662 75 18 22 0.024065413 
441 50 19 22 0.024051582 
340 521 48 47 0.023879953 
191 138 192 196 0.023592437 
771 258 29 37 0.023538599 
189 191 83 87 0.023534697 
429 2 23 24 0.023484822 
763 388 25 36 0.023484785 
962 43 49 65 0.023432544 
306 33 20 21 0.023412408 
546 408 49 71 0.023189556 
988 51 23 31 0.022878252 
796 60 18 22 0.022857219 
763 259 61 78 0.022843756 
823 0 23 24 0.022620872 
739 438 43 50 0.022589575 
531 387 26 32 0.022508007 
769 141 57 69 0.022482155 
751 282 66 91 0.022478491 
701 286 116 149 0.022401579 
768 222 27 32 0.022233814 
254 470 188 201 0.02220511 
161 275 43 56 0.022178246 
750 386 26 35 0.022139432 
510 42 21 27 0.022024056 
977 24 19 23 0.022009224 
744 59 17 20 0.021848485 
793 73 18 22 0.021839282 
265 1 21 23 0.021791445 
127 5 17 20 0.021640284 
727 403 56 69 0.021537097 
558 456 26 36 0.021500843 
716 58 16 20 0.021339266 
754 513 333 377 0.021187164 
652 320 139 165 0.021043368 
506 532 24 33 0.021009963 
111 5 20 23 0.020885378 
817 57 20 24 0.020799488 
466 32 18 21 0.020731973 
693 35 18 21 0.020580882 
764 1 22 24 0.020567277 
-14 -12 79 95 0.020528708 
