47_Matador_Bullfighter_matadorbullfighting_47_572
23
229 185 282 359 0.39844495 
180 181 45 57 0.3845608 
235 31 25 28 0.16702047 
3 194 49 68 0.062433396 
232 41 27 33 0.051228 
504 69 93 125 0.047957428 
208 183 43 57 0.044601128 
33 16 58 76 0.04109385 
60 35 40 53 0.035068538 
143 144 45 53 0.033387557 
746 531 353 362 0.027803805 
158 184 51 65 0.027450135 
111 29 21 25 0.02335316 
-126 406 499 553 0.023231037 
540 532 355 345 0.022904241 
210 54 24 30 0.022510553 
572 304 684 736 0.022365559 
226 69 45 52 0.02204452 
293 335 76 86 0.021690922 
241 182 51 61 0.021609355 
215 36 55 63 0.021450965 
93 54 39 55 0.020873388 
122 30 21 26 0.020616239 
