47_Matador_Bullfighter_matadorbullfighting_47_731
162
815 269 24 36 0.117851615 
573 136 19 23 0.11472237 
422 173 20 25 0.074168056 
795 257 41 53 0.05993129 
412 100 17 20 0.05565918 
535 134 16 20 0.055476326 
947 105 20 24 0.050838478 
991 303 22 29 0.048395477 
498 154 16 21 0.04770585 
495 208 21 26 0.047072206 
855 150 16 20 0.04585799 
844 4 17 20 0.04540662 
752 235 92 101 0.04331001 
570 145 18 23 0.042455498 
982 208 20 28 0.04121039 
682 188 160 169 0.041190684 
432 163 18 23 0.040711734 
981 221 22 32 0.040630575 
539 110 15 18 0.040406104 
510 206 18 23 0.039195932 
1 183 20 25 0.038775075 
588 332 20 25 0.038515657 
593 103 18 20 0.038435165 
584 135 18 23 0.038216095 
567 110 16 20 0.038143255 
492 224 21 25 0.03752681 
421 162 18 23 0.03712127 
902 134 20 25 0.037027866 
385 204 20 25 0.036566522 
535 182 20 24 0.03608102 
749 529 352 365 0.035280526 
441 110 17 20 0.03495923 
318 157 20 23 0.03417299 
511 156 16 20 0.03383573 
465 180 18 23 0.03367186 
536 234 20 26 0.033667114 
517 229 19 23 0.033166982 
446 125 17 21 0.032861304 
516 110 16 19 0.0326131 
867 147 18 22 0.032306954 
491 54 18 21 0.032267682 
850 229 19 26 0.03175195 
517 73 16 19 0.03155147 
849 85 16 20 0.031351365 
869 234 21 26 0.031348355 
539 154 17 21 0.03111732 
822 210 21 27 0.030970149 
823 159 18 21 0.030886274 
559 183 21 26 0.030291317 
869 134 18 23 0.030277498 
641 163 259 271 0.030043297 
563 137 33 43 0.029984202 
523 132 16 19 0.029950729 
613 126 18 21 0.029946849 
465 201 19 24 0.029818906 
992 222 20 31 0.029682614 
564 285 700 750 0.029532252 
539 216 87 109 0.029263949 
845 209 18 23 0.029243525 
356 255 186 204 0.02898319 
257 187 169 197 0.028916543 
462 159 17 21 0.028697774 
535 252 21 28 0.02853799 
503 193 34 44 0.028526423 
868 110 18 21 0.028142123 
48 33 19 24 0.027508171 
425 152 31 42 0.027350256 
491 178 61 72 0.02721643 
31 123 19 22 0.027163913 
518 174 62 77 0.027035818 
512 60 17 20 0.026761241 
548 175 37 45 0.026637457 
383 1 18 20 0.026480455 
413 87 17 20 0.026428562 
493 106 17 20 0.026416626 
212 6 22 24 0.026195195 
457 124 17 22 0.025985956 
754 214 41 54 0.025797 
589 84 18 22 0.025757268 
-67 525 359 359 0.025723703 
362 172 22 26 0.025657466 
759 222 189 209 0.025528371 
522 182 17 22 0.025519686 
867 248 21 26 0.025479006 
826 131 17 21 0.025402918 
725 207 48 58 0.02524436 
403 153 52 64 0.025237586 
53 11 152 181 0.025126915 
899 147 19 23 0.025118075 
634 164 165 143 0.024937645 
852 251 19 25 0.02485241 
876 50 16 19 0.024802241 
870 207 19 24 0.024672844 
904 107 18 22 0.024580827 
499 223 78 100 0.024533594 
797 108 17 22 0.024492024 
2 2 20 25 0.02445975 
377 193 36 43 0.024427041 
567 79 16 19 0.02433559 
690 144 21 27 0.024226258 
387 181 19 23 0.024205685 
824 175 19 22 0.024180211 
527 173 34 42 0.024161292 
180 181 19 23 0.024075644 
212 248 151 188 0.02406 
206 161 18 22 0.023900075 
238 136 18 23 0.023674468 
848 182 17 20 0.023654839 
469 81 17 19 0.023623945 
-222 296 715 750 0.023497874 
485 213 35 41 0.023467707 
649 131 18 22 0.023435332 
523 252 20 25 0.0232468 
529 223 37 46 0.023076447 
517 149 114 149 0.023015693 
715 104 17 21 0.022962088 
564 151 63 79 0.022778764 
485 253 185 198 0.022567928 
557 200 23 29 0.022557825 
622 75 18 23 0.022384489 
638 7 22 23 0.02235938 
458 109 17 21 0.022277448 
597 209 66 83 0.022218015 
793 181 21 25 0.02205925 
368 166 172 194 0.021968711 
232 148 18 22 0.021939736 
511 309 26 32 0.021862451 
768 7 18 21 0.021844562 
511 219 33 40 0.02176408 
699 136 20 24 0.02173038 
994 181 18 24 0.021726752 
440 79 16 19 0.021712277 
618 110 17 21 0.0216115 
441 116 32 41 0.021573486 
393 57 18 22 0.021524891 
311 149 33 38 0.021425266 
490 137 61 77 0.02129526 
491 145 31 41 0.02110608 
895 181 19 23 0.021077227 
671 327 146 170 0.021068124 
992 207 19 28 0.021059314 
978 97 17 23 0.021037856 
517 138 62 79 0.020952394 
830 2 18 20 0.020943057 
650 186 66 73 0.020940559 
547 128 56 72 0.020877358 
567 57 17 20 0.020845288 
825 109 17 21 0.020832377 
542 200 20 25 0.020778725 
417 200 19 25 0.020755006 
644 150 21 26 0.020744499 
543 34 17 21 0.020594196 
533 187 37 47 0.020505957 
78 132 19 22 0.020495944 
486 75 17 20 0.020376328 
407 54 16 20 0.020341976 
719 123 142 171 0.020335743 
502 150 33 41 0.020194698 
593 144 67 82 0.02018316 
362 160 20 24 0.020170933 
327 225 47 55 0.020109234 
817 52 16 19 0.02005282 
