47_Matador_Bullfighter_matadorbullfighting_47_779
36
803 115 39 50 0.16061598 
973 728 26 33 0.074166924 
978 140 23 29 0.066822894 
947 175 22 25 0.04395358 
919 405 24 29 0.043145943 
783 386 38 51 0.042606242 
919 532 20 28 0.04193081 
865 731 26 32 0.040710084 
947 150 21 24 0.03280682 
875 510 22 28 0.032198604 
891 512 22 29 0.027244467 
901 528 23 29 0.027016656 
950 565 21 27 0.026653642 
285 657 23 27 0.026552897 
980 461 20 29 0.02626531 
793 261 24 29 0.025347715 
898 413 94 119 0.024799854 
877 493 20 25 0.023610057 
52 732 26 32 0.023364082 
0 3 23 35 0.023273885 
156 595 22 27 0.022867337 
891 490 20 24 0.02229111 
568 633 25 30 0.022247856 
5 664 23 32 0.022160992 
995 590 19 25 0.021866836 
540 -1 26 26 0.021781852 
974 175 21 26 0.021760128 
0 20 55 114 0.021502227 
442 619 20 26 0.021412905 
965 709 38 46 0.021309258 
920 389 22 27 0.020885887 
968 450 34 48 0.020853873 
455 613 18 23 0.020412184 
926 174 21 26 0.020344004 
0 735 24 30 0.020127038 
995 529 19 27 0.020078598 
