47_Matador_Bullfighter_Matador_Bullfighter_47_631
151
732 86 42 62 0.98237693 
678 61 42 54 0.3796905 
453 263 155 184 0.23480022 
703 63 49 72 0.1513013 
975 63 33 51 0.09429278 
788 75 29 39 0.09009231 
767 1 25 29 0.08425912 
788 91 32 43 0.08004812 
749 99 47 66 0.07807973 
919 99 41 57 0.07242536 
966 92 37 57 0.070964225 
258 324 28 37 0.06595128 
73 75 24 33 0.065385684 
938 101 45 58 0.06534281 
685 22 45 52 0.062916666 
715 19 26 31 0.06272923 
757 122 50 63 0.062665746 
558 52 26 31 0.053057812 
686 92 27 37 0.052273065 
205 113 44 50 0.04998428 
936 -1 40 38 0.04964627 
692 24 27 32 0.04943279 
846 74 27 37 0.04844797 
104 74 24 32 0.04633386 
757 73 39 57 0.046272065 
153 75 27 37 0.045875724 
348 41 86 87 0.045860015 
653 72 53 68 0.044053048 
870 84 39 50 0.04393926 
772 106 45 58 0.042734392 
630 81 44 56 0.042207893 
820 0 32 34 0.042025473 
615 72 39 51 0.041220095 
622 462 94 107 0.04087776 
86 52 22 27 0.04012378 
814 637 27 34 0.039645668 
889 42 40 51 0.039504077 
699 39 44 56 0.03910655 
333 80 98 84 0.039077967 
539 22 61 69 0.03860357 
896 106 41 55 0.037980165 
726 108 65 83 0.037751738 
688 47 32 39 0.037293892 
251 198 129 151 0.03726458 
812 86 35 47 0.037072502 
102 101 23 31 0.036828164 
73 98 24 33 0.036763012 
84 54 53 71 0.036614105 
978 57 22 31 0.0366043 
815 75 27 37 0.03548364 
871 19 28 31 0.03547714 
917 64 25 36 0.035287358 
835 2 29 31 0.03518793 
152 93 28 40 0.03517543 
894 64 41 57 0.035093673 
96 50 22 29 0.033695027 
185 123 65 75 0.03322263 
742 146 65 83 0.032723192 
164 78 56 73 0.03229199 
919 52 26 32 0.03194337 
59 74 22 29 0.031931434 
654 106 41 54 0.03166067 
152 103 139 177 0.03102757 
843 91 25 32 0.030970935 
963 124 42 58 0.030687045 
637 137 43 52 0.030439647 
665 23 24 29 0.030129949 
603 135 38 51 0.029762061 
670 69 31 41 0.029756716 
356 10 98 87 0.02951961 
87 46 38 49 0.02937174 
866 42 38 50 0.028897498 
542 368 154 170 0.028810386 
122 56 53 71 0.028731238 
149 101 41 55 0.02859583 
716 5 25 29 0.02833842 
326 58 71 76 0.02819971 
691 2 24 27 0.028103797 
348 351 311 311 0.026574304 
142 71 54 72 0.026452908 
315 92 134 136 0.02607532 
900 96 29 40 0.026000189 
867 71 30 40 0.025716234 
552 1 67 69 0.02559707 
126 127 23 32 0.025470817 
741 263 55 72 0.02543336 
760 51 39 50 0.02514041 
290 0 166 148 0.025110418 
742 2 24 28 0.025056522 
589 77 22 30 0.025045166 
667 94 29 39 0.025043968 
93 86 38 51 0.024924649 
885 132 41 52 0.024878701 
282 242 176 205 0.02487275 
606 104 55 75 0.02487194 
866 108 43 52 0.024835018 
108 125 21 28 0.024606701 
904 36 55 69 0.024485357 
401 30 83 93 0.02424579 
262 100 139 163 0.024237093 
204 71 24 32 0.024222404 
202 145 27 31 0.02403444 
625 140 67 81 0.023959806 
183 30 88 95 0.023639794 
169 67 37 51 0.023586398 
179 96 27 37 0.023531126 
483 256 246 244 0.023501664 
764 9 35 44 0.02330349 
251 305 60 79 0.023197815 
642 147 27 34 0.02319715 
203 52 23 28 0.022861626 
433 94 95 96 0.022641236 
127 1 23 24 0.022596814 
252 21 60 73 0.022569563 
872 2 25 28 0.02249156 
176 109 41 52 0.022461394 
659 6 73 89 0.022440948 
390 -1 26 25 0.02243163 
219 14 44 50 0.022429263 
890 23 29 33 0.02231435 
805 380 68 89 0.022310156 
195 61 41 53 0.021993738 
772 66 48 63 0.021992646 
663 19 39 47 0.021855827 
717 11 56 66 0.021729175 
91 76 71 87 0.021688428 
130 73 25 35 0.021632804 
934 61 57 79 0.02156555 
226 173 108 141 0.021513307 
348 113 60 65 0.021494191 
176 1 23 25 0.021445125 
476 79 88 93 0.021416867 
844 51 26 33 0.021314465 
225 104 28 33 0.021288741 
553 449 189 173 0.021184385 
685 0 40 43 0.021150183 
204 99 29 36 0.021078661 
781 164 44 56 0.020989457 
184 145 25 31 0.02089153 
593 0 59 65 0.02074861 
922 0 32 32 0.020666467 
395 199 189 213 0.020609086 
584 24 26 29 0.020600174 
71 107 38 49 0.020596331 
205 23 24 29 0.020568987 
714 232 72 91 0.02047653 
944 82 64 93 0.0202874 
939 128 46 58 0.020281587 
130 65 119 138 0.020247187 
197 42 39 47 0.020229543 
858 125 58 69 0.020054687 
