47_Matador_Bullfighter_Matador_Bullfighter_47_583
58
376 150 262 332 0.9999527 
598 699 59 65 0.3313232 
910 891 34 44 0.17025682 
105 726 30 39 0.08678496 
187 620 94 111 0.06946808 
108 637 29 37 0.06765943 
365 683 63 69 0.0676052 
718 1034 32 43 0.049333695 
132 1178 41 47 0.046331465 
643 1070 30 39 0.039252184 
262 566 34 38 0.03860026 
360 1055 53 60 0.036240965 
731 1027 31 43 0.035876986 
738 570 38 46 0.035617765 
808 1182 53 58 0.035544764 
96 697 47 64 0.03303622 
60 948 28 36 0.0325715 
213 774 27 33 0.03019013 
667 1049 27 35 0.02974858 
104 614 26 32 0.029016763 
737 1012 32 43 0.027944943 
229 776 28 35 0.027556978 
784 880 28 37 0.027448604 
782 898 27 33 0.026612764 
212 538 30 36 0.026357653 
165 1077 34 43 0.026207127 
230 546 79 83 0.02594634 
759 688 96 109 0.025834164 
781 663 34 41 0.02567426 
70 865 25 33 0.02490832 
733 846 28 37 0.024559123 
107 913 25 32 0.024442626 
770 658 58 70 0.0242494 
271 844 31 38 0.02418058 
717 865 27 36 0.023992972 
366 1044 34 42 0.023912927 
645 1052 27 33 0.023754029 
750 1117 28 38 0.022084827 
700 1005 70 90 0.021909151 
718 849 27 36 0.021876201 
914 994 31 41 0.02176344 
709 714 46 61 0.02174116 
164 1007 28 38 0.021675315 
105 663 32 43 0.021647675 
822 1007 27 36 0.021472469 
715 710 28 36 0.021414056 
689 940 438 503 0.021347567 
328 1019 85 95 0.021230193 
834 1007 29 38 0.021184662 
807 698 94 108 0.021057522 
616 1072 27 36 0.020868644 
214 799 49 61 0.020818472 
233 538 32 38 0.02081254 
135 737 28 37 0.020641815 
771 635 52 63 0.0205481 
202 568 30 39 0.020427866 
199 1294 41 44 0.020153632 
782 843 30 37 0.020040225 
