47_Matador_Bullfighter_Matador_Bullfighter_47_171
39
138 251 152 121 0.48393223 
127 190 174 127 0.08898264 
324 256 277 376 0.060144663 
375 528 78 76 0.05235057 
-71 539 356 350 0.037807617 
778 479 149 193 0.035731856 
126 435 31 37 0.034460086 
308 298 23 31 0.031313606 
401 564 78 84 0.031117858 
213 226 90 105 0.030989543 
379 551 40 41 0.029060367 
357 508 75 75 0.027262675 
163 289 79 85 0.026887726 
293 408 76 91 0.026192956 
122 412 66 74 0.025442656 
-221 306 711 746 0.02538544 
934 -6 84 91 0.024454666 
898 536 77 140 0.024419898 
820 12 111 101 0.023699002 
40 286 58 76 0.023225963 
346 468 144 140 0.023044042 
440 253 22 27 0.022975495 
196 279 84 81 0.022942215 
232 157 22 28 0.022717154 
183 309 27 31 0.022212831 
369 210 115 140 0.022169627 
866 513 71 127 0.022050437 
199 181 121 104 0.021734629 
227 432 59 66 0.0216805 
112 132 161 140 0.021458587 
954 491 23 28 0.021422816 
319 416 378 412 0.021046584 
465 227 22 26 0.020891901 
110 298 77 94 0.020840738 
607 351 371 304 0.020739054 
-10 369 82 117 0.020288493 
176 198 83 99 0.020235056 
427 544 72 88 0.020117346 
359 506 30 36 0.020006381 
