47_Matador_Bullfighter_Matador_Bullfighter_47_196
58
454 128 47 61 0.9684433 
578 278 74 89 0.120938726 
562 271 297 393 0.11215738 
359 176 82 87 0.0967598 
351 116 42 52 0.066390775 
662 343 170 209 0.061133016 
597 327 67 95 0.053173576 
612 368 45 64 0.04741253 
362 115 65 79 0.04568222 
734 171 58 60 0.043769084 
377 215 440 540 0.043385368 
398 131 61 83 0.04307166 
730 493 340 391 0.041300166 
567 106 25 29 0.04037037 
763 481 69 92 0.040337704 
382 160 57 66 0.036750995 
609 206 45 54 0.035752844 
607 139 41 54 0.034927033 
437 48 25 33 0.033426955 
595 354 124 168 0.033274584 
622 195 45 54 0.033099703 
516 411 381 416 0.032586962 
650 430 97 121 0.031889964 
611 264 154 184 0.03125853 
657 382 101 122 0.030964825 
586 298 111 155 0.030366385 
488 125 69 83 0.030291606 
561 229 87 107 0.029848516 
693 153 130 127 0.0295305 
381 141 35 43 0.029434733 
400 174 34 42 0.028730353 
538 250 642 751 0.028576778 
613 170 47 60 0.028264487 
393 115 48 63 0.02743683 
398 90 43 54 0.027189026 
379 128 29 36 0.027072191 
615 325 31 39 0.026735548 
519 121 44 53 0.025792895 
295 168 47 62 0.025672305 
342 211 78 107 0.025606588 
597 184 80 102 0.024590135 
413 104 61 86 0.024376314 
632 355 26 35 0.02429197 
348 453 391 396 0.023494918 
609 300 30 38 0.022681314 
312 147 145 185 0.022659158 
780 426 49 59 0.02245744 
574 178 66 76 0.022066174 
710 385 68 84 0.021598004 
682 278 128 158 0.02147731 
478 215 274 341 0.021413187 
382 97 28 35 0.021275932 
673 484 50 59 0.021264723 
582 331 51 66 0.021173727 
424 142 60 75 0.020404324 
606 430 94 126 0.020164238 
694 416 70 74 0.02005011 
640 163 139 144 0.020040225 
