47_Matador_Bullfighter_Matador_Bullfighter_47_179
23
364 70 84 95 0.6244886 
837 43 31 41 0.33286127 
607 42 34 41 0.19644102 
329 48 83 99 0.09606954 
354 55 140 146 0.057148587 
303 48 69 92 0.044299256 
821 46 57 73 0.03464894 
977 16 33 43 0.033323627 
590 34 59 71 0.031214466 
450 225 378 364 0.02885086 
990 -2 26 30 0.028502384 
595 45 30 38 0.028376056 
327 66 35 50 0.028369159 
779 85 46 51 0.025614386 
427 37 69 77 0.025267322 
839 28 30 37 0.024755726 
257 51 76 91 0.024650428 
77 -12 80 76 0.023820875 
827 43 27 36 0.02368 
224 61 72 80 0.023416456 
405 77 65 79 0.022682901 
218 24 95 91 0.021687644 
443 -2 51 40 0.020359429 
