47_Matador_Bullfighter_Matador_Bullfighter_47_610
34
561 481 90 111 0.91372097 
448 329 147 130 0.87621254 
478 368 153 162 0.17396384 
437 306 96 116 0.05147848 
518 475 99 107 0.047769655 
665 608 25 30 0.045956414 
156 773 24 28 0.043677457 
713 646 25 31 0.031980284 
373 592 173 210 0.030263375 
189 580 142 225 0.029810252 
517 287 111 126 0.029404888 
721 703 46 53 0.028666217 
404 545 86 90 0.028645013 
394 446 177 203 0.027741235 
326 252 46 49 0.027541386 
599 527 74 88 0.027343692 
423 694 80 82 0.02610902 
626 614 140 139 0.025550876 
564 596 138 155 0.024470035 
233 663 87 123 0.024277156 
48 83 316 352 0.023806198 
434 251 131 142 0.022826215 
537 306 140 164 0.022377696 
558 433 84 114 0.022288779 
421 288 67 93 0.022069003 
411 365 111 117 0.021763464 
366 605 69 79 0.021026243 
460 417 87 100 0.0209304 
500 512 100 110 0.02079552 
33 258 296 429 0.020767506 
519 372 82 98 0.020359525 
699 638 23 28 0.02031311 
480 414 198 225 0.020219367 
397 396 148 159 0.020181598 
