47_Matador_Bullfighter_matadorbullfighting_47_936
48
659 20 73 116 0.9858004 
151 149 84 113 0.12501155 
841 281 21 27 0.04445587 
178 179 53 69 0.04252192 
62 89 110 149 0.040719897 
717 219 82 96 0.03318355 
280 488 89 101 0.03299216 
98 119 145 191 0.032099772 
745 382 22 28 0.031943593 
379 353 27 31 0.031798944 
863 326 37 46 0.030080047 
767 184 25 31 0.028715355 
645 -2 73 93 0.028587546 
788 302 22 28 0.028140388 
15 101 67 97 0.026671369 
160 141 155 187 0.026031734 
844 300 22 29 0.025236396 
746 361 22 27 0.024957642 
357 471 187 174 0.024592593 
680 421 503 553 0.024533309 
827 309 21 28 0.02441792 
307 328 284 295 0.024289856 
619 269 27 36 0.02406583 
457 329 23 30 0.02390701 
773 295 60 82 0.023424722 
335 456 82 100 0.023183893 
831 277 34 43 0.023171946 
204 167 79 95 0.023104528 
130 86 112 138 0.022650966 
441 336 22 27 0.0225338 
2 207 25 35 0.022493385 
-209 299 712 741 0.022157915 
814 282 65 92 0.02209093 
72 155 80 102 0.021944065 
715 256 109 139 0.021927714 
524 526 370 355 0.021858186 
795 283 20 26 0.02183994 
580 54 78 96 0.021597119 
104 162 87 107 0.02159357 
235 517 114 115 0.021533793 
848 335 25 32 0.020771226 
259 287 152 160 0.02072901 
714 351 22 26 0.020723803 
384 580 98 103 0.020409644 
871 307 21 27 0.020261908 
34 245 120 170 0.020186493 
688 251 75 92 0.02008615 
309 494 382 365 0.020016892 
