47_Matador_Bullfighter_matadorbullfighting_47_777
20
583 78 216 277 0.9991042 
123 60 288 389 0.12323401 
833 240 153 163 0.057018593 
237 583 91 95 0.050648503 
5 441 153 196 0.037283152 
250 543 77 94 0.032251112 
389 266 81 106 0.030071566 
10 302 227 330 0.029940633 
460 151 89 97 0.027170606 
736 520 359 367 0.026384018 
257 477 61 72 0.026124373 
22 551 154 142 0.024656145 
67 446 122 140 0.02218908 
560 297 683 733 0.021950157 
379 483 79 93 0.02177687 
230 476 110 127 0.02094178 
371 245 68 89 0.02077396 
407 336 168 207 0.020555092 
397 243 168 220 0.020449849 
853 133 162 201 0.020337457 
