47_Matador_Bullfighter_matadorbullfighting_47_240
65
761 115 63 82 0.98659825 
538 55 38 48 0.8095291 
960 114 37 46 0.62694496 
199 303 99 115 0.32118225 
654 64 34 43 0.24094148 
711 208 74 99 0.14545725 
160 153 55 62 0.10237905 
2 0 23 27 0.057724405 
205 360 71 64 0.05643293 
159 170 228 268 0.05504739 
146 253 134 168 0.053789325 
686 12 36 47 0.049006786 
692 3 26 30 0.03900847 
729 147 64 85 0.03773381 
668 198 85 100 0.037681337 
345 531 77 108 0.033483706 
216 240 114 130 0.032440383 
225 675 52 51 0.030783942 
524 41 63 76 0.030526472 
661 51 29 38 0.029876117 
255 125 153 146 0.029122816 
782 70 38 53 0.028677829 
649 205 40 45 0.027130777 
638 46 38 48 0.026885083 
703 14 36 47 0.026775595 
-2 166 27 47 0.026556918 
164 138 97 84 0.026435906 
141 166 76 85 0.026359765 
427 9 48 54 0.02635559 
921 128 26 34 0.026352916 
155 152 32 39 0.026348976 
253 95 84 85 0.026301764 
329 158 79 88 0.026128173 
328 197 57 56 0.02598895 
832 166 62 74 0.025731338 
540 23 29 33 0.02545974 
298 558 77 94 0.02479251 
669 0 23 25 0.024642255 
195 63 261 289 0.024586834 
280 117 80 84 0.024273837 
652 79 43 53 0.024241019 
232 177 119 117 0.02371951 
701 161 66 78 0.023601254 
88 84 172 197 0.02316475 
363 511 61 85 0.023136728 
533 0 24 27 0.023029102 
850 137 74 86 0.022763327 
300 163 48 52 0.022324858 
393 19 66 77 0.022253849 
950 102 33 42 0.022051526 
66 146 44 50 0.021937918 
241 110 55 58 0.021768538 
844 691 25 29 0.021592177 
980 658 24 33 0.021590535 
991 660 20 30 0.021393143 
277 217 105 112 0.021233425 
520 0 21 23 0.02100463 
83 89 33 42 0.020922747 
123 150 63 79 0.020876646 
602 39 42 51 0.020811247 
302 67 138 152 0.020536678 
908 139 40 51 0.020501219 
802 150 61 75 0.020410612 
437 74 24 31 0.020334685 
379 526 82 115 0.02017155 
