47_Matador_Bullfighter_Matador_Bullfighter_47_338
40
364 22 302 443 0.9980154 
291 211 56 89 0.34372583 
798 408 20 23 0.08263204 
844 404 21 26 0.08125907 
948 428 23 29 0.05472547 
866 402 20 26 0.04821947 
711 399 25 35 0.04787492 
844 429 22 27 0.0461374 
949 418 21 26 0.043035515 
488 464 90 110 0.042971432 
161 487 23 30 0.04049727 
824 428 22 27 0.037138395 
821 412 19 23 0.03640641 
215 458 59 71 0.036016997 
841 392 20 26 0.035376675 
183 511 29 34 0.03530971 
100 534 22 27 0.03489224 
742 388 20 26 0.034669805 
827 389 19 23 0.033738036 
776 382 18 22 0.031295072 
500 389 84 104 0.030108938 
194 504 32 38 0.028903473 
700 384 23 30 0.028431669 
194 473 45 53 0.028275294 
189 459 23 29 0.02797325 
230 476 32 40 0.027649216 
814 404 32 37 0.026733506 
868 432 23 29 0.02661388 
791 389 20 24 0.025880206 
198 456 24 30 0.024333468 
176 531 28 32 0.023980359 
739 400 22 30 0.023135656 
269 137 71 100 0.022997105 
713 419 36 52 0.022791794 
101 519 21 24 0.022780066 
688 381 52 70 0.022278488 
276 172 115 155 0.021719787 
699 388 70 80 0.021594005 
846 458 24 30 0.020866599 
154 507 24 28 0.020837318 
