47_Matador_Bullfighter_matadorbullfighting_47_38
27
588 155 76 113 0.16229753 
626 70 46 61 0.098304845 
655 92 39 48 0.04870982 
599 89 71 91 0.0395182 
506 391 162 194 0.036730364 
591 69 35 48 0.03164785 
538 319 85 98 0.031539463 
734 282 86 107 0.031382676 
-124 416 515 550 0.030333009 
747 534 348 364 0.02886711 
694 185 152 184 0.028293084 
614 72 31 40 0.027964767 
621 128 24 30 0.026158059 
673 93 36 47 0.025090242 
517 319 131 166 0.024958927 
611 151 106 142 0.024264121 
618 91 29 36 0.02359903 
666 155 22 29 0.023327624 
554 315 684 727 0.023128338 
689 138 40 52 0.022423893 
600 125 76 99 0.022169907 
646 120 71 87 0.02172585 
667 117 24 32 0.021456456 
505 346 94 111 0.021202656 
592 309 118 151 0.020633934 
969 163 50 97 0.02056015 
670 174 23 29 0.020300511 
