47_Matador_Bullfighter_Matador_Bullfighter_47_195
33
899 238 63 89 0.9996922 
754 98 60 73 0.999495 
569 115 57 77 0.9943632 
704 99 53 74 0.92709196 
287 4 46 56 0.9215098 
730 96 58 79 0.7005117 
688 122 48 69 0.1397633 
531 142 50 61 0.09523962 
784 234 50 72 0.09154589 
683 278 59 73 0.073640786 
658 478 83 116 0.06982134 
756 253 53 69 0.042474497 
785 395 41 55 0.037020784 
723 406 59 73 0.03688509 
770 405 63 83 0.03360864 
667 120 41 56 0.032045875 
658 259 56 73 0.02951614 
730 284 64 75 0.029451016 
573 408 57 70 0.02873917 
714 132 39 53 0.026922408 
809 244 37 51 0.02665957 
590 424 61 81 0.024979135 
703 428 72 90 0.024252694 
602 392 57 76 0.02416571 
689 311 44 55 0.023994083 
830 231 43 57 0.022831693 
793 386 29 39 0.02189479 
638 437 75 100 0.021117713 
742 324 59 70 0.020709343 
776 190 57 69 0.020516252 
647 310 57 79 0.020391501 
418 191 53 62 0.020383043 
842 428 43 52 0.020369316 
