47_Matador_Bullfighter_matadorbullfighting_47_42
72
214 92 56 66 0.97262055 
530 1 24 25 0.13098294 
807 511 41 49 0.12854363 
173 90 28 37 0.07044673 
968 525 29 45 0.05263426 
81 0 27 29 0.046780284 
184 148 28 35 0.04276569 
275 63 37 50 0.04018737 
697 530 24 31 0.039411027 
647 421 103 172 0.036830515 
229 4 25 29 0.03582108 
685 355 21 27 0.035786536 
672 387 22 30 0.032036494 
166 77 50 63 0.031541005 
870 387 86 107 0.030867796 
940 521 42 58 0.030530253 
268 81 41 53 0.030528504 
415 3 63 53 0.030107766 
824 522 42 52 0.029955883 
675 378 38 52 0.029908102 
675 356 20 25 0.02855845 
410 3 32 33 0.027305864 
903 415 73 95 0.027177079 
818 410 71 90 0.026966752 
161 97 25 35 0.026898019 
206 7 24 27 0.026780164 
622 455 70 111 0.026743216 
664 375 63 86 0.02671573 
202 16 26 31 0.026711456 
915 359 29 35 0.026321553 
683 385 24 32 0.025953306 
614 363 59 71 0.025866376 
691 356 64 80 0.02584157 
558 0 174 127 0.025766386 
912 525 42 58 0.025335789 
591 415 83 131 0.025188217 
678 352 35 47 0.024926377 
938 1 47 42 0.024717385 
96 1 24 26 0.024660844 
129 236 36 45 0.024459342 
693 518 39 50 0.024358623 
-65 516 355 363 0.024259476 
750 498 67 77 0.02372631 
643 393 72 112 0.023498211 
655 498 67 90 0.023462726 
833 376 91 106 0.022912316 
265 105 44 57 0.02280824 
-220 291 700 751 0.022748277 
714 2 19 21 0.02267712 
767 358 27 35 0.022340849 
638 407 489 545 0.022175891 
647 440 63 104 0.021721946 
569 0 20 22 0.02169834 
902 367 49 58 0.021633632 
629 365 255 313 0.021575114 
735 362 44 55 0.021549813 
802 2 19 19 0.021389218 
717 358 23 30 0.021283537 
666 373 122 165 0.021036947 
708 532 25 32 0.021024955 
656 344 56 71 0.020977417 
692 -2 174 142 0.020903237 
687 491 69 85 0.020836571 
926 384 61 89 0.020753127 
482 -8 105 74 0.020433335 
635 379 25 32 0.02042579 
976 386 56 81 0.020338869 
797 529 30 35 0.020303478 
767 532 28 33 0.020268446 
193 65 57 76 0.020238128 
779 379 80 98 0.02017928 
709 353 40 52 0.020105083 
