47_Matador_Bullfighter_Matador_Bullfighter_47_715
67
414 462 85 90 0.8850408 
317 436 54 74 0.063073814 
404 410 83 105 0.056004696 
801 777 517 594 0.05561558 
655 413 51 70 0.055050664 
456 388 38 46 0.05207927 
476 464 68 81 0.05198166 
755 445 484 551 0.048555247 
790 -109 529 593 0.04499642 
135 575 115 152 0.042081717 
782 1102 525 551 0.035915732 
417 378 41 51 0.035858665 
857 1459 36 42 0.03497746 
643 525 36 50 0.034331806 
454 408 51 61 0.032006938 
518 480 961 1123 0.031180354 
513 -298 1028 1119 0.03113599 
79 576 120 151 0.030999053 
625 422 31 42 0.030696876 
632 477 60 84 0.03055574 
158 534 33 46 0.029298302 
222 623 31 43 0.028727977 
47 557 93 137 0.028684057 
614 432 57 74 0.027927577 
188 411 61 71 0.0274391 
490 426 35 46 0.027322112 
496 1193 33 41 0.026759978 
262 564 33 45 0.026262555 
470 417 59 76 0.026087347 
64 522 62 90 0.025865072 
128 399 62 75 0.025844328 
387 406 59 83 0.02570962 
250 416 68 73 0.025556536 
186 645 37 47 0.025263866 
495 459 38 50 0.025218952 
132 507 88 116 0.025042498 
267 447 40 51 0.024960646 
179 490 63 77 0.024613144 
31 637 32 44 0.024486417 
245 533 55 72 0.024351751 
393 424 129 151 0.024233785 
620 514 56 77 0.024209084 
167 620 67 82 0.023446608 
451 472 108 128 0.023313545 
159 569 30 40 0.023030126 
259 540 34 45 0.022888532 
298 742 97 124 0.022837937 
301 467 61 78 0.02283401 
635 110 668 785 0.022534845 
190 504 37 46 0.022409378 
311 395 215 249 0.022186453 
961 1469 50 65 0.022141961 
992 1335 30 45 0.02143952 
2 532 155 238 0.021337548 
705 472 135 138 0.021270212 
211 431 63 74 0.021256229 
199 618 65 84 0.02122287 
174 528 54 76 0.021111673 
392 382 38 49 0.021059178 
187 535 31 43 0.02098328 
205 541 91 121 0.020636871 
242 540 35 44 0.020519342 
163 620 33 42 0.020365031 
321 367 58 69 0.020365031 
415 408 52 60 0.020287855 
988 1466 27 39 0.020189775 
494 1145 29 37 0.020095617 
