47_Matador_Bullfighter_matadorbullfighting_47_645
34
393 128 50 62 0.9942286 
527 145 49 65 0.9931398 
595 118 50 64 0.9926698 
669 121 54 66 0.98069096 
479 200 47 57 0.23477018 
492 177 55 69 0.057692535 
266 177 48 68 0.050333284 
580 31 35 50 0.043107092 
784 168 46 56 0.03842468 
154 300 42 51 0.030109372 
788 155 32 40 0.03009442 
351 373 31 42 0.029444037 
477 383 79 88 0.029428523 
-65 508 351 371 0.029339325 
583 412 26 38 0.029220924 
757 529 342 362 0.029082166 
724 264 74 77 0.027275879 
553 134 60 77 0.02631212 
296 108 43 56 0.026202165 
633 59 45 61 0.02611684 
-214 319 680 734 0.026026178 
337 344 63 86 0.025404759 
479 -3 31 31 0.023452943 
191 160 61 82 0.023254046 
215 171 61 78 0.022573618 
664 93 49 66 0.022504412 
558 378 55 83 0.022338789 
153 339 132 158 0.021959988 
798 167 61 75 0.021856623 
486 428 79 84 0.02067825 
302 -1 31 28 0.020612199 
164 279 125 144 0.020464538 
541 540 356 344 0.020224584 
129 222 26 34 0.020146284 
