47_Matador_Bullfighter_matadorbullfighting_47_561
50
213 -1 56 55 0.9850664 
677 56 49 59 0.0715866 
352 7 42 51 0.05194039 
655 45 47 60 0.042032603 
368 -3 46 44 0.040306706 
660 60 75 92 0.03820826 
310 -3 29 30 0.035032876 
362 0 30 35 0.034528684 
403 -6 40 40 0.034078855 
385 554 27 32 0.030525215 
172 9 46 53 0.030039 
799 370 91 115 0.029838683 
926 304 90 88 0.029727872 
701 273 103 132 0.029236728 
466 503 26 33 0.028818585 
811 57 44 52 0.028255165 
161 86 59 74 0.02810693 
472 567 19 23 0.027862396 
462 481 59 74 0.026854858 
178 465 79 91 0.025916746 
490 477 73 87 0.025468964 
328 -1 24 27 0.02537904 
469 491 23 29 0.025334666 
336 19 57 69 0.025267558 
598 324 311 274 0.024892488 
428 1 24 28 0.024799142 
432 455 150 162 0.024671458 
820 53 29 35 0.024596231 
282 466 83 89 0.02439568 
546 487 23 26 0.024344744 
487 592 19 23 0.023811586 
257 433 82 91 0.023347737 
438 527 22 28 0.023248151 
275 -1 29 31 0.022854157 
235 437 24 31 0.022830756 
171 434 143 129 0.02272392 
510 402 317 288 0.02180438 
511 484 22 27 0.021781258 
186 105 69 97 0.021434098 
589 246 76 100 0.021359187 
530 545 91 110 0.021227038 
443 550 141 155 0.021115743 
500 242 87 92 0.021066295 
315 43 67 77 0.020932622 
343 655 61 56 0.020922972 
480 491 23 28 0.02079487 
480 569 19 23 0.020476649 
773 91 81 85 0.020250527 
403 481 81 100 0.020149676 
380 0 61 64 0.020080699 
