47_Matador_Bullfighter_matadorbullfighting_47_536
67
487 342 22 28 0.06487058 
481 375 23 28 0.05454215 
8 0 39 40 0.052251156 
494 310 22 27 0.04935686 
410 373 24 29 0.04532315 
555 517 29 35 0.045004155 
490 448 24 29 0.042765748 
451 375 22 27 0.041096985 
509 304 21 26 0.040309988 
451 347 22 27 0.036732193 
555 448 24 28 0.036280658 
681 312 21 25 0.03573539 
484 409 22 27 0.033648513 
627 273 23 28 0.03153378 
524 482 24 30 0.03112419 
352 376 27 33 0.03013315 
201 373 24 31 0.029759802 
415 352 24 27 0.02842076 
247 380 30 37 0.028369896 
522 381 23 28 0.0282907 
448 411 23 28 0.027858987 
376 373 26 30 0.027259624 
511 286 24 28 0.02714545 
246 400 29 35 0.027098 
343 282 25 31 0.026591133 
544 480 25 30 0.026495941 
820 279 32 36 0.026457705 
521 410 22 27 0.026203576 
264 376 33 40 0.02612204 
555 536 28 33 0.026076835 
547 312 22 26 0.025820257 
594 375 24 31 0.025784712 
513 448 21 26 0.025734631 
384 246 23 27 0.02546763 
270 397 30 36 0.025128774 
453 903 62 73 0.024163615 
107 408 23 29 0.023980778 
451 313 22 26 0.023884965 
894 310 28 35 0.02382031 
439 440 25 31 0.02375099 
985 337 24 34 0.023564348 
148 416 23 28 0.02355749 
383 274 23 28 0.023507874 
895 333 29 35 0.023246635 
380 350 24 29 0.02315284 
616 337 24 31 0.023127558 
545 522 49 57 0.022834126 
342 299 26 30 0.022377739 
247 483 26 31 0.022368439 
166 413 23 29 0.02235284 
280 954 97 132 0.022347184 
238 318 106 117 0.022118775 
439 483 30 37 0.022020388 
588 304 23 27 0.021900963 
581 286 23 28 0.021407112 
512 340 21 25 0.021274196 
620 317 22 28 0.020950738 
100 621 33 39 0.020841308 
421 442 27 33 0.020502664 
491 284 23 29 0.020483283 
-25 1115 138 226 0.020469002 
550 336 21 25 0.020441636 
794 282 28 33 0.02041254 
249 348 28 34 0.020304888 
343 347 28 33 0.020172777 
687 279 22 27 0.02007747 
443 279 24 29 0.020072477 
