14_Traffic_Traffic_14_380
270
296 231 84 90 0.9908262 
917 276 74 92 0.9171987 
768 116 24 30 0.55861986 
710 225 48 53 0.4867275 
484 449 73 79 0.21537259 
45 168 25 31 0.19064274 
646 195 36 44 0.15443468 
493 186 21 27 0.11064553 
539 197 26 30 0.10920046 
204 180 22 29 0.093837716 
178 204 39 55 0.09287996 
183 176 23 29 0.084911235 
228 179 19 24 0.08469595 
453 424 120 131 0.084003896 
642 181 24 28 0.07950359 
464 211 22 28 0.076379314 
691 578 77 93 0.07611005 
460 179 19 22 0.07418214 
510 203 22 27 0.07339076 
35 177 21 26 0.072060265 
950 142 25 31 0.07117021 
105 176 22 27 0.071048535 
618 159 24 29 0.07099629 
508 183 21 25 0.06884177 
332 243 55 61 0.067519665 
238 202 21 28 0.06664896 
188 191 39 53 0.06480305 
278 224 66 82 0.06477591 
126 157 20 24 0.06399914 
678 539 78 96 0.06383791 
251 203 22 29 0.060300518 
903 231 76 103 0.058324885 
155 179 20 27 0.058052357 
969 122 21 30 0.05765945 
867 99 21 26 0.05644895 
554 196 28 33 0.055490818 
459 159 19 23 0.05386381 
103 204 23 31 0.0530222 
231 192 34 47 0.05227669 
746 124 20 28 0.05163827 
918 318 35 45 0.050377946 
897 387 30 36 0.05020339 
894 294 68 86 0.05015732 
924 133 22 28 0.04941239 
440 180 17 22 0.048499264 
935 297 44 55 0.047467273 
233 162 17 22 0.046167392 
489 190 31 42 0.04599633 
443 157 17 21 0.04593312 
186 162 19 22 0.045537483 
442 392 94 100 0.045511156 
168 162 54 72 0.045470923 
934 245 50 69 0.044701412 
2 154 18 22 0.044452414 
599 428 73 81 0.04443253 
261 237 41 56 0.04338715 
411 183 20 26 0.042563234 
820 157 23 29 0.041873142 
105 155 21 26 0.041418042 
795 174 23 30 0.040952254 
179 230 40 56 0.040208787 
221 173 31 42 0.040005233 
30 198 22 29 0.039881337 
929 74 19 24 0.039562084 
589 129 20 24 0.03944086 
220 207 41 60 0.03915456 
728 251 67 78 0.03899892 
797 159 21 27 0.038296606 
719 382 24 33 0.038266376 
717 107 19 25 0.03796206 
639 160 23 27 0.037286006 
979 106 20 27 0.036983836 
127 172 21 27 0.03698041 
501 178 35 41 0.03693018 
275 226 30 41 0.035300516 
565 415 74 90 0.035237852 
507 212 37 49 0.035142176 
770 145 23 30 0.03488763 
619 164 35 42 0.033768263 
973 222 34 49 0.033597946 
102 220 25 33 0.033299934 
83 152 19 25 0.033141166 
927 315 58 76 0.033014476 
157 160 17 21 0.032878652 
898 100 19 23 0.0328767 
697 159 20 24 0.032620497 
991 165 24 35 0.032546077 
525 183 53 62 0.03229242 
897 196 45 54 0.032016937 
203 160 18 21 0.031959243 
847 126 21 26 0.031911775 
640 210 38 45 0.03178125 
258 192 63 87 0.031767074 
928 102 19 23 0.03169577 
37 159 18 23 0.03162182 
724 124 20 25 0.031368162 
977 152 22 30 0.031174893 
323 263 42 50 0.031081483 
735 209 62 72 0.030643659 
175 299 24 31 0.030551558 
429 314 34 43 0.030347027 
624 379 75 83 0.030320238 
615 300 61 82 0.030211942 
661 196 61 72 0.030188972 
152 172 34 44 0.030152598 
661 182 25 30 0.030081412 
797 105 19 24 0.030040616 
902 281 24 32 0.029992053 
436 313 21 28 0.029796382 
605 468 75 88 0.029675081 
627 170 55 64 0.029576413 
901 131 21 26 0.029543012 
763 222 25 32 0.029516837 
349 261 63 73 0.029447868 
823 130 20 25 0.029265337 
211 221 57 80 0.029175237 
444 457 66 79 0.029056149 
916 133 36 45 0.029040175 
977 156 34 50 0.028997473 
411 198 23 30 0.028729476 
740 206 27 32 0.02871415 
919 179 25 29 0.028681321 
939 278 35 44 0.028676156 
919 282 30 38 0.028637106 
710 374 75 96 0.028558249 
258 183 19 23 0.02850875 
765 205 24 30 0.028497163 
197 215 28 39 0.02848826 
116 152 34 41 0.028367281 
298 490 61 71 0.028156655 
264 224 25 35 0.028146021 
718 157 20 25 0.028036352 
658 221 27 34 0.027811611 
417 302 56 68 0.027762268 
736 242 31 35 0.02772826 
31 156 48 58 0.02755326 
499 186 53 63 0.027535537 
873 84 21 26 0.0272378 
747 148 21 27 0.02719942 
198 428 79 107 0.027194703 
795 255 25 33 0.027026247 
693 222 45 52 0.02667592 
912 182 66 79 0.026570626 
746 282 26 33 0.02650764 
852 108 20 23 0.026482243 
855 275 67 88 0.026187556 
569 272 72 88 0.02590242 
819 169 25 33 0.02587853 
529 212 40 51 0.025734449 
787 247 40 54 0.02572369 
731 579 75 88 0.025661744 
607 251 62 76 0.025486942 
948 250 28 35 0.025458438 
688 175 23 29 0.025218735 
903 299 24 31 0.025188908 
153 200 22 29 0.025083024 
507 299 24 30 0.024905518 
143 177 59 77 0.024897385 
454 172 33 41 0.024853108 
611 342 77 92 0.024845056 
440 324 158 162 0.024811525 
756 105 44 58 0.024513006 
558 182 25 30 0.02445926 
442 405 50 61 0.024443058 
741 80 19 23 0.024332553 
618 252 29 35 0.02431256 
419 421 71 85 0.024255661 
229 220 24 35 0.024233699 
867 125 23 29 0.024190383 
656 581 67 83 0.024156699 
280 206 22 29 0.02413735 
899 147 23 29 0.024037898 
946 78 18 21 0.023990298 
896 272 43 58 0.02389058 
635 303 74 93 0.023883576 
393 410 131 142 0.023841208 
694 103 19 24 0.023794057 
895 246 130 180 0.023773998 
663 156 21 24 0.02371445 
385 286 19 26 0.02371195 
207 163 54 69 0.023614628 
616 233 24 31 0.023580689 
654 347 70 90 0.023562118 
259 126 18 23 0.023558838 
894 79 19 25 0.023534017 
622 334 23 33 0.023486495 
567 377 74 89 0.02340722 
573 327 77 99 0.023358753 
178 158 36 44 0.023358705 
505 419 68 81 0.02330168 
543 448 71 84 0.023270985 
178 282 25 32 0.023246264 
149 221 73 87 0.023161296 
539 157 20 23 0.023100633 
437 131 17 21 0.022992512 
485 484 79 94 0.022832906 
557 294 40 50 0.022766348 
569 429 24 30 0.022744182 
371 212 40 55 0.022724343 
28 185 35 47 0.022639358 
132 205 21 27 0.022586195 
262 156 16 22 0.02253141 
541 301 23 30 0.022509787 
563 420 41 50 0.022473898 
697 475 70 87 0.022445828 
934 125 50 62 0.022389011 
383 225 22 31 0.022368534 
651 513 75 95 0.022357058 
613 409 111 133 0.022331199 
178 187 66 85 0.022314891 
462 278 22 27 0.022260468 
714 256 45 55 0.022255264 
280 152 20 25 0.022243947 
668 251 23 30 0.022176865 
491 255 63 75 0.022130309 
912 397 28 34 0.022111818 
883 157 70 83 0.022101218 
564 154 21 25 0.022098161 
707 427 82 99 0.022090863 
790 124 20 26 0.02200702 
462 374 71 76 0.021857694 
197 248 29 39 0.021833718 
533 342 38 49 0.021755045 
633 333 25 33 0.021727784 
750 108 19 25 0.021722049 
394 429 64 81 0.021676911 
633 255 27 32 0.021662103 
645 151 68 78 0.021634208 
283 152 81 94 0.021626074 
913 91 82 105 0.021562401 
484 162 106 129 0.021509781 
3 209 20 27 0.021418175 
226 259 42 56 0.021363482 
324 472 77 96 0.021305667 
447 190 52 67 0.021141073 
770 84 19 22 0.021137975 
329 195 76 102 0.021031434 
3 308 23 31 0.02102375 
548 210 44 53 0.020976393 
890 94 35 44 0.020909457 
868 175 108 131 0.02086524 
227 249 28 38 0.020863798 
414 155 17 21 0.020855749 
716 207 29 35 0.020843208 
418 266 145 174 0.02079707 
989 226 26 36 0.020737821 
739 382 81 97 0.020678684 
379 300 20 27 0.020650912 
894 137 39 51 0.020621955 
2 0 25 29 0.020594513 
966 248 25 33 0.0205554 
405 318 38 49 0.020504331 
640 474 75 92 0.020493846 
456 482 25 32 0.020450542 
868 146 27 36 0.020427467 
535 391 129 144 0.02031303 
1 224 20 27 0.020305615 
366 181 61 76 0.020284776 
622 202 21 26 0.020258408 
403 177 36 46 0.020226974 
434 338 75 79 0.020206345 
768 475 88 94 0.020159865 
690 153 33 41 0.02014245 
670 424 75 90 0.020118633 
225 152 33 42 0.020088358 
286 437 73 87 0.020086365 
370 276 36 44 0.020084964 
109 134 19 24 0.020079447 
93 156 51 63 0.020048734 
511 284 24 31 0.02000871 
