14_Traffic_Traffic_14_834
205
370 141 42 51 0.17161036 
583 52 26 31 0.15087712 
825 439 20 24 0.13890216 
860 208 18 22 0.114908494 
741 464 18 21 0.1108875 
802 358 17 21 0.0959089 
419 286 19 22 0.09220517 
687 434 17 20 0.091830805 
842 378 17 21 0.090576164 
990 206 21 27 0.08390508 
419 308 19 22 0.083481945 
679 435 17 21 0.07825843 
383 171 29 34 0.07574978 
648 132 21 25 0.07117554 
635 443 20 24 0.06523595 
796 403 18 22 0.05953726 
798 485 19 22 0.05542378 
827 383 16 19 0.054771084 
727 204 18 22 0.05338369 
843 370 18 21 0.053364735 
2 115 21 31 0.05246696 
692 382 16 21 0.05236666 
725 355 18 22 0.051988263 
820 365 16 20 0.050253242 
697 419 17 21 0.049973823 
380 288 17 21 0.04678181 
738 206 18 23 0.04672852 
185 328 17 21 0.046268307 
383 303 16 19 0.04601728 
694 366 17 21 0.045777854 
723 341 19 23 0.044451907 
673 416 18 22 0.04415966 
728 460 17 20 0.04391917 
878 385 18 22 0.043618955 
738 229 17 21 0.043608773 
714 413 15 20 0.043421913 
867 247 156 203 0.042944305 
383 198 22 26 0.04269058 
823 409 18 22 0.042625133 
672 331 18 21 0.04261783 
991 363 22 29 0.04232544 
643 364 17 21 0.04232409 
795 468 17 21 0.042307425 
565 261 18 21 0.041221123 
903 358 18 21 0.041206434 
800 389 18 21 0.04107463 
596 335 17 20 0.040756598 
729 234 16 20 0.04003965 
847 476 24 32 0.039933093 
618 328 16 20 0.039877024 
690 33 23 26 0.039858658 
589 283 16 20 0.03895295 
-1 283 17 26 0.038712684 
774 465 15 20 0.038124386 
432 286 18 23 0.037789334 
979 362 23 27 0.037774168 
690 458 17 21 0.037396718 
334 214 19 24 0.037102774 
872 340 18 21 0.03687227 
918 361 18 20 0.03677129 
824 456 18 24 0.036559615 
588 355 17 21 0.03629015 
853 336 17 20 0.036252044 
969 259 23 28 0.03616182 
257 157 23 28 0.03606915 
675 456 18 22 0.035804696 
695 301 16 20 0.035686754 
391 465 21 27 0.035465814 
930 332 18 21 0.03526048 
695 287 17 20 0.03519809 
460 329 16 20 0.034910914 
697 262 16 18 0.0346727 
458 260 18 23 0.034616325 
7 0 26 28 0.034361128 
412 300 32 38 0.03388967 
697 233 15 19 0.033815816 
894 335 19 22 0.03379444 
635 453 20 25 0.033201788 
516 179 22 28 0.033135563 
840 437 19 23 0.033061605 
972 307 18 23 0.032998346 
748 440 17 20 0.032963812 
416 328 18 21 0.03295235 
949 333 18 22 0.032722857 
955 364 20 22 0.032394815 
721 260 17 20 0.03186132 
699 486 18 21 0.031818464 
767 442 16 20 0.031642634 
797 437 17 21 0.030999226 
419 127 22 28 0.030776551 
596 236 17 20 0.030756354 
591 391 19 24 0.030527221 
851 176 18 22 0.030493144 
721 439 15 19 0.030477483 
404 229 19 23 0.030341271 
77 326 17 21 0.03021871 
798 510 19 24 0.029923003 
896 282 22 24 0.029878497 
618 317 17 20 0.029768838 
876 357 17 22 0.029674752 
438 330 18 21 0.029488426 
851 259 19 23 0.029448753 
647 43 44 48 0.029420406 
720 388 17 21 0.029371575 
697 210 17 22 0.02936039 
394 229 21 25 0.028984496 
135 303 17 20 0.0289256 
823 232 17 22 0.028575972 
641 381 18 22 0.028514009 
572 361 17 21 0.02843301 
676 430 29 37 0.028431067 
764 289 19 22 0.02824782 
571 277 18 23 0.02808508 
674 385 17 21 0.027994515 
460 318 17 22 0.02770363 
411 281 32 39 0.02748233 
644 412 19 22 0.027429083 
665 484 18 22 0.02735976 
822 486 18 23 0.02688579 
897 301 21 24 0.026827738 
870 258 17 21 0.026795255 
944 380 20 24 0.026729167 
824 337 16 19 0.026727043 
739 356 18 22 0.026242819 
769 185 19 25 0.026122287 
764 304 17 22 0.026058061 
383 334 16 20 0.025976446 
992 492 20 25 0.025711035 
639 336 16 19 0.025658289 
693 339 16 20 0.025640251 
873 234 101 120 0.02560693 
718 491 19 23 0.025458856 
365 288 17 20 0.025446126 
846 411 17 21 0.02528847 
342 336 17 21 0.025200825 
894 226 18 23 0.02519363 
741 340 18 21 0.024999188 
977 228 21 26 0.02499445 
650 178 20 25 0.02499388 
694 517 21 25 0.02492757 
110 338 17 19 0.024898369 
746 184 20 24 0.02485936 
851 307 17 22 0.024560837 
718 506 20 23 0.02418991 
433 310 18 22 0.024145477 
929 387 20 23 0.024072118 
545 332 18 21 0.023928031 
744 513 18 22 0.023898458 
442 258 18 22 0.023883015 
624 438 22 26 0.023881637 
613 237 16 20 0.023856299 
410 122 37 48 0.023829008 
874 407 19 23 0.023826808 
770 515 19 25 0.023717236 
834 371 29 35 0.023587655 
776 54 137 159 0.023532866 
949 224 20 23 0.023501763 
624 361 17 20 0.02339224 
900 210 19 25 0.023376256 
518 149 21 26 0.02337105 
429 126 22 28 0.023054179 
340 261 18 21 0.022767812 
618 260 16 19 0.022738272 
773 199 18 22 0.02269268 
747 256 17 21 0.022552961 
775 235 16 21 0.022466268 
438 203 17 21 0.022434475 
670 362 16 21 0.022434186 
538 314 18 21 0.022380993 
377 134 25 29 0.022234553 
-64 526 355 356 0.022148745 
820 453 33 42 0.022001687 
923 213 20 24 0.021933801 
666 30 24 27 0.021933032 
847 541 23 30 0.021872008 
202 0 23 26 0.021867724 
641 150 19 23 0.021826556 
499 410 19 23 0.021784555 
368 148 26 33 0.021776356 
589 404 21 25 0.021749455 
778 484 18 22 0.02173591 
536 390 19 22 0.021734813 
818 373 30 35 0.021549894 
596 314 16 19 0.021474168 
769 391 16 19 0.021306701 
517 133 23 28 0.021129208 
797 341 17 21 0.02111625 
879 233 17 21 0.020909093 
381 102 20 24 0.02086716 
76 22 27 28 0.020829983 
772 408 17 21 0.02080572 
594 256 16 20 0.020706698 
356 262 16 20 0.020668171 
876 285 19 22 0.020627264 
184 318 17 21 0.020604068 
923 309 20 22 0.020534325 
771 258 16 20 0.020418474 
282 315 18 21 0.020410381 
820 509 19 25 0.020358521 
746 538 22 26 0.020346116 
792 475 32 39 0.020332988 
405 461 19 24 0.020326858 
536 231 19 23 0.020251686 
773 357 16 19 0.020164818 
808 449 73 86 0.020020075 
