14_Traffic_Traffic_14_654
29
450 345 99 122 0.98174405 
863 113 73 82 0.057790805 
487 332 101 121 0.04495094 
841 579 159 214 0.044782564 
612 10 234 283 0.03708244 
170 206 29 38 0.033678442 
414 23 30 38 0.02990124 
9 197 29 40 0.029838024 
-1 793 199 273 0.02856872 
529 287 82 109 0.027065575 
414 9 29 35 0.026560294 
175 202 179 204 0.025534257 
766 617 214 273 0.025527863 
171 230 28 36 0.025139125 
550 340 37 48 0.024966417 
825 97 104 147 0.02430399 
766 117 152 206 0.02355591 
884 260 111 141 0.022672737 
55 230 71 78 0.022385836 
892 142 68 75 0.021991467 
412 276 166 206 0.021360343 
206 109 28 34 0.02106485 
180 432 199 180 0.021017553 
862 130 39 49 0.020947287 
325 227 88 102 0.020857023 
202 305 203 218 0.020505238 
97 1114 109 121 0.02011994 
725 709 240 299 0.020084105 
300 329 116 134 0.02003655 
