14_Traffic_Traffic_14_504
63
338 102 55 70 0.8442149 
786 247 31 38 0.7574364 
597 145 345 418 0.074221514 
370 66 287 351 0.07042468 
-1 109 70 89 0.06155183 
346 121 63 79 0.05626676 
307 97 41 59 0.05467605 
792 238 26 31 0.04237592 
316 79 24 31 0.03827342 
136 85 56 65 0.037978128 
355 131 37 48 0.035843875 
325 71 29 39 0.03560359 
953 332 23 30 0.035411265 
247 239 181 181 0.0332574 
462 69 352 431 0.033113644 
242 280 95 111 0.032848425 
1 -5 59 71 0.03253391 
293 114 64 84 0.031287167 
370 157 42 55 0.031252444 
374 119 28 39 0.031213686 
57 180 84 91 0.031073578 
762 432 27 38 0.030430399 
122 56 65 72 0.02982851 
245 118 279 291 0.029095255 
213 144 50 54 0.027584655 
166 106 43 59 0.027184159 
329 97 39 54 0.027183041 
156 538 27 30 0.027126037 
746 386 24 31 0.026342973 
74 268 26 32 0.026290104 
747 437 46 61 0.025857205 
320 72 45 63 0.025787631 
429 244 44 56 0.025627937 
195 174 80 91 0.025570832 
202 161 54 57 0.025388945 
432 211 45 54 0.025224045 
325 290 65 87 0.02503956 
48 130 75 84 0.024809564 
227 243 85 97 0.024796396 
60 220 79 88 0.024726512 
807 479 42 53 0.024213275 
981 300 20 27 0.023922464 
36 206 126 151 0.02381736 
774 203 23 31 0.023568723 
378 151 25 34 0.023359308 
453 206 48 55 0.023352671 
191 190 166 177 0.023019435 
284 299 79 96 0.022850981 
261 223 49 59 0.022656573 
973 286 34 51 0.022627333 
215 92 48 53 0.022260407 
848 249 24 32 0.022247275 
254 184 62 79 0.021948684 
106 535 23 28 0.021876462 
819 301 37 46 0.021783367 
406 214 40 50 0.021750186 
39 197 211 266 0.021362174 
816 322 42 54 0.021293497 
361 95 43 61 0.021011725 
412 141 184 216 0.020991985 
200 95 41 51 0.020812051 
23 489 102 93 0.020640926 
122 250 150 158 0.020142844 
