14_Traffic_Traffic_14_267
112
156 440 20 26 0.27119544 
234 468 20 26 0.24148679 
162 453 21 28 0.21737486 
317 416 20 24 0.11268587 
705 340 41 50 0.08139433 
209 481 19 25 0.07532675 
174 459 20 26 0.07333016 
72 453 22 31 0.07096318 
71 440 21 28 0.0649236 
210 466 20 26 0.05989203 
101 481 23 32 0.05774111 
75 480 24 33 0.05647551 
29 428 21 27 0.05513407 
54 380 17 21 0.051624216 
90 469 39 53 0.048621967 
60 437 22 30 0.046562206 
178 438 19 24 0.04520509 
524 353 21 26 0.044930395 
100 462 20 28 0.043118298 
255 433 18 23 0.04161148 
205 472 33 43 0.039330177 
670 228 23 26 0.038294993 
343 334 19 23 0.0381154 
3 233 18 25 0.037971847 
183 486 20 25 0.03794557 
279 456 22 28 0.037897434 
201 324 22 29 0.036751214 
134 363 19 26 0.036600895 
154 515 22 29 0.036138643 
58 446 32 45 0.036006834 
80 505 24 32 0.03561434 
391 313 21 26 0.03429428 
181 556 22 28 0.033744194 
60 440 48 72 0.032589834 
-63 504 366 367 0.032136686 
148 528 24 31 0.031565882 
281 441 18 23 0.031336512 
58 484 23 29 0.031226804 
131 462 18 24 0.0307979 
51 508 21 28 0.03018099 
516 338 19 23 0.030105414 
254 415 19 24 0.029957227 
662 344 65 85 0.029949037 
77 531 22 28 0.029597329 
128 485 22 28 0.029546233 
145 437 48 61 0.029347057 
570 177 22 26 0.029305942 
417 354 22 26 0.028610153 
683 403 22 29 0.028576327 
234 387 24 28 0.028505724 
210 459 52 65 0.028358107 
74 411 17 23 0.02816785 
24 419 35 45 0.02812679 
205 560 21 27 0.02760423 
315 427 19 25 0.027138522 
620 428 23 29 0.027012259 
51 536 22 28 0.026764113 
157 336 21 26 0.026744967 
637 224 21 25 0.026585193 
83 587 24 33 0.026358204 
659 220 37 43 0.026023518 
169 436 32 41 0.025894208 
638 212 20 24 0.025608107 
58 412 18 24 0.025216192 
109 534 22 29 0.025201498 
100 507 24 32 0.025161244 
105 458 57 76 0.024835225 
136 492 56 71 0.024781134 
508 509 186 228 0.024679812 
326 413 19 24 0.02451214 
81 561 22 28 0.02439059 
6 380 19 27 0.024333585 
156 483 20 26 0.0242541 
178 473 35 44 0.024186173 
125 557 24 30 0.024101945 
-201 319 682 713 0.023939349 
252 458 21 27 0.023830246 
169 459 58 73 0.023789294 
405 314 20 24 0.02370869 
60 383 127 143 0.02344777 
621 225 19 24 0.023405194 
503 297 72 89 0.022871558 
698 352 27 33 0.022527393 
389 325 21 25 0.022302948 
210 584 20 26 0.022166308 
281 387 20 24 0.022163277 
530 333 33 44 0.022088936 
106 558 22 29 0.022061693 
907 132 75 91 0.02205832 
297 496 41 50 0.02197581 
206 433 19 23 0.021679765 
430 355 18 23 0.021639092 
64 406 31 43 0.021629239 
52 368 18 21 0.0215031 
192 475 63 78 0.021397647 
538 338 21 26 0.021391535 
610 190 75 88 0.021389278 
627 359 75 94 0.021170761 
445 329 284 400 0.021097831 
224 489 39 51 0.021061907 
209 503 21 30 0.020897163 
495 305 18 22 0.020795312 
739 228 18 23 0.020766241 
340 384 19 22 0.020692008 
103 432 19 24 0.020656964 
182 506 19 26 0.020596784 
293 519 44 56 0.020550234 
242 476 34 44 0.02031776 
237 438 19 23 0.02016325 
123 453 36 49 0.02012597 
696 462 136 202 0.020063225 
200 550 33 44 0.02005602 
