14_Traffic_Traffic_14_361
51
461 316 18 22 0.08416716 
843 306 17 19 0.041627333 
745 533 354 366 0.038227245 
387 305 19 22 0.033732377 
328 358 21 25 0.03371236 
591 258 18 22 0.033523906 
496 288 17 21 0.03271501 
843 290 18 21 0.032026716 
416 276 20 23 0.031909868 
719 236 19 23 0.030761173 
794 384 25 32 0.030703811 
666 108 21 25 0.030550102 
409 313 17 22 0.029673653 
435 278 19 23 0.02921553 
794 371 57 74 0.02819079 
328 339 18 23 0.027156983 
623 353 23 26 0.026938075 
793 233 20 25 0.026882924 
408 211 19 24 0.026572682 
365 306 19 21 0.026125558 
826 402 23 28 0.025824614 
990 300 22 32 0.025305422 
674 250 18 21 0.0251329 
878 286 15 19 0.024168052 
564 326 689 725 0.02383719 
316 467 380 396 0.023811983 
467 285 16 20 0.023806462 
523 522 367 358 0.023784662 
675 239 20 24 0.023707798 
446 313 17 21 0.02297616 
493 305 17 21 0.02259978 
644 309 20 24 0.022491926 
386 279 19 24 0.022092203 
597 181 21 25 0.022072442 
408 333 20 22 0.022025412 
539 187 21 26 0.021408407 
586 306 17 20 0.021282354 
872 312 16 19 0.021258742 
490 336 19 22 0.021112662 
592 234 19 25 0.020920813 
795 363 22 28 0.020815672 
509 281 16 21 0.020730568 
721 253 18 21 0.020509282 
549 257 18 22 0.02047377 
687 236 18 22 0.020362921 
830 307 18 22 0.020298418 
839 407 19 23 0.020214442 
549 236 18 22 0.020203173 
571 106 138 160 0.020160293 
305 237 19 23 0.020140927 
898 287 16 19 0.02003464 
