14_Traffic_Traffic_14_675
102
597 354 100 117 0.6829066 
384 388 92 136 0.3649189 
751 489 70 79 0.17538753 
780 491 71 82 0.07763993 
589 -4 79 96 0.063481554 
362 20 87 93 0.051469237 
660 791 92 102 0.050786767 
742 475 136 125 0.049411964 
835 815 54 59 0.049304884 
892 531 42 56 0.040241513 
690 764 73 92 0.037833747 
550 138 64 75 0.035856456 
575 342 22 26 0.035613753 
684 715 80 95 0.03504156 
332 38 131 132 0.034768347 
574 169 27 33 0.034434136 
688 176 170 179 0.03337383 
535 459 60 74 0.031395376 
723 255 29 39 0.03111762 
482 320 134 155 0.030762281 
407 323 135 184 0.030328764 
318 12 66 94 0.030124972 
677 295 60 102 0.0301079 
628 692 77 90 0.030073397 
281 23 123 120 0.029769843 
662 125 90 92 0.029371986 
556 298 128 161 0.02918141 
695 333 74 107 0.029132053 
690 20 175 185 0.028977517 
722 383 147 153 0.028806763 
213 17 127 117 0.02869684 
681 267 172 162 0.027763505 
659 706 48 54 0.027623456 
519 350 153 171 0.027324986 
644 664 84 85 0.027243612 
626 356 52 73 0.027072525 
634 708 149 171 0.026938526 
920 817 44 52 0.026937263 
550 211 22 27 0.026925923 
851 808 83 85 0.02678484 
35 895 159 131 0.02673633 
944 832 49 57 0.026658602 
726 243 58 85 0.026602821 
496 388 93 109 0.026407456 
724 777 133 137 0.026403926 
794 787 117 124 0.026162589 
610 235 93 118 0.025889182 
571 346 34 45 0.025871865 
588 355 22 26 0.025259327 
640 733 42 52 0.02517884 
17 798 164 174 0.025158508 
400 447 62 84 0.025134673 
611 635 84 95 0.024763752 
874 522 45 57 0.024746174 
635 267 115 161 0.024693158 
659 213 117 145 0.024497537 
624 358 25 30 0.02437637 
682 367 126 141 0.024348635 
855 858 97 91 0.024008753 
670 2 27 29 0.023925213 
584 10 49 58 0.023923382 
750 150 170 188 0.023882026 
983 227 22 28 0.02344462 
651 723 25 30 0.023438338 
795 848 100 100 0.023425858 
677 137 43 53 0.023412524 
538 366 24 32 0.023177614 
2 615 42 60 0.02313655 
727 776 69 88 0.022927877 
670 721 24 29 0.02285313 
576 388 80 91 0.022811642 
687 216 282 267 0.022686388 
681 816 53 63 0.022662813 
572 155 26 31 0.022612268 
816 508 129 148 0.022537934 
5 505 153 220 0.022483319 
851 519 44 55 0.022461278 
35 649 242 306 0.022158353 
504 183 77 87 0.022151608 
615 640 135 137 0.022066524 
690 677 72 81 0.021917587 
538 216 131 161 0.021657918 
937 862 55 57 0.021610644 
727 180 25 32 0.021499442 
2 899 27 44 0.021206966 
541 421 91 109 0.021151643 
714 465 80 94 0.020973975 
453 832 159 131 0.020881178 
227 1 89 81 0.02073443 
748 487 32 38 0.020709459 
640 331 69 117 0.020694636 
-5 833 76 114 0.020670386 
785 518 105 109 0.0206696 
861 950 101 90 0.02062189 
730 735 46 53 0.020607868 
681 126 24 30 0.020576542 
572 340 63 77 0.020494364 
627 431 54 65 0.020343507 
697 152 24 31 0.020227857 
325 53 45 69 0.020179203 
454 297 86 114 0.020121768 
686 352 47 84 0.02005695 
