14_Traffic_Traffic_14_728
34
304 77 46 59 0.9797117 
2 97 41 57 0.7645568 
893 70 40 54 0.65378356 
706 90 32 45 0.33167413 
862 122 35 50 0.15661882 
694 96 30 39 0.13253154 
689 111 33 42 0.09220055 
910 71 36 45 0.092170775 
8 105 55 77 0.08790207 
68 639 26 29 0.067307316 
715 82 26 37 0.058486566 
893 51 68 88 0.058483373 
132 505 377 377 0.043170273 
904 92 54 70 0.041594014 
852 129 27 37 0.03569634 
758 510 337 378 0.03345086 
33 129 46 58 0.030986723 
727 91 31 44 0.02941471 
691 79 27 36 0.027148543 
579 119 40 42 0.02700087 
877 83 57 80 0.026486104 
709 109 31 42 0.026070211 
983 94 33 49 0.025389273 
-57 462 327 406 0.02380468 
-1 292 684 725 0.023721287 
511 521 378 357 0.023338152 
936 102 48 62 0.022839896 
574 318 669 731 0.022540737 
118 432 52 80 0.021988465 
598 120 42 46 0.021945758 
928 88 44 55 0.02173763 
330 495 378 366 0.021648787 
880 75 24 33 0.020958222 
971 103 36 54 0.020823125 
