38_Tennis_Tennis_38_535
383
638 306 23 28 0.88060176 
896 477 24 29 0.77831024 
192 331 21 25 0.7416125 
355 309 19 24 0.67021567 
465 260 22 27 0.5832892 
581 302 20 25 0.5705149 
711 311 22 28 0.5684138 
815 461 24 30 0.5671922 
128 457 23 29 0.5516002 
507 310 21 25 0.5402111 
658 460 23 29 0.48859015 
590 425 22 27 0.47763896 
775 302 27 34 0.47567025 
263 390 19 25 0.4488983 
405 313 22 28 0.44406873 
204 430 19 25 0.4211261 
326 385 20 25 0.41343626 
428 455 20 25 0.4057198 
490 311 21 26 0.4037161 
507 478 20 24 0.37391958 
369 404 20 25 0.36790812 
366 510 20 24 0.35904992 
516 417 20 26 0.34817722 
764 426 21 26 0.26872513 
377 456 20 25 0.2583086 
391 313 22 26 0.25071108 
644 412 20 26 0.24413015 
287 460 19 25 0.23808633 
175 280 17 22 0.22815569 
670 276 19 25 0.20133272 
463 418 18 23 0.19879445 
44 448 24 33 0.19709146 
292 303 18 23 0.19672929 
138 412 20 26 0.18949677 
149 307 19 24 0.18801601 
714 409 20 29 0.18624444 
236 309 18 24 0.18250291 
278 389 19 25 0.1765025 
464 428 18 23 0.16827968 
550 465 19 25 0.16744043 
546 249 19 25 0.1607383 
377 409 18 23 0.15276232 
1 509 26 39 0.14999823 
241 285 17 22 0.14909548 
301 311 17 22 0.14483632 
433 441 19 24 0.13676189 
205 417 20 25 0.12929596 
439 412 18 24 0.12824066 
866 322 23 28 0.12822795 
287 290 17 22 0.12761629 
768 416 21 27 0.12577045 
215 386 19 23 0.12550479 
641 288 22 26 0.12320982 
348 309 17 22 0.12084132 
623 253 18 22 0.11864558 
140 305 20 25 0.11852042 
589 289 19 25 0.118458435 
563 416 18 23 0.1173435 
677 363 18 25 0.11543114 
868 544 21 27 0.11319725 
147 415 19 25 0.11263292 
420 443 17 22 0.11107668 
226 386 18 23 0.11060688 
738 274 20 25 0.110528104 
329 460 19 23 0.10967055 
480 323 20 26 0.1096077 
749 425 22 28 0.10866831 
744 263 18 24 0.10825791 
288 335 18 23 0.10642113 
260 409 18 24 0.106337406 
671 437 21 24 0.1054477 
362 393 20 25 0.104626685 
539 388 18 23 0.10343226 
468 381 17 22 0.10025701 
666 264 19 24 0.09759877 
568 287 19 25 0.0938153 
391 324 21 26 0.093575 
612 407 18 23 0.09108919 
365 493 21 25 0.09064969 
508 209 20 24 0.09058673 
469 273 20 25 0.089845315 
364 289 17 21 0.08975685 
165 282 19 23 0.08908256 
315 410 19 25 0.08879133 
411 200 19 24 0.08793778 
368 439 19 25 0.08574994 
441 326 18 24 0.08507542 
313 257 17 22 0.083039954 
250 282 18 22 0.08271228 
37 452 20 27 0.08147917 
472 313 19 25 0.081285976 
332 252 17 23 0.081010826 
645 388 18 23 0.079711325 
187 435 19 25 0.077861205 
566 430 19 24 0.077430665 
303 330 18 23 0.07707418 
437 310 18 24 0.076755874 
640 254 18 24 0.076180585 
472 325 20 27 0.07534605 
617 392 18 23 0.075053856 
338 439 18 22 0.07487088 
440 286 17 23 0.07248252 
565 386 17 22 0.07095536 
686 365 19 24 0.0709113 
626 306 20 26 0.070715606 
382 441 19 23 0.07065221 
806 461 21 26 0.0703854 
230 429 19 24 0.069592394 
286 406 19 24 0.06930279 
496 465 19 24 0.06860386 
560 252 19 24 0.068558015 
544 240 18 23 0.06804778 
152 459 20 26 0.06718272 
690 379 18 23 0.06676922 
209 314 18 23 0.06455705 
539 409 18 24 0.06422189 
693 433 21 27 0.0640521 
666 411 19 24 0.06395427 
331 407 18 23 0.06382642 
473 363 19 24 0.06368978 
483 382 18 22 0.06324504 
283 255 17 22 0.062799975 
303 514 19 23 0.06241665 
286 508 20 24 0.062276248 
726 279 19 22 0.062128946 
257 428 18 23 0.0621038 
312 281 16 21 0.061742574 
284 358 19 24 0.06161674 
334 284 16 21 0.060505453 
188 412 18 24 0.060062908 
701 410 20 26 0.059906475 
156 432 20 24 0.05917173 
499 483 19 23 0.058814872 
234 415 17 22 0.05860552 
689 283 19 25 0.05860293 
538 360 18 24 0.05848345 
288 438 19 24 0.05831603 
104 227 19 25 0.057581436 
644 428 20 24 0.057137042 
131 390 18 22 0.0569485 
674 382 17 22 0.056469675 
540 307 18 25 0.056002475 
160 257 18 22 0.055999808 
543 333 19 24 0.055987004 
827 280 17 22 0.055790756 
438 389 18 22 0.055765312 
263 330 18 22 0.055689022 
479 358 19 24 0.05531662 
280 485 20 24 0.055133443 
512 324 21 26 0.05501562 
314 365 20 26 0.054791406 
129 277 19 23 0.054578844 
490 412 17 23 0.054274894 
105 412 17 22 0.054131184 
133 437 21 26 0.053766962 
591 386 18 21 0.053043824 
176 454 19 25 0.051436283 
232 327 20 24 0.051166333 
80 411 17 21 0.051131565 
411 383 17 22 0.05049966 
793 256 18 22 0.050019886 
184 314 19 24 0.0499714 
442 260 18 25 0.049881067 
233 361 19 24 0.04964339 
719 388 19 26 0.04939127 
901 274 19 25 0.049289323 
310 430 19 24 0.048962876 
256 313 16 20 0.048962694 
259 465 19 25 0.04894236 
518 388 18 22 0.04887686 
902 265 18 23 0.048816778 
665 305 18 24 0.048415992 
5 415 20 26 0.04838817 
157 336 20 23 0.048175 
721 260 17 22 0.04728897 
387 388 17 22 0.047201898 
207 283 17 21 0.047118817 
384 286 18 23 0.04701667 
154 352 19 24 0.046631277 
483 284 18 23 0.04642269 
329 359 22 27 0.046192322 
699 256 18 22 0.046019368 
333 482 18 23 0.045634948 
927 462 20 24 0.04524617 
183 387 18 24 0.04506186 
790 288 23 27 0.04493418 
236 258 17 22 0.04484813 
333 240 17 22 0.04484762 
415 411 17 22 0.044710916 
620 283 19 24 0.04453153 
465 462 18 22 0.044062495 
382 491 21 25 0.0439095 
817 442 21 26 0.0433042 
77 490 22 28 0.042399902 
340 337 19 25 0.042354703 
3 434 19 25 0.042279407 
259 259 17 21 0.041668683 
553 460 27 35 0.041608684 
312 463 18 23 0.041355576 
769 293 45 54 0.041301206 
57 413 19 23 0.041282054 
231 302 29 38 0.04112947 
202 358 18 23 0.04107141 
178 265 17 21 0.041024055 
797 436 20 25 0.040571325 
260 363 18 23 0.04018726 
547 481 19 24 0.040030736 
282 240 17 22 0.039813958 
130 262 18 24 0.039685227 
828 263 17 21 0.039341595 
853 511 19 23 0.039089207 
856 312 21 27 0.03896683 
382 254 18 23 0.0389101 
770 251 18 23 0.03847517 
640 320 22 28 0.03836291 
488 435 18 25 0.038039695 
746 303 20 27 0.037872665 
479 258 20 25 0.037856374 
702 327 20 25 0.037692033 
790 407 18 24 0.03758765 
360 323 19 25 0.036159348 
541 431 18 23 0.036112327 
107 385 18 23 0.035872236 
106 303 20 27 0.03571888 
415 288 18 22 0.035627495 
778 482 20 25 0.035619922 
731 399 48 63 0.03561389 
237 510 19 24 0.035603583 
366 255 18 23 0.035237804 
714 425 21 27 0.034982804 
207 261 16 20 0.034600694 
868 513 19 24 0.034566913 
491 517 19 24 0.034428682 
518 288 17 23 0.03432655 
21 277 21 31 0.034247786 
992 544 21 29 0.033889063 
948 466 19 23 0.033866264 
236 279 29 36 0.033791404 
312 240 17 21 0.03378173 
189 353 19 25 0.033596147 
519 358 18 22 0.033560894 
390 359 18 23 0.03346901 
103 434 18 23 0.033419836 
260 515 19 23 0.03339255 
741 490 20 25 0.03333377 
845 281 17 20 0.032963924 
613 432 18 23 0.032952785 
540 284 17 23 0.032874856 
690 513 21 25 0.032249402 
587 253 19 23 0.03216923 
566 330 19 25 0.03215399 
376 507 21 25 0.03170224 
565 360 19 24 0.03157626 
843 457 21 27 0.031561352 
234 239 17 22 0.03143484 
877 442 18 23 0.031355914 
2 334 21 30 0.03134446 
770 460 21 26 0.030663509 
409 187 20 26 0.03046539 
691 457 21 26 0.030203452 
480 300 42 52 0.030027539 
797 482 20 26 0.029879158 
915 483 19 24 0.029872209 
106 360 21 26 0.029836684 
753 403 44 57 0.029827356 
84 432 19 23 0.029741412 
712 516 19 23 0.029707832 
79 389 18 24 0.029280921 
314 486 19 23 0.029266218 
439 362 17 22 0.029232634 
162 125 21 24 0.029207665 
231 132 20 24 0.029165782 
7 276 21 34 0.029098691 
664 477 20 25 0.02891313 
237 488 18 24 0.028897323 
113 461 21 27 0.028887756 
855 324 23 29 0.028877493 
263 238 17 21 0.02874707 
589 459 21 26 0.028711902 
159 486 20 25 0.028609138 
563 239 18 21 0.028573427 
207 486 19 23 0.028512368 
258 158 148 174 0.028509118 
507 554 23 28 0.02850022 
977 439 18 21 0.028254757 
692 393 48 61 0.02820488 
512 506 18 23 0.028196098 
361 359 18 23 0.028193904 
238 462 19 23 0.027918994 
743 510 19 24 0.027811822 
558 481 20 25 0.027686099 
489 533 20 24 0.02764722 
210 202 142 169 0.027630275 
671 336 18 23 0.027598921 
675 518 21 25 0.0275905 
569 153 19 22 0.027585814 
774 287 23 28 0.027550552 
131 356 19 24 0.027492153 
879 485 19 25 0.027465431 
621 240 18 23 0.027279813 
417 487 19 23 0.027236324 
691 489 19 24 0.027234113 
436 235 18 22 0.026961854 
27 414 18 23 0.026956256 
415 256 18 23 0.02679287 
264 481 18 23 0.026411368 
741 384 19 24 0.026233502 
875 285 18 20 0.026114343 
777 514 20 24 0.026001615 
973 465 19 23 0.02599909 
592 358 18 24 0.025969878 
100 222 30 42 0.025886273 
126 272 31 42 0.025768708 
409 360 18 23 0.02516718 
125 387 31 41 0.02481851 
381 300 47 57 0.024733495 
849 487 20 25 0.024648037 
880 477 31 39 0.024639877 
466 483 18 23 0.0246336 
954 481 20 25 0.024578847 
800 445 47 60 0.02437925 
154 253 31 39 0.024292829 
843 261 16 21 0.024035428 
820 274 30 38 0.023933712 
180 489 19 24 0.023863345 
439 132 20 24 0.023834461 
333 133 20 25 0.023782004 
720 277 31 37 0.023773655 
462 239 19 23 0.02371314 
748 236 18 23 0.023585532 
874 148 21 25 0.023548763 
628 165 135 162 0.023503361 
867 382 19 24 0.02348094 
686 376 29 39 0.023477506 
641 364 19 24 0.02347587 
386 236 18 23 0.02340299 
594 330 20 24 0.023070332 
415 515 19 25 0.02306873 
515 227 19 23 0.022946484 
768 240 18 22 0.02286431 
618 461 20 25 0.022853969 
774 390 19 25 0.022660183 
105 514 22 27 0.022646902 
876 235 19 23 0.022571582 
209 515 19 24 0.02229407 
392 153 19 23 0.022274142 
356 148 20 25 0.022225142 
75 463 22 28 0.02203024 
976 513 20 26 0.021991313 
719 361 18 23 0.021906253 
99 292 36 46 0.021888586 
980 540 22 28 0.021852402 
106 327 21 28 0.021675223 
35 438 43 56 0.021674156 
498 454 45 54 0.021656282 
386 82 19 23 0.021629632 
843 294 54 66 0.021606157 
895 441 19 24 0.021461243 
927 439 19 24 0.021459378 
156 386 18 22 0.02143553 
434 204 17 22 0.021315444 
210 455 19 25 0.0212517 
618 356 19 24 0.021142587 
465 378 27 36 0.021106478 
713 386 32 43 0.021090731 
674 534 22 26 0.02105825 
440 151 18 22 0.020986428 
417 231 17 23 0.020973846 
618 248 29 38 0.020952519 
365 238 17 22 0.02085906 
713 134 21 25 0.020714846 
107 488 21 25 0.020691363 
877 463 20 25 0.020669792 
620 332 19 26 0.020639617 
217 289 53 66 0.0205438 
640 238 18 24 0.020516966 
142 236 73 89 0.020447724 
109 284 19 25 0.020434802 
643 383 28 38 0.020384828 
130 478 21 28 0.020224115 
341 516 17 21 0.020156736 
849 441 18 23 0.020127509 
434 484 19 24 0.020001765 
