38_Tennis_Tennis_38_452
27
48 116 38 49 0.984287 
909 115 37 48 0.9842716 
616 61 35 47 0.9818658 
807 101 35 47 0.9785114 
280 79 38 48 0.9731117 
396 63 35 46 0.9128899 
510 55 36 47 0.8964941 
190 128 38 48 0.6946735 
723 82 34 44 0.6848269 
320 167 41 56 0.09112885 
1 234 26 38 0.05860793 
520 227 49 52 0.047727935 
420 239 51 65 0.047000125 
408 225 48 53 0.04150612 
443 246 45 60 0.033283968 
853 243 37 46 0.031098183 
913 269 53 50 0.029674107 
614 199 38 48 0.028161032 
713 228 38 43 0.027281314 
563 114 39 48 0.02532489 
919 255 35 40 0.022177786 
970 224 35 49 0.021981716 
313 275 43 52 0.021395557 
718 236 53 56 0.021100685 
586 135 38 48 0.020995433 
913 292 52 53 0.02059839 
119 217 38 53 0.020522697 
