38_Tennis_Tennis_38_142
18
481 130 28 36 0.42958903 
350 195 25 29 0.05678953 
147 187 22 26 0.049563676 
338 185 25 29 0.03665819 
613 202 21 25 0.029847689 
360 154 19 22 0.028160764 
472 139 33 42 0.026022838 
388 153 18 22 0.02404962 
488 393 39 51 0.024035145 
472 131 20 27 0.023543587 
641 202 23 27 0.022638684 
508 130 23 30 0.022593865 
137 191 38 47 0.02246703 
508 148 22 29 0.022182884 
387 187 20 24 0.021755315 
386 106 24 29 0.02172018 
357 107 25 30 0.021678235 
513 292 38 48 0.021395832 
