38_Tennis_Tennis_38_580
88
408 249 24 31 0.86217964 
563 231 24 29 0.7734296 
675 253 25 32 0.6200627 
612 255 24 31 0.6126511 
348 251 25 31 0.51270264 
453 240 24 30 0.4245567 
519 253 26 31 0.41824514 
287 235 26 32 0.26795694 
302 246 26 33 0.16836208 
634 251 24 30 0.133305 
300 233 25 32 0.10430393 
494 202 21 27 0.075472936 
620 236 24 28 0.07438967 
600 256 22 28 0.073233046 
493 256 21 27 0.06832709 
511 234 22 28 0.06356501 
638 232 23 28 0.062638916 
443 244 23 30 0.059949934 
336 235 24 30 0.057122197 
488 279 21 29 0.05642262 
566 247 23 29 0.056179855 
715 287 21 27 0.05383938 
493 231 20 26 0.052753106 
353 237 24 29 0.05267709 
506 201 22 28 0.046888627 
174 354 23 30 0.044424344 
541 30 133 143 0.04366451 
543 228 25 29 0.043628264 
329 238 43 55 0.04172514 
314 205 21 26 0.041038737 
16 497 80 88 0.0400869 
430 304 21 27 0.039220434 
417 272 23 29 0.038402703 
767 403 27 33 0.037347242 
56 421 29 37 0.03704673 
668 233 22 29 0.035352327 
564 209 24 29 0.034865953 
602 245 45 55 0.03473572 
0 485 121 145 0.03456562 
529 307 25 31 0.034444533 
392 254 20 25 0.034138944 
305 277 23 28 0.033676066 
531 324 24 32 0.03350818 
564 275 21 26 0.03346076 
261 208 20 25 0.033304017 
746 524 362 369 0.033006962 
505 246 42 51 0.032906067 
608 275 24 29 0.031739864 
786 401 26 31 0.031448666 
589 229 21 27 0.031142851 
331 203 20 25 0.031012762 
565 88 85 85 0.030027576 
713 298 21 28 0.02876011 
661 241 45 59 0.02831031 
432 280 21 27 0.027672451 
415 180 17 21 0.027406123 
615 205 21 25 0.027292322 
547 123 23 30 0.026980637 
291 232 45 57 0.02621745 
598 279 24 29 0.026208831 
437 207 21 26 0.02598521 
514 271 25 31 0.025919352 
568 303 693 731 0.025907611 
591 205 22 28 0.025632186 
490 306 21 27 0.025265219 
388 230 20 27 0.025049651 
766 281 20 27 0.024992453 
672 271 24 31 0.024903625 
-63 510 349 356 0.024791403 
78 343 71 91 0.024600595 
749 404 22 29 0.02453566 
261 227 20 25 0.02365023 
513 303 49 65 0.023153033 
716 256 20 27 0.023061058 
490 431 20 27 0.023049243 
414 202 19 25 0.02248677 
768 387 24 30 0.022007447 
645 206 20 24 0.021421842 
-215 326 688 715 0.021392312 
126 250 19 28 0.021140471 
390 209 19 25 0.021140028 
31 374 23 35 0.020818103 
359 274 23 28 0.020754542 
340 272 25 31 0.02075018 
596 298 23 28 0.020688776 
383 280 20 26 0.020661725 
43 524 67 76 0.020579098 
764 301 22 31 0.02001891 
