0_Parade_marchingband_1_359
134
731 116 54 61 0.9879802 
162 168 38 48 0.77298236 
862 147 27 35 0.6136906 
606 179 24 32 0.337013 
299 149 27 34 0.3363982 
913 116 24 31 0.2229657 
409 195 18 22 0.13984828 
486 189 17 20 0.11409985 
635 101 25 32 0.10103711 
58 174 22 28 0.08879054 
46 208 24 30 0.084182 
566 234 20 24 0.083737254 
382 203 18 22 0.079575345 
864 128 25 32 0.07940167 
368 205 19 23 0.074878015 
904 109 24 31 0.07027191 
263 201 20 24 0.0678392 
516 237 16 20 0.066087715 
995 126 18 25 0.06580043 
36 205 20 27 0.06431776 
172 187 31 39 0.06199336 
134 203 22 29 0.060115054 
236 196 19 26 0.059515405 
127 176 21 28 0.057961263 
966 249 23 32 0.056317672 
305 173 24 32 0.05622465 
950 128 21 26 0.05585072 
277 203 20 25 0.053800344 
600 197 21 28 0.052700736 
156 186 36 47 0.052284017 
126 157 22 27 0.050151814 
106 198 21 27 0.049554445 
595 169 42 55 0.04880794 
493 234 19 22 0.047408488 
545 102 20 26 0.046558183 
439 203 16 21 0.045861583 
567 206 17 21 0.04562006 
951 151 23 30 0.044880025 
387 186 17 22 0.04425139 
954 104 19 25 0.04321815 
522 206 15 18 0.042822156 
468 203 17 21 0.042393375 
973 121 18 25 0.04220118 
471 187 17 22 0.0420555 
290 28 25 31 0.04181935 
595 128 21 27 0.04081014 
1 226 21 29 0.039744403 
994 147 19 25 0.038871184 
0 210 17 25 0.038784306 
662 196 23 29 0.038744852 
71 178 19 25 0.03792705 
109 185 20 26 0.03729218 
201 177 25 33 0.035308182 
539 207 16 19 0.03491826 
851 128 26 33 0.03477452 
390 155 18 24 0.034756295 
569 180 18 23 0.034707434 
661 181 25 31 0.03419463 
854 320 40 49 0.034137633 
406 183 28 36 0.033406433 
290 42 28 35 0.03329599 
631 107 34 46 0.032771464 
439 186 17 23 0.032550335 
77 204 20 25 0.0323898 
286 179 22 29 0.032337062 
159 252 21 27 0.032231204 
288 138 43 55 0.03221659 
542 232 17 20 0.032204207 
611 156 23 30 0.031607475 
178 32 21 25 0.03118983 
482 258 24 28 0.030822668 
904 95 49 61 0.03069533 
793 233 40 51 0.029684661 
846 97 24 31 0.029319407 
597 154 21 27 0.029309198 
644 179 23 31 0.029226338 
761 203 28 36 0.029048901 
491 158 17 22 0.028936837 
157 225 22 29 0.028803129 
169 156 32 39 0.02876843 
258 187 19 24 0.02839513 
159 155 28 35 0.028159106 
878 224 41 46 0.028048491 
957 80 20 26 0.027973799 
176 162 49 64 0.027905365 
763 219 25 34 0.02782513 
439 153 19 23 0.027653167 
994 109 18 24 0.02731434 
29 181 20 27 0.027111594 
971 172 25 32 0.02683129 
411 230 18 22 0.026296426 
33 191 46 57 0.025241187 
514 187 15 19 0.02516552 
626 102 22 27 0.024911081 
847 79 24 30 0.024848359 
946 96 33 42 0.024822043 
974 153 20 26 0.024787024 
204 199 23 29 0.024650412 
682 164 34 44 0.024501167 
460 155 18 22 0.024473574 
437 47 23 26 0.024132093 
118 162 48 59 0.023679767 
515 158 16 20 0.023535652 
664 119 28 38 0.023330733 
53 160 21 27 0.02316424 
868 242 41 47 0.023071017 
567 158 19 25 0.02302085 
684 366 473 578 0.022540864 
366 184 18 23 0.022474887 
302 133 25 31 0.022360668 
-136 388 517 575 0.022180835 
752 190 51 60 0.022180071 
342 525 357 357 0.02207275 
474 255 39 45 0.022044715 
454 230 72 93 0.021764291 
387 231 19 23 0.021700205 
540 158 18 23 0.021646788 
646 177 52 63 0.021593971 
754 211 55 68 0.02149213 
822 154 23 32 0.021475527 
860 156 37 48 0.02146028 
972 109 17 26 0.021407872 
853 252 59 73 0.021257384 
104 51 22 27 0.02112606 
284 226 21 27 0.021098886 
129 524 362 359 0.02100515 
439 228 16 19 0.02094707 
126 213 36 45 0.020534147 
434 -1 24 26 0.020467864 
930 84 52 68 0.020465855 
27 171 32 44 0.020196281 
652 88 39 53 0.020130053 
896 283 24 31 0.020078072 
132 223 21 27 0.020013975 
