0_Parade_marchingband_1_525
271
540 389 23 30 0.41891134 
680 381 21 26 0.37399638 
980 458 22 28 0.2782046 
260 388 17 22 0.25132182 
403 384 19 24 0.24729358 
579 360 27 33 0.24296862 
287 393 20 25 0.23372328 
134 411 19 21 0.22606112 
111 364 18 22 0.20009103 
615 406 23 28 0.19426414 
338 121 26 33 0.18171956 
900 424 20 26 0.16261904 
773 431 18 22 0.15994453 
266 364 16 20 0.12992081 
239 385 16 20 0.11319327 
738 433 18 23 0.111711115 
201 378 16 21 0.10932789 
802 430 18 23 0.10511397 
775 414 18 22 0.10244445 
260 508 19 22 0.09063787 
360 387 17 22 0.08291747 
181 511 17 19 0.081121966 
187 365 17 21 0.08104883 
828 412 19 23 0.08086686 
24 507 17 21 0.08023717 
727 406 19 23 0.07741566 
278 360 17 21 0.075728185 
304 392 17 21 0.075596824 
360 405 18 22 0.07515499 
384 507 21 23 0.07487071 
335 383 18 21 0.07424644 
151 332 15 21 0.07342173 
161 469 17 21 0.072484754 
122 517 17 20 0.0701772 
281 514 18 22 0.0692484 
568 376 26 31 0.067645416 
812 596 25 28 0.06682067 
231 410 16 20 0.066731535 
190 378 17 22 0.065820426 
239 516 18 22 0.06443938 
854 478 20 25 0.06416471 
112 517 19 22 0.06399731 
156 483 17 20 0.06392425 
35 428 17 21 0.06360819 
384 494 22 24 0.06320052 
231 362 16 19 0.06290334 
432 409 17 21 0.06267358 
206 367 17 22 0.060963318 
137 489 16 18 0.060192242 
166 517 16 20 0.05901653 
340 410 17 21 0.0587034 
738 410 18 24 0.05812086 
445 460 17 21 0.057054255 
840 410 19 25 0.05666504 
643 453 18 21 0.054001104 
541 362 20 25 0.053696163 
150 414 16 20 0.05269221 
946 484 20 25 0.0526658 
263 492 17 21 0.051471796 
792 564 17 21 0.050747108 
302 404 17 21 0.05065237 
390 361 18 24 0.05015034 
797 418 18 23 0.050011806 
513 512 19 24 0.04944761 
256 455 17 21 0.04905855 
738 526 25 32 0.04862124 
640 444 18 23 0.047536157 
774 390 20 24 0.047379903 
717 464 21 27 0.04719801 
185 493 18 20 0.046767578 
874 402 23 28 0.046662804 
26 421 18 21 0.046190627 
365 510 19 22 0.045913525 
256 443 18 22 0.04582516 
818 430 19 24 0.045823064 
84 413 17 22 0.04568106 
646 491 22 26 0.044679258 
435 388 19 23 0.044092033 
657 486 24 28 0.043620523 
22 386 16 20 0.043500137 
794 540 18 22 0.043488283 
161 534 17 20 0.043353286 
826 535 20 24 0.04310819 
258 402 18 22 0.04276231 
185 341 16 20 0.04267057 
980 441 20 24 0.04189034 
155 381 17 20 0.041836023 
82 235 18 23 0.04183573 
279 535 18 22 0.041695736 
226 333 18 22 0.041471727 
723 388 20 25 0.04102187 
46 431 16 20 0.04097588 
845 535 19 23 0.03976253 
366 491 18 22 0.039418276 
59 383 17 21 0.039382264 
828 516 20 26 0.039250962 
776 561 19 23 0.03921971 
215 331 17 23 0.039038524 
238 456 16 20 0.038761254 
316 511 16 19 0.03854552 
158 366 16 20 0.038439166 
126 535 18 21 0.037992142 
364 357 18 24 0.037832968 
920 432 17 20 0.03765419 
417 404 19 25 0.037475564 
565 350 46 58 0.037210032 
52 471 16 19 0.037198763 
137 334 19 23 0.036888964 
866 481 18 23 0.036718428 
728 436 20 24 0.036664955 
109 380 18 22 0.03642805 
238 443 19 22 0.036391675 
822 460 20 24 0.036334835 
688 406 21 25 0.036017396 
799 460 19 23 0.03587654 
50 263 22 29 0.035853636 
850 466 21 25 0.035709657 
950 467 20 25 0.035643037 
620 555 21 27 0.035513304 
902 459 19 24 0.035487466 
27 495 16 21 0.03544137 
792 386 20 24 0.035407495 
888 403 40 46 0.035139155 
313 358 18 22 0.035113662 
282 490 18 20 0.035096306 
100 490 17 20 0.034931667 
79 391 16 21 0.03479258 
107 410 16 19 0.03477834 
123 363 18 22 0.03426571 
234 493 17 20 0.034134556 
107 250 18 23 0.034116603 
334 364 18 22 0.034026247 
642 499 34 42 0.03368244 
569 518 18 22 0.033087857 
928 556 20 24 0.032923717 
82 431 17 21 0.032725066 
99 466 17 20 0.03200499 
701 513 19 24 0.031697124 
619 542 19 24 0.031505674 
773 461 19 24 0.0315009 
337 459 16 20 0.031348936 
842 520 18 24 0.031090094 
443 444 17 21 0.030974593 
568 458 21 24 0.030687826 
342 442 17 21 0.030654965 
617 460 18 23 0.030643817 
232 532 18 23 0.030538468 
136 467 15 18 0.03041988 
619 434 21 26 0.030330477 
466 409 17 21 0.030212004 
180 467 17 20 0.030068813 
361 465 18 22 0.030041179 
7 415 19 24 0.030005539 
182 436 17 21 0.029864503 
568 533 17 22 0.029810706 
804 592 21 25 0.029698657 
132 388 17 21 0.02969852 
822 389 19 24 0.029615631 
285 334 18 23 0.029555151 
26 773 28 30 0.02953848 
263 337 16 20 0.029445961 
56 513 17 21 0.029412067 
159 436 16 20 0.029176481 
823 561 20 22 0.029163403 
772 541 20 26 0.029094718 
214 534 16 21 0.02885619 
927 546 19 24 0.028685534 
666 460 21 24 0.028502168 
622 510 18 22 0.028475882 
287 211 21 25 0.028430065 
411 514 17 21 0.028345432 
210 409 17 20 0.028299017 
53 332 18 22 0.028252624 
926 587 20 23 0.027955513 
56 485 17 19 0.027947025 
741 462 20 25 0.027870212 
8 338 19 26 0.027860943 
846 429 19 24 0.027781935 
387 406 20 24 0.027659938 
282 434 18 21 0.027659161 
338 511 16 19 0.0276495 
881 511 18 22 0.027574392 
995 371 19 30 0.027467687 
407 366 19 23 0.02736974 
35 466 16 19 0.027155045 
698 487 20 25 0.02711841 
208 520 16 19 0.027035039 
715 483 20 26 0.026972653 
460 444 17 22 0.026969148 
493 515 21 25 0.0268898 
718 514 21 26 0.026795499 
188 412 17 21 0.026768498 
110 532 19 23 0.02655174 
771 489 20 25 0.02647904 
84 469 15 19 0.026463503 
409 488 17 20 0.026227172 
545 536 18 22 0.026205828 
771 405 30 38 0.02600414 
6 461 18 24 0.025937688 
637 454 33 42 0.025900075 
530 372 45 56 0.025613282 
312 492 16 18 0.025525924 
739 586 20 24 0.025451249 
520 492 19 22 0.025416238 
205 487 16 20 0.025392048 
868 387 25 31 0.02517301 
923 416 17 21 0.025097499 
413 461 18 21 0.025096744 
868 462 19 24 0.025026096 
460 462 17 21 0.025017481 
685 360 21 26 0.024921613 
511 359 22 27 0.024606207 
4 428 19 25 0.024403559 
383 537 17 20 0.024401398 
487 460 18 22 0.024400512 
538 485 17 21 0.024344346 
437 355 20 26 0.02433062 
8 488 17 22 0.024287857 
416 539 16 19 0.02406612 
768 592 19 23 0.024013419 
872 544 19 22 0.023991551 
268 376 48 59 0.023765588 
722 531 21 28 0.023627106 
332 543 17 21 0.023458974 
623 492 18 22 0.02340669 
640 472 49 59 0.023249643 
440 516 17 20 0.023243386 
569 440 20 24 0.02323471 
316 542 17 21 0.023199376 
671 369 44 56 0.023067044 
132 280 22 28 0.023029355 
871 389 40 47 0.022932922 
103 439 15 19 0.022928286 
696 462 21 26 0.022625575 
89 486 16 18 0.022456361 
286 224 22 27 0.022333583 
360 438 18 22 0.02227662 
494 442 18 22 0.022181306 
339 492 15 18 0.022176877 
835 401 32 39 0.022176411 
825 485 20 26 0.022101011 
482 489 17 21 0.021952901 
159 310 18 23 0.021846747 
-224 533 698 735 0.021845758 
978 477 23 29 0.021844238 
981 412 18 25 0.021816963 
373 498 36 38 0.021722788 
993 431 18 23 0.02168556 
386 568 17 20 0.021636447 
848 8 76 71 0.021528585 
996 415 17 26 0.021435838 
895 516 18 23 0.02137998 
564 402 22 28 0.021339167 
261 360 28 36 0.021301284 
541 518 17 22 0.021297993 
59 362 17 20 0.021210056 
674 360 21 27 0.021205276 
947 508 18 24 0.02117121 
963 10 50 100 0.021158023 
572 563 18 21 0.021148978 
385 465 19 23 0.02113641 
-66 746 351 348 0.021123128 
691 430 20 26 0.021067206 
52 418 16 20 0.02091641 
928 510 18 22 0.020865371 
744 485 21 26 0.02086317 
368 537 17 20 0.020615982 
919 613 21 25 0.02054514 
676 644 506 543 0.020496298 
668 434 21 25 0.020479236 
946 415 17 21 0.020475721 
