0_Parade_Parade_0_461
220
487 187 139 172 0.82926255 
25 468 158 152 0.5366189 
75 219 58 81 0.16270833 
334 155 24 29 0.14538714 
156 254 19 26 0.11001615 
249 232 19 24 0.1048956 
277 72 27 33 0.10098748 
404 249 24 31 0.09745256 
172 151 24 31 0.095826596 
917 108 90 119 0.09272981 
224 2 28 31 0.078789674 
129 154 19 25 0.07775416 
160 150 23 29 0.0731195 
82 252 27 36 0.06890534 
97 246 27 38 0.068765834 
136 96 20 26 0.068588935 
79 269 25 34 0.06665902 
98 225 28 38 0.06535791 
422 154 232 263 0.06458414 
353 154 19 25 0.0632523 
153 130 21 26 0.063115954 
25 254 19 26 0.06125088 
135 131 19 24 0.05732277 
458 100 21 30 0.054986015 
227 275 22 25 0.05422776 
433 127 20 28 0.0535771 
233 262 20 23 0.053462446 
134 176 21 25 0.05234328 
311 97 25 31 0.051946566 
342 47 20 26 0.050234552 
228 178 19 25 0.050020833 
212 1 27 30 0.04978993 
134 202 22 30 0.04909276 
111 152 21 27 0.047098994 
156 236 20 26 0.046881676 
101 207 24 31 0.04569934 
289 227 19 23 0.044850145 
306 176 21 28 0.044177014 
4 149 21 32 0.043849256 
316 126 21 25 0.043197326 
110 50 22 27 0.04301543 
315 155 21 26 0.04260791 
105 222 60 85 0.04124024 
354 46 19 25 0.040458728 
78 425 25 33 0.040394913 
181 254 18 22 0.039878905 
147 130 67 82 0.039326318 
131 89 32 43 0.039263535 
178 238 19 24 0.03922551 
135 82 21 27 0.03916941 
284 208 19 24 0.03887206 
328 96 21 29 0.038231224 
206 228 19 23 0.037868965 
233 228 31 39 0.037638925 
178 282 19 23 0.037588544 
282 262 19 25 0.037545368 
337 235 21 26 0.036993977 
212 278 20 24 0.036174357 
420 129 19 23 0.03598919 
262 209 18 22 0.035852302 
151 204 19 26 0.035518445 
307 74 25 30 0.034994844 
4 129 20 29 0.03479361 
207 132 20 26 0.03451027 
147 129 36 47 0.03438101 
207 153 21 26 0.033722784 
229 158 19 25 0.033078883 
229 201 19 24 0.0330151 
964 731 35 39 0.032604977 
154 304 157 199 0.032544058 
256 255 18 23 0.032370996 
252 25 25 29 0.03210785 
124 145 33 42 0.031847183 
442 26 21 28 0.031769436 
443 99 21 28 0.031753436 
151 245 30 41 0.03170389 
24 3 23 24 0.03158174 
435 41 65 97 0.03138213 
7 260 19 28 0.031203717 
131 258 18 26 0.031141613 
159 242 285 350 0.031056864 
149 100 21 25 0.031030206 
128 126 34 45 0.03099561 
24 184 18 23 0.03098643 
7 0 24 29 0.030704208 
88 196 62 84 0.030471189 
122 47 22 29 0.030386945 
413 54 22 28 0.030374005 
24 123 19 24 0.030017883 
178 132 21 26 0.029943733 
179 207 19 24 0.029649453 
572 639 94 111 0.029291345 
448 87 36 52 0.029240614 
386 232 51 64 0.02911768 
129 278 21 27 0.028686691 
56 254 20 26 0.028683884 
102 3 18 20 0.028680537 
208 210 20 25 0.0285603 
288 183 19 24 0.028503787 
84 6 19 22 0.028398156 
23 233 18 23 0.028210592 
330 133 21 27 0.028160352 
912 697 45 51 0.02814533 
241 40 80 80 0.02805806 
118 117 54 71 0.027999159 
126 194 39 53 0.027948214 
211 260 19 22 0.027891317 
180 101 20 25 0.027757514 
27 525 93 104 0.027608674 
341 30 22 25 0.027557872 
307 57 22 25 0.027486196 
127 167 38 49 0.027408108 
83 21 19 23 0.027389059 
260 75 25 31 0.027381606 
233 94 24 32 0.027261727 
222 253 35 40 0.027190302 
8 175 19 27 0.026948629 
462 123 19 26 0.026940763 
152 175 21 27 0.026732817 
188 79 19 24 0.026686335 
432 91 62 86 0.02668036 
280 273 21 26 0.026679188 
280 73 167 194 0.026497649 
337 77 21 28 0.026464982 
132 327 90 130 0.026319474 
227 -8 61 68 0.026289495 
25 154 20 26 0.02620619 
178 168 23 29 0.026163649 
56 227 19 25 0.026065744 
104 143 69 90 0.026015665 
281 57 26 29 0.025874201 
78 75 19 25 0.025807284 
436 25 36 50 0.025753032 
220 171 32 40 0.025673836 
398 327 94 100 0.025617685 
188 213 61 78 0.025593095 
207 267 38 44 0.02552576 
406 237 23 29 0.025516557 
390 231 23 29 0.025426881 
218 218 55 69 0.025279129 
196 147 36 45 0.024879307 
99 267 26 34 0.024742955 
109 25 19 22 0.024725229 
19 247 30 44 0.024629286 
426 114 35 48 0.024621153 
52 158 19 25 0.024552558 
259 154 19 25 0.024528421 
274 181 184 211 0.02452372 
458 30 21 27 0.024197722 
25 197 17 24 0.024157774 
308 200 20 25 0.024131196 
47 371 147 189 0.02406094 
360 135 20 24 0.024033861 
320 142 49 58 0.023982726 
187 146 64 78 0.023961617 
6 276 19 32 0.023897782 
3 72 18 25 0.02389508 
299 421 92 99 0.023883838 
419 122 66 82 0.023804614 
355 31 20 25 0.023745947 
366 179 20 23 0.023644054 
260 177 19 23 0.02335673 
439 152 19 24 0.02334368 
119 80 52 68 0.023305314 
158 273 20 26 0.0232864 
421 28 58 74 0.02323202 
193 252 67 76 0.023200912 
107 174 20 25 0.023169128 
205 99 21 26 0.023061262 
58 125 19 24 0.02299205 
59 202 19 25 0.022878742 
225 141 304 347 0.02287792 
456 33 40 53 0.022708833 
26 109 20 25 0.022701006 
897 2 27 26 0.022554262 
166 153 41 52 0.022549555 
968 717 30 34 0.02240732 
118 209 42 62 0.022369541 
7 198 19 26 0.022322703 
102 30 50 66 0.022217 
871 61 66 84 0.022205798 
257 94 24 31 0.021954555 
109 131 20 25 0.021952856 
209 -1 53 57 0.0219205 
379 183 18 23 0.02184874 
50 231 62 74 0.02177409 
287 154 19 24 0.021730602 
282 126 19 23 0.021660944 
120 243 37 52 0.021595163 
462 159 19 25 0.021571219 
-8 277 80 98 0.021511879 
895 79 79 97 0.021452988 
279 92 25 32 0.021217614 
199 222 35 46 0.021157943 
415 21 21 26 0.021130245 
148 84 19 25 0.021118576 
285 86 76 83 0.021116003 
75 56 19 25 0.021069553 
202 78 20 25 0.021047289 
51 221 36 50 0.021013651 
434 2 20 25 0.020998439 
464 44 24 32 0.020971034 
159 118 121 131 0.020970523 
236 76 85 84 0.020844048 
582 155 27 33 0.020838544 
414 7 22 26 0.020825706 
132 222 20 28 0.020799873 
0 124 33 49 0.020782495 
139 211 56 80 0.02077058 
102 168 39 50 0.020725116 
79 200 21 28 0.020622794 
592 629 167 149 0.020618087 
450 108 37 53 0.020548271 
228 128 21 27 0.02053941 
126 1 20 22 0.020280313 
211 174 19 25 0.020247921 
107 101 20 25 0.020162594 
182 53 18 23 0.020113867 
-5 139 66 88 0.020037785 
47 2 20 23 0.020001132 
