0_Parade_marchingband_1_356
37
465 724 120 153 0.5626136 
408 751 145 169 0.12047368 
525 474 61 92 0.087543696 
516 750 96 140 0.053416394 
387 710 106 137 0.052600693 
390 695 72 97 0.042114362 
851 818 545 624 0.037307635 
707 66 796 901 0.036547 
402 575 58 78 0.035632733 
827 507 541 609 0.033617713 
860 -138 554 615 0.03331433 
420 719 216 268 0.031445935 
859 1179 554 578 0.031091804 
399 675 52 67 0.030501172 
404 571 39 49 0.029908337 
552 801 68 93 0.028934224 
250 658 94 121 0.028903987 
237 1096 38 45 0.0288848 
564 849 1112 1172 0.027607344 
387 643 129 143 0.02758967 
440 552 40 51 0.027496466 
340 681 88 117 0.027385505 
468 466 94 114 0.027204417 
5 683 276 313 0.025137039 
333 610 98 125 0.024749417 
570 806 38 59 0.024551576 
235 625 79 90 0.023235932 
977 976 38 48 0.023152594 
310 720 204 249 0.023060832 
316 823 146 171 0.022826677 
476 642 50 66 0.022314329 
439 831 121 143 0.022025999 
290 609 99 124 0.021907602 
484 839 50 67 0.021366993 
303 679 87 121 0.02110377 
358 719 42 57 0.02084305 
248 588 100 116 0.020596389 
