0_Parade_Parade_0_459
105
126 635 125 159 0.98751104 
405 776 124 144 0.970016 
278 646 114 137 0.9209066 
394 741 95 137 0.33141202 
184 822 104 145 0.122288294 
34 927 68 70 0.119991235 
602 1 189 176 0.11170988 
136 595 103 122 0.074796975 
277 600 104 116 0.07305437 
139 204 95 123 0.06607694 
633 16 88 110 0.06417766 
542 705 121 159 0.058239542 
566 1054 51 58 0.058178645 
548 865 103 141 0.05725777 
437 805 135 167 0.056954473 
886 133 420 483 0.056684263 
416 -9 89 84 0.05082914 
537 55 178 185 0.049566325 
861 66 165 255 0.047053006 
458 -11 90 85 0.046258952 
462 818 79 97 0.04170298 
561 1025 56 66 0.040613327 
296 770 111 145 0.03788497 
896 -92 435 479 0.03656656 
633 -57 811 883 0.036527887 
430 599 91 120 0.03528008 
212 690 93 121 0.03506088 
899 375 426 492 0.034835007 
329 802 57 82 0.03461353 
914 633 424 481 0.034339387 
307 193 81 95 0.03411938 
290 576 77 87 0.033396136 
915 911 428 450 0.032801174 
711 -2 131 144 0.031282365 
502 656 104 138 0.03126956 
617 752 124 158 0.03116906 
591 -1 90 95 0.030842256 
539 80 52 67 0.030743407 
215 797 100 123 0.030337926 
383 654 83 101 0.029823685 
362 800 85 123 0.029076159 
478 734 110 148 0.02886683 
295 832 112 145 0.028614527 
151 578 75 85 0.028600045 
975 753 48 88 0.027762603 
538 557 309 365 0.02721659 
349 157 80 99 0.027014814 
330 668 109 129 0.027007572 
643 132 297 381 0.027002135 
237 835 94 126 0.02664855 
228 628 91 125 0.02649877 
409 691 86 111 0.026386121 
567 806 151 195 0.026196446 
421 653 77 102 0.026164046 
359 110 100 124 0.025625698 
660 395 812 906 0.025568811 
354 710 97 134 0.025523502 
343 969 106 130 0.025364533 
880 21 106 176 0.025170602 
613 121 116 139 0.025064806 
547 967 76 102 0.024986569 
745 507 83 120 0.024821326 
343 165 128 150 0.0248041 
499 812 75 96 0.02467118 
5 772 131 184 0.024396528 
470 10 154 146 0.02429246 
279 69 50 73 0.024206819 
461 123 157 179 0.023983514 
561 24 133 133 0.02394753 
644 34 251 260 0.023819827 
963 324 78 148 0.023520928 
674 -7 89 88 0.02317826 
321 629 98 121 0.02313533 
370 244 97 106 0.023075726 
186 30 87 93 0.023031006 
213 8 67 63 0.023010224 
227 660 142 184 0.022886928 
920 474 101 131 0.02280317 
190 682 70 96 0.022755004 
105 240 120 155 0.022743048 
629 64 114 140 0.022666235 
969 512 53 88 0.022635756 
398 79 144 167 0.022619352 
351 -1 95 90 0.022590319 
487 0 310 307 0.022427145 
180 82 96 119 0.022345146 
900 448 86 109 0.022330845 
161 790 96 140 0.022286143 
771 33 163 213 0.022203062 
501 94 106 117 0.021924295 
5 848 95 133 0.021531226 
805 541 174 240 0.021482792 
712 682 190 240 0.02120237 
755 486 163 192 0.021158645 
869 969 113 124 0.021061419 
120 818 133 172 0.021039544 
508 -4 57 56 0.020980291 
326 693 242 310 0.02094804 
182 573 92 107 0.020899137 
108 422 96 125 0.02089478 
692 362 182 187 0.020866264 
343 1034 104 117 0.020581426 
595 662 156 201 0.020342963 
777 189 160 220 0.020335687 
844 390 110 148 0.020277385 
