0_Parade_Parade_0_377
388
257 500 69 96 0.98437554 
851 352 65 84 0.8917144 
86 360 58 74 0.72256804 
976 339 21 28 0.4875811 
583 312 23 28 0.45759937 
149 315 42 56 0.45081437 
723 307 21 26 0.37802392 
925 305 24 31 0.34959018 
16 268 40 59 0.3251253 
75 269 31 36 0.30181465 
644 310 19 23 0.28606948 
799 301 20 25 0.25293234 
374 344 42 53 0.24457248 
70 259 29 34 0.23432176 
331 327 23 30 0.2128145 
520 301 19 24 0.20335998 
812 334 21 27 0.20259784 
669 325 23 27 0.20117302 
234 262 21 26 0.19317655 
249 339 40 47 0.1921267 
-2 285 38 66 0.16685645 
209 298 23 31 0.15173537 
253 403 26 33 0.14875911 
768 310 20 26 0.14473544 
534 302 18 22 0.14075206 
259 385 28 31 0.13089922 
24 247 26 35 0.12969492 
737 307 22 27 0.12915401 
184 278 23 31 0.12883705 
689 314 18 21 0.12666394 
517 436 20 25 0.12003804 
202 285 20 27 0.115785785 
925 289 22 29 0.11472942 
365 376 23 29 0.111518845 
109 449 47 57 0.11059705 
486 310 17 23 0.10997362 
170 324 25 38 0.109936565 
670 316 19 23 0.10933411 
50 417 40 48 0.10361285 
622 305 17 22 0.09998357 
-4 321 30 47 0.09601808 
920 308 36 51 0.09329395 
444 283 19 24 0.091559015 
540 288 17 22 0.090981856 
0 242 38 60 0.08915142 
648 326 20 25 0.0883397 
361 358 26 32 0.086058475 
312 350 26 34 0.08580648 
534 492 29 33 0.085658774 
312 383 23 30 0.084560566 
224 303 23 29 0.08434563 
127 294 41 54 0.08295873 
199 406 23 30 0.08292539 
647 287 17 20 0.08100022 
71 382 48 56 0.0786117 
150 298 35 46 0.07831116 
848 307 20 25 0.07747003 
25 373 25 33 0.07525104 
818 307 20 25 0.07401035 
44 267 38 47 0.07367732 
457 283 17 22 0.07353797 
377 369 25 32 0.07262458 
766 324 21 26 0.07257514 
668 283 17 19 0.07227667 
185 406 25 31 0.07201563 
672 360 22 27 0.071532056 
941 309 20 25 0.070266135 
497 388 18 22 0.070039265 
980 306 18 24 0.0699286 
665 377 20 25 0.06939514 
51 407 26 32 0.06774274 
126 316 48 60 0.06769189 
232 451 27 36 0.06751475 
150 277 28 35 0.06739417 
941 357 20 27 0.06670773 
25 354 30 40 0.06600362 
292 330 53 68 0.064834744 
50 255 26 32 0.06466775 
36 346 39 48 0.063795485 
684 327 20 26 0.06369056 
648 387 19 25 0.06367548 
946 329 20 26 0.06327778 
306 405 22 28 0.06305682 
517 291 18 23 0.060370825 
468 312 19 24 0.06014983 
464 253 17 22 0.059850987 
250 430 42 54 0.05937533 
196 463 40 53 0.05886046 
358 274 20 25 0.05789616 
177 303 25 35 0.056932908 
726 326 21 27 0.05606173 
204 480 25 33 0.055954 
355 334 23 29 0.055869035 
50 208 22 27 0.05550879 
203 229 16 21 0.05536307 
246 365 51 61 0.05481682 
385 336 28 34 0.054682873 
111 372 38 49 0.054358736 
137 440 77 93 0.054197453 
930 356 24 32 0.053267296 
264 334 53 63 0.053241383 
201 429 64 84 0.05313845 
693 283 15 19 0.052302163 
464 326 20 26 0.051571775 
588 283 18 21 0.051106397 
310 288 21 27 0.050944336 
335 314 20 27 0.0507736 
-2 271 30 51 0.050444163 
62 358 111 118 0.049663346 
237 226 19 22 0.049643416 
976 384 23 31 0.0495891 
817 350 22 27 0.04956029 
67 428 120 126 0.04921593 
275 347 30 38 0.048885144 
945 250 20 26 0.04842891 
826 255 20 26 0.048076157 
105 295 35 44 0.048068974 
828 552 40 55 0.047150634 
46 479 47 52 0.046958584 
459 388 19 24 0.046896335 
572 281 17 21 0.04680376 
279 331 30 38 0.04679888 
738 327 20 26 0.046079364 
261 281 19 23 0.046054322 
872 510 26 33 0.04594351 
333 435 27 33 0.045721192 
493 290 16 20 0.04545965 
0 430 24 34 0.04532842 
360 306 20 26 0.04494679 
434 304 20 25 0.044620764 
837 505 26 36 0.04452078 
337 276 19 25 0.044369705 
308 303 21 28 0.044357393 
621 288 16 20 0.044102542 
443 383 20 25 0.043665346 
845 280 19 25 0.043662563 
173 461 43 56 0.043489385 
546 259 16 19 0.04316968 
491 327 19 25 0.043038547 
241 406 21 28 0.042937372 
918 288 63 85 0.042572834 
490 408 18 22 0.042443175 
991 405 23 32 0.04214898 
573 325 22 27 0.041811526 
173 395 53 70 0.041566577 
980 288 17 23 0.0413435 
359 262 18 24 0.04131019 
516 256 15 19 0.041137256 
940 403 26 34 0.04068523 
844 257 19 25 0.040657938 
946 236 21 27 0.040622514 
335 411 23 29 0.04026344 
49 229 23 29 0.040095065 
226 267 32 41 0.039970145 
916 495 62 91 0.039472774 
46 389 58 68 0.03942298 
445 430 19 23 0.039212868 
100 176 19 23 0.039129715 
329 349 23 29 0.03894847 
16 351 53 67 0.03866935 
198 497 41 50 0.038641706 
864 404 47 62 0.038552515 
330 384 20 26 0.038549732 
274 438 24 32 0.038411535 
883 370 40 50 0.03833691 
567 260 18 21 0.037956346 
279 405 22 28 0.037911966 
285 303 23 30 0.037792195 
312 331 24 30 0.037521865 
254 256 19 23 0.037356507 
960 321 43 63 0.03716208 
391 430 21 27 0.03715896 
436 354 23 30 0.03696685 
413 307 19 24 0.036630157 
10 312 44 64 0.0365431 
774 254 18 23 0.036474332 
28 395 38 49 0.036095373 
124 473 81 101 0.03602642 
33 459 125 133 0.035937127 
937 320 33 42 0.035792343 
48 374 39 47 0.035486493 
506 385 18 22 0.035074644 
391 282 18 22 0.03485975 
77 477 68 83 0.034711786 
100 255 23 28 0.034686342 
348 331 41 51 0.0346244 
412 407 17 21 0.034012966 
315 320 51 66 0.033967983 
825 283 19 24 0.033936508 
233 437 23 32 0.033607557 
420 567 20 25 0.033385754 
586 264 16 20 0.033277467 
364 227 17 22 0.033273093 
239 390 49 61 0.03323807 
32 203 20 26 0.032846194 
258 227 20 23 0.032525327 
280 283 21 26 0.032476824 
641 263 16 19 0.0323884 
223 463 42 55 0.032256648 
823 492 47 64 0.032248165 
744 377 23 28 0.03221417 
31 402 23 29 0.032183208 
841 351 45 58 0.032176144 
257 301 23 30 0.03178723 
402 351 27 34 0.03174611 
94 415 51 67 0.03167829 
917 566 25 31 0.0316033 
622 358 18 23 0.031316645 
356 351 53 68 0.03122521 
238 212 19 23 0.031153297 
543 331 19 24 0.031120472 
5 236 24 35 0.031116774 
387 305 19 24 0.031081202 
437 251 19 25 0.031019844 
871 317 66 81 0.031014955 
945 286 19 24 0.030904623 
993 285 17 23 0.03086915 
241 447 67 83 0.030738844 
515 415 18 22 0.030682905 
643 360 20 24 0.030524643 
994 302 18 24 0.030398061 
99 320 41 56 0.030167375 
825 401 25 32 0.030109141 
442 414 18 22 0.029990237 
310 438 21 28 0.029815242 
75 301 27 33 0.029712526 
900 286 19 25 0.02968251 
209 388 22 29 0.029642805 
614 436 19 23 0.029395336 
74 356 48 57 0.029349294 
150 423 43 57 0.029310318 
209 356 23 31 0.029199008 
255 210 19 24 0.029163312 
908 550 44 55 0.029142141 
928 252 20 25 0.029121755 
518 457 21 27 0.028991159 
128 251 23 29 0.028943328 
867 310 19 25 0.02892526 
362 179 19 23 0.028916128 
619 333 18 22 0.028850157 
118 541 49 62 0.028798157 
340 261 18 23 0.02860855 
3 501 26 36 0.028598135 
514 330 19 25 0.028594844 
492 257 15 21 0.02852617 
594 437 19 23 0.0282393 
875 529 23 30 0.028195458 
463 410 19 23 0.02818541 
415 254 17 23 0.027954672 
96 278 24 30 0.027860407 
537 415 17 21 0.027674777 
440 272 31 39 0.027586913 
189 228 19 24 0.027475698 
182 414 60 82 0.027454553 
927 511 23 30 0.0274362 
430 295 33 41 0.027415607 
288 257 18 23 0.02738843 
352 448 28 34 0.027386297 
393 329 40 50 0.027233057 
440 233 20 26 0.02702133 
748 286 19 23 0.027005792 
410 284 18 23 0.027005645 
98 392 35 43 0.0269954 
74 324 24 32 0.026860032 
245 308 63 79 0.026744453 
13 485 45 58 0.026722157 
387 410 20 25 0.026703928 
54 498 49 54 0.026629003 
898 254 18 23 0.026625454 
306 455 24 31 0.026249578 
805 355 21 27 0.02614991 
352 267 33 41 0.026038267 
858 330 46 59 0.02594429 
620 413 17 22 0.02581083 
864 356 38 47 0.025748683 
918 579 26 32 0.025697362 
273 385 23 29 0.025643898 
645 404 18 24 0.025632644 
462 355 20 25 0.025602074 
521 483 51 55 0.025568146 
-2 410 22 32 0.025549635 
209 326 24 31 0.025503267 
870 330 25 30 0.025484879 
895 288 56 72 0.025397776 
483 303 28 37 0.025318319 
438 330 23 29 0.025307963 
849 378 29 37 0.02528425 
799 320 45 57 0.025205389 
47 446 46 57 0.025162963 
493 358 18 23 0.025135165 
235 350 25 31 0.02510905 
857 493 53 70 0.025068548 
570 438 17 20 0.025051845 
670 262 17 20 0.02500855 
126 330 69 83 0.024958849 
944 378 24 31 0.024920654 
183 261 20 25 0.024796775 
191 525 43 51 0.024686584 
688 359 20 26 0.024633711 
535 281 29 37 0.0246192 
351 310 68 83 0.024574334 
991 335 20 28 0.02453655 
976 407 26 34 0.024532877 
184 543 41 52 0.02442364 
74 202 20 24 0.024422722 
821 515 54 80 0.024350923 
352 432 26 32 0.024181306 
938 229 34 47 0.024086855 
720 289 18 21 0.02398006 
164 336 38 52 0.023966713 
301 301 35 46 0.023944408 
49 329 29 37 0.023861751 
412 458 22 27 0.023840409 
873 562 21 27 0.02379398 
1 346 26 37 0.023581687 
157 431 25 33 0.023544615 
769 359 20 26 0.023489999 
519 488 24 28 0.02348699 
336 268 30 40 0.0234076 
405 332 24 30 0.02339024 
183 387 22 29 0.02328994 
848 331 22 29 0.023132551 
390 261 17 22 0.023124428 
624 259 15 19 0.02311296 
494 432 19 23 0.023089549 
202 460 24 33 0.023088563 
613 164 138 173 0.023046814 
567 411 16 20 0.023042738 
179 429 25 33 0.023021944 
71 483 29 35 0.022991309 
769 384 21 28 0.022958567 
536 464 20 24 0.022922603 
460 303 31 40 0.022905823 
769 285 18 23 0.022881731 
232 334 26 32 0.022856914 
616 385 17 21 0.022815155 
131 276 27 36 0.022769202 
232 388 23 29 0.022761988 
599 384 18 22 0.022700878 
185 210 18 22 0.022649992 
973 300 29 42 0.022605494 
744 362 22 28 0.022575034 
794 229 20 26 0.022565676 
720 359 22 28 0.022515569 
253 275 32 40 0.022345338 
878 491 63 78 0.022069395 
611 456 19 24 0.022022614 
844 354 27 34 0.021958984 
921 379 25 34 0.021925496 
148 403 73 95 0.021847554 
84 181 20 23 0.021834977 
386 225 17 22 0.021726983 
893 333 25 30 0.021655453 
819 385 24 30 0.021634234 
485 317 31 41 0.021566996 
570 300 45 53 0.021540876 
209 259 20 24 0.02152922 
980 98 19 27 0.021478651 
452 246 31 42 0.021444395 
646 359 52 64 0.02135341 
893 339 69 84 0.02128152 
177 382 38 53 0.021090716 
144 487 49 62 0.021088859 
204 488 72 91 0.020847294 
309 357 59 74 0.020812225 
3 379 22 31 0.020801961 
0 366 36 48 0.020782046 
720 297 44 54 0.020760216 
133 384 60 81 0.020748321 
308 226 18 23 0.020740649 
243 247 33 40 0.0206119 
203 211 17 21 0.020568935 
461 196 20 26 0.020564478 
541 384 18 22 0.020543287 
136 648 77 85 0.020444237 
862 552 39 51 0.020417733 
158 512 70 83 0.020408258 
440 199 20 24 0.02040516 
232 222 32 41 0.02038553 
885 505 104 129 0.020351378 
354 407 23 29 0.020344054 
873 280 19 24 0.020340074 
204 296 63 79 0.020299278 
155 343 29 41 0.020223781 
683 306 29 35 0.020155827 
156 258 22 27 0.020151988 
534 436 18 21 0.02011469 
421 281 53 67 0.020026494 
