0_Parade_Parade_0_382
265
448 239 46 53 0.9792021 
789 211 32 41 0.85778034 
590 137 40 48 0.8244465 
112 181 42 65 0.58435756 
911 301 23 28 0.3853063 
710 207 23 30 0.2517983 
749 409 26 31 0.20945275 
84 94 25 31 0.13650261 
99 75 27 32 0.11488233 
397 211 45 64 0.09696479 
983 304 18 24 0.0966757 
715 250 25 33 0.08994525 
903 287 24 30 0.08684613 
387 168 62 99 0.075781405 
389 272 25 33 0.07353317 
953 286 20 25 0.07268995 
701 130 21 27 0.07142696 
749 424 24 30 0.06813533 
600 151 42 53 0.066785425 
406 225 28 41 0.06671222 
513 396 25 33 0.063547455 
350 280 27 37 0.06283571 
922 222 21 26 0.062354427 
478 293 40 50 0.061517995 
743 278 24 31 0.05894949 
917 68 21 29 0.058654524 
402 241 27 38 0.057275765 
559 142 37 45 0.054845903 
774 387 24 30 0.054493472 
923 53 20 29 0.05364943 
714 221 24 30 0.053642202 
798 431 22 28 0.053407308 
902 222 19 26 0.05257143 
919 212 21 25 0.052548233 
666 108 21 27 0.051303227 
945 304 20 26 0.05099916 
874 350 22 28 0.05059512 
407 199 28 42 0.04934795 
821 386 28 34 0.049248308 
360 254 25 32 0.04818193 
741 160 20 26 0.047823355 
388 250 25 35 0.047549892 
126 208 30 45 0.04715282 
385 233 42 59 0.046398353 
744 173 21 28 0.045908876 
689 410 22 28 0.045602877 
873 337 23 29 0.04520323 
992 309 17 23 0.044700343 
946 338 21 27 0.044396494 
357 344 38 49 0.04373824 
973 291 18 23 0.04365919 
896 290 43 53 0.04337377 
914 287 24 30 0.043295413 
775 106 20 25 0.04295165 
498 292 40 51 0.042511366 
711 128 20 26 0.042417366 
733 383 40 49 0.04220045 
82 227 27 35 0.042072523 
522 351 38 51 0.041799072 
718 403 22 26 0.041269176 
827 382 40 48 0.0412217 
2 328 24 38 0.040790416 
967 203 19 25 0.04042015 
148 429 30 36 0.04017446 
338 284 26 33 0.040043503 
840 263 20 26 0.0388922 
904 211 19 25 0.038676903 
496 365 50 69 0.038652956 
630 137 38 50 0.038557325 
660 392 41 55 0.0385453 
947 408 19 24 0.03782408 
742 386 25 29 0.037180074 
591 280 24 32 0.036845464 
663 125 20 27 0.036654092 
696 280 24 33 0.036141627 
822 326 22 26 0.035777144 
841 275 21 27 0.035613917 
327 246 26 36 0.035564203 
687 428 19 25 0.035550717 
769 125 21 28 0.03552356 
97 203 43 58 0.034793027 
742 530 361 367 0.034365766 
817 125 19 24 0.034359798 
87 149 82 113 0.03411028 
691 192 47 59 0.034074638 
840 387 24 29 0.033957526 
697 152 21 27 0.033917394 
707 382 61 72 0.033749193 
239 310 20 27 0.033655252 
636 197 25 33 0.033513047 
78 77 50 61 0.033311494 
283 303 24 29 0.033046246 
252 309 20 27 0.032970045 
738 393 52 62 0.032563433 
737 252 33 43 0.032514524 
330 269 51 66 0.032496892 
795 409 23 29 0.032335673 
353 244 41 53 0.03200886 
407 348 38 48 0.031807363 
842 476 22 28 0.031787645 
925 255 22 27 0.031754903 
869 307 21 27 0.031507134 
877 229 19 24 0.031478718 
717 385 24 29 0.031349063 
745 298 24 30 0.031011991 
68 183 66 79 0.030974157 
671 424 24 33 0.030802373 
498 318 45 60 0.030801527 
876 257 19 24 0.030273646 
696 251 23 31 0.02992983 
577 382 52 69 0.029871192 
431 221 50 63 0.029837226 
713 275 24 31 0.029719764 
-70 535 357 355 0.02971036 
227 230 23 29 0.029532129 
872 425 30 35 0.029498838 
532 409 21 28 0.029237473 
791 386 22 29 0.029196093 
994 363 18 25 0.029190788 
392 257 40 53 0.029175544 
330 350 37 48 0.02916761 
908 72 20 27 0.02914326 
259 278 19 25 0.029116835 
507 272 38 50 0.028965777 
821 428 21 26 0.028840205 
718 177 21 27 0.02864236 
533 432 23 30 0.028627874 
607 185 39 51 0.02861582 
357 484 25 31 0.028487045 
753 377 52 67 0.02847813 
818 363 23 28 0.028426066 
636 226 26 35 0.028188417 
663 150 21 29 0.02813182 
646 130 24 32 0.028124029 
672 389 55 72 0.028017143 
459 491 26 32 0.028011426 
846 359 21 26 0.027730715 
516 280 23 28 0.02755893 
107 177 28 39 0.027538167 
845 228 20 26 0.027530093 
284 282 21 26 0.027523493 
825 274 23 29 0.027495822 
797 157 22 28 0.027134215 
367 436 22 29 0.02706222 
852 409 65 67 0.02698851 
183 203 21 28 0.026758155 
561 301 693 729 0.026751522 
73 533 37 55 0.026647368 
925 387 21 27 0.02647123 
121 144 66 95 0.026386926 
79 87 77 104 0.026365675 
402 371 40 49 0.02634217 
946 389 19 24 0.026217414 
820 306 21 27 0.02617059 
339 309 63 82 0.026139446 
957 206 19 24 0.02606463 
587 258 25 33 0.025793763 
72 512 73 104 0.025727717 
360 345 64 79 0.025672004 
767 306 25 32 0.025616568 
362 154 23 30 0.025490737 
130 188 39 56 0.025438134 
514 254 23 30 0.02541161 
721 103 19 23 0.025331005 
487 104 25 33 0.025280422 
767 178 23 29 0.025113989 
358 96 23 29 0.02500239 
77 208 24 31 0.024976308 
332 133 22 28 0.024968399 
780 372 58 70 0.024961365 
746 204 21 27 0.02487711 
535 375 24 31 0.024821896 
344 205 66 88 0.024787236 
795 175 25 31 0.024716876 
522 397 36 46 0.02470093 
456 258 60 69 0.024528174 
374 353 29 38 0.024514243 
554 219 34 45 0.024501821 
828 260 22 28 0.024449384 
371 135 61 90 0.024372073 
240 330 18 25 0.02431482 
875 281 19 24 0.024263805 
717 82 17 22 0.02425678 
359 148 36 49 0.024189863 
924 180 19 23 0.024160022 
764 266 35 43 0.024089556 
840 403 25 30 0.024054548 
98 277 42 54 0.024028335 
873 412 27 31 0.024020659 
876 386 23 26 0.023902398 
846 206 19 25 0.023794545 
-225 321 710 741 0.023531465 
900 322 32 39 0.023498591 
803 353 61 77 0.023391444 
697 177 21 27 0.023335485 
557 458 29 35 0.023205483 
742 362 23 28 0.023160735 
900 178 19 24 0.023132829 
126 279 74 90 0.023100834 
770 100 32 41 0.023047976 
538 540 366 345 0.02286073 
700 211 46 58 0.0228345 
329 232 25 34 0.02283291 
972 409 17 23 0.022731047 
485 319 30 38 0.022704938 
469 298 63 73 0.022679193 
452 415 41 51 0.02266848 
512 417 36 47 0.022585407 
812 362 38 48 0.022479035 
83 83 24 29 0.022417579 
743 107 19 24 0.022373492 
563 130 24 30 0.022357635 
562 433 28 33 0.022324366 
638 466 21 27 0.022271616 
229 250 23 30 0.022215135 
798 458 20 25 0.022205638 
378 431 24 31 0.022120249 
450 201 42 57 0.022101663 
761 429 23 27 0.02200461 
714 357 24 28 0.021955105 
849 433 71 80 0.021937765 
558 304 23 30 0.021886239 
509 223 37 47 0.021819908 
153 157 23 29 0.021691933 
773 194 59 74 0.02167622 
756 303 73 82 0.021643264 
319 218 51 73 0.021620989 
472 403 55 70 0.021582048 
845 177 19 25 0.021487454 
854 373 66 77 0.021459058 
789 401 38 47 0.021415314 
147 172 23 33 0.021224849 
866 319 54 65 0.021185784 
389 229 25 34 0.021156244 
2 127 20 26 0.021154791 
32 173 21 28 0.021126147 
516 231 22 27 0.021122865 
813 415 39 45 0.021100728 
177 310 23 30 0.021018803 
955 180 18 25 0.02099575 
599 395 43 56 0.020893257 
918 328 22 28 0.020847254 
154 626 25 32 0.020844761 
254 327 20 26 0.0208007 
381 398 39 49 0.020767424 
86 287 71 84 0.020733126 
64 235 44 53 0.020617247 
104 59 24 29 0.02058472 
285 255 22 30 0.020569755 
487 117 28 35 0.020566491 
4 74 19 26 0.020561328 
926 404 21 27 0.020444322 
957 123 19 26 0.020366356 
796 362 22 28 0.020308554 
951 263 20 24 0.02028892 
327 371 26 34 0.020224323 
800 396 66 75 0.020207025 
838 464 36 46 0.020184252 
642 99 36 45 0.020154638 
362 465 23 28 0.020143136 
736 282 118 130 0.020105459 
734 359 38 50 0.02009676 
697 223 24 33 0.020085983 
240 309 57 72 0.020068383 
567 253 24 30 0.020060949 
