0_Parade_Parade_0_545
47
610 388 264 314 0.99925774 
146 236 302 397 0.9962334 
356 964 44 49 0.12527923 
87 370 44 60 0.06865555 
789 506 65 88 0.0507746 
475 807 62 124 0.043522313 
96 360 29 37 0.036537 
335 957 42 48 0.035332464 
252 987 25 30 0.03299128 
94 365 79 114 0.032711677 
393 824 131 179 0.03235669 
80 370 31 41 0.032097414 
613 568 168 175 0.03117341 
345 298 304 383 0.030610587 
300 866 74 88 0.03026206 
665 838 60 72 0.03021527 
87 336 146 224 0.03011836 
307 977 21 26 0.029901031 
331 951 22 28 0.02888314 
325 897 83 100 0.028824272 
228 389 191 261 0.028299553 
339 969 22 28 0.02793178 
813 528 34 47 0.02736031 
987 885 28 38 0.026192019 
772 843 70 90 0.025820132 
475 941 48 60 0.025655245 
302 962 37 46 0.024679491 
321 935 46 56 0.024516849 
806 875 42 55 0.024356384 
113 337 69 81 0.024182027 
991 404 23 31 0.023895735 
853 895 19 26 0.023610612 
690 462 94 113 0.023133496 
7 527 160 181 0.022783369 
128 352 29 34 0.022345372 
718 847 84 101 0.022093 
824 522 63 85 0.0220804 
886 504 56 77 0.022067307 
866 554 24 31 0.02202095 
823 871 23 32 0.021710347 
361 952 26 31 0.021703685 
296 883 47 57 0.021659276 
373 981 35 40 0.021624994 
95 400 31 40 0.021367732 
842 884 33 44 0.02065375 
972 545 19 25 0.020617276 
693 923 40 45 0.020309508 
