0_Parade_marchingband_1_649
126
248 191 38 45 0.99325365 
290 282 45 56 0.98677826 
174 281 42 51 0.9849178 
894 317 42 53 0.9842003 
24 200 37 46 0.98318106 
969 153 31 42 0.9818075 
555 81 33 43 0.9693337 
858 149 33 42 0.9633552 
941 207 37 45 0.9633479 
696 290 41 50 0.9554922 
814 204 36 43 0.9485984 
414 88 30 38 0.9435289 
494 122 34 43 0.92564213 
6 128 26 34 0.8912224 
761 154 27 34 0.8765412 
667 216 30 39 0.8517332 
654 150 30 36 0.84560484 
129 235 38 47 0.84494185 
58 121 26 32 0.81841147 
342 119 30 39 0.80070037 
245 143 31 39 0.78991723 
797 283 39 49 0.7412039 
708 170 27 34 0.66749287 
105 134 27 35 0.6276614 
1 301 37 49 0.4287179 
178 119 27 33 0.30303544 
150 121 27 35 0.29536188 
791 456 37 44 0.23979746 
750 148 26 32 0.15189014 
913 179 26 34 0.13731092 
581 145 28 35 0.12993236 
158 109 23 30 0.08835003 
144 205 40 51 0.08825207 
123 132 25 31 0.08688796 
147 143 27 35 0.08558463 
92 195 26 33 0.08293712 
928 318 40 51 0.078873836 
678 466 39 49 0.077911004 
380 141 29 36 0.06989408 
175 110 24 30 0.06955497 
668 440 24 32 0.06723343 
617 423 24 30 0.06644178 
719 157 26 33 0.0627683 
738 101 21 26 0.05785991 
568 143 28 35 0.05406787 
918 149 24 31 0.052860223 
612 147 24 33 0.051751252 
97 427 38 51 0.05119055 
55 111 24 30 0.050046995 
613 71 23 31 0.048749413 
771 451 28 35 0.04575721 
918 133 24 30 0.044891145 
464 459 19 23 0.04274457 
784 366 37 46 0.03956301 
616 129 24 33 0.038683474 
347 128 38 47 0.03784847 
659 130 26 31 0.03758422 
963 293 35 47 0.037282072 
788 152 24 29 0.037096158 
532 138 28 35 0.035685886 
744 133 23 29 0.035321005 
141 225 35 46 0.034619257 
869 481 31 38 0.03459577 
405 120 28 37 0.032888122 
665 448 39 49 0.032182615 
406 141 28 36 0.03128397 
178 142 26 33 0.031046066 
200 125 24 32 0.030850478 
-72 536 361 353 0.030401465 
290 461 24 29 0.030378489 
974 131 26 35 0.029567482 
820 181 28 34 0.029302435 
353 425 34 50 0.029283822 
793 131 21 26 0.028947625 
955 201 36 44 0.02881524 
-234 328 712 739 0.02878766 
994 74 21 29 0.028676568 
543 78 28 38 0.028654953 
657 432 524 548 0.02864216 
-1 280 35 48 0.028406538 
619 4 23 27 0.028352957 
50 321 33 44 0.027570799 
595 50 21 27 0.027348597 
985 152 27 36 0.02727364 
901 131 23 29 0.026445491 
112 429 42 54 0.025968088 
50 347 37 49 0.02593658 
537 429 20 27 0.025876708 
338 450 26 34 0.025727993 
77 215 38 48 0.025577057 
638 2 22 26 0.025144992 
766 133 23 29 0.02474235 
636 20 22 27 0.02434725 
69 342 36 47 0.024315393 
299 464 24 29 0.024158327 
608 200 32 42 0.023943884 
540 412 22 27 0.023796063 
721 453 23 29 0.023601491 
513 232 28 34 0.023396142 
12 314 35 47 0.023366682 
460 439 18 23 0.023345625 
671 481 26 34 0.023048084 
954 153 27 35 0.022720383 
343 438 35 50 0.022524498 
725 102 22 26 0.022339247 
943 498 40 43 0.022301989 
14 342 35 50 0.0222115 
85 434 27 33 0.022110468 
235 131 25 32 0.022079432 
945 99 22 27 0.021920012 
720 438 24 31 0.021811824 
238 173 39 50 0.021634618 
379 426 20 30 0.021462383 
927 99 21 25 0.021354878 
679 221 29 37 0.02131554 
689 95 22 28 0.020893227 
689 151 26 34 0.020841334 
285 468 38 44 0.020720571 
91 221 38 49 0.020556355 
54 142 26 33 0.020470677 
566 23 23 27 0.020459358 
793 175 26 34 0.020453302 
800 201 30 38 0.020260742 
937 302 39 49 0.020237967 
248 247 39 51 0.020228727 
588 4 22 26 0.020184258 
