0_Parade_marchingband_1_765
479
575 129 19 26 0.7329103 
501 310 16 21 0.6319032 
679 125 21 27 0.61800355 
625 124 19 24 0.55050343 
253 359 17 21 0.47522742 
498 361 17 22 0.4535208 
313 366 17 22 0.41650453 
524 122 18 24 0.4024106 
366 366 18 22 0.36493897 
87 325 19 25 0.3395278 
622 341 17 21 0.315629 
585 313 16 21 0.31522256 
967 356 35 45 0.3147102 
355 337 16 21 0.29575217 
157 332 19 23 0.29463664 
412 124 20 25 0.2909669 
870 546 34 42 0.27877608 
467 108 20 25 0.27736723 
577 310 17 20 0.27560493 
419 365 18 22 0.27306792 
345 341 17 22 0.2703252 
540 340 17 21 0.26810881 
406 307 15 19 0.25991678 
614 382 18 20 0.25788575 
904 377 22 26 0.25693643 
507 360 18 23 0.25564176 
850 361 20 25 0.2532512 
459 338 15 19 0.253242 
598 231 18 21 0.24489374 
648 310 17 21 0.24234723 
289 335 16 20 0.22890094 
461 287 15 19 0.22122242 
777 382 19 23 0.20115434 
447 334 16 20 0.19589831 
368 377 19 23 0.19016482 
397 310 16 19 0.18172564 
432 367 17 22 0.17685352 
482 157 16 21 0.16905989 
619 352 18 22 0.16801642 
231 332 16 21 0.16310096 
105 304 18 21 0.16188441 
665 334 18 23 0.16135973 
318 305 17 20 0.16075467 
739 378 18 24 0.15907964 
279 72 32 39 0.1550881 
746 358 19 24 0.15014844 
363 310 16 20 0.14511798 
245 363 18 22 0.1441542 
382 360 16 21 0.14282876 
545 353 17 21 0.14183125 
664 355 18 23 0.14180012 
228 314 16 19 0.1412175 
201 363 17 22 0.13989493 
417 263 18 22 0.13901512 
440 310 16 19 0.13709466 
596 181 17 22 0.13641874 
191 364 18 22 0.13471037 
634 128 19 25 0.13268737 
153 358 18 22 0.1326204 
97 328 18 23 0.13259673 
647 353 17 21 0.13208668 
439 286 16 19 0.1320141 
613 229 17 21 0.12970206 
175 330 18 23 0.12903297 
726 380 18 22 0.12760416 
542 288 16 19 0.12677628 
309 374 19 22 0.12457998 
492 333 16 20 0.124102026 
563 353 17 20 0.12362221 
802 351 19 24 0.123459965 
744 339 17 21 0.12328509 
129 364 17 23 0.123129286 
215 336 17 20 0.12293442 
816 355 19 24 0.122896485 
696 332 18 22 0.12236412 
257 343 16 20 0.121918514 
539 309 15 19 0.121230304 
765 354 18 22 0.11974316 
288 288 17 19 0.11659318 
418 282 17 20 0.11658182 
392 337 16 20 0.11644415 
797 307 17 21 0.11621949 
723 357 18 22 0.11552078 
335 357 17 21 0.11507416 
617 311 15 20 0.114833854 
136 278 16 21 0.11371308 
643 337 18 21 0.10991 
329 305 16 21 0.10969497 
689 287 16 20 0.10947915 
460 310 15 19 0.10918962 
512 259 16 20 0.10479695 
474 159 17 20 0.104612 
770 339 17 21 0.10415547 
594 358 16 20 0.10227498 
566 338 16 22 0.10157683 
592 334 16 19 0.101168245 
599 384 17 21 0.100045905 
676 283 17 21 0.09882292 
521 113 18 24 0.09702188 
83 317 19 25 0.0956136 
486 125 17 21 0.094998166 
841 375 20 25 0.094669074 
614 177 17 21 0.09458996 
595 285 17 21 0.09437193 
517 283 17 21 0.09332608 
418 379 18 23 0.09306996 
724 338 17 22 0.09280361 
823 404 26 32 0.09246217 
440 226 17 20 0.09210589 
466 355 16 20 0.091873735 
663 313 18 22 0.09011109 
285 356 16 20 0.0898192 
537 237 17 21 0.08929713 
519 339 17 21 0.08872785 
418 182 17 20 0.088350184 
694 357 17 21 0.08830195 
388 200 17 20 0.08778357 
434 375 18 23 0.08666516 
201 283 15 19 0.08643358 
697 311 17 22 0.086060405 
639 229 17 21 0.08515508 
282 310 16 20 0.084490314 
367 289 15 18 0.08446951 
726 306 17 21 0.08430476 
466 257 16 20 0.08319489 
776 430 19 23 0.08316314 
540 251 17 20 0.08235944 
820 308 17 22 0.082285546 
612 287 17 20 0.0810554 
620 113 19 25 0.08097971 
136 409 20 24 0.08078222 
513 182 17 21 0.08037693 
184 279 17 21 0.08002646 
547 380 17 21 0.08000059 
412 336 16 20 0.07991337 
440 211 17 21 0.07977792 
671 253 16 21 0.079729326 
308 335 17 21 0.079085834 
416 414 19 24 0.07879737 
498 259 15 20 0.07841481 
128 307 15 19 0.07838249 
571 148 18 23 0.07732366 
566 288 16 21 0.07695958 
188 231 18 23 0.07599193 
848 340 18 23 0.075761385 
464 388 16 20 0.0756397 
788 383 19 24 0.07491817 
955 361 24 30 0.074683756 
876 332 18 23 0.074517004 
823 333 18 22 0.07412429 
593 205 18 20 0.07331631 
874 306 18 21 0.07298178 
400 116 34 40 0.072508246 
797 337 18 23 0.072362944 
487 203 17 21 0.07225749 
408 112 21 24 0.0718176 
514 159 17 21 0.070667684 
491 286 16 20 0.070591375 
725 286 17 21 0.070087425 
338 286 16 19 0.069552585 
102 292 18 23 0.06890534 
774 309 15 20 0.068755075 
385 284 16 19 0.06872936 
385 125 21 27 0.067165434 
897 522 66 82 0.067085855 
896 366 20 26 0.06688788 
874 527 57 69 0.06624835 
136 335 17 21 0.06620646 
163 314 16 22 0.065775424 
872 356 18 23 0.06560907 
742 309 17 20 0.06475764 
354 183 17 20 0.0645499 
281 387 16 21 0.063779674 
520 235 16 19 0.0630323 
214 313 15 18 0.0630193 
694 381 17 22 0.062799506 
391 187 16 20 0.06271165 
435 262 16 20 0.06259837 
671 236 17 20 0.06255766 
380 380 17 22 0.06206969 
180 311 17 20 0.0612377 
130 379 19 24 0.06115175 
645 288 17 21 0.060934052 
666 381 18 23 0.060650628 
918 476 43 50 0.060537435 
721 255 16 20 0.059467863 
541 205 17 20 0.05932814 
641 386 18 21 0.0590206 
159 277 16 20 0.058625188 
543 179 17 22 0.0586094 
147 489 21 25 0.058427457 
363 126 20 26 0.05776552 
486 182 16 20 0.057460804 
462 236 17 20 0.057390783 
175 258 17 22 0.057140652 
368 209 17 21 0.05696372 
773 412 20 25 0.056878712 
314 257 15 18 0.056554355 
518 201 16 21 0.056410804 
871 285 18 22 0.056356866 
532 112 19 24 0.056353062 
850 304 17 21 0.05635077 
287 231 17 21 0.055902902 
253 261 15 18 0.05589677 
237 380 17 23 0.05575783 
566 256 16 21 0.05565767 
640 257 16 20 0.054818843 
308 291 16 20 0.05477677 
164 262 18 22 0.054674126 
699 252 17 22 0.054633077 
570 232 17 21 0.054618623 
925 357 19 24 0.053354394 
388 259 17 21 0.053320963 
621 210 16 21 0.053141903 
336 262 16 20 0.052532542 
527 119 26 34 0.05244256 
290 407 19 23 0.05228893 
435 184 15 18 0.05215193 
646 209 16 20 0.051256366 
407 202 17 21 0.051155876 
722 235 17 21 0.051085394 
105 380 19 25 0.05084588 
342 185 18 20 0.050726872 
155 463 20 24 0.05061874 
435 43 22 25 0.050507102 
902 285 17 19 0.05035524 
644 177 17 20 0.049330313 
238 261 17 19 0.049277436 
906 486 61 74 0.048920903 
365 227 16 20 0.04886119 
265 311 14 17 0.048840184 
183 486 20 24 0.048642334 
773 282 15 19 0.048263904 
676 185 18 22 0.047934506 
722 431 19 23 0.047866333 
673 112 20 26 0.04758273 
410 230 16 20 0.047506716 
153 379 18 23 0.0473697 
719 413 20 24 0.047339488 
542 158 17 21 0.047011133 
828 384 22 27 0.04679145 
688 183 18 22 0.046285544 
619 156 17 22 0.04603003 
260 282 15 18 0.045908738 
184 410 22 27 0.04564413 
561 380 16 21 0.045330103 
743 230 17 20 0.04496388 
647 159 17 23 0.044860426 
201 228 16 20 0.044634387 
260 376 18 22 0.044163793 
727 127 19 24 0.043898243 
720 158 17 22 0.04376384 
437 128 16 20 0.04373531 
638 409 20 25 0.04363905 
436 158 15 19 0.043599825 
255 493 17 21 0.043592658 
466 411 18 24 0.04353225 
854 285 17 21 0.043315485 
746 285 16 19 0.043244205 
307 233 16 20 0.04299664 
566 203 17 21 0.04274494 
698 234 17 22 0.042429626 
153 411 19 25 0.042300824 
693 409 20 25 0.04227545 
133 266 19 23 0.042091437 
916 382 18 24 0.041898984 
111 360 19 23 0.0418724 
673 201 17 21 0.041653372 
495 229 16 20 0.04160245 
334 205 17 21 0.041500114 
287 257 16 19 0.04135985 
188 432 20 24 0.04134401 
738 130 20 25 0.04123952 
419 155 18 22 0.041229993 
670 150 18 24 0.041128248 
481 110 18 23 0.0411249 
186 464 20 24 0.041117117 
695 202 18 22 0.0410368 
823 289 16 20 0.040939227 
98 301 28 35 0.040923238 
5 502 67 75 0.040901918 
387 109 21 25 0.040743895 
304 457 17 21 0.04073154 
590 157 18 22 0.0406097 
624 255 16 20 0.0405728 
899 305 17 21 0.040570285 
203 375 17 24 0.040273976 
235 409 19 24 0.040244292 
773 126 19 23 0.040178493 
723 103 19 24 0.040131174 
389 150 18 22 0.04005403 
206 460 17 23 0.039731063 
237 201 18 22 0.039444663 
493 376 17 22 0.039372213 
391 230 16 20 0.039247006 
512 376 19 22 0.03923099 
897 332 17 21 0.03917095 
467 204 16 20 0.0390447 
473 179 16 20 0.03894338 
572 303 27 34 0.038672928 
29 308 20 24 0.03842012 
240 464 16 20 0.038336255 
716 206 16 21 0.03824793 
365 481 17 21 0.03783177 
316 206 17 21 0.037756633 
186 378 18 25 0.037592784 
462 77 19 24 0.03758983 
594 413 19 24 0.037054572 
365 260 16 20 0.037047505 
441 106 17 21 0.03699447 
799 289 16 19 0.036912594 
491 434 18 22 0.03679487 
291 517 17 20 0.036721747 
570 111 18 24 0.036419928 
642 304 29 35 0.03633607 
417 435 17 21 0.03623553 
257 461 16 21 0.03615291 
378 83 86 113 0.036141902 
335 381 16 21 0.03591612 
982 421 34 50 0.03589439 
138 486 19 23 0.03583382 
364 469 17 21 0.035831656 
201 213 17 21 0.03568484 
259 509 17 20 0.03565226 
874 261 18 22 0.035415076 
340 63 151 194 0.035413627 
237 283 16 19 0.035180688 
929 545 50 56 0.03493581 
157 435 18 24 0.034871563 
595 254 17 21 0.03485786 
569 181 17 21 0.03453998 
378 114 37 46 0.034527227 
337 333 28 35 0.034343183 
293 489 16 21 0.03424001 
746 408 20 24 0.03396633 
916 532 37 45 0.033493694 
743 96 20 24 0.03327714 
473 151 28 34 0.033104904 
893 424 22 29 0.032285463 
690 111 20 25 0.03227651 
258 441 16 20 0.032170963 
773 263 16 20 0.0314294 
239 187 18 22 0.03134005 
928 337 18 23 0.031245008 
294 537 17 22 0.031216372 
41 515 30 33 0.031167278 
362 96 67 80 0.031027649 
212 260 15 19 0.031010503 
362 413 18 22 0.03092879 
358 151 18 22 0.030676872 
50 310 20 23 0.030574378 
202 437 17 22 0.03052945 
792 436 19 25 0.030482495 
158 233 19 22 0.030476596 
745 258 16 20 0.03032599 
413 75 19 22 0.030275581 
135 540 19 24 0.030203579 
295 462 17 21 0.030193286 
74 357 20 24 0.030061772 
442 74 19 23 0.030024866 
617 333 27 35 0.029986035 
589 110 18 22 0.029963234 
257 543 19 22 0.029934768 
927 306 16 21 0.029344676 
986 358 29 39 0.029226234 
437 440 16 22 0.029199181 
82 378 21 25 0.029184356 
236 234 17 19 0.028707542 
336 153 17 21 0.02824193 
745 212 16 20 0.028091837 
349 329 27 35 0.027827105 
153 508 20 24 0.02761099 
363 76 19 23 0.027511802 
742 84 22 27 0.027461259 
597 430 19 24 0.02741718 
258 233 17 20 0.027382165 
239 437 17 21 0.027044956 
281 210 18 22 0.02670295 
360 109 21 25 0.026651796 
338 410 17 21 0.026545271 
740 439 18 22 0.02654007 
751 180 18 22 0.026375512 
309 442 16 21 0.026340656 
208 490 18 22 0.026237994 
239 487 17 21 0.026221612 
667 408 21 25 0.026138062 
769 424 31 40 0.02606226 
285 328 28 35 0.025831908 
460 115 30 38 0.025403542 
893 410 23 29 0.025238138 
819 209 19 24 0.025223633 
969 390 34 52 0.025192855 
205 543 22 28 0.025124026 
885 536 31 41 0.025090003 
59 357 19 23 0.025072923 
842 539 54 61 0.025053637 
874 382 18 24 0.024936277 
160 76 21 26 0.024907462 
672 484 20 24 0.024785757 
134 467 19 23 0.024760956 
105 407 18 23 0.024645826 
339 131 19 23 0.024487307 
305 412 18 21 0.024432044 
841 124 30 35 0.024372038 
721 177 18 21 0.024302525 
337 106 19 23 0.024299596 
820 464 22 27 0.02420333 
892 266 17 20 0.024176832 
263 153 20 24 0.0241759 
466 466 17 20 0.02415257 
416 487 16 21 0.02414439 
189 212 19 23 0.02409553 
311 298 28 35 0.024046995 
769 228 16 20 0.023997268 
277 151 18 24 0.02393064 
825 255 16 20 0.023889696 
387 76 19 23 0.02387705 
874 408 23 29 0.023873024 
313 131 19 24 0.023809373 
800 257 16 20 0.023700662 
211 509 19 22 0.023546051 
339 230 17 20 0.023528725 
178 510 19 22 0.023449829 
315 150 18 22 0.02341156 
299 74 25 31 0.023406576 
842 98 25 29 0.023081047 
438 412 18 23 0.023025922 
385 462 15 19 0.022991085 
54 335 18 22 0.022942536 
544 491 19 21 0.022823598 
139 484 35 43 0.022643367 
159 96 21 26 0.022601921 
687 484 21 25 0.022594055 
770 108 19 24 0.022515288 
844 80 23 28 0.022452297 
211 329 27 34 0.022400972 
870 324 29 38 0.022350362 
895 483 23 31 0.02229346 
358 117 36 43 0.022222841 
393 40 77 110 0.02220242 
922 466 24 29 0.022121858 
168 324 29 36 0.02207579 
738 331 27 35 0.021984037 
386 441 17 20 0.021969637 
699 156 18 22 0.021909494 
639 109 19 24 0.02175247 
443 327 27 34 0.021724246 
438 457 15 20 0.021718234 
293 440 17 21 0.021595957 
334 492 16 20 0.021514352 
131 273 29 37 0.021496058 
955 -1 50 44 0.02141731 
138 515 18 23 0.021353954 
330 541 18 21 0.021269249 
512 463 17 21 0.021268204 
890 465 57 69 0.02124204 
495 462 18 22 0.02124131 
485 80 18 22 0.021131342 
478 117 30 37 0.021130186 
795 409 20 26 0.02099855 
102 512 18 21 0.020992152 
813 102 64 76 0.020992 
644 430 21 25 0.020931877 
516 409 18 22 0.020875307 
366 435 16 20 0.020818325 
365 514 18 22 0.020775184 
2 582 30 46 0.020616882 
100 372 32 38 0.020538816 
401 300 27 33 0.020474797 
48 415 21 27 0.020472767 
841 406 24 30 0.020445108 
455 330 26 33 0.020432655 
91 36 77 73 0.020425318 
773 211 17 22 0.02041838 
668 436 20 23 0.020332282 
156 539 21 25 0.020277996 
467 433 17 22 0.02023489 
487 414 19 23 0.020220662 
949 337 20 26 0.020175094 
