0_Parade_Parade_0_470
62
419 206 63 83 0.99988985 
597 247 75 94 0.99981457 
473 331 68 93 0.9997378 
152 176 68 89 0.99966943 
294 242 62 78 0.9996419 
121 472 85 108 0.99958307 
36 158 86 113 0.99949884 
538 187 61 83 0.99919885 
619 137 58 74 0.99891555 
465 144 51 65 0.9980432 
317 371 78 109 0.9980385 
327 163 57 74 0.99766266 
780 229 56 71 0.99745125 
708 237 57 73 0.9957617 
937 271 54 68 0.9957344 
839 233 50 65 0.9894084 
227 174 60 80 0.98843145 
906 174 53 69 0.9858291 
855 178 47 57 0.6419886 
558 220 73 98 0.16266392 
788 168 40 49 0.111968815 
755 165 36 48 0.10520964 
0 154 31 42 0.10128878 
879 182 57 72 0.08271345 
667 233 74 89 0.081881836 
982 349 33 53 0.08171757 
257 160 60 82 0.079787076 
271 142 44 58 0.07443324 
39 88 43 52 0.07391701 
783 190 47 62 0.071530744 
4 49 25 35 0.0713229 
299 170 60 73 0.070326604 
46 79 26 32 0.061480526 
318 98 40 46 0.056909736 
606 179 75 92 0.054563478 
7 104 22 30 0.051317763 
256 198 61 82 0.051179808 
13 155 60 82 0.04998954 
312 196 67 86 0.049697433 
835 379 54 64 0.039170932 
762 183 45 61 0.03787505 
702 190 50 63 0.036400843 
818 365 55 65 0.034614183 
978 140 29 45 0.032096248 
992 132 19 27 0.03128809 
963 170 36 52 0.027620621 
972 97 21 29 0.027202537 
928 50 18 23 0.027161136 
887 244 42 56 0.026837299 
455 215 58 73 0.025906334 
867 310 55 65 0.023710072 
507 208 59 76 0.023640225 
3 503 24 35 0.023333017 
2 203 28 37 0.023108577 
898 3 21 23 0.02298155 
364 309 61 77 0.022172857 
2 94 35 49 0.021943845 
968 30 18 22 0.021444509 
956 72 20 24 0.021366483 
948 156 25 30 0.021032035 
972 79 19 25 0.020794928 
809 347 45 57 0.020504268 
