0_Parade_marchingband_1_710
50
469 128 56 71 0.9963768 
108 301 71 92 0.9705263 
832 25 40 53 0.88830715 
-2 0 41 56 0.6720231 
76 113 57 91 0.2345339 
455 79 43 54 0.10503763 
852 35 40 50 0.058524005 
836 46 44 55 0.055574466 
250 12 83 85 0.053200614 
786 10 41 53 0.05110218 
649 2 59 66 0.049933385 
75 208 38 55 0.046313737 
73 162 31 43 0.046273176 
382 66 26 37 0.04576285 
107 260 70 93 0.044966534 
376 4 46 46 0.041993774 
295 11 77 81 0.03799229 
46 222 30 40 0.037526898 
95 134 33 50 0.036573965 
12 260 39 55 0.03439301 
38 196 45 62 0.03141024 
60 172 60 87 0.030429296 
145 335 41 53 0.03035009 
431 71 56 73 0.029994855 
853 55 43 52 0.029089587 
894 30 25 31 0.02795554 
761 14 45 53 0.027607763 
816 16 36 48 0.026296755 
96 219 28 41 0.026147969 
41 99 73 97 0.026114488 
329 0 72 71 0.025829958 
52 138 46 60 0.02573626 
513 105 27 35 0.02512767 
956 61 53 64 0.025060013 
13 100 38 57 0.024789317 
368 21 60 76 0.024398515 
468 87 46 58 0.023830019 
740 10 43 54 0.023602778 
919 0 37 43 0.02353378 
10 76 130 170 0.022589317 
377 117 57 80 0.022556828 
28 214 58 77 0.021909531 
262 18 115 150 0.021442922 
670 -3 52 55 0.021422526 
870 0 24 27 0.021212349 
385 51 29 35 0.020555371 
45 37 41 50 0.020475993 
857 132 79 95 0.02040276 
868 24 56 67 0.020232545 
896 134 61 76 0.020094676 
