0_Parade_marchingband_1_695
139
570 93 62 74 0.99530375 
311 168 44 58 0.8998263 
846 193 42 52 0.8866305 
182 210 39 49 0.8395095 
508 326 27 34 0.39416796 
135 253 26 33 0.35160694 
260 174 24 32 0.24347058 
657 300 33 46 0.22636797 
523 173 22 27 0.17000498 
800 336 25 31 0.14563255 
82 270 25 31 0.14367636 
156 183 25 31 0.14003935 
748 268 28 35 0.13103065 
761 274 25 30 0.11005861 
305 144 45 59 0.10919119 
991 173 20 30 0.10903952 
789 206 22 27 0.097705945 
580 58 30 37 0.09444911 
428 161 25 29 0.0932187 
482 176 22 29 0.09048807 
97 228 21 25 0.08563062 
736 322 24 31 0.084779084 
274 205 40 51 0.082881644 
21 284 20 27 0.07997401 
789 279 21 27 0.07891233 
570 59 52 69 0.078278035 
957 238 47 60 0.060981434 
515 236 23 29 0.059510015 
418 170 23 30 0.057577234 
130 241 46 56 0.055040944 
798 349 26 33 0.053721063 
381 195 26 33 0.050986167 
928 325 24 31 0.050944358 
843 172 32 38 0.050831553 
99 185 22 27 0.050174125 
269 164 38 50 0.050002754 
136 202 20 27 0.04815209 
88 233 20 25 0.045846708 
469 178 23 30 0.0453747 
794 303 21 26 0.04524828 
927 17 28 31 0.044647675 
47 256 20 26 0.04303733 
12 284 20 27 0.0424397 
135 230 23 27 0.04240398 
515 203 22 27 0.041106913 
977 207 24 31 0.041054808 
795 261 22 27 0.04060264 
101 261 20 26 0.039995506 
382 335 39 50 0.03997387 
973 384 24 34 0.039144147 
786 297 34 43 0.038811106 
951 398 26 33 0.037779145 
308 137 23 30 0.036917746 
224 321 45 51 0.036653314 
487 200 23 29 0.03584743 
510 311 26 32 0.035601687 
102 202 21 26 0.03547878 
789 328 50 64 0.035229232 
724 323 25 32 0.03485593 
534 356 22 27 0.033617936 
99 275 21 28 0.03327686 
744 261 47 58 0.033161543 
921 357 25 33 0.03298385 
966 287 39 55 0.032956697 
382 183 23 29 0.032926936 
513 162 21 28 0.032849506 
759 261 25 31 0.03269344 
149 197 24 32 0.032302823 
405 346 26 35 0.032281328 
918 375 24 31 0.032077752 
325 161 55 68 0.031745438 
3 233 19 24 0.031135716 
970 224 28 36 0.030970307 
793 227 20 26 0.030800281 
946 374 42 53 0.030541815 
757 407 39 50 0.03049171 
768 263 53 66 0.030340942 
166 173 36 46 0.029811397 
36 259 18 23 0.029656798 
212 148 21 27 0.029453097 
490 310 51 64 0.029258689 
724 309 24 31 0.029169245 
184 219 54 69 0.029142939 
260 189 36 47 0.028720384 
931 100 19 24 0.0285992 
772 300 22 27 0.028055064 
440 535 24 30 0.027718948 
0 255 19 25 0.027423855 
764 287 36 45 0.027027315 
732 300 34 45 0.02702319 
647 253 25 33 0.02673801 
138 357 21 26 0.02646052 
938 331 24 29 0.026163684 
497 333 23 29 0.026145795 
202 307 26 35 0.025867306 
878 130 20 26 0.025721692 
542 301 24 30 0.025697254 
283 159 22 30 0.025348317 
914 335 55 71 0.025328927 
502 163 49 61 0.025109937 
776 398 58 76 0.025086118 
228 205 25 33 0.02481612 
509 195 35 43 0.024676966 
4 184 19 26 0.024571585 
146 354 21 27 0.024072643 
354 194 27 35 0.023995725 
944 354 26 33 0.023982104 
740 385 25 31 0.023568418 
953 232 25 31 0.023331568 
357 300 26 37 0.023269577 
850 319 33 44 0.023232486 
695 144 25 32 0.023104079 
649 306 27 36 0.022947948 
129 269 28 36 0.02292912 
969 396 23 33 0.022928718 
514 346 26 31 0.022799041 
72 259 46 56 0.022724507 
924 183 19 25 0.022525813 
96 335 22 27 0.022363754 
473 163 47 59 0.022331152 
81 334 25 29 0.022240926 
931 349 65 85 0.021963092 
993 160 18 27 0.021468071 
58 304 24 29 0.02142247 
814 399 71 82 0.021392431 
929 82 21 27 0.021362158 
874 150 24 29 0.021322658 
226 306 30 38 0.021257441 
539 207 23 28 0.021256134 
963 318 38 52 0.021134216 
967 161 46 64 0.020848325 
798 123 20 25 0.020840889 
584 331 22 30 0.020770753 
68 346 41 45 0.020701176 
905 359 21 27 0.020664385 
148 333 23 30 0.020632861 
641 343 36 49 0.020593544 
925 201 20 25 0.020486703 
196 311 59 67 0.02044755 
