0_Parade_Parade_0_288
183
536 389 16 19 0.28053454 
420 227 17 21 0.1361322 
519 343 16 19 0.1296704 
514 353 16 19 0.11224942 
418 213 17 20 0.08278722 
356 334 20 22 0.0824556 
511 206 16 20 0.0820094 
772 384 19 23 0.08175477 
469 338 18 21 0.081531115 
329 383 19 20 0.078355886 
363 281 20 23 0.069100685 
412 413 20 24 0.06478079 
482 335 16 19 0.0633795 
388 261 16 19 0.06330159 
524 390 16 18 0.062651366 
485 382 16 18 0.062015135 
490 363 14 17 0.061731644 
467 358 16 19 0.0613226 
535 401 17 20 0.05945168 
508 279 17 21 0.0589238 
431 229 17 21 0.05887244 
467 203 15 19 0.058476806 
188 491 24 30 0.05840893 
747 317 17 22 0.057052042 
467 380 18 21 0.056238342 
471 231 17 20 0.05582406 
597 358 15 19 0.05514269 
340 333 20 23 0.0549467 
485 235 16 19 0.054862645 
546 305 16 18 0.054684516 
337 302 18 22 0.054318283 
639 386 18 22 0.0540811 
436 211 16 20 0.054054916 
439 264 18 21 0.053484138 
650 359 17 19 0.052583907 
438 354 17 21 0.05228267 
417 356 17 20 0.051261894 
198 488 22 28 0.051077675 
544 365 15 18 0.04945173 
388 367 16 19 0.049362067 
331 235 17 22 0.04918918 
421 341 17 21 0.0491272 
416 385 18 21 0.048756145 
435 341 18 21 0.048638985 
566 388 16 20 0.048400287 
690 382 16 20 0.047108646 
363 386 16 18 0.047077607 
496 261 18 22 0.047057837 
410 187 15 19 0.046747264 
514 310 14 17 0.04669563 
389 379 17 20 0.04631294 
509 263 17 21 0.04609817 
338 250 17 20 0.045905374 
436 275 18 21 0.045535423 
568 410 16 19 0.045034014 
488 315 17 20 0.044532895 
364 262 17 20 0.043728575 
389 238 16 20 0.043648563 
520 407 16 19 0.043258056 
498 277 19 22 0.041894373 
384 336 17 20 0.041735157 
334 362 19 21 0.041505862 
412 431 22 24 0.041370988 
750 387 20 24 0.04135665 
365 233 17 20 0.0411692 
362 304 19 23 0.04108744 
382 438 20 24 0.04045917 
544 290 17 20 0.040062048 
339 289 19 23 0.04002925 
489 437 22 24 0.039975002 
469 314 18 21 0.039860602 
434 381 18 22 0.039047774 
662 359 16 19 0.03894811 
568 330 13 16 0.03707827 
537 336 14 16 0.037057757 
212 352 20 24 0.03704466 
385 276 17 21 0.03690781 
281 437 26 30 0.03657186 
258 459 24 29 0.036180418 
391 413 17 20 0.035186395 
792 432 22 27 0.03503809 
283 449 27 31 0.034991913 
434 312 17 19 0.034930427 
495 209 14 17 0.034725774 
672 386 16 19 0.03467547 
363 406 17 20 0.03451985 
436 413 19 23 0.0342289 
546 236 16 19 0.03420178 
778 408 19 23 0.034127135 
639 403 17 21 0.03393418 
334 204 17 23 0.03353341 
413 311 17 21 0.03302407 
415 259 16 20 0.032741193 
271 446 47 55 0.032678448 
339 180 19 25 0.03231739 
255 453 42 50 0.032278966 
868 438 17 20 0.032255266 
467 188 15 19 0.03141416 
786 384 19 24 0.031360142 
772 364 16 20 0.031243032 
259 481 23 30 0.03123572 
364 359 16 19 0.031140212 
362 210 17 21 0.031073509 
872 419 16 20 0.03102245 
314 203 18 23 0.030741658 
260 435 25 30 0.030722868 
762 376 32 38 0.030473083 
644 341 16 19 0.030356454 
789 412 19 23 0.030277416 
562 314 15 18 0.030105688 
618 313 18 22 0.029969791 
750 359 16 20 0.029793434 
271 466 60 78 0.029732624 
284 408 21 26 0.028622944 
850 248 22 26 0.028561994 
531 385 28 32 0.028443787 
565 363 15 18 0.02832768 
389 210 16 20 0.028032744 
517 231 16 19 0.027711216 
607 326 85 105 0.027676692 
388 310 16 20 0.027610194 
469 280 18 21 0.027496161 
494 415 18 21 0.02739012 
393 184 16 19 0.02726471 
232 308 20 26 0.027262384 
696 428 20 23 0.02725463 
697 417 17 20 0.026632603 
568 208 17 21 0.026620982 
666 343 15 18 0.026137624 
700 366 14 18 0.026004756 
318 382 19 22 0.025832362 
414 221 28 35 0.025535475 
716 366 16 19 0.025369659 
491 158 18 24 0.0253387 
672 311 16 19 0.02528666 
210 339 20 25 0.025066854 
412 277 17 21 0.024978025 
619 332 17 20 0.024662174 
174 337 20 25 0.024444764 
303 435 21 25 0.023889907 
545 253 16 19 0.023379019 
440 185 15 19 0.023378091 
301 489 24 32 0.023095798 
814 262 20 26 0.02300772 
562 234 18 22 0.02295811 
307 411 20 24 0.022831045 
593 341 15 18 0.02279845 
463 259 17 20 0.022705283 
495 174 15 20 0.022631807 
720 286 19 24 0.02259007 
436 431 21 25 0.022475265 
333 297 32 39 0.022426005 
317 230 18 22 0.022371657 
304 340 71 90 0.02231435 
282 395 73 86 0.022207925 
993 239 20 24 0.022182686 
564 287 17 20 0.022176191 
247 407 72 82 0.022083437 
285 485 28 36 0.02191271 
316 303 17 21 0.021904513 
366 438 20 23 0.021718288 
160 335 23 28 0.021641077 
308 454 21 26 0.021538947 
903 259 21 25 0.02149824 
627 389 16 20 0.021495964 
637 317 16 19 0.02146373 
722 380 17 22 0.02146135 
263 412 21 26 0.021114191 
335 491 19 25 0.021032142 
719 336 14 17 0.02092036 
699 334 14 16 0.020857759 
459 332 35 39 0.020842222 
595 381 15 19 0.020668166 
336 130 21 26 0.02051798 
689 350 125 150 0.020511791 
379 453 21 26 0.020485101 
569 434 18 21 0.020460209 
416 282 117 153 0.020436121 
338 281 76 91 0.020399507 
206 309 21 25 0.020196704 
566 253 17 21 0.020086171 
358 274 33 37 0.020036142 
288 387 20 23 0.020033507 
