0_Parade_marchingband_1_1045
262
941 258 44 57 0.98335326 
85 266 35 45 0.4640916 
-2 305 20 32 0.28219345 
434 305 20 25 0.2689374 
182 317 20 26 0.22855791 
236 311 19 23 0.21904784 
572 253 43 50 0.20576765 
658 274 25 31 0.20427981 
279 308 22 26 0.17779721 
840 304 27 32 0.14993222 
179 261 19 25 0.1377248 
689 256 23 28 0.13124329 
208 252 19 23 0.10387022 
739 225 25 33 0.10254691 
361 299 19 22 0.09864438 
226 415 20 25 0.09761207 
388 260 17 21 0.09353507 
181 209 19 24 0.09188261 
446 252 19 24 0.08850492 
132 306 22 27 0.082514666 
266 250 18 23 0.081564784 
265 236 20 26 0.0811433 
663 207 24 30 0.07974225 
335 306 17 21 0.07778224 
31 286 18 26 0.07691366 
259 310 20 25 0.07603528 
497 310 21 26 0.07559914 
357 291 18 22 0.07479304 
281 252 17 21 0.07434214 
415 311 19 23 0.07396476 
164 259 18 24 0.072562285 
438 288 19 24 0.070467845 
268 360 18 23 0.06992677 
285 284 18 22 0.06989894 
277 237 18 24 0.06958341 
799 276 24 31 0.06863897 
567 270 33 39 0.068058826 
637 174 26 35 0.06682245 
456 247 25 31 0.06602519 
391 310 16 20 0.06598399 
360 354 19 23 0.06584156 
176 362 18 22 0.06577043 
184 227 19 26 0.065697946 
755 218 34 44 0.064623274 
459 310 19 24 0.064418815 
182 274 19 24 0.06401448 
991 230 23 30 0.06304227 
258 331 19 24 0.06294633 
951 192 29 37 0.062047206 
230 254 17 23 0.061940312 
282 326 19 24 0.06175111 
460 335 20 26 0.059628893 
358 340 19 23 0.058527976 
308 258 16 21 0.05755117 
206 282 18 23 0.057051785 
343 289 17 22 0.057028506 
278 363 17 22 0.056630798 
669 261 24 30 0.056060575 
758 303 40 50 0.056016292 
461 352 24 30 0.05538707 
343 255 16 21 0.05487323 
433 335 21 27 0.054696184 
308 283 17 21 0.054549143 
844 284 25 29 0.053856056 
206 311 18 22 0.05363573 
81 198 25 30 0.053515792 
761 275 37 45 0.05286615 
466 281 21 25 0.051669646 
411 282 17 22 0.051554106 
361 256 16 20 0.050468396 
587 298 27 36 0.05017887 
83 256 28 37 0.049842652 
747 303 22 27 0.04975266 
48 414 25 30 0.049647007 
415 331 18 22 0.049054407 
204 339 18 23 0.048740238 
5 283 21 29 0.04816291 
452 229 42 51 0.0477169 
410 261 17 23 0.04757085 
100 209 20 27 0.04727917 
264 280 19 24 0.046791036 
562 270 58 77 0.046290934 
433 354 19 25 0.046068467 
614 198 25 34 0.04554469 
205 237 19 23 0.045115884 
441 235 22 27 0.044937145 
666 322 22 30 0.04477672 
745 300 35 44 0.04475669 
92 198 33 46 0.043623514 
315 338 17 20 0.043289527 
155 313 19 24 0.04319156 
766 207 26 32 0.042856287 
29 301 20 28 0.041939247 
240 330 17 22 0.041807566 
157 278 18 24 0.041505877 
232 236 19 24 0.040742595 
391 333 16 20 0.040727008 
235 285 19 22 0.040006943 
313 306 17 20 0.03978342 
394 281 16 20 0.03975878 
744 285 22 28 0.03974001 
485 275 22 28 0.03928149 
665 308 25 31 0.039067566 
472 237 45 56 0.03888 
443 246 66 79 0.03866651 
490 301 35 43 0.03827996 
715 263 20 27 0.037916753 
232 389 18 22 0.037831508 
308 238 17 22 0.037673607 
644 197 26 36 0.03740992 
485 252 27 33 0.037346356 
205 352 17 22 0.036896322 
718 274 20 26 0.036693357 
27 257 19 28 0.03590132 
871 308 24 29 0.035888564 
203 245 31 38 0.035171453 
102 223 23 31 0.03513348 
133 325 20 25 0.035085082 
952 273 51 72 0.03488664 
494 335 22 29 0.034633253 
602 148 35 48 0.034596518 
437 232 36 45 0.034433108 
689 232 22 27 0.034077957 
790 327 25 31 0.03400329 
790 146 20 27 0.033898383 
432 280 34 41 0.033658486 
287 405 18 22 0.03363673 
615 308 23 30 0.033615865 
642 259 22 27 0.03336884 
65 172 55 70 0.033175793 
926 178 23 30 0.033159446 
782 301 38 47 0.03311856 
945 185 25 33 0.03310717 
614 255 21 27 0.03273296 
645 262 46 56 0.03242986 
73 245 61 78 0.032396507 
166 361 18 22 0.032145556 
32 151 66 82 0.03165516 
697 309 22 28 0.031235117 
728 212 47 60 0.031192023 
765 257 25 31 0.03115268 
416 1 23 24 0.031107374 
564 296 29 38 0.030860143 
51 287 21 27 0.030709386 
621 355 25 33 0.030572256 
157 327 17 22 0.030451598 
744 179 20 27 0.030298239 
283 386 18 23 0.030180506 
742 244 33 46 0.030170906 
766 325 28 34 0.030153938 
458 264 39 49 0.030085739 
341 333 17 21 0.029596014 
839 322 25 32 0.029433182 
50 299 21 28 0.029286662 
217 415 18 22 0.029233918 
112 182 56 76 0.028939342 
313 354 17 20 0.028854357 
540 301 23 31 0.028658044 
177 322 29 35 0.028587405 
741 207 24 30 0.028157933 
453 330 35 44 0.028054243 
265 382 18 22 0.027849449 
33 406 22 30 0.027767483 
433 378 19 23 0.027404187 
606 176 54 70 0.027309889 
50 198 22 30 0.027164102 
603 248 37 46 0.027152946 
484 349 23 31 0.027051201 
983 296 34 50 0.0268741 
131 285 21 27 0.026835442 
498 326 36 46 0.026571415 
656 213 33 42 0.026480287 
921 192 33 45 0.02642764 
823 328 23 29 0.026414512 
736 267 53 66 0.026326844 
673 244 49 58 0.026298497 
638 257 35 46 0.02619292 
719 206 22 28 0.026189052 
613 228 23 29 0.026182523 
340 237 18 21 0.025833312 
536 231 22 31 0.025713868 
207 388 17 19 0.025657238 
613 165 38 50 0.025620447 
386 237 17 21 0.025556382 
720 219 32 43 0.025441747 
691 203 21 27 0.025413953 
73 180 26 32 0.025411803 
633 181 52 66 0.025005516 
511 226 29 39 0.024809787 
178 380 17 20 0.024581706 
126 223 22 28 0.024530748 
768 311 53 63 0.024463125 
587 231 26 33 0.024448102 
50 175 24 32 0.024447301 
325 3 30 29 0.024406528 
792 253 33 44 0.024312163 
43 180 40 52 0.024271036 
30 396 36 48 0.024213124 
647 223 23 30 0.024166927 
-2 383 22 34 0.024112366 
590 260 57 69 0.024024153 
844 5 24 25 0.023886949 
48 184 69 100 0.02388481 
77 283 41 50 0.023835782 
127 206 23 29 0.023606887 
161 253 30 40 0.023589395 
749 241 50 65 0.023474827 
420 264 60 73 0.023403186 
487 251 58 74 0.023400698 
79 217 39 52 0.023231784 
577 230 44 57 0.0232011 
179 185 17 23 0.023181867 
540 250 23 31 0.023175528 
361 236 17 21 0.02300542 
84 226 23 29 0.023001716 
23 248 32 47 0.022937981 
411 323 31 37 0.022911366 
606 217 39 52 0.022894064 
-8 83 164 226 0.022869766 
450 301 35 44 0.022823902 
462 376 21 28 0.022781033 
891 6 25 25 0.022723474 
175 202 31 43 0.022708278 
507 345 83 98 0.022582548 
163 388 17 21 0.02250184 
254 324 31 38 0.022487976 
181 158 17 22 0.022478119 
0 401 19 30 0.022311823 
55 254 21 29 0.02224542 
158 203 20 25 0.022119934 
276 278 32 38 0.02211299 
413 235 19 22 0.02199819 
216 430 20 24 0.021911446 
204 207 17 21 0.021690095 
365 381 18 22 0.021606753 
782 265 48 63 0.021592833 
504 287 76 89 0.021378692 
899 278 24 32 0.02130735 
993 247 24 31 0.021274148 
6 257 20 29 0.021176113 
498 234 41 53 0.021161139 
440 279 77 92 0.021135513 
965 201 24 33 0.021056209 
30 432 19 26 0.021049606 
638 292 36 46 0.020998526 
484 230 28 35 0.02096764 
459 203 25 30 0.020862913 
420 383 18 22 0.020836633 
477 315 54 70 0.020825706 
976 786 24 29 0.020756826 
206 180 18 21 0.020724045 
913 215 42 59 0.020659253 
272 321 32 39 0.02062884 
541 282 22 30 0.020613652 
14 149 46 60 0.020482546 
498 219 100 127 0.02035345 
545 291 65 83 0.020261884 
139 181 57 74 0.020250708 
401 61 44 50 0.020199234 
813 277 23 29 0.020170739 
830 294 46 55 0.020120345 
272 245 30 37 0.020114535 
