0_Parade_marchingband_1_309
341
278 89 31 37 0.7165985 
380 84 38 50 0.69520295 
819 101 25 32 0.69224304 
486 61 48 55 0.64925617 
716 98 20 27 0.5617507 
46 82 22 29 0.442504 
435 87 29 37 0.43564516 
206 95 20 25 0.36182305 
127 111 21 27 0.24993046 
669 75 19 25 0.24664462 
787 307 21 27 0.22303678 
916 98 21 26 0.21633105 
38 77 20 26 0.1958286 
172 49 22 27 0.19241588 
839 93 22 30 0.18241104 
393 71 38 51 0.16254511 
296 94 27 35 0.1605625 
109 130 20 26 0.14237306 
184 100 21 27 0.12294513 
608 96 25 32 0.12113226 
900 99 23 27 0.11725411 
720 83 21 26 0.114237696 
795 126 17 25 0.11219541 
365 88 35 48 0.11195793 
820 80 24 31 0.11116566 
954 96 19 25 0.11065891 
978 74 21 29 0.10838128 
453 0 29 31 0.10740054 
266 96 23 30 0.105725184 
803 103 21 29 0.10546093 
211 51 19 24 0.10128178 
643 -1 30 29 0.09828682 
797 72 23 30 0.095412284 
230 105 19 26 0.09511178 
230 126 20 26 0.09114866 
664 68 31 41 0.090961866 
796 50 23 28 0.08980182 
263 77 23 28 0.08669095 
696 52 22 28 0.08525646 
917 84 21 26 0.08467321 
148 149 24 30 0.083521746 
575 2 44 41 0.08212864 
73 58 18 24 0.08132403 
355 121 24 34 0.08112761 
415 75 49 63 0.08072783 
358 74 23 30 0.07932736 
138 78 19 24 0.07791855 
336 314 21 26 0.07662791 
693 68 19 26 0.075431824 
955 85 19 23 0.07374792 
178 74 21 28 0.07308916 
647 56 23 28 0.07295799 
562 71 21 28 0.07254236 
607 76 24 30 0.07099895 
768 70 22 29 0.06990315 
668 96 18 24 0.06976101 
187 1 19 22 0.069753006 
102 144 19 25 0.06937964 
126 27 19 23 0.06876838 
710 77 34 46 0.06872467 
158 73 21 26 0.06731158 
81 70 18 23 0.067038536 
952 124 20 24 0.06620272 
646 70 20 25 0.06540314 
597 74 23 30 0.064940944 
635 127 21 27 0.064119145 
136 150 21 25 0.06402673 
258 313 18 24 0.06397038 
338 70 21 27 0.062868595 
993 144 19 30 0.06282271 
541 99 24 32 0.062279392 
975 93 20 29 0.062181182 
406 48 26 32 0.061984397 
363 4 24 26 0.061789844 
897 81 21 26 0.06168494 
456 55 58 69 0.061446797 
416 306 22 29 0.06123876 
744 131 20 25 0.060979392 
105 23 22 25 0.05979298 
49 24 20 22 0.059692595 
765 48 23 29 0.059558798 
176 31 19 22 0.059476245 
149 127 23 27 0.0592488 
713 48 21 26 0.057962745 
702 104 19 25 0.0563554 
795 203 21 26 0.05434403 
112 106 19 24 0.05378002 
849 46 20 27 0.053105175 
24 18 22 26 0.0528948 
800 91 34 46 0.05260196 
801 150 18 25 0.05213555 
199 79 29 39 0.052049518 
2 1 27 32 0.051603634 
230 80 19 24 0.051391054 
281 121 25 31 0.05090397 
26 57 19 25 0.050899826 
58 52 20 24 0.05068192 
775 127 19 24 0.049460232 
876 75 20 25 0.049160916 
567 55 24 30 0.049007837 
285 145 22 28 0.048033793 
201 1 20 23 0.047113355 
154 100 21 26 0.04696706 
568 313 22 27 0.046595063 
689 64 35 49 0.046315424 
0 75 18 24 0.045903932 
816 52 21 26 0.04571731 
311 27 22 25 0.045461934 
790 112 32 43 0.045398507 
504 88 30 38 0.045336477 
128 50 17 22 0.0451054 
994 91 19 29 0.04454206 
305 2 22 24 0.04414836 
744 45 21 27 0.043757133 
233 3 23 24 0.04351986 
3 16 26 32 0.04306295 
575 201 55 78 0.04286741 
892 54 19 24 0.042542376 
901 122 21 26 0.042487476 
851 33 21 26 0.042319234 
681 57 56 78 0.04122028 
193 241 37 53 0.04110328 
81 125 20 26 0.040909655 
872 53 21 27 0.04059963 
211 124 20 25 0.04053955 
498 108 40 50 0.04043542 
229 51 20 25 0.03985333 
488 46 35 43 0.03965457 
565 100 22 29 0.03935647 
153 1 18 22 0.0390171 
162 30 18 22 0.038786422 
743 103 18 25 0.03850217 
133 5 19 21 0.038029023 
594 146 23 28 0.037884172 
53 170 25 30 0.037821665 
103 78 18 23 0.037721895 
817 80 47 61 0.037643306 
692 313 18 23 0.03740129 
619 124 24 30 0.03737937 
23 6 24 25 0.03708727 
700 90 34 44 0.036767375 
212 181 21 24 0.03648632 
3 123 20 27 0.036356535 
231 21 21 25 0.03620571 
654 59 52 67 0.036186744 
772 100 19 26 0.035704825 
592 83 47 58 0.035470847 
664 59 20 25 0.03534719 
404 28 25 30 0.03487729 
784 62 53 70 0.03469333 
819 152 20 23 0.03458472 
308 46 24 31 0.0344346 
400 93 27 35 0.034232914 
364 18 23 27 0.03419761 
3 105 19 28 0.034191307 
440 0 29 29 0.033800464 
743 79 17 23 0.033749506 
697 120 19 26 0.03373913 
183 121 19 25 0.0335935 
261 57 21 27 0.03348524 
56 158 21 27 0.03332281 
338 103 21 28 0.03328619 
341 126 23 30 0.032979388 
457 118 36 49 0.03297457 
932 151 18 23 0.03297123 
209 27 19 22 0.03281476 
376 1 24 27 0.03274041 
928 56 19 24 0.03263815 
485 228 25 31 0.032541193 
173 180 21 26 0.032415994 
756 316 344 371 0.032244824 
392 86 56 75 0.032169398 
720 118 20 27 0.032133494 
82 152 20 24 0.03191042 
48 8 22 22 0.031610567 
149 54 52 66 0.031224545 
611 148 20 26 0.031209532 
381 110 29 38 0.030801332 
662 86 32 42 0.030762272 
666 125 20 25 0.030706676 
488 85 34 42 0.030620087 
794 289 18 22 0.030338509 
794 34 22 25 0.030247284 
974 125 19 28 0.030191185 
167 75 51 67 0.030085277 
980 23 18 24 0.030068444 
260 124 22 27 0.030064123 
349 97 47 66 0.030053375 
288 1 20 23 0.029970061 
47 276 26 34 0.029916657 
252 0 20 23 0.029588427 
540 76 24 30 0.029503925 
702 45 36 48 0.029473785 
34 227 47 62 0.029412381 
179 155 20 25 0.029320562 
641 103 19 25 0.029281335 
540 27 24 27 0.029275132 
757 58 55 71 0.029259404 
332 324 23 28 0.02925499 
327 43 35 43 0.028845942 
871 154 21 26 0.028608894 
426 109 41 53 0.028583186 
726 179 20 24 0.028384529 
743 32 23 28 0.02825133 
880 101 19 23 0.02824807 
891 81 35 44 0.02824718 
459 73 25 33 0.028212879 
383 46 25 32 0.02813033 
81 21 20 23 0.028129239 
25 152 19 24 0.028128816 
29 126 20 26 0.028097555 
76 142 33 39 0.027930645 
737 42 33 44 0.027865678 
-69 330 355 356 0.027815774 
694 30 22 26 0.027808743 
736 119 33 42 0.027782321 
66 49 32 39 0.027746983 
-228 121 708 740 0.027695876 
512 55 54 68 0.027598081 
943 152 20 25 0.027577367 
81 102 19 25 0.027514013 
693 68 72 87 0.027316814 
110 47 20 25 0.027303617 
447 188 39 48 0.027260825 
35 94 21 28 0.027204765 
823 181 18 22 0.027155839 
771 114 33 43 0.027071122 
5 153 19 25 0.026965035 
817 204 21 26 0.02674847 
587 53 26 32 0.02669535 
821 29 21 24 0.026575154 
923 123 20 25 0.026571603 
2 175 20 26 0.026568161 
567 214 37 50 0.026541855 
667 172 20 25 0.026512304 
770 156 18 24 0.026362842 
849 181 20 23 0.02634213 
101 8 21 23 0.02628076 
977 55 19 26 0.026262885 
599 104 52 62 0.026080178 
206 201 24 30 0.026056021 
770 175 18 23 0.026011832 
130 131 50 61 0.025999054 
638 10 39 43 0.025915409 
114 92 48 62 0.025887873 
717 203 25 28 0.025792424 
454 96 25 33 0.025739063 
361 55 24 30 0.025716709 
693 154 20 25 0.025419012 
579 134 54 67 0.025400603 
224 175 21 26 0.025187705 
286 22 20 22 0.025181742 
744 147 20 24 0.025068289 
99 312 19 24 0.024999416 
850 152 19 24 0.024994798 
32 67 43 60 0.02497576 
902 285 16 18 0.024938362 
603 140 35 43 0.02487616 
767 32 23 28 0.024850324 
335 2 21 22 0.02478684 
532 110 37 48 0.024583261 
108 103 32 41 0.024438858 
160 175 23 28 0.024402546 
568 167 64 79 0.024381721 
431 52 26 32 0.024355285 
779 95 52 70 0.024085362 
547 58 53 66 0.024048053 
606 178 64 78 0.024045682 
587 108 666 734 0.024017064 
582 177 23 28 0.023785153 
550 31 58 67 0.023769759 
4 51 20 26 0.02372163 
231 152 21 25 0.023577092 
53 120 21 26 0.023555256 
281 226 29 36 0.023443585 
210 152 19 23 0.023416018 
634 40 53 65 0.023340458 
718 35 21 25 0.023291163 
738 179 19 23 0.023242008 
178 201 22 27 0.023223877 
895 152 19 23 0.023207732 
870 68 34 43 0.02320639 
266 82 62 76 0.023195734 
924 257 19 25 0.023129115 
795 139 32 41 0.023092102 
117 19 32 37 0.023030074 
539 0 26 28 0.022936556 
98 111 46 59 0.022815049 
296 105 37 47 0.022804597 
983 149 20 29 0.022783028 
879 79 70 82 0.022680998 
-4 70 30 42 0.022674205 
285 53 22 28 0.022659793 
711 105 34 44 0.022574028 
870 175 20 25 0.022574022 
951 76 31 39 0.022460612 
330 29 22 25 0.022452395 
798 251 19 24 0.022439672 
509 29 26 31 0.022406163 
799 181 19 23 0.022310656 
489 28 28 33 0.022300465 
843 39 33 45 0.022296902 
352 255 65 81 0.022096077 
669 158 20 24 0.022062011 
305 177 22 27 0.022061514 
901 31 20 23 0.021930527 
741 25 255 282 0.021829858 
432 12 40 42 0.021744758 
977 6 19 23 0.021739593 
477 21 66 77 0.021623796 
615 183 23 26 0.021541348 
692 104 35 46 0.021475215 
639 180 21 25 0.021352887 
613 2 26 28 0.021317642 
42 17 35 35 0.021301541 
480 112 37 50 0.02127089 
996 0 18 23 0.021136837 
361 148 23 30 0.021101687 
564 19 30 31 0.021084707 
282 247 26 35 0.021058934 
132 329 364 351 0.020991445 
822 2 21 25 0.020904291 
806 48 38 47 0.020900952 
256 151 21 27 0.020841852 
174 314 19 24 0.020808721 
609 197 31 37 0.020789037 
532 20 42 46 0.020742584 
613 54 23 29 0.020739218 
537 50 23 30 0.020679936 
-1 111 32 44 0.020586325 
895 108 35 44 0.02051302 
947 24 19 23 0.020502647 
85 308 21 27 0.020381097 
642 150 21 25 0.020377023 
768 89 35 49 0.020373313 
571 180 23 28 0.020224717 
569 209 24 31 0.020146387 
730 92 33 45 0.020117149 
150 89 34 43 0.020093113 
896 257 18 22 0.020039065 
79 6 22 22 0.020016326 
