0_Parade_Parade_0_137
425
716 465 23 32 0.26743314 
448 318 41 49 0.24487825 
136 298 44 49 0.2391857 
387 335 26 32 0.16795044 
366 428 44 55 0.13764326 
289 205 19 25 0.13359563 
948 335 20 24 0.12830485 
441 175 20 28 0.12748107 
659 463 21 28 0.12722579 
224 350 27 33 0.10251365 
219 414 57 70 0.10106104 
49 252 24 32 0.09394629 
300 331 52 60 0.090890765 
648 462 24 32 0.089984685 
16 239 40 61 0.082289405 
666 32 21 25 0.08157417 
535 22 21 28 0.08115416 
286 160 19 23 0.080835894 
3 251 26 42 0.07995547 
992 528 22 32 0.07968817 
584 402 24 33 0.07707388 
848 336 23 27 0.073230356 
339 204 21 28 0.06973813 
302 203 19 26 0.068664394 
847 352 23 27 0.06858009 
438 322 31 41 0.06704057 
979 438 20 30 0.0664283 
151 154 19 27 0.06594846 
761 501 28 35 0.06564033 
877 388 20 25 0.06543104 
956 483 19 24 0.06436283 
289 179 18 21 0.063105315 
343 184 18 23 0.06251324 
515 96 19 24 0.061159994 
326 345 32 40 0.06115585 
253 130 18 23 0.060403462 
904 330 18 23 0.06033545 
983 407 20 29 0.05902572 
648 174 20 25 0.05895924 
455 309 30 36 0.058724344 
969 491 19 25 0.057667404 
469 125 19 25 0.056802753 
953 460 19 23 0.056564927 
201 276 21 28 0.05637115 
7 326 18 27 0.05563055 
993 380 19 27 0.05531752 
164 81 17 22 0.055201948 
559 325 44 52 0.054755356 
210 387 26 34 0.054148223 
373 377 38 46 0.054066326 
793 330 19 24 0.05350867 
975 509 21 30 0.05340678 
306 179 17 21 0.052647103 
52 313 21 29 0.052270535 
253 152 18 24 0.052267984 
306 159 19 23 0.05204807 
691 350 23 28 0.05158452 
183 123 18 24 0.051134314 
945 515 21 26 0.050172832 
260 202 18 24 0.05000263 
150 133 17 23 0.04946554 
228 337 26 32 0.04945539 
697 339 21 26 0.048539896 
497 346 36 46 0.048329182 
823 335 22 28 0.048111867 
472 104 15 21 0.047924705 
868 360 20 23 0.04743869 
478 333 24 32 0.04696784 
257 180 17 21 0.04645423 
992 403 20 31 0.046209317 
980 330 18 26 0.04610804 
579 333 28 35 0.04597535 
403 336 24 33 0.045582127 
870 404 22 28 0.04512319 
596 101 22 26 0.045088235 
468 148 21 28 0.044544898 
466 472 46 51 0.044268195 
647 101 20 25 0.044206526 
610 98 19 26 0.044055384 
101 172 20 26 0.043736387 
493 302 23 30 0.043343868 
235 198 19 24 0.043323506 
381 306 24 29 0.043211155 
711 339 20 26 0.04309685 
413 154 19 25 0.043086592 
48 231 25 30 0.043041285 
927 333 18 23 0.043037977 
85 408 22 27 0.04293251 
515 79 19 27 0.042878423 
205 306 22 28 0.042807598 
284 45 18 22 0.042568345 
75 330 21 28 0.042388048 
622 354 23 29 0.042090937 
539 109 18 23 0.041736323 
636 357 20 25 0.041363746 
3 396 27 40 0.041299205 
670 302 20 25 0.040991876 
902 363 19 23 0.040991414 
484 105 15 22 0.040899944 
366 310 22 28 0.04088055 
926 413 20 25 0.04022238 
24 477 26 35 0.04021494 
895 383 20 24 0.040107638 
29 228 26 34 0.040096205 
227 401 29 36 0.040027957 
512 135 18 23 0.03976213 
381 340 38 46 0.03960886 
238 186 18 22 0.038855273 
139 124 18 22 0.038463727 
439 304 67 79 0.038461253 
441 194 22 31 0.03837707 
434 363 39 51 0.03800935 
52 373 26 33 0.03778171 
434 330 46 60 0.037673254 
649 250 19 24 0.037602577 
940 326 33 39 0.037581377 
794 151 19 25 0.03736748 
896 408 21 26 0.037286367 
925 362 19 24 0.037194937 
846 410 23 28 0.03698652 
928 305 18 22 0.03694587 
480 352 59 69 0.036771934 
728 126 18 23 0.036319543 
473 386 68 76 0.036291398 
646 475 25 33 0.036093064 
290 105 18 21 0.035984587 
511 176 25 31 0.035627827 
178 80 16 20 0.03553208 
644 208 21 27 0.035524197 
161 103 16 20 0.034955993 
975 451 19 26 0.03468272 
360 397 41 53 0.034651436 
750 441 20 26 0.03440127 
745 352 20 25 0.034340307 
365 330 21 28 0.033759955 
692 132 19 23 0.033714347 
235 285 19 26 0.033667732 
520 22 22 27 0.03365743 
620 331 21 26 0.033611197 
4 308 21 32 0.033589054 
383 174 20 25 0.033500355 
203 177 18 22 0.03343888 
382 209 23 29 0.03340337 
179 282 23 30 0.03322518 
566 143 24 32 0.03322167 
644 332 19 24 0.03322048 
184 111 17 22 0.03314274 
565 131 20 27 0.03306713 
941 529 23 27 0.03302117 
570 102 19 25 0.03288718 
210 353 26 34 0.0328534 
864 336 19 23 0.032853004 
332 105 17 21 0.032840908 
643 155 19 25 0.032706033 
505 415 45 52 0.032677058 
315 131 17 22 0.032556195 
234 305 22 27 0.032511238 
44 299 37 49 0.03238909 
767 387 22 28 0.03232753 
569 402 27 34 0.032294262 
64 331 57 73 0.032210313 
435 161 20 27 0.03218509 
107 160 18 22 0.032127343 
79 226 20 27 0.03207664 
695 203 18 23 0.03165885 
514 144 21 28 0.03156839 
263 233 19 24 0.031427547 
259 102 17 22 0.031426307 
765 400 22 28 0.03136972 
983 308 16 22 0.0313319 
22 267 26 38 0.03123097 
823 355 24 29 0.031168237 
588 152 22 30 0.031162368 
637 456 48 62 0.031103339 
570 178 21 28 0.031025736 
52 272 22 30 0.030814245 
355 181 17 23 0.030721664 
982 528 23 31 0.03066884 
39 257 40 53 0.030568808 
611 78 19 25 0.030562855 
644 234 21 25 0.030521026 
22 326 19 25 0.030478032 
430 423 43 54 0.030422056 
945 311 18 21 0.030395586 
20 359 21 29 0.030077154 
929 513 21 27 0.030054592 
429 393 41 54 0.02997839 
9 356 20 31 0.029921899 
661 474 23 31 0.029832516 
985 378 19 27 0.02983063 
3 270 60 89 0.02978102 
210 333 24 31 0.029710153 
452 371 30 41 0.029609274 
744 489 52 62 0.029593771 
621 312 20 26 0.029532222 
665 436 20 25 0.029496875 
862 521 67 81 0.029404718 
768 22 17 20 0.029376712 
265 303 69 82 0.029330118 
615 387 23 30 0.029139854 
182 386 23 32 0.029110953 
255 309 20 26 0.02904111 
745 340 19 24 0.028969191 
690 437 20 26 0.02895924 
643 1 20 21 0.028892525 
714 314 18 22 0.02886799 
387 326 52 68 0.028845804 
586 173 20 28 0.02881775 
2 316 34 51 0.028758878 
664 209 19 25 0.02844366 
223 448 36 44 0.028415607 
766 441 18 23 0.028326988 
610 127 19 24 0.028275738 
615 148 20 26 0.028262366 
333 423 39 49 0.028188117 
662 2 18 22 0.028167095 
170 395 34 45 0.028098566 
819 379 23 29 0.02807106 
174 301 24 31 0.027950577 
775 361 20 26 0.02793271 
612 54 18 24 0.027928561 
697 311 19 24 0.027880615 
689 402 22 28 0.027694587 
255 358 25 32 0.027681015 
994 452 19 28 0.027628094 
204 394 41 52 0.027623657 
411 133 19 23 0.0276113 
926 378 19 25 0.027563097 
26 307 21 29 0.02751867 
817 82 17 22 0.02739362 
798 74 17 20 0.02736151 
924 431 20 26 0.02730014 
798 181 20 26 0.027255919 
896 430 21 27 0.027198574 
765 455 22 27 0.027091604 
696 78 18 23 0.027053691 
323 358 45 55 0.027035942 
546 349 59 73 0.027026197 
486 127 16 20 0.027024494 
613 439 59 72 0.02701013 
661 178 18 23 0.027001746 
83 128 19 23 0.026965737 
340 73 17 21 0.026839199 
465 75 14 23 0.026780155 
101 277 21 27 0.026668414 
901 277 20 25 0.026649855 
187 174 20 25 0.026573043 
675 358 20 25 0.026543284 
310 74 15 18 0.026534947 
799 131 19 23 0.026511526 
23 456 41 60 0.026498364 
793 60 17 21 0.026447989 
40 339 57 71 0.026437871 
77 399 36 46 0.026432544 
852 72 19 25 0.026333105 
455 443 67 74 0.026307875 
640 310 19 25 0.026201842 
794 198 20 25 0.026183968 
994 362 18 28 0.026120672 
723 259 19 23 0.02597821 
535 73 18 24 0.02594646 
846 197 21 26 0.025937038 
901 311 19 24 0.02592008 
821 97 19 23 0.02578551 
665 290 19 23 0.02561307 
217 377 37 47 0.025597602 
311 104 16 21 0.025580306 
81 252 20 26 0.025517285 
253 377 26 35 0.025478357 
537 5 22 25 0.025394155 
50 425 40 50 0.025388286 
153 285 30 36 0.02538796 
972 321 29 42 0.025333341 
456 175 21 29 0.025327275 
553 390 66 76 0.025316097 
362 158 17 22 0.02512985 
2 438 70 91 0.025076998 
2 7 20 25 0.025031025 
723 441 20 26 0.025010763 
384 430 55 69 0.024978317 
442 342 55 70 0.02493274 
45 53 21 24 0.024928696 
719 454 64 73 0.024792107 
671 130 19 23 0.02476852 
852 55 19 24 0.024754366 
291 78 16 20 0.024739027 
669 335 19 22 0.024716811 
82 54 19 24 0.02469322 
947 351 21 25 0.024637654 
129 314 32 41 0.02462284 
292 352 53 60 0.02460772 
2 382 48 69 0.024532078 
536 177 21 29 0.024493424 
-2 337 63 97 0.024481488 
37 227 40 49 0.024314392 
751 106 18 22 0.024290716 
701 459 50 64 0.024283225 
823 56 18 21 0.02424922 
519 359 62 67 0.024240661 
49 129 17 22 0.024179207 
984 361 19 27 0.02417562 
721 178 18 22 0.024137007 
359 357 24 29 0.024136938 
485 403 28 35 0.024035562 
776 57 17 20 0.024005808 
725 236 19 23 0.023997836 
281 337 50 58 0.023995968 
202 262 21 26 0.023986459 
701 462 18 25 0.023882082 
347 467 45 56 0.023876125 
766 106 17 21 0.023839766 
49 318 35 46 0.02380971 
738 127 18 24 0.023637114 
569 50 18 24 0.023629457 
312 54 17 21 0.023625085 
725 157 19 24 0.023608645 
692 255 18 23 0.023581516 
505 308 22 27 0.023572825 
925 490 19 24 0.02354317 
690 49 20 23 0.02354238 
69 326 35 47 0.023519553 
695 237 18 22 0.023508448 
650 26 20 23 0.023474531 
545 124 18 23 0.023453597 
952 165 24 34 0.023369724 
410 401 27 34 0.023345018 
280 439 39 53 0.023285935 
717 543 25 30 0.02321997 
4 347 34 53 0.023188736 
181 353 23 31 0.023187576 
697 183 18 22 0.023159709 
108 310 22 29 0.023128282 
995 485 19 27 0.023092438 
688 384 23 29 0.023081845 
534 337 43 53 0.023007074 
128 109 17 21 0.022986712 
230 277 34 46 0.022979511 
797 379 24 29 0.022943484 
285 125 18 23 0.022903355 
399 369 38 50 0.02289368 
650 448 65 76 0.022849828 
994 334 17 24 0.022847023 
464 112 32 43 0.022730168 
441 416 63 73 0.0227204 
894 183 21 26 0.022673715 
505 437 41 53 0.022670224 
256 83 18 21 0.022600679 
-3 448 39 58 0.02259812 
246 430 30 41 0.022566544 
995 279 16 22 0.022516178 
993 516 21 30 0.022453258 
74 427 25 33 0.022317752 
6 177 20 28 0.022305552 
925 229 21 25 0.022302033 
256 332 22 29 0.02226202 
748 454 21 27 0.022214364 
479 423 48 53 0.022199987 
645 130 18 24 0.022198094 
15 402 29 38 0.022178441 
416 174 19 26 0.022171404 
294 193 32 43 0.02213289 
591 386 25 32 0.022109507 
447 383 59 73 0.022108464 
514 336 22 29 0.022073254 
208 161 17 21 0.02204546 
663 107 18 23 0.022041846 
281 224 19 25 0.021994887 
495 48 16 23 0.021977512 
415 205 20 27 0.021963686 
244 130 18 23 0.021901386 
619 432 23 31 0.02188651 
747 406 20 26 0.021872757 
894 538 27 34 0.021863334 
138 156 18 25 0.021780796 
699 2 20 22 0.02171009 
517 396 48 55 0.021698896 
687 30 20 23 0.021695284 
78 311 22 28 0.021693233 
751 488 25 32 0.021572769 
82 279 21 26 0.02150502 
8 472 37 49 0.021479608 
30 461 25 34 0.021426225 
605 467 62 67 0.021357482 
647 283 19 24 0.02133023 
846 557 26 31 0.021322109 
286 34 20 22 0.021254359 
797 431 19 24 0.02118846 
918 283 19 24 0.021108726 
276 414 41 53 0.02105237 
8 129 18 25 0.021040421 
59 259 58 74 0.021030484 
211 339 46 56 0.021020329 
283 176 33 42 0.021019753 
696 148 19 24 0.020984184 
970 169 19 30 0.020914381 
32 443 73 84 0.02085984 
722 203 18 23 0.020857818 
662 255 18 22 0.0208561 
483 151 19 24 0.020852474 
1 454 22 30 0.020838263 
240 155 18 22 0.02082941 
441 130 17 24 0.020823844 
288 387 46 55 0.020795107 
488 4 19 22 0.02077993 
32 278 61 81 0.020778675 
945 383 18 23 0.020702519 
821 201 23 27 0.02066707 
63 472 38 45 0.020638123 
992 151 19 28 0.020626843 
822 433 21 27 0.020567687 
795 405 22 29 0.020567143 
970 152 20 31 0.020507636 
775 77 17 20 0.020454226 
925 536 21 28 0.020395711 
602 402 66 77 0.020356664 
40 449 41 55 0.020345453 
193 265 51 68 0.020332249 
74 271 35 46 0.020304464 
899 198 19 24 0.020248065 
47 157 18 22 0.020238448 
639 384 22 28 0.02022611 
488 467 58 70 0.02010205 
478 461 32 37 0.020048626 
465 48 16 26 0.020031601 
698 470 32 45 0.02001357 
