0_Parade_marchingband_1_552
52
532 376 21 26 0.2944659 
389 375 24 30 0.27030408 
405 375 22 29 0.14580509 
966 385 21 27 0.10799807 
440 382 20 26 0.1032405 
353 378 19 25 0.0571769 
535 366 21 26 0.05660993 
343 378 19 23 0.05273822 
523 379 20 25 0.049103394 
302 376 22 26 0.04731181 
563 337 20 25 0.042057786 
565 359 17 22 0.040157784 
439 408 20 25 0.038420323 
845 393 19 22 0.03707904 
522 360 19 25 0.03376691 
741 385 17 20 0.032229897 
569 380 18 23 0.031781033 
361 412 19 24 0.031141018 
487 377 19 24 0.03103265 
354 365 20 25 0.030895779 
598 362 19 23 0.029761223 
150 380 22 26 0.028867684 
519 340 19 25 0.028413553 
610 364 20 25 0.027945666 
457 380 20 26 0.027254824 
343 366 19 24 0.027040334 
485 366 19 23 0.026366612 
290 381 21 26 0.026043456 
438 367 18 23 0.02538038 
178 381 21 25 0.02451452 
540 406 20 24 0.024382785 
308 257 23 28 0.023601556 
386 362 46 57 0.022854198 
941 332 22 28 0.022839343 
29 358 22 28 0.022748323 
647 331 20 26 0.022556813 
874 386 18 21 0.022449752 
517 410 20 24 0.022406047 
754 162 37 46 0.022157345 
386 150 25 31 0.022027805 
408 430 20 24 0.021854535 
4 409 20 27 0.021455068 
591 338 20 23 0.021428896 
514 454 25 32 0.021419192 
661 329 22 26 0.021392416 
722 270 262 312 0.02117115 
594 378 20 26 0.021000845 
874 418 20 24 0.020883854 
281 410 23 28 0.020863263 
540 435 22 27 0.020835394 
363 277 23 28 0.020636426 
766 160 23 30 0.020177666 
