0_Parade_marchingband_1_172
413
573 242 36 46 0.9449425 
643 105 22 28 0.8172505 
557 130 27 32 0.7749019 
745 128 21 27 0.6962523 
698 135 23 30 0.6695976 
853 185 25 31 0.61803824 
777 103 21 27 0.60357004 
430 122 24 30 0.5534997 
672 180 25 32 0.5449309 
247 171 27 34 0.53665674 
488 111 22 27 0.4653626 
200 104 20 25 0.4482306 
942 127 22 27 0.4411011 
786 201 23 29 0.36653158 
585 80 19 25 0.3599685 
667 197 28 36 0.35863662 
166 81 19 23 0.35751137 
510 181 25 32 0.32581034 
486 71 19 24 0.313986 
595 120 22 27 0.31139165 
890 146 21 27 0.3093966 
404 57 18 22 0.3052041 
559 49 19 24 0.30079177 
317 122 20 26 0.29496467 
442 72 19 24 0.26843187 
863 180 21 27 0.2632285 
251 49 18 23 0.25140396 
819 160 21 27 0.24552415 
813 174 20 27 0.24511443 
201 46 18 24 0.24008527 
597 108 22 27 0.23779154 
112 86 19 24 0.23646285 
316 59 17 21 0.2286703 
953 80 18 23 0.22741216 
805 74 20 24 0.22179614 
689 72 18 22 0.22074875 
521 97 21 26 0.20069128 
906 98 19 23 0.19945362 
369 104 33 41 0.1966061 
531 77 19 24 0.18066898 
711 100 19 24 0.17980033 
185 98 18 23 0.17225778 
877 107 17 22 0.1684566 
512 144 24 29 0.16698274 
550 57 18 23 0.16198067 
437 110 21 26 0.16187876 
916 98 18 23 0.1610311 
494 60 18 23 0.15547182 
641 81 19 23 0.15509634 
745 110 20 25 0.15479676 
0 2 19 24 0.15449968 
260 98 20 25 0.15286107 
568 24 19 21 0.15140869 
204 33 19 22 0.14599496 
674 56 18 23 0.14461365 
918 25 18 23 0.14421341 
368 74 20 27 0.14392905 
575 75 20 24 0.1429833 
898 183 20 26 0.14209925 
946 150 22 28 0.14132649 
330 101 19 25 0.14071791 
441 56 17 22 0.13926122 
435 153 23 29 0.13906129 
930 151 21 26 0.13825384 
276 131 21 26 0.13744156 
709 133 22 28 0.13565965 
933 134 20 26 0.13404314 
644 45 18 22 0.13355753 
67 28 17 19 0.13225903 
522 81 19 25 0.13152692 
920 84 17 22 0.13011828 
462 33 17 19 0.1291204 
277 97 19 24 0.12779886 
953 105 20 23 0.12584756 
282 83 17 22 0.12532502 
443 30 17 20 0.12525412 
255 159 25 30 0.123033635 
380 2 20 22 0.12122868 
133 125 20 26 0.12053818 
285 54 16 19 0.120148554 
750 21 20 22 0.1192286 
123 85 18 24 0.119201764 
239 98 19 25 0.11918341 
155 51 18 21 0.118935265 
669 218 30 37 0.11838572 
364 1 22 23 0.117505215 
796 54 18 22 0.116893046 
397 53 18 22 0.1143774 
406 73 19 24 0.1141111 
767 24 18 22 0.1127918 
413 2 20 21 0.112461545 
660 105 18 24 0.112255365 
280 180 24 31 0.112243444 
980 125 19 25 0.11054717 
690 19 17 21 0.110407814 
262 25 18 21 0.11006728 
850 131 20 25 0.10943094 
233 156 23 28 0.109108225 
771 123 19 25 0.10908302 
844 106 17 22 0.10863284 
647 34 16 19 0.10807836 
702 104 19 24 0.10613952 
723 24 17 20 0.10570157 
533 96 22 28 0.10541082 
330 83 19 25 0.10540185 
879 128 19 24 0.10438358 
317 108 18 24 0.10416299 
674 70 18 23 0.10347719 
0 50 16 25 0.10319617 
610 47 17 21 0.10303081 
813 78 18 23 0.10170023 
770 83 19 23 0.10020851 
723 82 18 23 0.10010703 
955 57 18 22 0.09761715 
972 154 19 25 0.097021736 
611 109 20 26 0.0964021 
203 128 21 25 0.095991604 
281 26 16 18 0.09593386 
78 83 17 22 0.09574082 
279 150 21 27 0.09484528 
314 75 19 24 0.09401324 
743 143 21 28 0.09324156 
907 80 17 21 0.09275479 
37 83 17 22 0.09153596 
711 204 23 30 0.09137676 
183 153 21 26 0.0897024 
208 144 21 26 0.08961568 
664 148 21 26 0.089402415 
328 123 20 25 0.08934901 
847 9 20 23 0.08932205 
723 51 17 22 0.08872124 
103 54 16 21 0.08855881 
566 7 20 21 0.088555686 
265 5 21 22 0.08673754 
850 150 21 26 0.08621172 
188 53 18 22 0.083912835 
24 30 15 21 0.08343749 
130 168 22 28 0.08335137 
661 266 37 45 0.08310878 
876 153 21 26 0.08268027 
210 82 19 23 0.08175595 
149 160 22 27 0.080748595 
670 132 20 26 0.080396555 
127 99 18 23 0.08033382 
235 84 18 23 0.07913329 
981 203 21 31 0.078586526 
135 3 18 21 0.07837158 
35 2 17 20 0.078342594 
48 80 17 22 0.07757873 
995 69 17 25 0.07744019 
75 155 18 23 0.0774079 
866 197 20 26 0.07726922 
787 102 19 26 0.076704904 
994 125 18 25 0.07641377 
462 75 18 23 0.076280095 
487 20 18 21 0.07416011 
209 2 20 22 0.07286567 
611 124 19 25 0.07276654 
365 57 18 23 0.07252709 
897 196 20 26 0.07236062 
264 126 21 26 0.07162319 
620 177 22 27 0.07087898 
6 128 19 28 0.07045061 
643 120 20 25 0.07005566 
2 108 19 25 0.069293305 
615 204 22 28 0.069027245 
774 149 19 25 0.068017565 
22 145 18 24 0.06737999 
26 47 17 22 0.06616133 
855 281 35 42 0.06594067 
604 370 44 56 0.065657645 
671 23 17 21 0.06548699 
236 159 44 56 0.065385625 
905 30 19 23 0.06511263 
688 58 18 23 0.065014035 
979 250 22 32 0.0640067 
237 30 18 21 0.06393806 
992 252 21 30 0.06370795 
109 134 19 24 0.06345207 
163 98 18 22 0.06341042 
518 24 18 21 0.06304603 
388 153 24 30 0.0612584 
208 184 21 27 0.061125793 
800 180 21 25 0.060700115 
887 130 30 39 0.060488176 
463 48 17 20 0.060343936 
742 78 18 23 0.060287654 
485 8 19 23 0.0598238 
245 243 35 43 0.05959236 
601 50 17 20 0.059416935 
616 153 19 25 0.059146237 
406 27 17 20 0.058024276 
902 52 18 22 0.057925034 
924 173 20 26 0.05711823 
797 29 16 19 0.05705368 
250 534 22 26 0.05670441 
312 176 21 27 0.0562472 
619 1 17 18 0.056020886 
740 50 17 23 0.055645496 
924 51 17 21 0.055517767 
750 9 19 23 0.055462476 
844 76 18 21 0.055397723 
285 196 23 29 0.05466025 
721 221 24 30 0.054598607 
432 1 17 20 0.05448366 
874 77 17 20 0.054390963 
982 176 18 25 0.054167274 
279 4 19 21 0.054019034 
645 152 20 26 0.05349621 
331 2 20 21 0.053264175 
160 29 16 20 0.05323038 
316 27 17 18 0.053154558 
75 130 17 22 0.053119007 
821 203 19 26 0.053083155 
79 98 18 22 0.053015146 
228 2 20 22 0.052873287 
594 29 16 17 0.051862873 
796 150 20 25 0.051861595 
234 128 20 25 0.051556952 
468 2 17 19 0.051138513 
59 128 18 21 0.05106076 
977 227 21 32 0.050795723 
152 128 18 24 0.050699852 
152 1 16 19 0.05059699 
110 151 18 23 0.050020434 
822 22 16 20 0.04955283 
746 176 21 27 0.049325872 
658 171 43 54 0.04929556 
539 23 16 20 0.049248863 
411 156 20 27 0.049019724 
667 8 18 21 0.04900348 
29 98 18 23 0.04897044 
678 200 32 38 0.04892807 
48 3 16 19 0.048101105 
773 178 20 27 0.047946077 
542 6 18 21 0.04774298 
724 8 17 21 0.047456738 
463 152 20 26 0.04657732 
84 646 19 23 0.04574831 
872 615 96 110 0.045744162 
590 201 25 32 0.045731343 
78 590 20 24 0.04571885 
464 108 19 25 0.045715395 
507 51 18 23 0.045330044 
312 3 19 20 0.04504049 
764 9 20 21 0.044802107 
878 55 17 20 0.044603053 
185 1 18 20 0.04439084 
107 28 16 19 0.0439336 
975 72 18 24 0.043783277 
828 102 19 23 0.04322637 
438 168 23 30 0.043062266 
463 124 20 26 0.04290874 
84 55 17 21 0.04256238 
187 29 18 21 0.042282302 
389 24 19 22 0.042269703 
262 84 18 23 0.042146444 
3 25 18 24 0.041993648 
992 202 19 28 0.04174694 
715 183 22 28 0.04150985 
517 4 17 21 0.040776584 
188 132 18 24 0.040689215 
644 4 16 19 0.040665783 
801 6 16 18 0.040353917 
133 56 17 20 0.03996087 
612 33 16 19 0.03915604 
821 130 18 24 0.039056495 
54 100 18 23 0.038953863 
330 24 19 21 0.038887903 
283 236 24 31 0.038632937 
974 55 18 25 0.03854484 
459 174 23 29 0.038472548 
744 205 23 30 0.03828507 
776 48 18 21 0.037957877 
824 7 16 19 0.03726671 
326 54 18 22 0.037044503 
788 299 26 35 0.036774617 
875 24 17 20 0.03674615 
794 130 19 25 0.036636177 
208 265 37 47 0.036447816 
102 2 17 19 0.03633148 
494 174 23 29 0.036124405 
973 108 18 24 0.035991408 
994 178 17 24 0.035936307 
107 175 21 27 0.03587574 
928 202 20 26 0.03558002 
60 153 18 21 0.035455268 
224 261 46 54 0.03539959 
361 150 23 30 0.035365608 
382 77 21 26 0.03517842 
312 53 28 37 0.034992203 
543 175 22 28 0.034284763 
412 103 20 26 0.0342846 
458 203 26 34 0.034133725 
899 228 20 25 0.034077626 
184 172 20 27 0.033848044 
203 252 25 31 0.033681072 
130 22 16 20 0.033556256 
562 175 22 27 0.033546846 
850 169 42 54 0.033506267 
79 2 19 20 0.033414412 
594 150 21 25 0.033322968 
311 200 22 30 0.033004593 
588 4 18 20 0.032614574 
902 3 18 20 0.032204963 
219 289 70 82 0.032179028 
997 154 18 25 0.032013707 
940 275 22 30 0.031465854 
564 106 21 25 0.03125009 
5 144 20 29 0.031100681 
923 8 17 21 0.030992497 
921 579 29 33 0.030966928 
846 59 19 22 0.030755201 
823 224 21 28 0.030745592 
422 127 20 27 0.030483728 
928 261 23 29 0.030465988 
385 172 23 28 0.030412646 
927 134 47 59 0.03036498 
644 223 24 31 0.030128524 
941 261 23 29 0.030118264 
908 19 30 38 0.030113578 
32 174 17 22 0.02963784 
87 536 19 24 0.029503345 
589 180 21 27 0.029072043 
0 74 18 24 0.02888963 
949 171 20 26 0.02871128 
867 7 18 20 0.028471902 
643 206 23 32 0.028465135 
680 268 30 38 0.028283358 
952 4 16 20 0.028209914 
261 164 50 64 0.028056996 
62 20 26 32 0.027713105 
203 227 36 43 0.027700981 
951 50 29 38 0.027555496 
790 252 24 30 0.027518898 
338 153 20 24 0.0275019 
308 228 22 30 0.027364265 
265 236 37 47 0.02724815 
362 174 22 28 0.026765505 
313 154 20 25 0.026209695 
874 101 28 36 0.026195515 
491 152 22 27 0.026099162 
413 175 22 29 0.025843477 
-1 172 19 29 0.025736002 
915 79 28 37 0.025658939 
57 51 16 21 0.0254186 
331 177 21 27 0.025396805 
549 356 56 68 0.02535271 
993 227 20 29 0.02522218 
995 25 16 23 0.025055578 
846 221 22 30 0.02491381 
5 223 25 33 0.024904229 
33 75 27 38 0.024895603 
738 219 24 31 0.024886554 
687 123 41 54 0.024663677 
121 93 30 38 0.024612904 
244 308 48 50 0.024451498 
234 254 32 39 0.024428567 
188 290 66 83 0.024402538 
25 210 20 25 0.0242428 
147 595 18 22 0.024095565 
974 174 28 43 0.02395783 
56 180 19 24 0.023871966 
642 178 21 29 0.023825213 
106 88 29 37 0.023480045 
952 26 17 21 0.023398455 
546 131 23 30 0.023369525 
4 208 22 29 0.023356067 
669 253 29 37 0.02334136 
11 136 31 42 0.023316212 
108 425 39 43 0.023303661 
880 621 24 28 0.023279984 
419 113 45 54 0.023249589 
953 300 23 30 0.023146497 
793 222 24 30 0.023143101 
502 167 44 55 0.022949148 
819 54 18 22 0.022923784 
684 256 26 34 0.022829331 
946 204 19 26 0.022822862 
875 225 22 28 0.022773648 
923 226 20 26 0.02273244 
202 190 34 43 0.022608358 
794 283 24 32 0.022523513 
994 276 20 28 0.022512339 
529 346 42 55 0.022241121 
106 145 31 39 0.022132216 
226 326 33 37 0.021940036 
204 315 73 77 0.021826286 
735 114 45 57 0.021732973 
775 191 41 52 0.02155669 
848 293 30 37 0.021513276 
198 162 49 63 0.021392437 
323 188 34 45 0.021235973 
413 198 26 32 0.021213245 
122 143 48 61 0.021200191 
225 178 52 63 0.02116062 
29 -3 28 33 0.021154651 
-1 103 29 40 0.021112423 
294 178 50 65 0.021101438 
577 347 56 73 0.021063212 
627 92 44 55 0.02101998 
997 107 17 24 0.021013847 
76 171 22 28 0.020999707 
171 183 55 67 0.020969573 
617 76 18 22 0.020826172 
312 68 29 39 0.020805614 
231 302 32 37 0.020601597 
83 658 19 23 0.020544596 
543 199 23 30 0.020480923 
528 324 40 53 0.020434838 
181 195 33 42 0.020288978 
174 640 20 23 0.020257795 
581 110 42 55 0.020007951 
