0_Parade_marchingband_1_445
419
479 143 44 56 0.8210627 
339 126 55 62 0.401977 
672 126 24 31 0.3102216 
824 120 24 30 0.30806097 
282 114 27 34 0.3000718 
606 145 26 33 0.23337285 
847 126 19 25 0.20779747 
793 151 20 26 0.19619018 
595 149 24 30 0.18679087 
640 124 24 33 0.18388824 
768 70 19 25 0.18368687 
899 206 24 30 0.16906883 
770 184 22 26 0.16818315 
156 110 20 28 0.16401148 
718 137 19 24 0.1573491 
182 5 22 25 0.14211412 
337 95 27 34 0.13934933 
743 80 19 23 0.13833806 
748 127 19 23 0.13705763 
739 101 18 23 0.13164333 
793 179 22 27 0.12276421 
613 132 25 32 0.12110265 
203 193 53 63 0.117930815 
727 98 18 23 0.11735483 
408 109 40 53 0.11508672 
684 130 18 24 0.11252404 
552 28 47 53 0.11203185 
968 121 22 29 0.11070282 
773 149 20 24 0.10681361 
135 57 19 24 0.1067601 
0 124 38 53 0.10611722 
744 51 18 23 0.105479285 
592 125 23 30 0.10492417 
693 96 18 23 0.10178117 
47 77 19 25 0.10013247 
766 135 19 23 0.09976182 
972 106 22 28 0.099011734 
254 122 23 31 0.09859043 
138 72 20 25 0.09740302 
798 130 19 26 0.096347846 
565 150 23 29 0.09256214 
745 181 18 22 0.09224311 
766 193 22 29 0.0898944 
864 103 19 22 0.089382656 
794 5 19 20 0.08831036 
851 108 20 25 0.08790847 
86 178 27 37 0.08575965 
407 79 23 30 0.08574287 
100 54 17 21 0.08192235 
870 53 19 22 0.0814205 
459 119 85 115 0.079986274 
746 151 19 23 0.07845537 
618 0 23 23 0.075886905 
643 103 25 34 0.07553158 
581 28 23 26 0.07485496 
744 201 21 27 0.074586675 
898 219 24 31 0.073729955 
405 89 39 51 0.073141515 
459 95 25 30 0.07296159 
411 95 24 32 0.07259833 
87 50 18 24 0.07195414 
49 25 19 23 0.071893565 
330 77 22 29 0.07042953 
424 90 40 50 0.070395656 
749 30 19 22 0.0703491 
667 105 20 26 0.06950144 
150 112 34 44 0.06923058 
536 130 25 33 0.06912023 
898 133 17 22 0.066980556 
359 47 25 30 0.06651197 
620 72 23 31 0.06650785 
386 77 21 28 0.06635936 
149 50 22 27 0.06190385 
181 121 24 31 0.060419243 
530 140 34 45 0.0601573 
897 149 17 22 0.05984007 
265 102 50 60 0.059760712 
167 125 57 73 0.05909246 
255 109 22 29 0.058935877 
76 102 19 25 0.058308464 
795 193 23 30 0.058087487 
593 135 46 57 0.057916112 
446 90 42 52 0.05762098 
136 478 24 29 0.05749396 
462 149 32 42 0.057410304 
557 69 27 34 0.057103816 
175 108 21 27 0.056838192 
490 0 23 24 0.05655674 
566 28 27 30 0.055970725 
99 79 18 23 0.05562064 
698 0 20 22 0.05523471 
675 175 37 44 0.05498035 
899 102 17 21 0.054803766 
448 111 63 78 0.05433269 
725 84 19 24 0.05352712 
919 204 20 25 0.05272475 
233 0 21 22 0.05235864 
28 23 18 24 0.05200471 
584 214 42 54 0.051643785 
36 76 19 24 0.05098458 
436 81 25 30 0.04864443 
489 127 31 39 0.048560426 
588 107 23 29 0.048519287 
427 122 25 34 0.04851876 
694 83 21 26 0.047572725 
568 131 22 29 0.04749743 
899 186 19 24 0.047373023 
874 180 17 22 0.047067247 
784 242 44 51 0.047045607 
797 75 19 26 0.046662234 
467 183 69 87 0.04650956 
920 50 19 22 0.046437692 
539 98 24 31 0.045970805 
821 144 21 28 0.045617394 
652 111 46 61 0.04547058 
866 127 17 22 0.045191407 
514 103 24 33 0.045089383 
847 185 18 23 0.044934466 
124 201 30 39 0.044861794 
184 17 20 25 0.044836916 
15 217 42 58 0.044713486 
101 150 22 28 0.04468769 
845 200 19 25 0.04439919 
148 74 20 27 0.04405192 
689 92 29 41 0.04368382 
544 76 24 31 0.043045666 
385 17 22 24 0.042943556 
724 49 20 24 0.04282238 
611 172 27 33 0.042798463 
770 60 20 24 0.042721126 
871 80 20 23 0.04248724 
180 75 19 24 0.04248398 
331 53 22 27 0.042438865 
231 180 59 72 0.042317018 
243 131 39 52 0.042147975 
274 136 40 51 0.042054657 
615 24 21 25 0.04197212 
501 152 26 36 0.041964997 
904 79 19 23 0.04193504 
802 107 19 25 0.041555174 
559 207 55 70 0.041066382 
10 191 44 63 0.041006602 
637 1 21 23 0.040779345 
585 205 26 32 0.04065904 
659 289 53 54 0.040655144 
613 51 21 27 0.040564865 
181 196 41 53 0.040427722 
372 141 34 43 0.039934058 
851 76 18 22 0.039611902 
845 5 18 20 0.039328177 
107 26 17 20 0.03921586 
235 77 21 27 0.038767748 
592 170 25 32 0.0387261 
849 145 19 25 0.038693823 
457 82 25 30 0.038429007 
772 2 20 19 0.038360767 
183 159 64 78 0.038320612 
929 105 19 22 0.03831892 
769 103 18 22 0.038297236 
642 144 23 31 0.038138863 
979 78 21 28 0.038008016 
315 58 19 24 0.037858613 
200 145 29 35 0.037814245 
258 77 18 23 0.037575696 
106 131 22 26 0.03738402 
283 79 19 24 0.03723909 
878 154 17 21 0.037190925 
667 188 41 50 0.036941413 
335 25 21 24 0.03687474 
505 124 24 33 0.036799833 
243 211 43 53 0.03656455 
724 90 29 38 0.036482047 
203 23 21 23 0.036468606 
86 80 19 26 0.036416333 
291 111 36 47 0.036359552 
819 6 17 18 0.03630507 
254 183 25 32 0.0362957 
158 29 19 22 0.035864744 
84 28 17 21 0.03580433 
715 242 38 50 0.03577822 
430 168 41 51 0.035697386 
328 88 56 70 0.03569547 
716 213 36 47 0.035390463 
302 121 22 29 0.035377227 
204 2 21 23 0.03537065 
736 212 35 46 0.035298873 
504 94 39 52 0.03525375 
277 175 27 35 0.035070624 
511 69 24 32 0.03472889 
231 179 28 37 0.034723118 
56 49 19 24 0.034721777 
133 145 23 30 0.03452249 
791 233 26 31 0.034395617 
183 169 30 39 0.034393147 
918 276 22 27 0.034392007 
979 21 17 22 0.03438991 
667 2 19 22 0.03412867 
605 200 43 56 0.034048587 
199 172 33 42 0.033852566 
742 175 30 38 0.03379631 
131 5 18 20 0.03362546 
303 107 22 28 0.0334706 
431 61 61 73 0.03334543 
740 142 31 38 0.03331173 
556 161 37 48 0.033239447 
926 183 19 23 0.033188656 
668 141 26 33 0.032900386 
978 54 19 25 0.03287873 
714 1 19 22 0.03282147 
462 123 29 37 0.032754794 
382 55 20 27 0.03267985 
239 102 20 25 0.03262413 
635 76 23 30 0.032598823 
58 98 20 25 0.03259791 
904 53 18 21 0.032594703 
620 201 59 76 0.032537002 
182 51 20 25 0.03239154 
421 123 58 74 0.03237648 
199 131 23 29 0.03231755 
75 122 22 27 0.03227736 
341 35 54 63 0.032230034 
358 32 23 26 0.03209277 
540 18 42 47 0.03198557 
147 96 72 84 0.031981833 
854 56 20 23 0.03193468 
71 165 45 61 0.031850696 
956 121 22 27 0.03176621 
228 140 40 52 0.031753045 
950 57 19 23 0.031748027 
596 112 96 120 0.031701196 
406 262 44 53 0.031638313 
628 126 52 65 0.0315215 
235 149 25 33 0.031377576 
723 28 19 22 0.031376544 
182 145 28 35 0.031305622 
994 145 18 24 0.031106045 
124 170 36 49 0.031029383 
372 48 35 45 0.03098509 
132 28 17 21 0.030937826 
542 25 24 27 0.030837554 
387 113 62 81 0.030718707 
947 70 20 24 0.030703759 
631 96 53 70 0.030622074 
844 106 32 41 0.03025302 
102 98 20 24 0.030139549 
750 3 18 20 0.030011404 
756 108 100 129 0.029904475 
404 88 69 89 0.029766565 
768 24 19 21 0.029655993 
981 8 17 22 0.029631903 
799 88 72 97 0.029240329 
278 191 38 50 0.029143976 
925 124 20 24 0.028989017 
587 2 21 22 0.028918322 
654 412 528 562 0.028816944 
412 57 20 25 0.028785413 
724 205 22 27 0.028702743 
20 242 25 34 0.028546466 
461 3 21 24 0.02832427 
821 78 19 25 0.028304197 
366 116 49 60 0.028291242 
353 61 37 46 0.028279265 
923 153 19 24 0.028206239 
511 51 25 30 0.0281344 
70 147 37 50 0.027971767 
551 272 42 52 0.027949017 
56 147 23 30 0.02793146 
874 29 19 20 0.027788665 
256 50 20 26 0.02768135 
149 131 37 49 0.027643964 
205 45 20 26 0.027601263 
460 23 21 26 0.02759035 
143 189 49 60 0.027527634 
821 199 21 27 0.027442781 
200 226 45 55 0.02702939 
692 150 21 27 0.026950119 
919 258 21 26 0.026944667 
300 140 38 51 0.026833603 
235 50 21 27 0.026801426 
737 46 32 38 0.02666478 
927 1 19 19 0.026603514 
315 73 20 25 0.02658223 
792 21 19 22 0.026535735 
533 277 38 48 0.026464779 
872 182 65 81 0.026421582 
204 356 26 32 0.02636691 
361 71 23 28 0.026337616 
94 46 30 37 0.026278459 
640 245 28 37 0.026271025 
156 4 19 20 0.026259193 
895 4 19 20 0.026238117 
647 196 62 76 0.0262274 
775 175 55 67 0.026201032 
759 168 48 59 0.026191764 
770 275 29 34 0.0261584 
367 58 56 70 0.02604674 
725 177 20 24 0.026043545 
2 202 26 36 0.026025845 
734 182 50 63 0.025962245 
907 196 33 43 0.02571476 
599 228 41 55 0.025580024 
413 256 29 37 0.025548084 
839 132 33 43 0.02554753 
501 40 41 49 0.02538131 
206 102 20 25 0.025348872 
186 93 73 81 0.025342725 
636 222 27 37 0.025340766 
132 131 20 26 0.025338305 
564 100 24 30 0.025324812 
518 196 64 84 0.02528525 
992 204 20 26 0.025170574 
819 184 20 26 0.025087357 
136 101 20 24 0.025077369 
635 206 25 33 0.025070827 
236 119 37 47 0.025013521 
631 283 61 69 0.024998683 
477 63 41 51 0.024992747 
-230 303 714 755 0.024991674 
241 129 21 27 0.02492473 
317 58 55 68 0.024900177 
923 33 18 21 0.024774577 
616 100 24 32 0.024604844 
284 50 19 24 0.024511682 
-69 536 354 353 0.024498394 
49 167 39 54 0.024493208 
399 47 76 93 0.024487112 
9 163 45 62 0.024298403 
794 53 20 24 0.024283148 
540 3 22 24 0.02426337 
606 58 50 68 0.024196703 
975 179 22 26 0.024171509 
678 85 52 69 0.024109827 
667 79 21 25 0.024007201 
945 3 17 20 0.024000904 
929 303 24 31 0.023966651 
152 202 28 35 0.023930784 
643 123 70 90 0.023881348 
435 21 21 26 0.023868456 
558 114 49 63 0.023786351 
898 25 18 20 0.02367072 
781 133 49 61 0.023638463 
951 108 20 24 0.023628572 
493 98 66 88 0.023549242 
924 74 19 24 0.023468414 
97 211 40 57 0.023462342 
927 249 68 86 0.023398127 
994 5 16 21 0.02333813 
427 254 35 42 0.023301614 
500 59 41 54 0.023288116 
696 26 20 22 0.023255775 
636 301 28 34 0.023182767 
405 155 106 126 0.02309404 
665 277 36 40 0.022875745 
707 116 50 64 0.022864034 
680 279 38 45 0.022840768 
404 230 78 99 0.022833321 
662 248 31 38 0.022801457 
763 253 60 68 0.022762699 
872 232 23 30 0.022709813 
92 185 37 53 0.022670023 
627 74 95 121 0.022649743 
521 151 58 77 0.02252571 
79 7 17 20 0.022485249 
58 128 21 27 0.022484088 
532 43 60 76 0.02232846 
567 4 22 24 0.022223376 
355 161 37 44 0.022183763 
632 165 37 46 0.022141567 
478 97 42 55 0.022101661 
438 4 22 24 0.022048708 
376 12 39 41 0.022028536 
487 73 24 31 0.02198026 
53 7 18 21 0.021945164 
522 79 55 73 0.021896182 
123 219 25 32 0.02187993 
262 24 21 24 0.021823421 
488 101 24 29 0.021805756 
167 102 34 44 0.021759901 
395 153 56 71 0.021676406 
608 230 69 84 0.021672929 
695 49 20 25 0.021637412 
216 59 58 76 0.021626992 
595 155 54 65 0.021519266 
372 370 65 92 0.021514535 
228 406 23 31 0.021494588 
513 24 22 25 0.021455333 
695 110 103 126 0.02133454 
303 160 39 51 0.021296171 
739 281 26 32 0.021264998 
436 150 25 33 0.021218207 
256 2 20 21 0.021182101 
729 64 51 61 0.02116391 
509 1 22 24 0.02107172 
350 102 27 34 0.02097624 
949 183 20 24 0.020970372 
106 8 18 21 0.02096891 
668 22 19 23 0.020950837 
905 190 71 86 0.020822564 
458 46 25 28 0.020822346 
6 50 18 25 0.020804036 
91 69 98 117 0.020752894 
866 246 25 32 0.020669315 
979 200 22 26 0.020598663 
228 70 34 47 0.020462336 
352 140 62 73 0.02042905 
93 140 60 76 0.020423345 
962 274 44 53 0.020334918 
917 229 20 26 0.020273732 
311 65 33 43 0.020249955 
165 196 72 78 0.020219095 
295 191 39 52 0.020187475 
93 70 31 39 0.020182187 
208 79 20 24 0.020173954 
27 50 18 24 0.020165533 
949 201 20 25 0.020151306 
520 -4 77 84 0.020135164 
381 88 42 55 0.020105025 
361 4 22 23 0.02003989 
39 216 42 61 0.020018034 
