0_Parade_Parade_0_218
186
741 392 31 38 0.74287134 
367 94 343 436 0.43039948 
819 286 21 25 0.13205677 
502 377 32 40 0.11799859 
196 119 372 443 0.09168254 
746 128 23 30 0.08998962 
802 224 21 27 0.08025243 
815 236 21 26 0.075703405 
523 205 82 96 0.074712045 
794 207 21 28 0.07184324 
846 305 20 24 0.07101642 
903 407 23 31 0.057341427 
530 142 84 109 0.057026863 
822 249 23 28 0.053554624 
246 57 581 668 0.053257897 
96 512 20 25 0.05286177 
608 237 44 56 0.052432146 
561 198 74 82 0.04931212 
630 243 48 58 0.046738423 
4 613 18 23 0.04550453 
357 223 182 200 0.044831704 
600 217 44 53 0.0431552 
943 280 20 26 0.04309145 
469 178 25 29 0.042985797 
618 246 27 34 0.04223971 
840 254 20 25 0.0418637 
2 568 17 23 0.041378744 
462 354 32 38 0.040313624 
472 133 139 169 0.039288595 
167 358 182 186 0.03923739 
602 224 149 142 0.039132886 
597 187 87 99 0.03908171 
609 409 29 35 0.03796481 
816 280 34 43 0.03764439 
750 127 61 84 0.03756791 
174 230 20 25 0.036753543 
635 211 51 58 0.036204405 
56 609 18 21 0.036052044 
618 379 27 34 0.035857577 
315 458 401 403 0.03581102 
547 192 214 260 0.03530733 
823 298 21 25 0.034899008 
512 175 71 95 0.03472525 
575 398 35 43 0.03421134 
52 340 560 580 0.033854857 
387 253 33 40 0.03376283 
587 22 40 49 0.03343058 
206 393 105 100 0.033376697 
747 376 38 48 0.033349533 
636 254 29 36 0.033193715 
-64 504 368 371 0.033174843 
842 352 24 31 0.032589126 
518 182 24 32 0.032560434 
127 642 19 22 0.032552656 
542 136 54 66 0.032470305 
104 634 19 24 0.032331914 
700 95 22 28 0.032291543 
642 247 76 86 0.032232467 
101 567 17 21 0.032194845 
523 300 48 57 0.03217752 
920 535 19 22 0.031911712 
574 186 53 60 0.03167955 
37 564 16 21 0.030995829 
711 100 20 26 0.030820422 
103 541 17 21 0.030616269 
432 376 32 40 0.030455187 
374 300 64 75 0.030034048 
162 640 18 22 0.030024331 
472 354 42 49 0.02995911 
585 221 32 40 0.029931262 
621 276 68 89 0.029765263 
179 420 112 104 0.029689556 
346 220 98 121 0.029292116 
602 30 40 51 0.029235335 
135 540 18 23 0.029208232 
746 109 20 25 0.028976342 
787 193 36 48 0.02874671 
824 348 25 31 0.028742399 
-1 0 40 52 0.02870846 
558 299 68 75 0.028639335 
657 313 74 95 0.028606083 
675 262 53 59 0.028559785 
388 178 67 71 0.02854254 
444 208 53 61 0.028317261 
566 377 37 46 0.028038105 
582 387 26 32 0.027936965 
85 614 19 24 0.02791109 
766 154 23 31 0.027859315 
603 303 66 79 0.027818928 
156 277 19 25 0.027462896 
280 251 150 168 0.027437275 
669 274 75 85 0.026882634 
137 508 20 28 0.026627265 
161 261 20 25 0.026576666 
844 287 20 25 0.026494954 
842 237 19 23 0.026476415 
621 357 26 33 0.026340965 
407 196 29 35 0.02620608 
572 385 23 28 0.026146585 
648 273 133 133 0.02607738 
768 176 74 89 0.025829518 
730 108 57 72 0.025717977 
575 154 70 75 0.02556974 
772 168 23 32 0.025553314 
824 337 21 27 0.025503384 
479 174 24 31 0.025475064 
532 327 33 40 0.025455125 
699 336 76 85 0.025313335 
803 630 37 44 0.02514248 
702 242 45 53 0.025022153 
139 381 19 25 0.02492085 
443 136 107 119 0.024847412 
834 298 36 43 0.024523815 
134 489 19 27 0.024453916 
637 312 44 59 0.024387812 
85 248 21 29 0.024380678 
85 566 17 20 0.024373457 
899 542 19 23 0.024186881 
402 344 579 585 0.023974646 
209 636 19 21 0.023967547 
379 232 59 71 0.023758287 
201 661 22 26 0.023699919 
102 339 21 24 0.02361291 
436 86 210 285 0.023501698 
772 361 24 30 0.02335307 
57 598 18 21 0.023183413 
422 190 47 55 0.023145525 
382 322 32 39 0.022980763 
703 266 50 53 0.022885475 
312 176 67 79 0.022879455 
12 347 141 178 0.022244442 
78 591 17 21 0.022234993 
303 217 100 120 0.022144822 
98 621 18 24 0.022122044 
544 314 50 53 0.021992354 
610 420 40 48 0.021932196 
727 273 44 53 0.021890158 
51 564 16 19 0.021858433 
603 248 66 80 0.021810533 
288 127 87 100 0.021783356 
506 350 44 50 0.021755949 
265 428 45 51 0.021708261 
99 485 20 25 0.021673251 
228 147 23 30 0.021619862 
809 306 62 79 0.02150599 
901 388 21 27 0.021413503 
185 659 22 26 0.021389628 
679 353 47 59 0.021269849 
692 184 84 93 0.021236055 
304 341 38 50 0.021232989 
536 345 27 32 0.021101164 
466 183 63 79 0.021091336 
51 381 20 25 0.021075197 
319 207 49 63 0.02104567 
634 350 24 33 0.020989535 
125 591 16 21 0.020955216 
994 198 18 26 0.020929135 
956 538 19 22 0.020916503 
896 281 16 21 0.020903658 
556 108 72 88 0.020849256 
513 303 31 39 0.020844422 
391 138 100 103 0.020806184 
120 469 62 81 0.0207984 
627 335 40 55 0.020773623 
561 245 76 87 0.020729175 
201 193 21 30 0.02071012 
664 55 20 25 0.020696213 
149 355 23 29 0.020645276 
569 233 53 60 0.02061193 
608 40 289 344 0.020600392 
357 351 26 34 0.0205827 
692 82 20 27 0.020575115 
644 51 23 29 0.02055237 
308 654 26 29 0.020504192 
233 610 18 21 0.020484412 
784 142 77 99 0.020461844 
674 72 20 26 0.020456363 
877 285 17 21 0.020329375 
582 325 29 34 0.020234527 
217 338 104 108 0.020223102 
694 79 55 70 0.020156665 
595 42 24 31 0.020143276 
715 298 68 84 0.02012434 
-38 395 148 183 0.020119714 
535 10 74 77 0.020029608 
85 234 21 28 0.020015657 
