0_Parade_marchingband_1_234
303
466 401 23 30 0.8080478 
402 409 23 30 0.7416927 
606 310 23 30 0.7067369 
480 304 21 27 0.62952197 
331 411 21 28 0.61425686 
668 313 21 27 0.6085402 
430 306 22 27 0.5581024 
521 411 23 29 0.5377847 
645 416 20 26 0.51983565 
582 411 20 27 0.4737455 
208 287 20 26 0.4200133 
506 254 20 26 0.40810505 
364 309 20 24 0.38973972 
480 128 28 34 0.37139505 
243 329 19 23 0.363901 
804 281 19 23 0.35617223 
724 311 19 25 0.35549715 
533 286 22 26 0.35439655 
669 210 19 24 0.32515603 
602 208 17 21 0.30355254 
281 415 19 25 0.28786802 
545 300 23 29 0.27893698 
310 314 19 24 0.27564827 
781 313 18 24 0.27441213 
467 227 19 24 0.25046462 
396 285 20 25 0.2454533 
559 124 25 31 0.24032205 
700 417 21 27 0.23100913 
253 260 17 22 0.22768988 
567 262 20 26 0.22609912 
315 260 19 22 0.22060743 
286 300 19 24 0.21923561 
287 226 16 21 0.19264862 
643 246 19 25 0.18985856 
283 292 18 23 0.18759786 
531 231 19 24 0.18675898 
673 287 19 24 0.18426818 
774 253 17 21 0.18028525 
747 275 19 23 0.17818871 
742 264 18 23 0.16308208 
418 303 21 26 0.15888532 
347 230 17 21 0.1564077 
642 425 18 25 0.15441151 
730 228 17 22 0.15411334 
352 284 19 24 0.15152499 
698 251 18 23 0.14976081 
437 260 19 24 0.14687705 
341 277 19 24 0.14532343 
479 403 22 28 0.14512977 
753 415 20 24 0.14131129 
394 208 19 24 0.12999345 
738 312 18 24 0.11353071 
459 283 19 25 0.10969429 
382 304 19 25 0.109649956 
317 408 20 26 0.10725437 
646 287 19 23 0.10204654 
557 308 20 26 0.100344695 
813 284 18 22 0.09473318 
208 299 18 24 0.09408759 
311 324 20 26 0.09296953 
418 257 19 22 0.09255175 
589 283 20 26 0.09245331 
710 415 20 26 0.091770954 
209 426 19 25 0.08925458 
434 404 22 30 0.08560314 
335 423 20 27 0.08498295 
380 260 17 22 0.08359313 
771 282 17 22 0.08350888 
509 308 19 26 0.08235926 
647 306 19 24 0.077904575 
237 315 18 23 0.07784508 
612 254 18 24 0.07634722 
460 258 19 25 0.07507058 
329 263 17 23 0.07419873 
718 286 18 23 0.07305705 
558 148 25 33 0.07226734 
585 425 20 25 0.07203223 
711 427 19 24 0.07061574 
690 306 19 24 0.0697215 
572 428 21 27 0.069588795 
354 408 21 28 0.06951978 
184 329 19 24 0.06889541 
690 287 19 24 0.06860841 
519 427 22 27 0.0685439 
368 257 18 23 0.06844991 
592 257 19 25 0.06820569 
772 240 17 21 0.06818788 
256 313 17 23 0.06641838 
719 261 17 21 0.06602366 
752 428 19 24 0.06594625 
852 306 19 24 0.06486596 
485 234 19 24 0.06438407 
286 215 16 21 0.06321795 
670 225 18 24 0.063042544 
723 475 23 29 0.0628862 
404 212 18 24 0.062449433 
362 209 17 22 0.062437437 
311 388 21 27 0.062399253 
726 326 19 25 0.06238553 
484 175 22 28 0.062303845 
520 281 20 26 0.06183912 
408 224 18 23 0.061015774 
611 286 21 27 0.06049626 
623 435 19 24 0.060232982 
619 408 19 24 0.059484582 
828 325 19 25 0.058131713 
228 225 17 23 0.056115292 
511 209 20 26 0.056109603 
855 289 17 22 0.056014907 
666 256 18 23 0.055860247 
490 287 21 27 0.055518024 
842 252 16 21 0.055466864 
660 410 20 26 0.055166718 
776 325 20 25 0.05459484 
227 211 18 22 0.05417624 
615 385 21 26 0.05306939 
795 261 17 21 0.051715996 
535 256 20 25 0.051074576 
181 312 18 24 0.050439663 
334 307 18 24 0.04935493 
392 225 18 23 0.049004335 
443 280 21 26 0.048055887 
692 238 18 23 0.04739952 
469 173 20 26 0.0471858 
314 352 21 27 0.046679076 
566 388 22 29 0.046270035 
593 174 18 23 0.04578582 
698 425 28 36 0.045760613 
537 386 22 29 0.04540798 
537 210 19 24 0.045320094 
494 203 19 24 0.045254484 
260 283 18 22 0.045112967 
-71 496 365 371 0.0450752 
830 253 17 21 0.044818528 
202 332 18 21 0.04449749 
592 467 22 28 0.04428066 
248 253 28 36 0.043748472 
547 152 21 28 0.043638293 
331 391 21 27 0.043326195 
315 431 18 23 0.04325044 
644 332 20 25 0.04313516 
289 329 18 23 0.04215003 
534 426 21 27 0.042112805 
568 235 16 22 0.042015716 
724 211 17 22 0.041861504 
289 256 16 21 0.041558307 
597 229 17 22 0.041369207 
180 408 20 26 0.041363537 
783 306 27 35 0.041118413 
665 432 18 23 0.0403071 
866 302 17 23 0.040281333 
264 413 20 25 0.039897375 
763 429 17 22 0.039619543 
487 353 24 30 0.039609496 
243 257 18 21 0.039545145 
357 434 21 26 0.0392188 
618 233 17 22 0.03919585 
827 313 18 23 0.03914625 
739 326 18 23 0.038923576 
103 402 24 29 0.03884738 
436 387 23 30 0.03871399 
747 531 354 368 0.03869843 
443 230 17 22 0.037616055 
407 423 22 28 0.037590362 
894 434 20 25 0.036896955 
466 211 19 24 0.036493484 
593 299 41 53 0.036295444 
368 326 21 26 0.036134824 
724 356 20 25 0.035880663 
189 357 20 24 0.035795692 
483 386 24 31 0.03545315 
722 386 20 26 0.035362817 
463 328 21 27 0.03458264 
519 229 26 34 0.034445085 
107 388 24 30 0.034260325 
409 387 23 30 0.034223866 
201 291 31 39 0.034174018 
127 404 24 29 0.03407438 
469 150 24 31 0.033970058 
114 528 380 355 0.03392494 
742 389 20 25 0.033852346 
565 203 17 21 0.03344119 
470 128 25 32 0.033317342 
310 393 46 57 0.032918647 
488 435 21 26 0.032777146 
667 387 20 27 0.032438986 
511 327 21 27 0.03243007 
565 460 22 29 0.0323909 
306 233 16 20 0.032222595 
380 328 20 26 0.03198557 
199 360 19 24 0.03191533 
438 352 22 29 0.03164629 
229 431 19 24 0.03152388 
261 236 16 20 0.031391628 
149 360 21 25 0.031269494 
692 357 20 26 0.031097176 
284 387 21 25 0.031087486 
576 324 683 736 0.031021873 
789 322 20 25 0.03099102 
229 413 19 26 0.030952036 
596 323 23 29 0.030916288 
182 385 20 26 0.030827144 
150 383 22 28 0.030721633 
282 220 27 36 0.030645588 
492 327 22 28 0.030083304 
645 208 18 23 0.030000253 
689 331 19 23 0.029958514 
464 428 21 27 0.029887535 
387 396 43 54 0.029818306 
158 410 22 27 0.029790709 
866 291 17 22 0.029773716 
331 355 19 24 0.029768808 
201 410 31 38 0.029490452 
564 270 28 36 0.029381907 
289 463 19 23 0.029307319 
843 238 16 22 0.029263495 
178 319 31 40 0.028857753 
563 172 20 25 0.028851211 
311 279 18 22 0.028744288 
590 388 21 27 0.028669957 
231 286 18 22 0.028481286 
339 211 17 22 0.028476106 
232 307 29 38 0.02791211 
769 246 29 37 0.027537502 
180 431 19 25 0.027513055 
388 186 18 24 0.027129397 
438 431 20 27 0.02710294 
512 399 42 53 0.02708871 
128 384 26 32 0.02702245 
468 129 47 56 0.026973948 
568 355 22 27 0.026386572 
642 354 20 26 0.026380729 
741 208 17 22 0.026344134 
700 465 19 25 0.026231673 
438 324 22 28 0.026126096 
513 389 23 29 0.026066821 
842 326 18 24 0.025930531 
414 355 22 28 0.02591517 
562 398 44 54 0.025816133 
705 454 50 63 0.025795443 
829 236 16 21 0.025626443 
618 355 21 27 0.025597144 
-208 309 678 718 0.025476854 
898 385 19 25 0.025316987 
180 258 21 26 0.025065014 
769 353 21 27 0.024997486 
331 329 19 25 0.024989171 
565 110 22 27 0.024914267 
264 435 19 24 0.024890369 
510 180 20 25 0.024833174 
364 353 21 27 0.024702892 
587 158 23 28 0.024660949 
156 428 20 26 0.024511134 
687 402 47 57 0.024277005 
670 463 19 24 0.024258247 
566 329 21 27 0.024215715 
255 355 20 25 0.024201067 
668 181 19 24 0.024151208 
329 536 367 350 0.024114562 
667 355 21 27 0.023929425 
548 128 20 27 0.023855861 
102 371 56 68 0.023744196 
359 385 21 27 0.023592152 
805 276 29 37 0.023531169 
454 378 46 57 0.023476863 
392 429 22 28 0.023433523 
129 357 24 29 0.023411265 
542 325 22 28 0.02329788 
207 262 19 23 0.02317784 
80 408 22 27 0.023097318 
256 381 21 26 0.022903595 
225 463 19 23 0.022841588 
232 384 20 26 0.022802977 
533 539 365 349 0.022799395 
692 387 20 25 0.022764234 
356 489 24 30 0.022699203 
273 286 50 60 0.022585368 
892 357 19 24 0.02246064 
898 411 19 24 0.022425193 
643 390 20 26 0.02231777 
385 388 23 29 0.022304473 
461 354 22 27 0.022216659 
235 311 47 57 0.022157064 
287 321 29 37 0.021888446 
655 299 43 56 0.021531228 
465 462 22 29 0.021524094 
79 388 21 27 0.02148978 
343 392 46 59 0.021331226 
433 532 23 28 0.021181533 
879 356 19 24 0.021065416 
279 381 33 41 0.021011803 
739 463 20 26 0.021010317 
356 459 22 27 0.021003086 
666 511 22 27 0.02086376 
546 136 45 57 0.020724975 
215 459 20 25 0.020708349 
189 280 54 67 0.020635 
737 399 49 59 0.020557042 
529 308 287 316 0.020519577 
157 336 20 25 0.020350838 
350 224 25 33 0.020184588 
284 356 20 25 0.020048888 
772 294 47 59 0.02000586 
