0_Parade_marchingband_1_147
177
503 79 77 95 0.9963741 
211 158 47 58 0.973053 
305 130 51 65 0.9630916 
158 114 49 58 0.88433146 
605 144 47 51 0.5422122 
366 52 55 77 0.46690327 
399 171 59 66 0.35205656 
85 146 35 44 0.21640413 
920 180 92 118 0.1986225 
188 11 46 49 0.098377384 
313 27 24 27 0.0821872 
221 603 86 88 0.082159035 
873 163 30 39 0.07479217 
797 6 21 22 0.07165066 
848 49 17 20 0.069038555 
883 77 16 20 0.06374838 
358 69 30 42 0.06343742 
20 145 28 38 0.06303207 
393 57 45 58 0.06291063 
901 51 16 19 0.06268404 
893 79 16 20 0.060739435 
22 68 28 37 0.059820533 
789 74 23 28 0.059760552 
24 174 29 37 0.055089492 
879 55 15 19 0.054647032 
411 137 63 77 0.053353526 
928 85 17 21 0.05299622 
745 51 21 25 0.051234435 
711 96 25 32 0.05040439 
200 48 25 29 0.04972539 
0 19 20 30 0.04936552 
407 51 29 37 0.048864968 
880 33 16 19 0.04829552 
425 52 50 60 0.047972232 
746 2 22 23 0.04752068 
255 0 22 25 0.04693715 
823 25 21 24 0.04404259 
567 180 76 86 0.043621838 
444 103 50 64 0.04259204 
598 104 71 92 0.042276733 
843 30 19 22 0.04224478 
33 294 35 51 0.042010304 
928 53 16 19 0.04193303 
28 52 24 31 0.041920364 
251 93 36 45 0.04096499 
3 141 27 42 0.040236395 
128 0 41 40 0.039998386 
134 121 38 49 0.039865594 
897 35 17 20 0.039589103 
921 95 20 25 0.039378747 
767 8 20 23 0.03934252 
798 102 22 28 0.039211504 
746 25 19 21 0.03903509 
25 43 41 52 0.03848471 
30 23 21 26 0.038475666 
325 23 25 29 0.038298413 
790 56 21 24 0.03774453 
696 87 65 81 0.037682626 
303 45 25 32 0.037556805 
821 45 20 24 0.03751546 
956 33 17 21 0.03631292 
798 19 20 23 0.035617206 
0 170 35 52 0.03537516 
35 56 44 55 0.03492744 
772 20 19 22 0.034856547 
155 138 36 42 0.034725927 
621 155 50 53 0.034535192 
3 4 23 32 0.03403775 
689 112 38 53 0.033991728 
971 31 17 22 0.033817858 
857 149 50 64 0.033724856 
557 7 41 45 0.032932553 
565 127 80 92 0.032752488 
97 78 23 30 0.03256854 
690 136 38 50 0.032486323 
11 188 39 49 0.03209306 
949 44 17 21 0.032020416 
736 139 39 47 0.03166425 
441 130 51 64 0.031529617 
638 17 26 27 0.03136791 
278 25 22 26 0.031108959 
818 7 22 24 0.03097146 
331 96 60 81 0.030904131 
619 26 24 27 0.030872671 
431 50 31 38 0.030746588 
981 50 18 23 0.030496748 
993 56 19 27 0.030467147 
461 32 61 77 0.030446008 
923 31 16 19 0.030205626 
979 5 18 21 0.029898211 
200 2 28 29 0.029861735 
851 77 15 19 0.02969619 
169 100 39 46 0.029619696 
646 163 42 50 0.029087538 
235 0 22 24 0.02906312 
876 2 17 20 0.028940722 
132 70 24 33 0.028855791 
124 185 40 50 0.028808618 
926 2 17 20 0.028780708 
379 186 49 60 0.027553871 
994 2 18 22 0.02736618 
204 73 26 32 0.027351646 
635 6 26 27 0.026821226 
742 79 21 27 0.02677399 
711 147 25 31 0.026728205 
692 0 19 22 0.026618492 
233 52 21 26 0.026433213 
728 214 57 59 0.026381636 
792 120 23 30 0.026175197 
327 54 58 73 0.026161645 
694 124 59 72 0.02607989 
71 65 35 47 0.025997566 
147 18 26 30 0.02592529 
845 5 19 23 0.025846874 
779 56 19 23 0.02577724 
29 281 27 38 0.025574196 
370 93 52 72 0.025495198 
91 91 37 48 0.025272116 
590 145 34 43 0.025147028 
700 150 62 71 0.02510939 
820 157 73 91 0.024977485 
256 49 21 26 0.02494495 
129 53 25 31 0.024907215 
41 171 37 44 0.024838526 
25 14 36 44 0.024735402 
284 0 21 24 0.024653168 
993 68 19 28 0.024478242 
47 29 23 25 0.02431472 
750 527 349 367 0.024104154 
586 19 25 29 0.02377529 
920 125 22 28 0.023496762 
585 6 24 28 0.023406237 
985 72 19 26 0.023375543 
378 68 35 47 0.02328265 
730 167 44 48 0.023246862 
453 65 33 39 0.023099937 
716 80 22 27 0.023089735 
669 127 25 33 0.023029974 
725 25 18 21 0.022895934 
854 106 17 21 0.022862464 
0 197 26 38 0.022646556 
385 24 26 29 0.022436481 
789 89 37 46 0.022394817 
856 157 104 134 0.02237655 
383 46 31 38 0.022312861 
150 70 27 35 0.022049213 
-3 143 63 85 0.021984192 
776 150 68 77 0.02195632 
483 655 28 32 0.021951972 
993 329 21 28 0.021906316 
721 56 20 26 0.02189992 
14 120 37 54 0.021758791 
760 136 36 46 0.021682808 
711 184 63 70 0.02162278 
187 48 24 28 0.021591067 
947 6 18 20 0.021590177 
820 76 18 22 0.02154189 
172 158 44 56 0.021504354 
721 1 18 22 0.021441858 
633 111 98 118 0.021413125 
621 0 25 26 0.021306861 
714 124 26 33 0.021243837 
727 113 119 141 0.021236438 
895 3 18 21 0.021131298 
372 29 86 114 0.021091321 
421 24 45 52 0.021024643 
652 140 39 51 0.020987604 
974 119 28 34 0.020923251 
741 98 22 29 0.020754898 
356 52 26 34 0.020653319 
50 149 28 36 0.020581078 
662 6 25 25 0.02038214 
822 298 22 29 0.020379132 
229 87 39 51 0.02020321 
3 25 69 91 0.020102216 
78 163 32 39 0.020017464 
605 161 79 84 0.020001894 
