0_Parade_Parade_0_120
315
107 301 44 51 0.91742736 
531 327 26 31 0.85304266 
955 304 36 46 0.44607943 
22 374 26 37 0.4459503 
437 326 20 26 0.3856133 
490 312 22 26 0.37882432 
327 309 19 25 0.32745796 
748 306 25 29 0.30614555 
832 326 21 27 0.28547215 
625 309 18 23 0.2464401 
207 357 28 35 0.2352811 
407 337 19 24 0.22468004 
43 309 29 36 0.22319871 
539 236 20 25 0.2040767 
226 308 22 29 0.20079838 
691 326 21 26 0.19956973 
662 324 21 27 0.18330616 
395 329 19 24 0.18259852 
264 278 20 25 0.17441124 
485 325 20 25 0.16769531 
413 306 18 22 0.16620836 
761 311 21 27 0.14447455 
31 305 28 35 0.13203374 
406 385 20 27 0.12767166 
646 376 20 26 0.118058324 
281 337 20 25 0.11695471 
542 316 22 28 0.11670925 
493 359 20 25 0.11455021 
641 312 18 23 0.11236539 
879 187 19 25 0.10299051 
228 326 24 31 0.09675354 
866 202 18 23 0.09669998 
211 310 22 28 0.09543134 
440 352 21 25 0.09525088 
851 304 20 25 0.09426262 
696 315 19 25 0.092464894 
819 314 21 27 0.09209228 
6 355 34 48 0.09204771 
361 305 18 23 0.089047566 
278 309 19 24 0.08898916 
32 315 36 46 0.08859833 
211 524 26 34 0.086932994 
179 334 19 25 0.08477506 
975 230 19 28 0.08410698 
208 331 24 29 0.082841694 
466 332 19 24 0.08187104 
753 436 37 46 0.080091976 
643 363 20 26 0.07984714 
317 286 17 22 0.07799696 
276 282 18 23 0.07423717 
366 285 18 23 0.074165404 
905 308 20 26 0.074112915 
392 314 17 22 0.07396466 
920 308 24 32 0.073408864 
919 326 24 33 0.072699495 
873 307 19 25 0.0712641 
649 328 20 25 0.06964321 
686 358 20 25 0.06936922 
873 330 21 26 0.06891504 
393 383 19 24 0.068266995 
5 208 21 30 0.06775069 
361 335 18 23 0.067539096 
853 289 19 25 0.066967264 
887 561 24 31 0.0664629 
641 286 19 23 0.06523002 
362 357 19 24 0.06452857 
281 356 19 23 0.06444578 
0 287 20 26 0.06287474 
409 349 21 26 0.062481713 
288 386 19 23 0.062431026 
358 393 20 26 0.06234372 
669 359 20 25 0.061880097 
667 382 19 24 0.061840165 
561 328 19 25 0.06115913 
464 354 19 25 0.06051865 
767 357 20 24 0.05999467 
609 403 23 29 0.05948723 
814 281 20 26 0.05738929 
699 285 17 22 0.056231737 
647 252 19 24 0.05605364 
591 400 23 31 0.055963647 
594 327 18 24 0.055935565 
539 429 25 30 0.054430183 
410 289 18 24 0.053693034 
666 410 21 26 0.053389538 
1 104 20 30 0.052275013 
8 300 21 28 0.051530108 
618 327 19 24 0.0511919 
855 208 18 22 0.05076405 
620 289 19 24 0.050328124 
661 438 27 32 0.050322667 
979 386 23 31 0.050221503 
332 286 18 22 0.04980987 
899 286 19 24 0.049407996 
610 389 22 27 0.04838819 
724 356 19 24 0.04837693 
182 306 18 25 0.047909986 
486 409 20 26 0.047663394 
3 336 23 29 0.04746507 
696 255 18 23 0.04739417 
558 414 25 30 0.046753023 
740 295 48 60 0.046623662 
306 381 18 23 0.046440344 
230 287 19 26 0.046282347 
726 310 18 23 0.046141133 
466 312 20 25 0.046106663 
30 248 21 29 0.04604451 
334 360 17 22 0.0451962 
384 433 19 26 0.04505449 
745 288 20 25 0.04484593 
764 326 21 26 0.044035766 
439 412 20 26 0.043597497 
801 284 18 23 0.043041073 
596 390 23 27 0.042728633 
906 327 20 26 0.042606052 
904 204 19 24 0.042201973 
592 315 18 23 0.042068023 
993 229 20 28 0.04129101 
698 233 18 23 0.041275438 
539 281 19 24 0.040642817 
891 187 19 24 0.040538236 
104 257 26 33 0.040221706 
980 132 21 27 0.04005297 
541 413 24 28 0.039572768 
4 374 25 37 0.039413102 
283 411 21 27 0.03903889 
31 513 22 28 0.03899272 
956 232 19 25 0.038803946 
536 455 22 28 0.038744453 
440 382 19 26 0.038599923 
492 383 20 25 0.03833026 
511 313 19 24 0.037967283 
339 388 17 23 0.03785019 
467 411 20 25 0.037748575 
388 409 19 24 0.03768492 
314 327 18 24 0.03767872 
314 364 19 23 0.037133552 
739 256 18 23 0.036942158 
466 385 19 24 0.036653206 
261 334 20 27 0.03660027 
334 326 19 25 0.036334533 
866 354 21 26 0.036089085 
752 386 20 25 0.035986867 
619 357 19 23 0.035874512 
46 512 23 27 0.035737626 
855 230 17 21 0.03515262 
764 384 19 22 0.035147265 
265 265 19 23 0.03509574 
512 352 22 28 0.035067983 
516 277 19 24 0.03486593 
817 315 43 53 0.034732 
284 428 22 28 0.03454234 
981 206 18 25 0.03452247 
389 360 19 24 0.03431814 
510 259 18 24 0.034204282 
542 248 20 25 0.03420252 
801 332 18 23 0.033952825 
821 259 19 24 0.03350825 
750 323 22 28 0.033501823 
872 254 18 22 0.033388473 
687 381 19 24 0.033256814 
871 287 18 23 0.033003785 
519 320 43 54 0.033000674 
947 198 19 24 0.032886058 
751 406 23 27 0.03279211 
377 422 33 43 0.032378986 
-4 279 32 44 0.03231802 
260 353 20 25 0.0323014 
921 283 21 27 0.032292508 
482 435 21 28 0.031938534 
183 355 21 26 0.031698275 
927 353 24 30 0.03156823 
222 518 25 32 0.03154354 
489 458 24 31 0.03146501 
444 286 17 21 0.03139043 
748 358 19 23 0.031234944 
977 250 21 30 0.031147111 
221 353 25 31 0.030782053 
992 275 22 31 0.030689994 
464 285 19 23 0.030367369 
972 276 27 35 0.030191863 
466 430 23 29 0.030138046 
666 288 17 21 0.02999426 
30 455 22 30 0.029909842 
920 309 49 59 0.02990276 
381 283 18 24 0.029799731 
978 145 21 28 0.029759351 
562 316 18 23 0.02959593 
567 357 19 24 0.02953148 
571 257 19 24 0.029455727 
527 407 57 65 0.02933155 
764 405 21 26 0.029273195 
727 255 18 22 0.029221695 
591 382 53 65 0.029142667 
3 429 21 31 0.029063547 
518 409 21 26 0.02894186 
537 348 24 28 0.028880145 
903 227 19 23 0.028680326 
161 329 21 27 0.028543597 
362 438 20 28 0.028541964 
722 328 18 24 0.02809612 
594 359 18 23 0.02802905 
795 359 19 24 0.028001549 
205 504 48 60 0.027852116 
357 353 31 39 0.027778694 
627 364 49 61 0.027639003 
899 257 18 23 0.027471278 
852 256 18 24 0.027342154 
797 256 18 23 0.027241424 
278 262 17 21 0.027213106 
514 465 20 26 0.027210588 
859 2 47 38 0.027206602 
155 383 22 28 0.02713467 
866 228 18 22 0.027092356 
398 319 45 57 0.027063753 
800 307 19 25 0.027038014 
497 254 19 23 0.026844095 
433 207 20 24 0.026680341 
437 429 22 29 0.026609203 
934 294 61 70 0.026590234 
434 402 33 43 0.026544351 
264 306 20 25 0.026542658 
844 353 21 25 0.026438663 
338 405 18 24 0.02631432 
665 256 17 21 0.02607621 
519 590 21 27 0.02606882 
387 254 20 26 0.025820695 
646 408 21 26 0.025805306 
799 385 20 24 0.025778363 
978 405 23 30 0.025770897 
180 287 18 24 0.025502747 
409 405 20 27 0.02538744 
385 352 31 40 0.02537419 
5 346 56 80 0.02532832 
717 409 20 25 0.025195103 
277 351 30 39 0.025188327 
951 252 21 27 0.0250522 
211 285 19 24 0.025039 
386 461 22 29 0.024866015 
722 287 17 23 0.024855906 
360 509 24 30 0.02474745 
424 390 54 68 0.024678182 
431 421 37 45 0.024382325 
30 485 21 27 0.024380893 
475 426 34 44 0.024355695 
539 382 21 25 0.024299923 
370 386 52 67 0.024023326 
774 285 18 21 0.023913987 
510 347 66 80 0.023913717 
198 348 44 56 0.023688655 
846 1 30 30 0.02364314 
952 223 32 40 0.023540298 
720 349 31 38 0.023495214 
994 325 21 29 0.02334087 
6 662 20 31 0.023328416 
345 374 52 64 0.02330475 
992 208 18 23 0.023269165 
647 451 25 30 0.023265537 
422 315 47 59 0.02313383 
160 254 20 24 0.023090338 
382 399 31 40 0.023074774 
270 275 28 38 0.02283082 
34 528 21 28 0.022740085 
461 374 32 42 0.022731202 
51 283 25 30 0.022721346 
646 435 24 30 0.022592774 
571 277 19 24 0.022517165 
307 294 45 61 0.022504615 
512 383 20 25 0.022412766 
915 332 51 65 0.022405494 
720 380 20 24 0.022402305 
829 353 21 27 0.02239501 
433 371 34 45 0.022361867 
976 180 18 25 0.022342848 
234 437 21 27 0.02231911 
789 153 20 24 0.022292694 
283 378 32 38 0.022249341 
645 399 66 78 0.022060094 
618 430 22 28 0.02199615 
951 188 19 24 0.02199494 
52 253 22 29 0.021831408 
921 206 18 23 0.021744302 
779 154 19 25 0.021739032 
564 384 20 24 0.021620829 
354 298 29 38 0.021562856 
676 314 48 59 0.021521613 
51 490 22 28 0.021503273 
-1 531 19 28 0.021439552 
448 456 74 83 0.021356955 
755 375 32 39 0.021307755 
3 515 20 27 0.021116843 
614 252 18 23 0.021111077 
743 362 56 65 0.021061076 
693 211 19 24 0.020977922 
537 484 22 27 0.020943023 
413 447 76 87 0.020885957 
797 323 30 38 0.020841498 
124 290 54 67 0.020786341 
78 352 24 31 0.020778403 
28 287 22 29 0.020766271 
399 424 120 139 0.02071694 
753 434 64 77 0.020685779 
472 310 48 60 0.020649152 
723 404 66 78 0.020493608 
878 384 23 30 0.020418355 
270 319 50 62 0.020394143 
391 384 53 65 0.02036996 
508 392 59 69 0.02034042 
19 382 35 52 0.020332457 
176 301 31 40 0.020314993 
30 237 18 24 0.020226378 
720 435 22 26 0.020200541 
44 243 37 48 0.020102045 
893 280 32 43 0.020095306 
994 308 21 29 0.020078992 
