0_Parade_Parade_0_205
299
264 312 69 89 0.8778914 
588 331 23 29 0.73916817 
667 328 36 45 0.4373505 
482 384 23 29 0.1918026 
478 173 23 29 0.14353488 
633 540 22 24 0.11500339 
159 37 61 80 0.10952339 
715 326 22 30 0.102657594 
716 309 22 29 0.09652236 
302 339 36 49 0.092969954 
571 329 21 26 0.09127744 
819 328 19 24 0.08798232 
459 355 22 28 0.085385345 
510 286 22 28 0.08509303 
568 362 20 26 0.082474835 
435 230 22 26 0.07967992 
799 331 22 29 0.07324088 
796 309 22 28 0.07124693 
507 301 22 29 0.07064584 
766 331 23 29 0.07018765 
457 335 22 28 0.067386374 
767 306 24 29 0.06285341 
437 254 23 27 0.06146451 
391 177 18 22 0.061165646 
233 337 41 54 0.06068166 
846 303 17 22 0.060385376 
354 379 20 26 0.059988 
176 53 30 39 0.05996238 
672 543 19 23 0.05934866 
845 338 16 21 0.05907 
564 380 20 23 0.05873829 
670 456 18 23 0.0576566 
795 354 24 30 0.056197178 
714 410 20 25 0.055540986 
520 177 20 27 0.055118393 
455 305 22 27 0.054957375 
717 618 25 32 0.054852925 
415 407 21 26 0.05430294 
441 300 25 32 0.053520214 
434 442 20 25 0.05323961 
714 585 20 24 0.05221804 
508 437 17 22 0.051903896 
592 441 20 25 0.050419137 
383 97 22 29 0.050098423 
566 458 19 23 0.049480744 
491 476 22 30 0.049151335 
821 315 19 25 0.049066115 
497 438 19 23 0.0489917 
571 203 21 27 0.048922144 
739 535 20 23 0.048799552 
387 207 20 25 0.048376136 
592 455 21 24 0.04822089 
494 309 22 26 0.04678321 
466 379 21 28 0.04631047 
684 341 28 37 0.04603208 
539 306 21 26 0.04586886 
634 557 22 26 0.04552517 
203 366 35 45 0.044894345 
743 354 20 27 0.044688407 
565 310 20 27 0.044634085 
720 350 22 29 0.04354873 
673 560 19 23 0.04341933 
301 183 38 60 0.043261755 
507 532 23 31 0.043117765 
670 0 29 30 0.043036234 
827 437 18 21 0.042971667 
696 562 20 23 0.042432018 
715 569 18 23 0.04231946 
698 456 17 22 0.04125066 
387 435 21 26 0.040418 
848 559 22 24 0.040364865 
799 382 23 29 0.040231287 
512 468 21 27 0.04021889 
771 354 22 27 0.04020313 
846 441 19 23 0.040022094 
537 330 22 28 0.03979646 
130 52 68 91 0.03979436 
484 162 20 26 0.039771 
704 413 19 24 0.039724432 
439 280 24 30 0.039498653 
307 197 25 36 0.03935028 
495 537 23 28 0.03922032 
742 329 23 30 0.039029375 
442 332 24 31 0.038320806 
693 309 23 28 0.03782116 
668 514 17 20 0.03772271 
665 444 19 23 0.03732908 
873 365 20 25 0.03712013 
571 441 18 23 0.036993142 
485 361 24 30 0.036632754 
153 29 25 30 0.03640979 
13 32 58 97 0.036204867 
728 536 18 22 0.036162045 
617 356 23 30 0.03534923 
416 433 18 23 0.035239372 
393 282 21 28 0.035000738 
533 509 24 33 0.034895662 
443 356 21 28 0.03470664 
330 190 37 52 0.034492563 
513 327 23 30 0.03420737 
387 416 21 26 0.034143943 
275 301 39 53 0.03378068 
695 440 18 22 0.033696942 
749 493 19 22 0.033248164 
380 452 21 26 0.033172417 
693 543 18 23 0.033169568 
844 288 19 25 0.033122882 
403 276 21 27 0.03305481 
608 333 20 28 0.03284521 
500 467 36 46 0.03282525 
662 404 20 24 0.032566797 
569 410 18 23 0.03248049 
847 354 18 23 0.03227605 
491 401 20 26 0.03212437 
365 453 23 30 0.03205157 
508 488 73 89 0.031993162 
881 306 18 23 0.031968225 
308 353 59 75 0.031833716 
824 410 21 24 0.03154321 
537 407 19 24 0.0313694 
874 582 22 27 0.031320255 
485 460 35 43 0.031127365 
844 410 18 22 0.031091083 
588 314 23 29 0.030992327 
138 15 65 72 0.030913085 
389 161 19 24 0.030869847 
693 583 20 23 0.030756524 
385 227 20 25 0.030508585 
792 443 20 25 0.030391583 
516 157 19 24 0.03038678 
711 459 18 22 0.030317388 
443 301 66 82 0.03012355 
878 334 17 22 0.030120797 
441 450 22 28 0.030089105 
542 434 17 22 0.029789744 
351 203 23 30 0.02978585 
716 255 19 23 0.029604273 
748 386 19 23 0.029487751 
566 488 20 26 0.029283524 
902 516 17 22 0.029252486 
359 160 18 23 0.029064303 
979 202 23 34 0.028981697 
452 348 70 83 0.028793026 
744 306 23 29 0.028716488 
488 327 22 29 0.02869267 
331 558 71 83 0.028560828 
80 353 24 34 0.028548937 
899 532 18 22 0.028180212 
409 261 20 26 0.028058302 
413 389 20 26 0.027910836 
286 127 23 29 0.027896428 
671 483 17 23 0.02785951 
640 512 19 21 0.027854351 
872 376 20 25 0.027810208 
188 59 41 56 0.027747974 
493 285 21 26 0.027704058 
555 377 33 42 0.02747712 
355 178 19 23 0.027475594 
692 280 20 25 0.027431272 
648 335 23 28 0.027423577 
991 200 22 33 0.027090045 
821 350 21 27 0.026984412 
867 517 17 22 0.026812105 
409 425 33 38 0.02681024 
876 435 18 23 0.026736766 
747 516 20 22 0.026727362 
592 586 23 27 0.026666066 
877 285 19 25 0.026621044 
497 355 70 83 0.026594158 
770 514 18 21 0.02644409 
741 414 20 26 0.026433494 
510 346 38 52 0.026321933 
500 426 35 44 0.026304975 
791 456 20 24 0.026285464 
664 387 23 29 0.026191229 
955 301 22 32 0.026178006 
427 287 55 68 0.02609657 
638 486 18 23 0.025950858 
461 456 20 26 0.02580769 
513 504 37 47 0.025667774 
211 350 56 73 0.025636127 
614 306 21 27 0.025629975 
673 585 20 24 0.025448168 
539 356 20 25 0.02544421 
202 74 24 32 0.025345266 
442 383 21 28 0.025247717 
563 317 44 55 0.025125993 
650 440 18 24 0.025117353 
670 313 24 31 0.025050083 
483 228 20 25 0.024986459 
363 437 20 27 0.024975996 
974 355 21 30 0.024956375 
269 164 59 91 0.024955586 
346 373 33 45 0.024939569 
719 386 20 25 0.024899708 
495 446 72 92 0.024801597 
80 446 78 91 0.02479944 
593 487 20 25 0.024787119 
483 197 21 26 0.024786238 
567 251 21 27 0.024711877 
326 263 39 50 0.02462901 
656 312 60 72 0.024331003 
-6 20 55 91 0.024190698 
869 468 18 22 0.023985125 
537 387 20 25 0.023983048 
458 432 69 87 0.023897285 
744 590 19 23 0.023852352 
852 460 19 22 0.023851693 
687 577 33 39 0.023710579 
994 461 18 27 0.023686422 
428 335 53 65 0.023622768 
520 466 108 132 0.023524342 
702 294 49 62 0.023433903 
407 248 70 87 0.023348872 
434 408 20 26 0.023246726 
700 515 17 20 0.023234293 
641 407 20 26 0.023206867 
656 437 69 88 0.023118457 
893 302 17 23 0.023064787 
721 286 20 25 0.023045648 
867 569 20 23 0.022944411 
488 409 61 76 0.022940375 
389 388 18 24 0.022912739 
768 385 20 25 0.022877712 
251 345 36 45 0.022848628 
772 493 18 23 0.02276186 
825 534 18 23 0.022715455 
684 307 37 48 0.022701927 
339 258 23 31 0.0226663 
457 286 22 28 0.022650987 
489 506 21 28 0.02260508 
980 105 33 58 0.022544073 
648 461 18 23 0.022503866 
516 353 23 29 0.022489434 
174 38 109 151 0.022427898 
481 497 39 49 0.022315772 
392 262 19 23 0.022205215 
616 486 19 23 0.022204744 
255 304 51 69 0.022198113 
355 362 23 29 0.022140125 
464 160 46 58 0.02212793 
826 518 17 21 0.02210949 
439 246 69 84 0.022051174 
326 348 24 32 0.022008516 
878 411 18 23 0.0219783 
530 350 35 47 0.02197348 
553 344 47 60 0.021944476 
820 461 18 20 0.021861766 
706 582 34 42 0.021784866 
471 363 110 131 0.021731699 
311 182 23 31 0.021646408 
485 390 34 44 0.02163014 
826 589 19 23 0.021566981 
427 365 51 65 0.021522762 
335 341 60 75 0.021520091 
532 177 22 29 0.021470146 
520 513 22 29 0.021465067 
869 482 17 21 0.021402298 
720 518 18 22 0.021389794 
353 258 21 27 0.021374412 
717 434 20 24 0.021335768 
980 97 24 38 0.021328231 
949 400 23 29 0.021295419 
661 397 63 78 0.02127862 
425 429 56 66 0.021238573 
56 426 72 99 0.021227058 
94 349 22 29 0.021212306 
493 288 48 57 0.021192158 
840 297 29 39 0.021185515 
306 106 20 27 0.021109834 
407 384 33 43 0.021089802 
612 443 67 86 0.021076472 
996 387 17 24 0.021047464 
521 409 19 23 0.02096289 
394 393 54 64 0.020887151 
972 388 19 25 0.020765068 
589 347 24 30 0.02071975 
870 533 18 22 0.020716105 
333 184 20 26 0.020699082 
633 377 36 46 0.020658921 
952 388 22 28 0.020645626 
825 282 21 24 0.020630745 
614 465 19 23 0.020616377 
638 416 111 142 0.020577496 
290 107 19 24 0.020555774 
562 507 24 33 0.020532198 
744 565 19 22 0.02042965 
148 89 30 41 0.020350581 
519 384 21 26 0.020341417 
768 534 19 22 0.020309925 
589 416 19 24 0.020258611 
547 453 72 91 0.020246949 
667 536 31 38 0.02016866 
106 110 39 51 0.020161163 
333 582 25 32 0.020159112 
498 305 69 81 0.020103795 
541 463 18 22 0.020059422 
640 353 24 31 0.020033399 
112 1 71 74 0.02003205 
