0_Parade_Parade_0_917
171
54 404 25 32 0.25134358 
141 535 95 85 0.20966966 
655 124 28 36 0.19045809 
721 456 32 39 0.15016761 
604 466 83 105 0.13911715 
535 301 23 30 0.13017796 
991 351 21 32 0.10903196 
768 301 24 31 0.08360996 
854 17 70 68 0.08346238 
692 281 69 67 0.07431212 
109 249 18 21 0.0733472 
242 84 46 58 0.057715323 
210 79 21 27 0.056918964 
748 402 133 167 0.055338018 
131 253 18 22 0.054924343 
639 111 48 60 0.052600585 
817 328 27 36 0.04928602 
664 354 25 30 0.049054924 
54 256 17 21 0.048043933 
8 331 21 27 0.04746641 
717 285 73 71 0.047057364 
935 316 43 51 0.0444595 
655 351 40 49 0.04276422 
583 479 20 26 0.04170412 
613 145 22 28 0.041171003 
688 99 23 29 0.04025231 
724 487 348 387 0.04010865 
668 382 29 34 0.039468996 
774 443 88 96 0.039263535 
820 347 23 31 0.038509868 
26 354 19 24 0.037693474 
569 302 19 25 0.037372988 
491 328 23 28 0.037033338 
693 296 33 36 0.036713 
676 345 214 287 0.036517195 
595 389 22 28 0.036056284 
590 421 159 201 0.03593948 
842 348 21 28 0.0354817 
614 130 24 31 0.035376824 
584 465 21 25 0.03523867 
793 308 22 28 0.034980714 
635 330 24 30 0.03486354 
574 482 20 26 0.034150984 
708 295 34 37 0.03404629 
325 481 389 387 0.03347575 
568 472 36 43 0.03312334 
536 288 22 28 0.03231724 
838 338 22 28 0.031810947 
5 313 20 26 0.03141619 
71 410 21 27 0.031195883 
769 288 21 27 0.031158134 
518 302 23 29 0.031101963 
561 293 33 43 0.030963074 
631 447 68 92 0.030577626 
566 446 58 77 0.030211972 
570 255 19 25 0.030030714 
767 323 23 29 0.029921234 
175 122 23 28 0.029713398 
767 438 24 31 0.029706039 
678 256 113 122 0.029697565 
743 303 28 32 0.0295896 
755 430 63 75 0.029313322 
488 351 23 28 0.029306766 
720 474 25 32 0.02921032 
932 295 45 50 0.029194182 
586 302 20 26 0.02913262 
615 102 24 29 0.029107435 
641 348 23 30 0.029100213 
20 336 19 23 0.02881614 
368 82 21 26 0.028787745 
682 440 59 70 0.02870928 
613 358 145 178 0.028308852 
622 330 22 27 0.028271742 
531 255 668 746 0.028168224 
99 289 20 24 0.028145093 
643 369 69 81 0.028088955 
237 96 27 33 0.02807008 
584 196 23 28 0.027870147 
1 388 22 28 0.027721355 
780 424 66 76 0.027379956 
282 389 23 26 0.027336199 
606 134 37 45 0.027195858 
797 437 27 33 0.027133398 
-56 521 348 343 0.027059445 
615 345 33 44 0.026935676 
706 452 52 61 0.026539009 
619 354 21 27 0.026444804 
800 325 22 27 0.026428068 
531 500 34 44 0.026426757 
61 401 33 44 0.026402207 
598 414 61 82 0.026351681 
-1 488 19 29 0.026322456 
569 286 19 25 0.026253238 
54 393 21 26 0.026131917 
664 322 38 46 0.026007146 
769 451 24 31 0.025983533 
593 405 23 30 0.025777118 
946 344 27 34 0.025742915 
282 350 155 166 0.025338447 
666 105 25 31 0.025336916 
741 326 26 30 0.025305849 
546 128 26 30 0.02526964 
521 284 48 60 0.02511974 
249 65 66 85 0.025071356 
742 283 26 31 0.025038838 
696 313 79 91 0.025027335 
597 106 61 74 0.024973452 
536 488 20 27 0.024886098 
565 329 20 27 0.02476982 
4 348 22 28 0.024602871 
662 330 66 79 0.02456943 
619 323 35 44 0.02430744 
731 464 36 46 0.024197567 
494 309 23 29 0.024184564 
665 484 24 32 0.024117602 
210 96 21 26 0.023879923 
181 544 84 95 0.023868972 
730 327 98 119 0.023602184 
184 237 726 735 0.023501543 
436 338 22 27 0.023439638 
677 289 166 210 0.023415616 
597 360 56 75 0.023302665 
-208 319 695 721 0.023248529 
728 278 47 51 0.02319765 
611 430 23 32 0.023155833 
587 422 38 51 0.023150273 
816 313 22 28 0.023111794 
490 393 67 80 0.022716725 
799 357 21 26 0.022570416 
595 431 22 29 0.022379072 
767 256 19 24 0.022350283 
479 341 38 45 0.02230294 
589 290 18 24 0.022238597 
260 389 22 25 0.022212597 
512 350 23 28 0.022151822 
32 237 15 19 0.022135118 
636 400 71 87 0.022128647 
677 347 39 49 0.022073578 
855 386 20 27 0.0219998 
506 318 34 46 0.021980429 
793 316 36 47 0.021976963 
732 255 41 49 0.021931687 
641 309 25 32 0.021857124 
723 428 55 69 0.021832578 
955 234 22 26 0.021668239 
671 404 70 82 0.021656645 
633 506 33 40 0.021597523 
798 378 22 27 0.021440156 
590 184 23 28 0.021411072 
547 265 56 73 0.021333149 
669 301 25 31 0.021301374 
638 370 42 53 0.021290338 
206 86 34 44 0.021269137 
543 430 366 404 0.021262871 
976 331 21 33 0.021262717 
578 293 33 43 0.021201745 
85 290 19 24 0.02118856 
586 252 20 26 0.021138843 
160 123 21 28 0.021106943 
709 308 50 53 0.021039052 
845 202 21 26 0.02097782 
795 28 20 23 0.020825556 
254 84 24 30 0.020673864 
180 155 22 27 0.02049353 
261 100 47 61 0.020447731 
783 300 37 45 0.020445896 
647 145 24 30 0.020425327 
978 145 21 30 0.020409811 
426 333 38 45 0.020383596 
197 75 54 69 0.020318462 
976 304 23 31 0.020074155 
