0_Parade_Parade_0_901
37
281 685 156 199 0.9981629 
699 346 283 380 0.9961637 
7 384 232 358 0.9677674 
691 130 483 606 0.096998766 
724 -161 614 669 0.04440093 
417 59 27 32 0.044277266 
124 467 254 351 0.042630974 
269 237 24 32 0.035676602 
528 336 321 392 0.03326519 
239 199 24 33 0.029237663 
767 1050 24 29 0.027702417 
259 201 23 30 0.027700005 
526 199 23 29 0.02762044 
784 1048 23 28 0.02738487 
647 182 26 31 0.026854947 
231 -3 168 186 0.026277777 
360 82 24 29 0.025948232 
266 252 24 31 0.025927095 
414 245 43 54 0.025678316 
673 1031 25 31 0.025559386 
835 839 400 414 0.025365233 
526 239 24 31 0.023150565 
346 104 48 57 0.023110155 
726 408 495 628 0.022568842 
587 203 24 30 0.02213065 
704 198 23 27 0.021797515 
289 257 27 33 0.021769442 
554 83 24 27 0.020899989 
430 236 28 34 0.020890838 
346 125 315 389 0.020872898 
407 196 24 30 0.020778542 
500 196 24 29 0.020647695 
354 117 29 36 0.02054773 
173 0 26 29 0.020465175 
386 198 23 30 0.020269204 
0 256 185 265 0.020106874 
501 183 25 30 0.020026792 
