0_Parade_Parade_0_472
284
515 135 33 43 0.8300598 
646 120 21 29 0.8285976 
319 116 42 49 0.8077911 
565 135 20 27 0.522938 
739 132 21 27 0.45027035 
848 170 24 30 0.39572233 
60 141 25 32 0.37832308 
699 118 22 28 0.32224736 
663 150 21 27 0.29538622 
513 58 23 29 0.29095274 
710 110 20 25 0.2747033 
821 123 18 24 0.2738011 
800 124 19 24 0.258548 
981 151 22 28 0.23693746 
801 177 19 24 0.22147612 
663 131 20 26 0.21644433 
171 175 20 26 0.1995382 
599 146 21 27 0.18785408 
410 119 23 31 0.18778531 
472 72 22 30 0.18450895 
748 199 22 28 0.1794512 
852 160 23 28 0.17050284 
841 107 19 24 0.15800585 
609 147 20 27 0.1517209 
128 171 21 27 0.15033586 
203 235 22 28 0.11789308 
935 233 17 22 0.11344587 
844 121 20 24 0.11258681 
715 120 21 27 0.10591732 
31 172 19 25 0.10370919 
666 204 24 30 0.10156817 
828 110 18 22 0.100298 
944 232 17 20 0.09992661 
251 334 26 31 0.09537365 
596 136 20 26 0.089023486 
610 134 19 26 0.08876707 
923 149 20 25 0.087800704 
975 209 17 25 0.084523536 
208 248 23 30 0.083472066 
264 349 40 47 0.08187434 
434 173 22 29 0.08006225 
845 228 21 26 0.076662384 
201 309 18 23 0.075289726 
154 309 21 26 0.07512596 
645 150 20 27 0.07455444 
801 112 16 22 0.07167737 
773 127 17 21 0.069592915 
213 180 20 26 0.06954777 
870 286 24 28 0.06860958 
184 307 21 25 0.06760407 
975 224 16 22 0.06735053 
817 178 18 24 0.06699129 
101 178 20 26 0.06656927 
799 225 19 23 0.065652564 
903 155 18 24 0.06361002 
431 123 25 32 0.062712006 
234 181 21 27 0.060898617 
430 152 23 30 0.0606368 
824 233 18 22 0.05995639 
528 130 22 30 0.058812786 
231 280 21 26 0.058156166 
799 156 19 24 0.057876263 
237 205 21 26 0.057873633 
830 81 17 23 0.05598123 
799 210 18 24 0.055953845 
51 178 21 26 0.055785853 
896 209 17 22 0.05464335 
30 160 19 25 0.05453926 
662 178 21 26 0.053838324 
820 154 19 23 0.0537589 
981 351 21 32 0.05254868 
251 156 22 28 0.051771495 
931 211 18 24 0.050431926 
242 334 21 25 0.05005604 
417 146 23 28 0.049960874 
306 285 23 30 0.04935866 
668 104 18 23 0.049130317 
542 206 23 27 0.048797328 
150 325 20 25 0.0481151 
946 150 20 25 0.047585234 
109 158 19 26 0.047526106 
927 288 21 26 0.046799246 
848 202 21 26 0.046750236 
206 149 21 28 0.04660665 
128 204 20 25 0.046604358 
251 179 23 29 0.046426564 
260 352 26 29 0.044958267 
770 176 19 24 0.04461073 
273 334 37 46 0.044508874 
725 152 19 25 0.044357106 
863 159 19 24 0.04263941 
771 157 19 24 0.04250492 
771 110 15 19 0.041391965 
979 173 19 26 0.041244693 
948 210 18 23 0.040723983 
746 111 17 22 0.04064148 
493 477 34 40 0.04044854 
177 161 19 26 0.040405802 
204 336 19 24 0.040141173 
67 132 27 34 0.039813902 
161 159 19 25 0.039644796 
136 227 21 26 0.038720943 
233 223 19 25 0.03871744 
459 281 25 33 0.038655877 
289 151 22 28 0.03859272 
393 124 21 26 0.0385684 
773 254 22 26 0.038468413 
985 255 17 22 0.038322695 
897 176 18 23 0.03808076 
925 254 18 22 0.03790716 
946 255 17 21 0.03755547 
214 279 20 25 0.037439536 
256 200 21 27 0.037413977 
276 373 25 33 0.0373461 
868 233 19 24 0.037339572 
231 127 22 30 0.03675291 
616 104 18 24 0.036692526 
100 258 20 26 0.036477152 
991 153 19 27 0.036471505 
208 131 23 30 0.036399838 
697 150 20 26 0.03624358 
435 103 22 29 0.036138613 
605 272 33 36 0.0359584 
82 181 21 26 0.035880443 
238 306 20 24 0.03569215 
82 259 20 24 0.035649143 
903 255 18 23 0.035635505 
747 184 20 25 0.03556142 
106 229 19 24 0.035542272 
977 135 19 26 0.035432495 
514 102 24 32 0.035169415 
237 153 20 26 0.03456377 
686 278 25 30 0.034468364 
772 232 20 25 0.03437898 
670 79 19 23 0.034044966 
249 342 66 78 0.03400009 
77 282 25 32 0.03364509 
898 233 18 22 0.03340129 
996 222 16 23 0.033332206 
176 201 20 26 0.0333299 
65 272 60 81 0.033268344 
209 207 20 26 0.032913655 
872 102 17 21 0.032477554 
564 111 18 23 0.03225694 
819 252 18 22 0.0322429 
23 285 23 32 0.032157753 
571 257 23 26 0.03213904 
265 256 20 24 0.032121666 
869 129 18 22 0.032083187 
873 75 18 23 0.031944644 
619 4 22 25 0.031836696 
842 81 19 24 0.031718273 
3 180 18 24 0.031533428 
978 285 18 23 0.031494845 
93 259 121 143 0.03130573 
762 203 19 25 0.030970491 
133 365 20 25 0.030925453 
114 292 67 93 0.030768784 
206 351 20 24 0.030761741 
461 176 22 28 0.030719114 
81 229 19 23 0.030714544 
107 130 20 26 0.03063211 
646 179 20 25 0.03023059 
253 121 24 31 0.030158587 
795 256 20 26 0.03007597 
865 174 20 26 0.030063398 
465 102 21 30 0.029427966 
619 179 20 26 0.029424626 
51 284 21 26 0.029361272 
210 269 32 42 0.029323569 
391 104 21 27 0.029320166 
258 232 20 26 0.02916995 
142 313 35 45 0.029134879 
480 67 26 38 0.029123137 
195 300 31 39 0.028942488 
99 282 23 31 0.028906241 
460 120 22 30 0.028811544 
899 287 20 25 0.028777614 
279 99 22 29 0.028706167 
26 296 24 35 0.02854874 
180 281 20 26 0.028292034 
5 285 22 33 0.028190035 
260 103 24 30 0.02810654 
348 122 25 32 0.02770983 
925 135 20 24 0.027438376 
240 324 53 59 0.027411852 
180 101 21 26 0.027402734 
995 255 16 23 0.027288245 
225 262 20 25 0.027077742 
928 178 19 24 0.027051225 
130 380 19 24 0.026986321 
835 148 50 61 0.02688161 
80 202 20 25 0.026778625 
873 298 21 25 0.026773175 
5 229 20 28 0.026723787 
52 108 22 27 0.026602613 
634 112 41 54 0.026600523 
919 300 23 27 0.026532287 
567 179 21 26 0.026300408 
903 133 18 22 0.02619809 
688 107 44 56 0.02607634 
974 307 18 24 0.025961578 
-228 317 711 746 0.025922308 
902 304 22 25 0.025761083 
35 268 65 75 0.025740808 
-68 537 353 353 0.025698284 
694 179 20 25 0.025659546 
122 155 31 40 0.025516614 
153 165 42 55 0.02538068 
969 201 28 42 0.025370007 
254 282 19 24 0.025347678 
256 414 24 31 0.025299538 
138 329 19 26 0.025085403 
162 199 21 26 0.024765039 
79 298 26 36 0.02468134 
492 54 20 26 0.024498094 
853 284 20 25 0.024439616 
617 80 19 23 0.024346355 
616 207 20 25 0.02432488 
991 437 22 32 0.023759834 
262 375 26 31 0.023629468 
991 354 19 29 0.023614878 
46 204 20 25 0.023587735 
276 256 22 27 0.023324203 
45 279 39 46 0.023200644 
182 128 19 26 0.023163436 
284 177 21 28 0.023151405 
255 310 19 24 0.023118885 
937 224 29 35 0.023009676 
294 285 36 48 0.022920564 
591 178 21 28 0.022825597 
949 134 20 25 0.02279332 
7 206 18 25 0.022792673 
335 21 23 28 0.022749418 
451 488 26 30 0.022700146 
418 159 47 60 0.022650627 
44 246 96 145 0.022439202 
465 153 23 29 0.022432059 
942 285 19 24 0.022427145 
400 110 46 54 0.022361213 
234 103 21 27 0.022307552 
994 133 18 25 0.022141006 
610 224 21 26 0.022078576 
977 48 20 25 0.022050817 
380 78 21 28 0.022001669 
593 107 18 22 0.021873118 
291 330 35 44 0.021825256 
285 127 23 30 0.021780131 
992 329 18 26 0.021765977 
650 134 46 57 0.021663826 
89 254 38 51 0.021605704 
874 336 20 25 0.021590946 
305 297 22 31 0.021586252 
278 201 21 27 0.021557847 
439 76 21 27 0.021494571 
586 257 24 28 0.021484807 
173 270 162 173 0.021474559 
77 245 63 81 0.021473112 
549 120 47 58 0.021444565 
877 57 18 23 0.021418663 
947 179 19 24 0.021406852 
303 351 23 29 0.021346541 
99 0 24 27 0.02131787 
825 206 17 21 0.021218425 
426 8 277 303 0.021124925 
276 255 57 72 0.02110429 
798 80 16 21 0.021102505 
534 76 21 26 0.021087209 
594 223 21 27 0.020924482 
927 204 31 42 0.020819167 
537 220 25 30 0.020784538 
737 323 24 30 0.020758582 
609 260 28 31 0.020679476 
12 269 48 72 0.020677676 
966 132 33 47 0.02059623 
51 258 20 23 0.020533906 
230 413 23 29 0.020500103 
26 323 21 31 0.020498497 
198 257 53 68 0.02049456 
48 225 21 26 0.020396909 
694 80 18 22 0.02027514 
994 310 17 25 0.020234853 
951 103 19 23 0.020231234 
591 205 22 27 0.020166133 
