0_Parade_marchingband_1_439
373
262 463 22 28 0.50097054 
333 438 21 26 0.27568114 
128 567 40 59 0.18948475 
477 489 29 37 0.17429492 
134 437 20 24 0.16895987 
7 425 19 27 0.16886005 
200 482 21 28 0.16804138 
375 256 24 32 0.16773061 
334 456 21 26 0.15559806 
206 466 19 24 0.14983903 
161 467 21 25 0.14871179 
84 454 20 24 0.14748032 
123 499 28 37 0.14381209 
419 483 22 27 0.13683166 
428 480 23 31 0.12805945 
157 478 23 29 0.12425931 
84 440 20 25 0.12396155 
484 451 26 31 0.12331448 
856 605 63 80 0.123172164 
174 604 35 51 0.122440666 
0 552 34 56 0.11804729 
180 573 27 38 0.11695749 
144 589 39 57 0.11321123 
362 459 18 24 0.11308614 
56 526 27 37 0.11084821 
462 484 32 40 0.10596152 
879 474 63 68 0.10453571 
3 497 30 47 0.10262187 
366 363 18 22 0.10056277 
547 464 21 27 0.09837008 
230 432 18 22 0.09645674 
99 456 19 24 0.09563554 
78 488 22 29 0.09140562 
516 354 19 24 0.08995713 
184 486 19 25 0.08921296 
130 458 20 25 0.08911059 
146 533 29 38 0.08747256 
157 563 51 66 0.08720039 
457 434 20 26 0.084428854 
966 441 34 56 0.08060169 
519 433 19 24 0.08058194 
410 512 24 29 0.08049835 
189 603 36 48 0.07868583 
365 379 18 22 0.07780632 
100 440 18 23 0.076522924 
108 491 34 47 0.07635772 
181 413 17 22 0.076293655 
457 473 54 62 0.07609132 
490 404 20 25 0.075488195 
518 415 19 23 0.0748478 
231 524 34 43 0.07303974 
406 393 19 24 0.070435055 
616 359 22 27 0.07013302 
445 432 19 24 0.06987273 
23 435 18 22 0.06774232 
274 462 20 25 0.067695685 
544 477 25 30 0.06765742 
53 440 19 23 0.06565809 
263 438 19 23 0.06481952 
205 415 16 20 0.06455765 
13 470 33 51 0.0636827 
265 475 23 30 0.062985726 
535 412 18 23 0.06257436 
462 457 27 32 0.06132464 
597 455 22 28 0.061324574 
384 512 22 27 0.06077275 
143 558 43 61 0.06075828 
232 459 18 24 0.059139602 
156 435 19 24 0.058361653 
333 484 20 26 0.05825217 
57 414 18 23 0.05722831 
314 462 20 24 0.056658465 
379 270 23 31 0.05651201 
129 414 18 23 0.05647972 
739 428 21 26 0.05583096 
383 540 25 32 0.055280283 
382 462 19 24 0.054877803 
285 433 18 23 0.054752156 
381 486 19 24 0.053748786 
101 488 25 34 0.0535162 
187 532 23 30 0.053375 
80 419 17 22 0.05318733 
536 433 18 22 0.052649364 
465 410 18 22 0.05245122 
511 456 20 26 0.05188406 
438 412 18 23 0.05147402 
609 433 19 25 0.051094547 
55 514 23 31 0.050937917 
176 466 19 24 0.0509195 
159 364 19 25 0.050526816 
332 390 16 21 0.0497415 
486 311 21 27 0.049531836 
740 416 20 25 0.04903701 
56 487 21 27 0.04832093 
745 385 18 23 0.04828845 
386 436 19 23 0.04770825 
158 377 18 24 0.047562595 
162 413 18 23 0.046696886 
185 509 19 26 0.045901407 
49 581 29 41 0.04523655 
50 559 28 38 0.044392172 
393 406 18 22 0.04419627 
410 259 21 28 0.04415498 
415 464 19 26 0.043986075 
137 579 69 87 0.043682724 
911 496 33 41 0.043589424 
515 385 17 20 0.043456767 
261 300 22 27 0.043369416 
490 389 19 23 0.043273482 
877 404 22 26 0.043187127 
363 484 19 23 0.042946003 
52 453 20 25 0.042907413 
537 354 20 24 0.04286265 
924 567 39 57 0.042755794 
434 513 23 29 0.042676937 
368 272 23 30 0.042611316 
773 343 69 83 0.042382542 
995 357 18 28 0.042295393 
308 413 17 21 0.04207512 
47 592 38 52 0.041852895 
487 327 19 24 0.04163033 
585 311 19 24 0.041581027 
2 475 28 44 0.041527074 
541 333 20 24 0.04098808 
894 484 37 44 0.040619526 
598 439 20 25 0.040594667 
409 276 21 27 0.040503178 
390 391 16 21 0.039982557 
289 418 18 22 0.03997942 
928 331 20 25 0.03972106 
941 437 50 68 0.039707143 
969 431 26 40 0.039646916 
467 351 20 26 0.039518047 
211 438 17 21 0.039397623 
769 385 20 25 0.03937627 
439 528 22 29 0.03910007 
717 410 20 25 0.038812567 
698 415 19 23 0.038477838 
361 410 18 22 0.038237445 
178 436 19 22 0.03816165 
608 456 21 26 0.038042195 
549 458 32 41 0.037879027 
336 507 22 29 0.037827276 
107 416 17 21 0.03776815 
312 437 19 24 0.037585255 
647 431 22 27 0.036924917 
74 510 23 32 0.036748916 
234 418 16 20 0.036389243 
259 390 18 22 0.03631173 
234 513 24 32 0.036264244 
746 365 18 23 0.036216576 
748 251 20 26 0.035792086 
543 314 19 24 0.035632826 
622 255 17 23 0.035344437 
413 437 19 23 0.03530885 
100 555 60 76 0.035113554 
566 436 18 23 0.03487691 
319 388 16 20 0.034770202 
154 508 23 29 0.034683313 
24 465 21 28 0.034462575 
337 412 20 24 0.034301735 
645 411 22 27 0.034004077 
494 279 20 25 0.033916928 
630 482 80 90 0.03374829 
569 333 20 25 0.03366593 
604 424 32 40 0.033545706 
18 505 24 35 0.03344049 
358 245 45 61 0.03322486 
618 379 21 27 0.03251783 
-1 637 20 36 0.032462034 
555 476 24 32 0.0324426 
204 336 18 23 0.032227516 
0 523 36 59 0.03216198 
50 514 47 66 0.031929933 
570 414 18 23 0.03175517 
893 459 29 35 0.031695276 
642 419 36 46 0.03145318 
537 457 51 66 0.03142253 
539 392 17 21 0.03138721 
793 515 41 58 0.0313578 
661 410 21 26 0.031136755 
125 456 33 43 0.031013012 
797 359 23 28 0.03100891 
585 328 20 26 0.030911561 
6 463 21 34 0.030794285 
618 414 19 26 0.030534778 
876 336 18 22 0.030470354 
438 464 22 28 0.03040384 
363 440 19 25 0.030280491 
516 340 19 22 0.030170996 
488 356 18 23 0.030068496 
875 390 18 22 0.029852036 
51 433 31 38 0.029756831 
773 407 21 26 0.029583054 
892 605 76 93 0.0295498 
136 525 54 67 0.029462427 
27 414 17 22 0.029430212 
83 378 18 22 0.029430063 
428 471 47 57 0.029407127 
452 431 34 42 0.029000591 
186 579 38 50 0.028890185 
512 427 32 40 0.02857554 
466 336 21 27 0.028485488 
664 389 19 24 0.02843627 
924 357 18 23 0.028360814 
467 305 22 27 0.028335163 
876 359 16 20 0.028200254 
400 386 31 38 0.028120585 
247 448 44 56 0.028041929 
870 572 67 84 0.028033793 
635 354 20 26 0.028019607 
876 429 24 29 0.027777703 
769 459 26 32 0.027775967 
638 391 55 68 0.027727686 
501 545 117 163 0.027721792 
315 480 22 28 0.027568972 
561 359 18 24 0.027525984 
436 276 21 27 0.027166994 
226 549 36 47 0.027145384 
901 364 18 22 0.027106095 
463 286 20 24 0.026720429 
863 443 64 72 0.026648957 
337 354 17 20 0.026550222 
63 471 48 60 0.026519973 
434 262 20 25 0.02640684 
693 362 19 24 0.026381157 
408 308 21 26 0.026179787 
319 442 48 58 0.026085848 
380 359 18 21 0.02593553 
193 529 34 45 0.025893565 
180 207 24 29 0.025890807 
597 412 54 66 0.025852183 
361 509 20 25 0.025848579 
643 388 21 26 0.025788842 
137 465 49 60 0.025764577 
469 388 18 22 0.02575944 
127 355 19 23 0.025740413 
900 376 20 25 0.02572369 
760 473 42 51 0.02571529 
714 633 54 89 0.02563756 
127 521 40 54 0.025601188 
395 496 50 62 0.025472851 
335 340 19 24 0.025455149 
133 495 54 67 0.025448432 
505 448 33 41 0.025402859 
623 387 110 128 0.025335101 
484 397 33 42 0.025307084 
18 597 40 60 0.025243668 
542 529 72 116 0.025213273 
552 443 65 79 0.025083572 
404 527 26 34 0.025081206 
872 455 29 36 0.025018344 
169 526 50 66 0.024995197 
94 547 44 62 0.024839405 
10 564 38 58 0.024792142 
755 476 109 139 0.02474448 
431 522 38 50 0.024710456 
246 503 34 43 0.024698704 
835 483 60 79 0.02469333 
258 436 31 39 0.024634035 
128 597 30 41 0.02458948 
389 398 31 37 0.024570355 
647 449 75 95 0.024530377 
199 627 28 38 0.024461277 
258 287 22 26 0.024439503 
897 454 63 75 0.02440988 
407 475 45 56 0.024339404 
183 335 19 24 0.024259206 
262 415 18 21 0.024204535 
930 573 56 76 0.024143895 
797 375 23 29 0.024130126 
257 252 20 26 0.024083056 
841 237 20 23 0.024060292 
358 372 30 39 0.023973819 
581 439 49 61 0.023878159 
209 354 17 21 0.023873344 
677 458 116 149 0.023859374 
48 449 32 41 0.023815807 
610 344 54 70 0.023739902 
100 492 64 79 0.023716899 
284 249 24 28 0.023707045 
776 361 20 23 0.023399036 
218 496 51 64 0.0233723 
357 480 30 39 0.023351118 
927 408 20 26 0.023282237 
363 540 23 29 0.02326366 
288 360 17 20 0.023255382 
300 528 38 45 0.023254907 
979 411 22 33 0.023202147 
570 387 17 22 0.023162149 
123 337 19 23 0.023135515 
773 353 40 49 0.023065517 
24 531 24 33 0.023042211 
766 370 38 49 0.022999998 
346 444 49 60 0.022938093 
801 588 63 85 0.022934632 
-1 599 35 57 0.022816299 
248 531 25 33 0.02278331 
622 371 57 76 0.022779359 
617 338 22 26 0.022679295 
714 586 70 94 0.02265935 
401 267 34 43 0.022651076 
694 429 20 25 0.02263476 
724 433 20 24 0.022629976 
41 535 49 68 0.022435341 
599 362 20 24 0.022424815 
438 361 18 24 0.022247981 
68 423 50 63 0.022230005 
175 595 66 80 0.022225453 
439 388 17 22 0.022212043 
770 432 23 29 0.022203848 
378 236 23 28 0.022191748 
466 422 56 68 0.022119682 
234 311 21 28 0.022108085 
992 479 22 32 0.022096112 
94 567 106 129 0.02207729 
854 487 73 90 0.022047734 
494 450 64 77 0.022024084 
511 408 32 39 0.02197488 
17 430 28 39 0.021973675 
200 497 32 44 0.021969013 
732 328 275 327 0.02196741 
347 685 54 66 0.021940127 
826 412 20 25 0.021882126 
818 379 20 25 0.021848863 
791 410 22 28 0.021830268 
231 327 20 25 0.021740291 
-5 631 32 60 0.021738758 
186 549 37 50 0.021729052 
377 386 55 66 0.021645363 
876 527 69 91 0.021611964 
367 446 50 61 0.02159383 
690 406 33 39 0.02156777 
314 336 19 24 0.021560287 
227 431 29 36 0.021544926 
360 338 20 25 0.021450704 
759 374 76 82 0.021408223 
597 384 19 23 0.021400094 
580 308 31 39 0.021378562 
42 420 53 65 0.021339381 
494 261 19 23 0.021278225 
803 498 44 62 0.021195916 
219 597 36 48 0.02115043 
438 331 19 25 0.021123957 
824 428 21 26 0.021066941 
188 467 47 60 0.021064663 
775 336 21 25 0.021035835 
134 388 18 23 0.020988345 
459 402 34 43 0.020938722 
906 417 67 81 0.020923194 
627 432 66 81 0.020891812 
897 336 16 21 0.02088072 
36 467 51 67 0.020725928 
360 355 29 37 0.020717114 
640 261 19 26 0.020706 
614 402 34 46 0.0207038 
979 383 18 25 0.020694122 
373 524 49 59 0.020660821 
641 454 24 31 0.020610783 
696 381 17 21 0.02060435 
810 576 43 60 0.020543298 
724 392 18 22 0.020480325 
298 555 28 35 0.020425247 
645 519 79 117 0.020341849 
914 458 27 34 0.020230358 
859 418 58 69 0.020223377 
220 625 40 53 0.020155469 
920 565 27 38 0.020127999 
768 394 35 45 0.020104906 
498 414 55 68 0.020100331 
660 429 21 27 0.020073805 
461 331 34 44 0.020038515 
123 631 81 96 0.02000985 
