0_Parade_marchingband_1_410
910
690 480 34 44 0.8969231 
561 473 24 31 0.65235955 
385 487 22 27 0.6389679 
865 444 46 58 0.6381234 
225 483 18 23 0.5395429 
464 492 20 26 0.43323275 
319 484 18 22 0.42732328 
885 454 35 41 0.39671648 
920 284 21 25 0.38532194 
20 494 20 25 0.29094538 
380 83 22 25 0.289366 
210 301 16 21 0.26631448 
722 352 18 22 0.26575997 
718 343 18 22 0.25965258 
826 311 18 20 0.24877505 
467 83 19 23 0.2438571 
236 464 17 22 0.2257496 
457 53 17 21 0.21970944 
257 469 16 21 0.2148436 
569 358 18 22 0.21365891 
175 263 15 18 0.19891803 
172 311 17 21 0.19724551 
336 463 18 21 0.19618355 
61 261 17 21 0.19063947 
217 414 16 20 0.18801576 
260 259 16 19 0.17844678 
175 464 16 20 0.17804438 
638 491 19 26 0.17559822 
159 224 15 18 0.17040527 
57 456 18 22 0.16453865 
770 279 16 19 0.16425206 
134 487 16 21 0.16395691 
747 457 21 27 0.15926164 
226 410 16 19 0.1587586 
343 26 17 20 0.15590692 
103 260 16 20 0.155519 
85 508 18 22 0.1546168 
506 33 20 23 0.15390456 
130 381 17 20 0.15340878 
168 463 16 20 0.15320194 
769 107 17 20 0.1518538 
342 417 16 19 0.15173475 
824 175 16 19 0.1495941 
352 24 17 21 0.14796567 
747 392 18 22 0.14699064 
647 406 17 21 0.14574715 
875 132 16 19 0.14548384 
645 564 25 28 0.14458613 
641 617 29 34 0.14262407 
499 31 18 23 0.14163163 
328 485 17 23 0.13704124 
675 261 16 18 0.13626893 
76 257 16 19 0.13542892 
105 380 16 20 0.13540596 
651 208 16 19 0.13526338 
22 310 18 21 0.13520944 
593 479 19 25 0.13428898 
72 237 17 20 0.1317871 
801 464 22 27 0.13132212 
177 490 16 20 0.13101156 
313 415 16 19 0.1290944 
412 432 19 22 0.12770227 
140 282 16 19 0.12758587 
967 288 17 21 0.12702517 
714 185 15 18 0.126728 
341 359 16 21 0.12597632 
672 50 17 21 0.12535799 
417 25 17 21 0.12494288 
855 205 15 19 0.123301245 
766 127 16 19 0.12207312 
588 468 20 26 0.12075459 
233 232 16 19 0.11945905 
210 292 16 20 0.119246 
238 390 16 19 0.118611634 
492 459 17 21 0.11822407 
929 106 18 21 0.11718071 
167 261 14 18 0.116195865 
125 336 16 20 0.11534525 
747 312 17 20 0.11524612 
773 393 18 21 0.115004644 
619 464 18 23 0.11476067 
209 364 15 19 0.11422333 
318 4 17 19 0.11379028 
827 261 16 19 0.11371908 
279 434 16 20 0.11314834 
106 307 16 20 0.11299283 
262 482 17 21 0.112516835 
780 228 16 20 0.11198622 
154 283 15 18 0.11190601 
745 358 16 21 0.110799484 
179 282 16 18 0.11033363 
269 435 16 20 0.1099751 
542 47 17 21 0.10918667 
63 234 15 19 0.10849472 
570 158 16 19 0.10798278 
218 132 15 18 0.10761275 
53 277 18 22 0.10654223 
865 434 30 37 0.10639483 
133 365 17 20 0.105431035 
242 179 16 20 0.10524129 
311 433 16 19 0.10517009 
338 436 17 21 0.1048846 
767 405 18 22 0.10464295 
132 516 17 19 0.10457546 
545 32 16 20 0.10442942 
841 262 17 20 0.10430956 
538 438 19 24 0.103985414 
464 93 19 24 0.10334786 
189 387 16 18 0.1032381 
278 416 15 18 0.10181781 
152 180 14 17 0.10122402 
611 387 16 20 0.10096966 
128 467 16 20 0.10056731 
128 232 15 19 0.10051989 
567 336 18 21 0.100243546 
749 279 16 19 0.10000536 
638 458 18 23 0.099705465 
674 482 23 30 0.09959064 
313 469 17 21 0.09950928 
647 286 16 19 0.099502 
599 310 16 18 0.09917286 
79 3 19 20 0.098643996 
307 386 16 19 0.09821232 
823 282 16 21 0.097849466 
213 254 15 18 0.09757068 
596 336 16 20 0.097105615 
207 238 16 18 0.0966993 
233 337 16 18 0.09616503 
616 213 15 19 0.09602967 
283 106 17 20 0.09550303 
566 205 16 19 0.09493042 
254 384 15 19 0.09483857 
392 412 17 20 0.094273224 
645 55 16 19 0.09409846 
773 265 16 19 0.093993686 
203 384 14 18 0.09338679 
58 394 18 21 0.09338617 
160 518 17 20 0.09328229 
232 310 15 19 0.09309213 
518 463 17 22 0.09290354 
613 309 15 19 0.09283799 
388 56 17 22 0.09256145 
522 483 18 24 0.09244402 
354 415 16 19 0.0920491 
689 112 16 20 0.09185808 
622 228 15 18 0.09176473 
741 265 16 19 0.09136215 
161 490 16 19 0.09105891 
777 212 16 18 0.090944335 
257 238 17 20 0.0908366 
369 81 18 22 0.09073982 
597 73 17 20 0.090457045 
179 509 17 22 0.09015361 
444 486 18 23 0.09008842 
587 160 14 17 0.089949615 
5 124 18 25 0.08959324 
617 334 15 19 0.08953565 
704 207 15 19 0.089521624 
132 312 15 19 0.08951556 
188 212 15 19 0.08931573 
277 279 15 19 0.0892228 
382 502 21 28 0.08883164 
363 462 18 23 0.088606656 
702 185 14 17 0.08820039 
803 134 15 17 0.087752886 
743 230 16 19 0.08750941 
541 456 20 26 0.0874919 
590 55 15 19 0.08747552 
725 127 15 18 0.08709076 
112 238 16 18 0.086864576 
745 335 16 21 0.08675191 
459 29 17 21 0.08637351 
797 282 16 20 0.08606573 
830 407 17 22 0.085952215 
269 415 15 19 0.08536573 
178 134 15 19 0.08468845 
416 417 19 23 0.08455767 
675 110 16 20 0.08421167 
184 228 14 18 0.08385659 
383 467 18 23 0.08373762 
509 41 19 24 0.083430305 
215 153 16 19 0.083263874 
405 489 19 25 0.083189055 
36 187 16 20 0.083016686 
267 277 16 20 0.0826148 
750 101 16 19 0.08249895 
821 165 16 19 0.08239163 
746 158 14 18 0.08195567 
85 495 17 22 0.081906036 
490 180 18 22 0.08180834 
723 311 16 18 0.0817977 
495 51 18 25 0.08176208 
102 495 16 20 0.08154897 
770 357 16 20 0.08139043 
471 537 21 27 0.08115777 
623 53 15 19 0.08023093 
573 109 18 23 0.0801738 
56 403 18 21 0.07986758 
13 311 18 23 0.079465464 
689 315 15 18 0.07943949 
748 442 18 22 0.0792168 
227 127 15 19 0.07906535 
110 367 16 20 0.07903715 
154 533 20 25 0.07877061 
920 297 19 24 0.07854093 
691 466 27 33 0.07852557 
162 415 15 20 0.07827833 
627 156 14 16 0.078235164 
486 72 17 21 0.07806691 
127 437 16 21 0.077450864 
165 330 17 20 0.07739613 
719 390 16 20 0.07717597 
750 404 17 22 0.07716979 
464 465 17 20 0.07711749 
621 365 16 20 0.077057935 
369 490 19 24 0.07705455 
813 459 21 27 0.07678552 
616 484 18 23 0.07654047 
840 409 18 22 0.07653424 
235 257 15 18 0.07572134 
493 441 16 21 0.075426176 
391 335 16 20 0.07519865 
447 51 16 20 0.07518401 
85 206 17 20 0.07516389 
234 440 17 22 0.07492041 
727 158 14 17 0.074872866 
662 208 15 19 0.07484645 
799 310 16 21 0.07448724 
828 365 18 22 0.07416423 
793 390 16 20 0.0740971 
797 434 18 23 0.07405096 
932 128 17 21 0.0737157 
266 315 16 20 0.073094614 
233 359 15 19 0.07306801 
622 289 15 20 0.07294553 
337 46 16 20 0.07281351 
775 339 17 21 0.07249127 
340 385 15 19 0.07233345 
564 436 19 24 0.07210348 
714 204 15 18 0.07203751 
825 388 17 20 0.07187913 
331 8 17 20 0.071758755 
847 278 16 19 0.07128809 
111 442 17 22 0.071287565 
212 466 16 20 0.07085716 
519 209 17 21 0.07056349 
670 330 15 18 0.07045327 
0 5 21 25 0.07040555 
211 337 15 19 0.07021137 
790 229 15 19 0.070135795 
562 380 18 22 0.0700167 
794 211 15 18 0.06990782 
433 257 16 19 0.069857284 
392 4 17 20 0.06932403 
404 610 25 31 0.069224715 
927 360 17 21 0.06902231 
287 464 16 20 0.0688279 
78 359 15 19 0.06880907 
104 508 16 19 0.06868734 
956 255 17 21 0.068557814 
315 332 15 19 0.06825067 
565 260 16 19 0.06823651 
642 441 18 22 0.06790415 
239 26 16 18 0.06786716 
792 479 24 31 0.0678648 
522 538 22 28 0.067727596 
257 151 17 19 0.06769509 
748 181 15 17 0.06742837 
773 185 14 18 0.06727929 
182 362 15 18 0.06724969 
408 539 20 26 0.06708332 
34 200 16 19 0.06703177 
571 50 16 19 0.06697779 
251 181 16 20 0.066960774 
481 490 18 24 0.06669335 
603 391 16 20 0.06667621 
355 8 17 19 0.066455916 
728 260 16 19 0.0663531 
908 284 18 22 0.06629593 
176 332 17 20 0.06617754 
641 334 15 19 0.06615908 
646 261 14 17 0.06603524 
696 333 15 19 0.0659818 
749 133 14 18 0.06590557 
693 122 16 19 0.065881155 
614 407 16 20 0.06569343 
390 25 18 21 0.065675616 
923 261 19 22 0.06563092 
113 336 16 20 0.0655142 
367 507 19 25 0.0652654 
612 77 15 19 0.06515211 
32 231 15 18 0.06502044 
923 337 18 23 0.064970195 
973 261 17 21 0.06491555 
664 414 17 21 0.06488128 
538 413 16 22 0.06480871 
821 331 17 22 0.06459132 
592 289 15 19 0.06430128 
492 309 16 20 0.06393393 
746 211 15 18 0.06385877 
618 181 14 17 0.06362435 
239 209 16 20 0.063498445 
331 538 21 28 0.06347575 
34 357 16 20 0.06338567 
700 389 18 22 0.063250944 
801 156 15 19 0.06321191 
646 106 15 18 0.06316441 
314 316 14 18 0.063147716 
590 356 15 20 0.063108 
493 124 17 20 0.062772624 
802 106 15 18 0.06273873 
686 265 16 19 0.062726915 
208 435 16 21 0.06220488 
959 302 17 22 0.062026072 
112 459 16 21 0.061971657 
969 379 19 27 0.061909404 
850 184 16 19 0.061734997 
131 155 15 17 0.061648127 
250 628 26 31 0.061608844 
34 335 16 20 0.061462626 
642 231 16 19 0.061079465 
139 179 15 17 0.06049955 
469 412 15 18 0.060366467 
545 157 17 21 0.060228292 
440 467 16 19 0.060189605 
647 79 15 19 0.060130913 
978 432 21 30 0.06006047 
337 155 18 23 0.059947472 
287 80 16 19 0.059876475 
281 486 17 21 0.059773494 
542 179 16 20 0.059527878 
413 458 17 21 0.059509374 
54 444 18 22 0.059482966 
774 487 20 26 0.05942539 
776 507 21 26 0.059298314 
360 285 15 17 0.059020463 
30 261 16 20 0.058870934 
799 410 17 21 0.058838643 
391 315 16 20 0.05883236 
415 99 17 20 0.058640927 
693 156 13 16 0.058438793 
162 435 15 19 0.05843742 
868 413 20 25 0.05830076 
74 83 17 21 0.058222383 
968 300 17 22 0.058183536 
27 389 16 19 0.05758991 
390 389 16 20 0.05737759 
10 504 20 26 0.057346072 
571 125 16 21 0.057318933 
670 465 20 26 0.05724107 
773 308 16 20 0.057184484 
412 6 18 21 0.057125486 
53 204 17 20 0.05706136 
829 237 15 19 0.05693259 
589 516 19 24 0.056909043 
569 535 23 32 0.0568864 
463 437 16 20 0.056642693 
131 213 15 18 0.056506585 
379 240 19 22 0.05647761 
667 124 16 20 0.056466 
205 107 16 19 0.05644463 
621 257 14 17 0.05629244 
257 211 15 19 0.05623136 
181 150 15 19 0.056214485 
925 383 17 22 0.056088276 
639 153 15 17 0.056053575 
181 409 15 19 0.05599757 
381 134 18 22 0.05556824 
765 463 21 26 0.055560686 
254 31 15 18 0.055339146 
798 181 15 18 0.05523712 
673 316 16 18 0.05517231 
587 108 16 21 0.055136375 
293 230 16 20 0.055093408 
670 281 15 19 0.055037145 
567 413 17 21 0.05495198 
461 2 16 18 0.05485849 
29 130 15 20 0.054558482 
666 435 18 23 0.05451496 
566 179 16 18 0.05441487 
646 309 15 19 0.054414038 
649 182 16 19 0.05436969 
265 332 15 20 0.054334044 
282 359 14 18 0.054294456 
667 179 15 18 0.0542295 
131 137 16 19 0.054095697 
1 207 16 22 0.05408178 
101 280 17 20 0.054035675 
357 335 17 20 0.053894363 
356 311 16 20 0.053762835 
233 160 15 18 0.05369894 
888 440 29 34 0.053618316 
723 285 15 18 0.05359311 
166 135 14 17 0.053556412 
666 235 16 19 0.053199984 
183 614 20 23 0.05311488 
338 513 18 23 0.053090643 
424 258 15 19 0.053076617 
854 156 15 19 0.052929807 
461 180 18 20 0.05291618 
31 280 17 20 0.052646704 
313 51 16 20 0.052584305 
590 28 15 18 0.052576132 
591 125 16 19 0.052393217 
644 394 17 22 0.052199684 
717 408 16 21 0.05204358 
282 261 16 19 0.05180615 
871 182 16 19 0.051729493 
211 48 15 18 0.05165128 
904 179 16 20 0.05150214 
264 364 16 19 0.051459618 
825 204 15 18 0.05134303 
690 281 15 19 0.05127026 
643 131 16 18 0.051170174 
597 179 16 18 0.05111936 
104 205 16 19 0.05097898 
183 440 16 19 0.050969664 
333 254 14 18 0.05094454 
48 181 17 20 0.05092351 
189 110 15 18 0.050919868 
158 386 15 19 0.050764002 
291 58 16 20 0.050748166 
159 362 16 20 0.050538667 
24 413 15 20 0.050533667 
853 99 16 19 0.05051732 
721 233 16 20 0.050441287 
430 417 15 19 0.05041208 
878 256 16 21 0.050330475 
132 415 17 21 0.050276313 
160 159 14 18 0.050184395 
342 336 16 21 0.050117206 
134 534 20 23 0.050037656 
771 153 15 18 0.050036617 
845 234 16 20 0.050009966 
239 107 16 20 0.04990371 
136 259 14 18 0.049885064 
513 382 16 20 0.049721986 
819 129 15 18 0.049645998 
282 338 15 19 0.04949351 
359 154 17 21 0.049454983 
292 386 15 19 0.04943329 
418 83 15 19 0.049404282 
228 529 22 29 0.04939154 
259 135 15 18 0.049371593 
315 364 16 18 0.049215358 
675 77 16 19 0.049119983 
57 162 16 19 0.049110565 
82 339 16 20 0.04908569 
391 436 16 20 0.048992887 
49 54 17 21 0.048963208 
994 265 16 21 0.048808876 
212 178 17 19 0.048785128 
317 537 20 27 0.048679247 
460 209 17 21 0.048357353 
202 211 15 18 0.04827421 
369 238 18 21 0.048247006 
414 48 16 20 0.048240002 
540 204 16 20 0.048188306 
570 507 21 27 0.048050757 
370 253 16 19 0.047968272 
368 135 17 21 0.04760363 
74 468 17 21 0.0475678 
801 262 15 18 0.047400426 
182 185 15 18 0.047388785 
669 155 16 19 0.047211617 
395 358 17 21 0.047149397 
436 82 17 20 0.047126044 
341 286 15 18 0.047033083 
182 59 15 18 0.046966262 
88 185 16 19 0.046942994 
488 287 16 20 0.04694103 
492 106 18 21 0.046887666 
518 181 16 21 0.046698987 
238 49 15 19 0.046601214 
285 23 15 19 0.046427682 
80 388 15 20 0.046388727 
387 148 18 21 0.046317257 
55 359 15 19 0.046278596 
768 433 18 23 0.046036247 
593 440 18 22 0.046002332 
313 154 16 20 0.045980114 
88 135 15 19 0.045885246 
407 357 16 20 0.045765925 
432 382 16 19 0.045558855 
697 407 19 23 0.045498393 
640 359 16 20 0.045494623 
690 78 15 19 0.045493647 
879 389 17 21 0.04548401 
261 515 17 22 0.045470778 
569 32 15 18 0.04541921 
101 134 15 18 0.045418624 
623 131 15 18 0.04529663 
207 31 15 17 0.04528128 
81 309 15 19 0.04513104 
102 183 14 18 0.04497273 
210 80 17 20 0.04489907 
905 307 18 23 0.044882946 
441 28 16 20 0.0447187 
470 281 16 19 0.044714186 
438 433 16 20 0.044700228 
55 301 17 21 0.04469535 
549 388 17 21 0.04443845 
105 596 19 24 0.044430807 
646 26 16 17 0.044405695 
873 283 16 20 0.04433854 
722 112 15 19 0.044304993 
393 538 21 25 0.044265598 
799 333 17 21 0.04423362 
314 287 14 18 0.044130385 
618 29 16 18 0.043940067 
641 503 19 25 0.043887366 
515 0 18 20 0.043798573 
922 177 17 21 0.043770015 
522 513 19 24 0.04371141 
926 155 17 20 0.043654498 
868 107 16 19 0.04359704 
980 233 17 21 0.043571852 
746 86 17 21 0.04350637 
511 102 17 22 0.04338654 
982 182 16 21 0.043351535 
567 316 16 20 0.04326979 
360 389 15 19 0.043228652 
494 0 16 19 0.042915862 
543 75 16 20 0.042853657 
901 333 19 24 0.04277252 
933 57 17 20 0.04275591 
519 225 18 22 0.04261504 
700 229 16 19 0.04260095 
714 464 24 30 0.04248177 
925 236 17 21 0.0424424 
237 285 15 19 0.042424336 
253 51 16 19 0.042267717 
892 129 15 19 0.042213913 
183 592 18 21 0.042211343 
856 132 15 18 0.042052753 
647 5 16 19 0.042034395 
841 311 17 19 0.041951317 
414 386 16 20 0.041872807 
601 406 17 20 0.04170179 
464 156 16 20 0.041589152 
898 388 17 21 0.04158291 
530 534 22 28 0.041570265 
279 314 14 18 0.041514434 
54 538 18 23 0.041406546 
110 158 15 18 0.041392118 
495 204 17 21 0.041208014 
210 507 17 22 0.040985707 
310 186 16 20 0.040974185 
817 102 15 18 0.040970292 
855 434 22 28 0.040793076 
154 587 17 21 0.04064167 
80 156 15 19 0.04063067 
693 435 20 24 0.04050901 
344 312 16 19 0.040436104 
133 622 20 23 0.040358603 
135 562 19 24 0.040037267 
943 60 16 20 0.03999512 
522 414 16 20 0.039952014 
928 23 15 17 0.03985814 
618 105 15 18 0.03985293 
593 257 14 17 0.039838538 
995 277 17 21 0.03974001 
689 54 15 20 0.03966714 
47 27 17 19 0.039655868 
366 96 18 22 0.039648023 
957 383 19 24 0.039504513 
538 2 16 18 0.039397523 
596 203 15 18 0.039319385 
976 133 17 21 0.039144266 
57 515 17 24 0.039126992 
258 531 22 27 0.038926233 
797 364 16 20 0.038701423 
822 435 19 24 0.03858897 
459 231 16 21 0.038429823 
31 51 16 20 0.037970193 
2 260 17 22 0.037956715 
361 435 16 19 0.037950005 
104 607 19 23 0.03791789 
380 251 17 20 0.037897564 
81 98 16 20 0.037815258 
283 6 18 21 0.03780033 
568 280 17 19 0.03771135 
63 75 16 19 0.037641734 
517 364 18 22 0.037633937 
653 414 520 559 0.037618473 
570 77 16 19 0.037568666 
870 205 16 19 0.037556343 
306 203 17 21 0.037384775 
903 451 37 48 0.03733975 
336 239 15 19 0.03722702 
980 202 16 21 0.037149668 
842 389 16 21 0.0370372 
897 514 25 33 0.037026417 
338 555 21 27 0.03697643 
554 456 43 56 0.036896236 
519 158 17 20 0.036877114 
667 389 16 19 0.03683613 
2 362 17 22 0.036704216 
150 620 19 23 0.036585834 
260 104 16 19 0.03651877 
900 207 16 21 0.036465477 
517 439 16 21 0.03641317 
50 339 16 20 0.03637693 
788 507 24 32 0.03630497 
545 359 16 21 0.0362808 
234 9 16 19 0.036260426 
27 464 17 20 0.036032427 
902 158 17 20 0.03600905 
488 263 15 19 0.035804126 
570 233 16 20 0.03569624 
698 361 16 20 0.035650346 
976 333 16 21 0.035646893 
51 128 15 19 0.03553585 
878 237 17 20 0.035484217 
23 433 16 20 0.035420436 
443 236 17 20 0.03540871 
3 464 18 22 0.035406724 
291 212 16 19 0.03532223 
-72 521 370 362 0.03530382 
873 150 16 19 0.03529647 
903 106 16 19 0.03529392 
801 84 16 20 0.035033785 
306 584 19 26 0.03500672 
547 340 16 19 0.03498103 
994 338 17 23 0.0349656 
439 151 16 19 0.034935847 
410 341 16 20 0.034873646 
878 310 17 22 0.034846023 
261 1 15 18 0.03482382 
52 4 19 20 0.03481452 
481 535 20 26 0.034797113 
586 533 21 28 0.03471496 
947 410 18 24 0.034654204 
978 152 15 20 0.03454879 
949 180 17 20 0.034542557 
335 77 17 20 0.034503646 
354 355 18 23 0.034441177 
136 56 17 20 0.03442344 
10 73 17 22 0.03441672 
956 333 17 21 0.03423826 
435 3 18 20 0.03418109 
817 484 24 30 0.034180485 
252 461 26 36 0.03409163 
391 616 25 30 0.033882547 
339 105 16 20 0.03383032 
489 328 16 21 0.033809174 
981 32 16 21 0.03372387 
871 35 15 17 0.03370575 
305 232 18 22 0.03358983 
159 106 15 17 0.033541724 
128 629 24 29 0.03346911 
132 589 18 21 0.03343167 
471 391 16 19 0.033371247 
290 154 15 18 0.033345044 
310 78 18 21 0.033299904 
205 565 20 25 0.0332648 
973 107 16 20 0.03322707 
24 82 16 19 0.033222917 
229 588 22 26 0.033213414 
436 367 16 20 0.033064276 
722 77 16 20 0.033011407 
541 484 20 26 0.032958608 
901 412 20 25 0.032909937 
894 76 15 18 0.032847393 
435 96 16 21 0.032797076 
487 416 16 19 0.032731887 
361 204 18 21 0.032720648 
668 34 16 19 0.03257243 
621 438 16 21 0.03251205 
928 409 18 23 0.032492984 
151 561 19 24 0.032251492 
406 422 30 38 0.03222429 
281 512 17 20 0.032214925 
360 55 17 21 0.032127727 
315 508 17 23 0.032021523 
871 49 14 17 0.031955574 
880 79 16 19 0.031949386 
472 360 15 19 0.031933967 
976 408 20 26 0.031892657 
773 86 16 21 0.03186596 
312 133 16 19 0.031802617 
719 435 18 22 0.03177381 
0 153 15 22 0.031671606 
954 280 29 38 0.031630408 
899 232 17 21 0.031626053 
104 104 15 19 0.031504963 
511 129 16 20 0.03144278 
21 596 17 21 0.03139763 
670 360 16 20 0.031385127 
126 6 18 20 0.03138505 
337 130 17 21 0.031268746 
151 59 16 18 0.031219687 
926 10 18 19 0.031196881 
994 355 16 23 0.031176312 
900 259 17 21 0.031163314 
414 594 22 27 0.031151364 
104 5 18 19 0.030987069 
182 536 18 23 0.030983487 
488 160 16 20 0.030972254 
418 133 17 20 0.0308064 
416 204 16 20 0.030791547 
902 35 16 17 0.03072251 
842 364 17 22 0.03067159 
280 537 19 24 0.030530466 
260 591 20 23 0.030518817 
82 279 15 18 0.030491076 
260 78 15 19 0.030344138 
317 25 16 18 0.030318601 
848 419 55 68 0.030272854 
152 75 15 19 0.030139323 
310 614 22 27 0.030132776 
640 401 28 34 0.029984413 
544 134 17 20 0.029974276 
184 73 16 19 0.029970737 
521 446 66 79 0.029962823 
513 556 22 29 0.029859774 
486 510 19 23 0.029773628 
337 202 16 20 0.029745467 
286 589 18 21 0.029604398 
186 563 18 23 0.029466517 
535 234 16 20 0.02946113 
4 281 17 21 0.02937412 
874 363 17 21 0.02936591 
613 457 29 37 0.02936173 
487 454 28 35 0.029240659 
2 110 17 24 0.029191745 
532 513 20 25 0.029178564 
470 263 15 18 0.029100718 
80 501 29 36 0.029096995 
722 53 16 21 0.029071126 
493 230 17 21 0.029054996 
288 126 14 18 0.029023265 
184 23 15 16 0.028994588 
356 176 17 22 0.028945317 
340 180 17 22 0.028882101 
332 611 22 27 0.028874744 
593 236 15 18 0.02883287 
83 569 18 21 0.02882006 
467 130 16 20 0.028816404 
233 78 16 19 0.028703481 
79 407 17 21 0.028693367 
414 508 20 26 0.028680097 
930 73 17 21 0.02867828 
55 254 29 34 0.028540226 
234 513 19 24 0.02842264 
38 29 15 19 0.02833297 
470 336 16 21 0.02817586 
902 50 16 19 0.028160425 
435 136 16 20 0.02802218 
135 71 17 21 0.028015185 
876 1 16 17 0.028011752 
3 329 18 22 0.02800967 
593 6 17 19 0.027997645 
945 129 16 19 0.027954457 
386 562 21 26 0.027896997 
235 617 22 24 0.027622873 
976 363 18 24 0.027531434 
825 400 28 36 0.027515957 
311 562 20 27 0.027482865 
846 333 17 21 0.027474208 
136 109 16 19 0.027443444 
34 1 16 19 0.027438382 
643 538 21 24 0.027344694 
530 322 108 130 0.027342303 
781 465 46 59 0.02728531 
953 236 16 21 0.027266545 
543 255 17 21 0.027261816 
888 500 41 53 0.027178422 
510 309 16 20 0.027139243 
33 104 15 19 0.02713316 
860 411 36 48 0.027103191 
3 179 17 22 0.027074413 
2 616 20 27 0.027005706 
994 180 16 23 0.026995843 
511 618 23 28 0.026992545 
34 156 14 17 0.026886124 
384 204 17 21 0.026795993 
-213 311 703 732 0.026596736 
445 179 17 19 0.02658171 
978 1 16 19 0.02655107 
385 284 15 19 0.026533343 
9 430 18 22 0.02639241 
5 385 17 22 0.02634742 
924 210 16 20 0.026255256 
875 334 18 23 0.026218222 
943 106 17 20 0.026145637 
665 2 18 18 0.025887962 
513 456 28 37 0.025875045 
954 158 16 19 0.025854511 
485 616 26 31 0.025852215 
953 373 32 41 0.025833685 
835 406 30 40 0.02573269 
994 137 17 21 0.025719194 
489 384 16 21 0.02571143 
849 85 17 19 0.025548382 
955 359 18 22 0.0255261 
289 182 16 19 0.025419038 
745 483 21 29 0.02540957 
183 9 16 17 0.025390532 
518 77 17 20 0.025385028 
336 410 28 36 0.02522577 
769 544 22 29 0.025021369 
820 85 16 19 0.02499737 
48 629 26 31 0.024981951 
60 588 18 21 0.024974076 
485 360 17 22 0.024921648 
945 482 22 31 0.02492071 
616 3 16 18 0.024910973 
949 70 17 20 0.024897 
517 285 16 20 0.024847047 
204 8 16 18 0.024820995 
750 601 38 42 0.024743205 
847 22 16 19 0.024629027 
744 385 28 37 0.024628924 
898 2 17 18 0.02458154 
205 618 19 23 0.024402177 
726 54 136 165 0.024390638 
622 510 18 23 0.024351075 
5 225 16 21 0.024331944 
469 309 16 20 0.024120046 
443 211 16 20 0.024098726 
54 486 17 22 0.02406733 
440 312 16 21 0.023987662 
57 108 16 19 0.023976063 
25 561 17 20 0.023967132 
568 2 16 18 0.02396673 
1 536 18 24 0.023955038 
544 104 17 20 0.02393346 
212 539 19 23 0.023911677 
85 55 16 19 0.023895495 
411 309 18 22 0.02386103 
948 2 16 18 0.02380406 
314 253 15 18 0.023735913 
1 17 18 24 0.02372775 
450 476 46 57 0.023683228 
441 332 15 19 0.023679988 
514 334 16 21 0.023538794 
763 397 29 37 0.023419648 
674 464 60 72 0.023415778 
128 26 16 18 0.023385245 
433 587 20 25 0.023375902 
517 509 30 39 0.02336941 
800 445 47 60 0.023267323 
309 102 17 21 0.023256732 
995 151 15 21 0.023018416 
642 580 25 29 0.02291303 
54 562 18 22 0.022899996 
655 617 25 30 0.02288997 
909 277 29 37 0.022637853 
362 584 21 25 0.022616325 
76 586 18 21 0.02259358 
793 426 29 38 0.022429418 
842 7 17 19 0.022392422 
948 29 15 17 0.02238075 
535 586 20 25 0.022357605 
826 54 16 18 0.02232084 
520 51 144 168 0.022309938 
359 631 24 30 0.022308847 
821 303 28 34 0.022250732 
994 232 15 21 0.02222118 
953 206 16 20 0.022188455 
924 478 23 29 0.022164263 
795 5 16 18 0.022162346 
698 2 17 19 0.022065535 
8 302 29 38 0.022060486 
109 24 16 17 0.022020118 
370 473 44 57 0.021973379 
818 427 30 40 0.021930933 
895 527 26 35 0.021904275 
415 557 20 26 0.021880513 
544 309 15 19 0.021855474 
237 631 25 29 0.021845963 
355 562 20 26 0.021757694 
759 489 52 65 0.021741958 
900 358 17 22 0.021673838 
160 7 17 17 0.021634122 
357 439 67 82 0.021604927 
419 282 17 20 0.021575354 
158 24 15 15 0.021506926 
415 183 17 20 0.021428378 
607 382 27 36 0.02142538 
147 631 23 28 0.021321546 
608 398 30 37 0.021294186 
129 480 29 36 0.021285454 
817 506 23 31 0.021283442 
539 520 372 360 0.021271799 
414 237 16 19 0.021255588 
163 457 26 33 0.021162223 
582 506 32 43 0.021084704 
286 563 18 23 0.02103962 
109 54 16 19 0.02100516 
541 282 16 19 0.020930912 
565 498 33 45 0.020859096 
664 583 22 26 0.020858549 
924 440 21 26 0.020768967 
330 529 370 356 0.020729398 
108 412 16 20 0.020685816 
564 553 23 32 0.02055971 
698 28 16 17 0.020521611 
616 537 19 24 0.020487318 
-3 628 22 31 0.020415807 
995 411 17 22 0.02039486 
975 440 34 52 0.020282743 
580 313 122 141 0.020193879 
212 406 27 33 0.020184778 
928 379 57 73 0.020165518 
67 250 27 33 0.020135222 
948 436 20 26 0.020112408 
696 518 57 72 0.020111244 
439 509 18 24 0.020069525 
