0_Parade_Parade_0_502
275
4 331 24 34 0.40418148 
715 372 25 33 0.3502928 
284 380 24 30 0.28943235 
853 363 22 29 0.28844473 
179 303 25 31 0.26384634 
465 409 26 31 0.26264486 
134 355 20 29 0.25019526 
689 384 22 29 0.20156 
205 380 31 39 0.19707556 
735 364 24 31 0.1849365 
824 357 19 24 0.17523998 
862 356 25 32 0.16598144 
673 388 23 30 0.16167979 
563 366 23 25 0.15544495 
812 465 24 28 0.12758325 
992 383 20 28 0.12319901 
170 382 34 44 0.117306836 
636 479 28 34 0.1160233 
219 373 40 49 0.10708102 
483 97 509 667 0.09834735 
802 464 22 28 0.09736586 
375 176 43 52 0.09644159 
158 383 24 33 0.095028184 
942 350 23 29 0.09111086 
283 367 21 27 0.090593725 
150 356 21 28 0.08761894 
4 449 23 33 0.085321076 
826 385 20 25 0.08288624 
871 337 24 29 0.07976258 
281 431 25 31 0.07889973 
561 407 21 24 0.07880363 
315 409 19 22 0.07870715 
404 362 20 26 0.07613623 
42 307 26 33 0.0724899 
819 405 21 27 0.07243743 
2 345 22 34 0.07198214 
925 385 22 29 0.07064127 
252 406 29 36 0.06908885 
20 327 22 32 0.06739973 
124 427 23 30 0.06713587 
531 362 19 23 0.067019396 
134 377 22 30 0.066564724 
280 408 24 30 0.066413336 
49 321 27 33 0.06580377 
301 389 18 22 0.063657105 
89 511 40 51 0.06276728 
796 430 20 26 0.06257473 
675 370 46 57 0.062264815 
164 307 20 26 0.060578544 
440 405 23 26 0.058264077 
134 341 20 28 0.057386126 
221 381 66 74 0.05576074 
235 331 24 30 0.05559869 
849 335 20 23 0.05542347 
266 402 41 47 0.05443489 
345 41 32 43 0.05396094 
178 146 76 81 0.05366087 
892 354 24 31 0.053472653 
161 398 24 32 0.052675314 
942 339 22 27 0.052098285 
980 384 20 28 0.052003372 
434 389 22 27 0.05085378 
56 126 23 32 0.05035413 
145 667 45 67 0.049664274 
792 509 24 30 0.049361244 
232 360 25 33 0.049274646 
949 385 23 30 0.04886048 
775 385 19 24 0.048837304 
342 387 20 24 0.048317164 
800 415 20 26 0.04811521 
847 340 48 61 0.04793218 
924 399 22 29 0.046703972 
389 406 20 25 0.0465979 
711 353 45 56 0.044546645 
864 372 23 28 0.044525564 
76 402 27 36 0.044155702 
824 340 21 25 0.04323259 
584 381 20 26 0.04273037 
233 399 34 41 0.042485546 
184 289 23 29 0.042350706 
950 400 22 29 0.042029142 
778 560 20 24 0.041261856 
192 433 88 100 0.0407409 
394 363 22 25 0.040183123 
260 384 24 31 0.03992617 
165 300 33 41 0.0395874 
694 363 22 26 0.03860361 
767 459 21 27 0.038381416 
190 374 129 146 0.038248375 
157 336 20 26 0.03804788 
74 329 24 31 0.03783894 
247 371 60 71 0.03782184 
107 459 23 30 0.037052166 
128 302 20 25 0.036937486 
511 518 23 31 0.036900826 
192 375 55 66 0.036882315 
993 228 17 24 0.03687828 
619 378 20 25 0.03674977 
891 336 24 29 0.036131695 
793 385 17 22 0.0358587 
586 362 19 25 0.035420064 
49 118 40 53 0.03535737 
797 485 23 27 0.034948442 
128 412 23 30 0.03487447 
688 359 38 48 0.034814574 
150 370 49 65 0.034767296 
799 362 19 23 0.034610696 
390 438 20 26 0.034460608 
328 408 20 25 0.034389704 
200 458 24 30 0.034261804 
206 361 25 33 0.033566546 
0 307 31 50 0.03332584 
530 222 42 51 0.03332273 
975 408 20 27 0.032903995 
558 372 32 34 0.032850906 
304 403 33 40 0.032781918 
931 358 22 28 0.0326918 
897 377 20 26 0.032152336 
75 486 27 34 0.031764735 
181 323 24 31 0.031717468 
80 220 21 27 0.031466085 
227 414 49 56 0.03141934 
642 386 19 26 0.03140002 
25 223 21 28 0.031369183 
432 653 27 38 0.031336196 
464 389 23 27 0.03132721 
666 438 21 26 0.031235287 
97 482 28 34 0.030796647 
543 154 25 30 0.030765507 
8 313 40 60 0.030707361 
539 380 18 21 0.030658038 
661 463 24 29 0.030615194 
201 429 25 33 0.03060898 
788 563 18 24 0.030605724 
199 301 21 26 0.030567033 
38 309 48 59 0.030534944 
389 387 21 28 0.030022455 
895 516 20 27 0.029691411 
344 59 35 48 0.029646028 
102 386 21 30 0.029454041 
564 336 21 25 0.029424947 
77 277 24 31 0.029318683 
353 383 20 26 0.028460903 
193 453 42 53 0.028455365 
107 573 44 54 0.028394641 
973 429 21 31 0.028364204 
931 332 21 27 0.02808803 
154 684 50 69 0.028081328 
261 359 22 28 0.028029913 
22 453 25 33 0.028012685 
147 366 117 133 0.02794168 
252 419 34 40 0.027767844 
287 454 23 30 0.027723374 
895 531 20 25 0.027623232 
647 412 20 25 0.027480617 
10 54 129 214 0.027336584 
484 387 21 26 0.027062094 
50 281 23 31 0.027032355 
409 409 19 23 0.0270138 
715 399 22 29 0.026894666 
689 402 23 29 0.02686668 
25 275 23 32 0.026752148 
103 406 23 30 0.02665198 
181 168 29 35 0.02637861 
435 430 23 26 0.02634839 
181 359 21 28 0.02619882 
200 288 22 26 0.025912544 
113 411 53 63 0.025893427 
254 410 58 65 0.025879495 
845 305 20 24 0.025874145 
133 177 21 26 0.025862109 
101 332 20 26 0.025840232 
239 163 39 46 0.02582802 
308 433 20 26 0.025764735 
204 333 23 29 0.025617018 
748 406 21 26 0.02541244 
150 290 74 93 0.025307683 
430 390 59 65 0.02507044 
414 379 21 26 0.024820523 
716 335 23 28 0.024714395 
28 208 19 28 0.02471413 
122 361 48 64 0.024629258 
416 539 19 24 0.024610078 
695 427 23 29 0.024569418 
550 219 39 47 0.02455587 
981 337 19 26 0.024547933 
200 484 27 34 0.024534302 
366 147 22 27 0.02449722 
165 281 122 158 0.024265226 
-3 508 21 31 0.024150837 
769 364 18 23 0.024121895 
123 622 69 94 0.024088265 
234 284 20 26 0.02406299 
874 306 20 24 0.024055647 
853 487 19 25 0.023973132 
179 255 23 30 0.023962157 
307 148 22 27 0.023946565 
178 417 33 45 0.023859313 
162 442 76 91 0.023742775 
81 503 27 34 0.023707492 
397 442 76 83 0.023693325 
23 295 43 65 0.023602525 
185 458 21 26 0.023398558 
981 229 22 28 0.023344973 
438 355 20 24 0.02326156 
53 57 38 50 0.023174698 
977 119 24 33 0.023134695 
819 432 24 29 0.023120662 
992 557 21 34 0.023074217 
873 260 22 25 0.02305469 
664 361 21 27 0.023019157 
866 334 53 67 0.022927826 
54 53 24 33 0.022899654 
686 324 41 51 0.022864057 
979 357 20 29 0.02280511 
646 360 19 25 0.022767534 
6 178 21 29 0.022652034 
436 540 20 25 0.022621026 
2 400 23 32 0.022501323 
768 408 19 24 0.022469241 
791 529 22 27 0.022387631 
235 310 21 27 0.022321278 
854 562 21 25 0.022314906 
187 488 24 30 0.02214068 
103 304 22 28 0.02213615 
127 288 21 25 0.022129048 
189 406 65 78 0.022105733 
897 263 19 24 0.022075368 
102 282 22 27 0.022048322 
741 340 20 24 0.022019185 
222 424 73 80 0.022011131 
25 257 22 30 0.02200318 
995 403 18 26 0.021995103 
96 517 57 70 0.021918546 
131 201 22 26 0.02190353 
491 490 19 24 0.021884171 
280 175 27 32 0.021839997 
159 285 20 24 0.021789346 
140 404 56 73 0.021690512 
817 477 22 27 0.021601938 
383 402 33 41 0.021511354 
204 254 24 30 0.021488465 
290 380 32 39 0.02147261 
138 349 51 68 0.021439606 
76 261 22 28 0.021403218 
52 89 38 52 0.021391395 
22 403 24 32 0.021364948 
176 358 36 48 0.021245573 
-102 352 525 575 0.02124391 
183 428 21 27 0.021225873 
175 191 68 80 0.021196414 
994 335 18 25 0.021100614 
548 240 77 98 0.02091776 
255 561 27 32 0.020808773 
78 91 22 28 0.020758478 
387 554 21 28 0.020727664 
943 503 22 25 0.02070777 
350 -3 145 179 0.020658188 
253 456 27 33 0.020639105 
326 167 35 46 0.020542597 
355 140 74 90 0.020536134 
89 447 53 67 0.02052447 
20 438 24 31 0.020480478 
918 365 49 63 0.020448044 
925 461 20 25 0.020421932 
76 462 23 31 0.020243872 
221 316 53 65 0.020208616 
842 174 21 25 0.020182414 
283 157 23 27 0.020167716 
589 409 19 23 0.020089537 
847 538 20 25 0.020089433 
461 464 21 26 0.020038974 
109 584 26 32 0.02001044 
133 162 20 25 0.02000185 
844 331 37 46 0.02000096 
