0_Parade_marchingband_1_822
83
176 103 71 99 0.99977726 
637 130 65 81 0.99398226 
873 73 63 73 0.98752826 
750 96 39 46 0.8987216 
440 125 58 75 0.7974067 
842 90 41 54 0.37268925 
289 121 68 86 0.19337326 
818 88 44 56 0.16868868 
370 142 44 56 0.12578212 
411 96 62 93 0.09623861 
855 86 56 70 0.095720574 
368 181 71 87 0.09429251 
352 136 70 90 0.07930219 
362 95 61 75 0.07504943 
384 113 31 40 0.060155965 
393 84 48 61 0.058096092 
823 72 26 33 0.056836452 
831 69 42 55 0.05424409 
76 540 47 57 0.05335644 
276 148 54 67 0.046548285 
712 113 39 52 0.044886548 
782 113 41 51 0.041670825 
432 146 33 42 0.041419674 
285 71 68 94 0.04115669 
417 86 48 60 0.040850036 
274 54 54 81 0.039710175 
387 142 68 85 0.03771316 
603 442 50 55 0.03707018 
301 143 39 48 0.036582798 
337 76 64 81 0.036331963 
884 50 48 63 0.03514504 
468 154 45 59 0.03508145 
669 120 48 61 0.034696613 
778 133 41 52 0.03354262 
818 120 30 39 0.032866634 
550 233 77 83 0.032673147 
826 55 24 29 0.032186586 
405 118 28 36 0.029933251 
122 513 374 366 0.029809987 
299 162 41 51 0.029447954 
408 158 69 89 0.028785054 
380 211 40 51 0.028782526 
812 132 39 52 0.028513325 
636 429 69 80 0.028385447 
566 174 24 27 0.027870817 
629 472 69 88 0.027762678 
319 54 63 82 0.027261956 
177 66 76 94 0.02693324 
777 186 42 55 0.026617391 
707 132 43 58 0.026387269 
440 158 65 88 0.026240079 
455 131 34 45 0.026058387 
577 218 53 57 0.025560984 
663 431 513 547 0.025240993 
-61 497 349 383 0.024985958 
399 221 34 41 0.023954542 
663 104 31 38 0.023951933 
334 519 374 355 0.023950934 
956 92 43 56 0.023467565 
695 460 21 26 0.023399364 
313 404 25 34 0.02333867 
260 160 40 51 0.023292119 
-206 283 689 757 0.023239717 
405 197 32 40 0.022989908 
554 169 42 48 0.022931764 
235 240 67 88 0.022929193 
895 31 24 29 0.022806536 
259 96 61 93 0.022389906 
731 152 58 72 0.022291763 
465 126 42 55 0.022131594 
428 77 29 35 0.02159459 
204 237 68 90 0.021523692 
758 161 48 65 0.021351492 
815 39 58 70 0.021350367 
664 449 25 33 0.021254543 
868 163 43 52 0.021070324 
608 150 67 81 0.020989094 
731 87 59 82 0.02096173 
941 108 39 54 0.020571018 
595 491 52 65 0.020564675 
73 171 28 37 0.020275254 
892 47 32 39 0.020222623 
961 61 41 54 0.020006264 
