0_Parade_marchingband_1_382
158
143 165 40 49 0.9668889 
797 117 41 50 0.953262 
337 95 36 48 0.85220945 
737 13 34 38 0.6560779 
444 36 38 44 0.531329 
201 65 31 41 0.48497874 
903 23 26 33 0.40399054 
919 146 26 33 0.14559849 
981 58 21 30 0.14209573 
748 65 35 47 0.13213384 
976 95 24 32 0.12509304 
335 44 27 38 0.118634865 
816 1 22 26 0.09978839 
658 68 28 39 0.09620171 
900 46 25 33 0.096104994 
927 68 22 28 0.08498894 
747 42 27 34 0.08308282 
737 131 27 36 0.07820849 
974 65 23 32 0.07565854 
588 2 27 35 0.07485671 
824 57 23 28 0.070844226 
117 228 40 50 0.07056742 
941 193 37 54 0.06982646 
900 66 24 31 0.06954673 
768 0 25 24 0.06911962 
942 67 23 30 0.067984425 
919 132 26 32 0.061035626 
220 357 145 158 0.057401486 
447 51 41 51 0.056149602 
196 37 54 69 0.05553479 
983 2 20 25 0.0550582 
645 66 25 37 0.055002324 
331 75 38 52 0.054797456 
599 11 38 49 0.05418605 
195 122 27 36 0.050582916 
994 20 17 24 0.04969973 
797 1 22 26 0.049612645 
923 2 24 26 0.048079733 
322 19 38 49 0.04796169 
351 48 26 34 0.046884455 
891 131 24 30 0.04511669 
639 43 50 75 0.044829257 
879 128 23 29 0.04474948 
821 69 25 32 0.04447173 
272 8 41 51 0.044068325 
975 168 26 37 0.043652274 
899 3 25 29 0.04332633 
894 13 43 54 0.042127617 
761 20 26 31 0.041902103 
221 86 40 52 0.04178451 
156 2 27 31 0.04145776 
620 73 22 32 0.040922828 
993 6 20 27 0.040504884 
168 -4 33 41 0.039582245 
440 108 37 50 0.039561186 
993 53 18 27 0.03872695 
48 130 39 49 0.038617358 
401 32 60 71 0.038228575 
941 4 22 25 0.038221117 
88 9 49 48 0.03793798 
788 53 23 30 0.037692398 
949 180 26 33 0.035929106 
255 120 36 47 0.03556949 
457 98 27 36 0.03538066 
301 9 41 51 0.03496114 
204 141 34 45 0.03464307 
747 89 26 37 0.034622803 
224 51 27 36 0.034439374 
337 78 59 78 0.03317316 
158 102 26 35 0.032624744 
521 33 44 53 0.03224959 
205 90 29 39 0.032072727 
644 50 24 35 0.03186707 
76 58 37 51 0.03152673 
619 59 37 50 0.031509377 
765 56 25 31 0.031287543 
223 67 28 37 0.03111179 
71 39 43 49 0.030964725 
480 0 30 32 0.030842759 
985 24 19 26 0.03073772 
359 0 23 25 0.03038696 
922 53 22 28 0.030263403 
362 24 24 29 0.030041667 
302 -1 30 36 0.029854957 
464 0 28 30 0.029483238 
947 21 20 24 0.029138222 
147 6 39 48 0.028947342 
12 118 42 53 0.02881386 
846 -1 23 26 0.02869617 
252 10 38 49 0.028619073 
258 408 90 88 0.02849115 
731 30 53 66 0.028229836 
794 22 22 27 0.027543154 
910 135 50 59 0.027521418 
897 145 24 30 0.02743053 
758 80 36 54 0.027300417 
845 21 21 26 0.0269364 
785 69 27 37 0.02692022 
580 -5 48 58 0.026916087 
650 16 43 51 0.026496556 
980 153 25 36 0.025864553 
65 135 37 48 0.025668863 
957 201 36 56 0.025604289 
270 137 36 47 0.025604144 
22 143 25 37 0.025530342 
569 1 25 30 0.025420252 
969 118 33 48 0.025312182 
174 93 34 46 0.025304459 
303 100 27 35 0.025022186 
357 27 69 79 0.024938988 
30 24 66 72 0.024817161 
172 10 40 54 0.024614165 
3 176 22 33 0.024503052 
990 94 22 31 0.024477832 
661 50 26 35 0.024412889 
88 34 43 50 0.024241999 
368 66 43 55 0.024188032 
71 129 24 33 0.023846865 
846 101 23 31 0.02366986 
968 141 43 64 0.023624107 
710 131 51 64 0.023512606 
558 13 41 53 0.023488892 
620 95 21 31 0.023384696 
109 10 47 49 0.023148213 
744 529 350 363 0.023093235 
817 108 50 64 0.023090525 
330 0 26 30 0.02304815 
513 45 28 34 0.022825703 
342 12 56 67 0.022796093 
871 103 23 29 0.022753466 
203 20 28 35 0.022486765 
226 115 28 37 0.022438865 
634 -3 37 43 0.022433061 
768 109 46 61 0.022358447 
-67 531 347 354 0.022291807 
883 120 46 57 0.022284314 
-216 313 685 737 0.022220436 
410 -2 24 28 0.022210112 
872 139 33 42 0.021965897 
244 91 36 49 0.02183695 
445 84 54 75 0.021819422 
844 79 22 29 0.02172132 
950 118 33 42 0.021642217 
642 21 26 33 0.021588163 
609 0 26 33 0.021568485 
73 86 35 48 0.021417828 
51 -3 42 45 0.021417102 
668 180 28 35 0.021333955 
333 33 58 74 0.021266876 
894 198 27 35 0.021218913 
261 141 29 38 0.021216603 
572 326 667 708 0.020750897 
147 85 51 65 0.020724462 
230 23 24 30 0.020666353 
501 20 49 49 0.020624494 
153 120 29 35 0.020501764 
916 205 59 73 0.020375269 
717 97 23 34 0.020265814 
