0_Parade_Parade_0_164
558
361 334 23 29 0.7166836 
978 512 20 27 0.3746927 
238 310 19 24 0.28469393 
228 333 18 23 0.23226939 
284 328 17 21 0.19800222 
305 388 19 24 0.16706242 
176 356 17 22 0.16355449 
516 349 19 25 0.16268308 
176 339 18 23 0.13473141 
873 459 18 22 0.13198143 
336 391 18 24 0.13109747 
359 346 21 28 0.12819353 
239 388 19 23 0.1271054 
227 355 18 23 0.12573418 
328 441 19 26 0.12454454 
983 491 18 25 0.124539055 
822 656 29 38 0.124027684 
134 359 21 26 0.12177041 
977 532 19 28 0.12152694 
364 309 20 24 0.11889377 
265 363 17 22 0.11542726 
362 211 20 25 0.114981264 
894 494 21 25 0.110530354 
869 439 18 22 0.109978355 
214 353 17 23 0.10906508 
548 310 17 21 0.107387535 
216 339 18 23 0.10632983 
157 355 18 22 0.104895815 
928 390 18 21 0.103945784 
678 333 19 23 0.10170855 
866 539 19 23 0.10045838 
182 383 18 22 0.100448124 
487 385 18 23 0.09860311 
931 535 19 23 0.09737447 
314 361 17 21 0.09710469 
491 357 18 23 0.09545645 
440 383 19 23 0.093745716 
381 253 19 23 0.09236508 
611 336 18 23 0.092161044 
978 585 21 27 0.09172161 
714 151 20 26 0.09015444 
852 433 18 21 0.08941146 
899 504 20 24 0.08725958 
645 310 17 22 0.086574614 
948 586 21 27 0.08624025 
982 561 18 25 0.08561508 
993 584 19 27 0.08478965 
210 415 18 23 0.08307393 
163 339 18 22 0.0798468 
312 331 17 21 0.07906795 
336 402 19 24 0.07862273 
898 583 24 32 0.07813497 
441 307 18 22 0.0771492 
982 639 21 29 0.07688379 
491 302 18 23 0.076304905 
919 582 23 30 0.07591435 
358 413 19 25 0.07497459 
292 386 18 23 0.07482995 
615 279 17 21 0.07447735 
981 707 26 37 0.074392945 
844 514 17 23 0.07406066 
931 482 18 24 0.07372824 
462 428 20 27 0.0730655 
893 460 19 23 0.07285986 
828 516 18 24 0.07223182 
898 408 16 20 0.07218187 
652 287 17 21 0.07162161 
230 404 20 25 0.07145961 
460 417 18 24 0.07046206 
814 467 19 21 0.06840874 
285 313 17 22 0.067941055 
252 384 17 22 0.06779815 
187 407 17 22 0.06721367 
824 588 20 24 0.06700303 
571 360 20 26 0.066926345 
314 305 18 22 0.06648347 
587 364 19 23 0.066468656 
261 409 19 23 0.06585506 
508 412 20 25 0.06585438 
852 489 16 20 0.06529794 
738 248 19 25 0.06407978 
281 361 16 22 0.064019196 
341 336 17 23 0.06367344 
872 387 15 19 0.06339062 
814 483 18 23 0.06301834 
318 439 19 25 0.062987156 
899 561 23 30 0.06285422 
252 307 17 22 0.062399883 
968 611 20 26 0.062004723 
208 437 18 25 0.0617682 
293 239 17 21 0.061457846 
745 240 20 24 0.061265666 
983 437 17 22 0.06025201 
491 208 17 21 0.060082946 
561 313 18 22 0.059494488 
307 236 16 20 0.058784824 
901 437 18 21 0.058678616 
414 428 24 31 0.057936586 
924 440 16 20 0.057492886 
644 331 17 22 0.05737404 
564 327 18 24 0.057341143 
926 363 15 19 0.056897976 
414 335 17 22 0.056493897 
414 412 21 28 0.056446105 
662 281 17 22 0.05633327 
854 537 18 23 0.05608831 
907 361 16 19 0.056048173 
739 611 23 31 0.056012943 
515 384 18 23 0.055960927 
379 339 18 23 0.05593086 
956 608 21 26 0.055470727 
621 264 18 22 0.054921474 
539 332 17 21 0.054765083 
695 231 18 22 0.05472714 
380 307 17 21 0.054596175 
130 339 19 23 0.0545083 
496 405 19 23 0.054473784 
901 207 21 26 0.054265548 
484 463 25 32 0.053983036 
494 340 18 24 0.053788442 
949 379 17 20 0.053717453 
464 177 16 20 0.053667694 
491 178 17 20 0.05352796 
266 333 16 20 0.05342117 
363 226 20 25 0.05334895 
611 309 18 21 0.05291431 
686 327 18 24 0.05287629 
802 485 21 26 0.052795492 
949 462 17 21 0.05278437 
469 236 17 21 0.05277254 
842 565 17 23 0.052300166 
726 51 20 24 0.052218582 
719 235 18 22 0.05198422 
879 618 20 26 0.05182844 
929 465 18 22 0.0517823 
724 260 20 23 0.051664952 
339 357 17 22 0.051594637 
484 232 17 20 0.051368993 
110 407 19 24 0.050839398 
944 486 18 23 0.050605517 
823 643 25 31 0.050221797 
635 378 21 28 0.05005362 
991 637 18 26 0.049784638 
599 308 17 21 0.04978386 
512 431 21 26 0.04972389 
258 288 19 22 0.04968437 
717 279 20 24 0.04951029 
411 386 19 23 0.049348973 
282 406 19 24 0.049188223 
845 415 16 20 0.049033884 
602 334 17 21 0.048952125 
642 254 18 22 0.04882183 
368 253 19 23 0.04881904 
611 106 18 22 0.048685446 
928 403 17 22 0.04864423 
828 565 19 24 0.048576664 
901 391 16 20 0.048572905 
310 528 25 34 0.048294608 
982 461 17 24 0.047545187 
971 392 16 21 0.047302812 
765 230 18 22 0.047286414 
944 364 16 20 0.047222663 
461 307 18 23 0.047144063 
469 251 18 22 0.047095634 
440 412 20 25 0.04700919 
207 384 17 20 0.046951257 
976 408 17 21 0.046925705 
948 438 16 20 0.046414346 
823 532 18 25 0.04632703 
803 462 20 23 0.046297733 
433 431 22 29 0.04593168 
132 379 21 26 0.04548515 
893 557 37 48 0.045468476 
877 412 16 19 0.045319457 
856 465 16 20 0.044917155 
643 364 19 24 0.04456526 
514 308 18 22 0.044461433 
231 461 19 23 0.044133667 
943 333 17 22 0.04404111 
670 230 16 20 0.043687344 
391 481 23 30 0.043497935 
947 570 19 23 0.04336586 
153 384 18 23 0.04325654 
693 314 18 22 0.042836893 
308 403 19 25 0.042759903 
108 389 21 27 0.042357124 
32 389 18 24 0.042327758 
875 363 16 20 0.042052582 
465 383 17 22 0.041845746 
74 427 22 28 0.041618776 
597 101 17 21 0.04158285 
290 252 17 22 0.041389942 
515 261 18 23 0.041357826 
310 287 19 24 0.041303903 
978 657 21 31 0.041109912 
876 635 20 26 0.041023217 
439 364 19 23 0.041009802 
514 279 19 23 0.04095005 
465 337 18 24 0.04089321 
821 147 19 24 0.04071876 
854 384 16 19 0.040626094 
672 260 17 21 0.040362727 
992 489 17 23 0.040243044 
648 236 17 21 0.040003918 
813 642 50 65 0.03984161 
361 383 18 23 0.03982014 
673 326 31 39 0.039755967 
930 229 17 22 0.03975592 
333 453 20 27 0.039712545 
362 430 19 24 0.03965013 
980 356 15 20 0.039585233 
548 154 17 22 0.039444104 
692 255 16 21 0.039406702 
824 412 16 20 0.03938294 
438 231 16 20 0.039007194 
983 331 16 21 0.038924985 
544 387 20 26 0.0389015 
484 255 17 21 0.038873266 
873 687 23 28 0.038729478 
386 466 19 25 0.038703397 
151 410 18 24 0.038612098 
412 359 19 23 0.038572513 
515 180 16 20 0.03853074 
240 483 20 26 0.038337253 
517 205 16 20 0.038305484 
977 690 23 33 0.038152773 
330 382 29 39 0.03797755 
802 436 17 20 0.037963342 
391 385 17 22 0.03760551 
415 309 17 21 0.03757647 
721 132 21 25 0.037545808 
574 207 17 20 0.03721593 
672 356 19 25 0.037090193 
932 332 16 20 0.03707431 
415 283 17 20 0.03687274 
489 289 18 22 0.036758576 
383 355 18 23 0.03660775 
324 254 251 387 0.03659268 
77 416 20 25 0.036545724 
333 307 17 21 0.036491804 
819 384 16 19 0.03646283 
442 207 17 22 0.03644164 
462 205 17 21 0.03617168 
544 404 19 24 0.036044866 
486 162 17 21 0.036023572 
800 73 22 27 0.035885975 
922 566 22 28 0.035845898 
331 231 15 19 0.035451815 
359 287 19 24 0.03520831 
823 432 17 20 0.03507682 
147 432 21 29 0.034935974 
150 231 22 28 0.03480815 
467 360 18 23 0.034763478 
491 437 20 26 0.034746546 
337 286 18 22 0.034727115 
622 177 16 20 0.034633104 
229 439 18 24 0.03411839 
588 185 15 20 0.034019005 
676 315 17 22 0.033938807 
437 286 17 21 0.033827092 
690 132 17 21 0.03362771 
924 518 18 23 0.033598587 
541 287 17 22 0.033566557 
922 708 23 27 0.033231493 
516 162 14 18 0.033116855 
838 644 22 28 0.033108283 
128 412 19 24 0.033103004 
690 180 17 23 0.033038374 
599 287 17 21 0.033014867 
775 108 19 24 0.033000235 
51 416 20 24 0.032984745 
189 439 18 24 0.03286422 
700 284 17 21 0.032795593 
619 355 18 23 0.03271238 
588 378 20 24 0.032459456 
703 154 18 22 0.032454386 
175 374 31 38 0.03221432 
614 231 16 20 0.032050956 
825 365 16 19 0.031900533 
285 287 17 21 0.03188564 
420 81 19 24 0.031880897 
234 385 30 38 0.031875692 
901 543 19 23 0.031791184 
252 486 19 26 0.031725988 
821 612 21 25 0.031621765 
892 635 21 26 0.031556413 
691 224 80 99 0.03155534 
795 507 20 26 0.031545963 
239 490 57 82 0.03154522 
862 535 29 38 0.031483304 
991 511 17 25 0.031258896 
883 696 48 53 0.031179767 
900 563 51 67 0.03110005 
866 714 25 32 0.031088397 
570 179 17 21 0.03098011 
541 236 17 20 0.030712886 
468 159 18 22 0.030535689 
893 608 21 28 0.030485857 
625 383 21 27 0.030415213 
797 535 21 27 0.030306686 
895 219 20 25 0.030095214 
842 364 17 20 0.029995844 
697 48 18 22 0.029982619 
327 445 32 46 0.029975757 
864 436 29 35 0.029727576 
56 427 20 27 0.029703982 
893 708 27 32 0.02965793 
387 237 19 22 0.029644923 
800 57 21 25 0.029643418 
875 558 20 23 0.029591564 
563 382 19 25 0.029446175 
514 334 30 37 0.02940854 
894 691 25 30 0.029164195 
603 327 31 39 0.029072056 
846 425 29 35 0.029007742 
901 331 15 18 0.028866937 
405 490 21 28 0.02886144 
384 206 19 22 0.028699953 
876 336 16 19 0.02863635 
845 614 19 23 0.028629655 
253 511 22 32 0.028573653 
310 518 20 26 0.02854308 
283 462 18 23 0.028539209 
338 481 21 30 0.028521687 
535 355 20 25 0.028503977 
946 538 17 23 0.028471941 
327 588 26 36 0.028392117 
452 410 30 39 0.02830894 
140 430 19 26 0.02827823 
717 251 36 41 0.028119098 
697 35 19 22 0.028103285 
804 461 33 40 0.028068075 
814 77 20 25 0.028049184 
872 515 18 23 0.027996372 
641 303 30 39 0.027922327 
767 212 21 24 0.027898924 
674 182 17 21 0.027738096 
359 311 29 40 0.027694302 
622 209 17 20 0.027694225 
536 206 16 20 0.027392924 
429 408 34 43 0.027309433 
578 353 34 43 0.027245402 
874 607 33 42 0.027194822 
282 488 20 25 0.027183868 
1 411 15 22 0.027172357 
925 533 31 41 0.027153924 
821 506 31 40 0.027042842 
432 381 33 41 0.02694587 
895 181 20 24 0.026815321 
745 150 19 24 0.026804375 
620 163 16 20 0.026750008 
985 312 16 23 0.02671131 
994 437 16 21 0.02670784 
803 410 17 20 0.026684614 
689 360 20 26 0.026669087 
993 315 17 23 0.026660265 
759 303 255 334 0.026624044 
995 463 15 23 0.026463784 
896 130 17 20 0.02638708 
870 685 38 48 0.026325056 
948 659 24 32 0.026267366 
516 461 22 27 0.026169542 
878 307 16 20 0.026158769 
996 387 16 21 0.02615761 
842 585 18 23 0.026152585 
879 589 20 26 0.02602288 
845 335 16 19 0.025920581 
596 410 21 27 0.025899624 
229 485 101 136 0.025851449 
568 285 17 21 0.025822848 
826 661 55 70 0.02579177 
235 479 32 42 0.025781352 
566 230 18 21 0.025728399 
97 228 28 32 0.025679855 
186 459 19 26 0.025659977 
878 485 18 23 0.0256569 
208 345 28 36 0.025591562 
742 132 18 23 0.025559178 
440 258 17 21 0.025528915 
799 384 17 22 0.025463326 
608 275 31 40 0.025441691 
156 313 19 23 0.025290811 
641 206 16 20 0.02527814 
596 131 17 21 0.025250379 
103 402 34 42 0.025240546 
468 459 22 29 0.025216449 
726 239 35 42 0.02514982 
161 362 56 67 0.025139386 
919 695 25 29 0.025112014 
290 496 60 85 0.024906484 
467 286 17 21 0.024801897 
586 204 17 21 0.024626482 
312 252 17 22 0.02457263 
865 732 26 33 0.024553185 
405 408 55 68 0.024523053 
542 304 30 39 0.024495294 
720 209 19 23 0.024429277 
994 326 16 21 0.024414683 
510 378 31 39 0.024328057 
519 232 16 20 0.024306362 
597 230 17 21 0.024265414 
635 358 34 44 0.024208644 
646 102 17 21 0.024175923 
719 302 18 24 0.024154233 
226 393 269 355 0.024149187 
36 412 15 19 0.024120225 
157 335 31 39 0.024076566 
995 534 16 24 0.024035385 
316 481 63 84 0.02393042 
541 177 17 21 0.023877185 
414 458 21 28 0.023769824 
465 334 165 237 0.023729777 
380 458 33 43 0.023720624 
442 512 21 28 0.023611564 
211 455 19 26 0.023599248 
706 211 130 151 0.023590572 
879 161 17 21 0.023570957 
616 50 21 26 0.023460018 
558 155 20 24 0.02344363 
959 259 16 20 0.023414785 
183 311 20 24 0.023335733 
348 399 106 158 0.023335047 
206 409 30 38 0.023288729 
365 565 22 29 0.023243133 
542 136 18 23 0.023192279 
771 122 18 22 0.023187539 
111 359 20 25 0.02313652 
347 323 43 55 0.023134837 
716 355 22 28 0.023024857 
933 133 17 22 0.023002187 
262 463 62 80 0.022989955 
265 505 59 83 0.022984093 
256 465 19 24 0.022977276 
453 424 74 111 0.02296566 
932 313 16 20 0.022953793 
390 282 18 23 0.02294827 
267 507 107 144 0.022943642 
386 438 18 23 0.022941353 
879 173 20 25 0.022912439 
520 133 16 19 0.02290247 
799 335 18 21 0.02289677 
260 434 19 24 0.022869244 
977 555 28 42 0.022865467 
666 347 33 43 0.022844931 
441 487 18 24 0.022814145 
312 540 62 83 0.02280833 
848 152 17 23 0.022790505 
894 156 18 22 0.022771165 
948 415 16 19 0.02276859 
261 257 17 21 0.022757715 
898 314 16 20 0.022742316 
492 417 52 63 0.022742214 
928 74 18 23 0.022727553 
886 454 32 38 0.02268714 
256 212 17 20 0.022685189 
709 266 36 43 0.022678059 
202 427 31 41 0.02267788 
944 309 17 20 0.022674711 
357 425 30 39 0.022604778 
679 348 35 44 0.022578664 
182 400 31 41 0.022505779 
370 442 60 75 0.022432867 
711 232 37 44 0.022429256 
425 446 109 172 0.022385137 
848 137 18 21 0.02238343 
297 436 57 77 0.022370545 
935 569 50 64 0.022336643 
516 3 22 24 0.022304377 
720 172 19 25 0.022294734 
996 359 15 20 0.022275984 
673 212 17 21 0.022274863 
995 410 15 21 0.022125924 
344 345 74 96 0.022119228 
66 416 36 45 0.022106742 
177 231 21 26 0.022100264 
537 396 32 40 0.022089576 
883 182 55 69 0.022082727 
925 150 17 21 0.022044364 
473 369 52 65 0.021996548 
853 712 25 31 0.021952165 
593 154 16 20 0.021909503 
209 312 18 23 0.021898422 
982 284 15 20 0.021891821 
838 507 28 38 0.021867894 
499 332 51 62 0.021860555 
818 678 28 36 0.021842599 
333 259 17 21 0.021839768 
948 287 15 19 0.021820316 
925 260 17 20 0.021742394 
308 355 30 39 0.021734146 
603 303 31 38 0.02171147 
773 220 145 165 0.02168948 
929 57 19 25 0.021674896 
736 54 19 24 0.02167084 
869 626 34 43 0.021666398 
971 258 16 21 0.021648776 
884 626 35 42 0.02162803 
313 488 19 25 0.021627244 
374 328 158 239 0.021583693 
235 288 21 25 0.02156728 
393 416 75 113 0.021549087 
435 457 20 27 0.02154331 
512 101 18 21 0.021519424 
925 281 17 21 0.021513412 
646 279 30 38 0.02151182 
717 33 19 22 0.02150326 
595 84 18 22 0.021427125 
644 0 23 25 0.021393538 
956 515 18 22 0.021365479 
123 333 34 44 0.02133021 
413 182 263 363 0.021204477 
824 337 16 18 0.021197055 
721 334 19 25 0.02118944 
638 323 33 40 0.021184968 
48 388 19 23 0.021174114 
596 338 61 77 0.021105787 
652 334 55 71 0.021104911 
713 130 35 43 0.02105861 
620 126 16 20 0.02098133 
538 256 17 23 0.020964075 
406 509 22 32 0.020961706 
132 228 25 30 0.020909313 
677 134 17 21 0.020896925 
666 153 16 20 0.020885723 
689 229 33 43 0.020811474 
389 408 18 23 0.020810438 
952 712 20 26 0.020798909 
410 237 16 20 0.020791188 
133 420 32 43 0.02075581 
536 313 109 149 0.020736255 
693 212 18 23 0.02073259 
122 404 31 43 0.020711286 
487 433 33 42 0.020682005 
109 335 21 26 0.020679627 
875 573 60 73 0.020652454 
286 257 183 238 0.020626659 
153 323 266 335 0.020616364 
643 181 16 20 0.020608203 
654 190 81 96 0.020596938 
410 257 17 21 0.020543033 
58 482 71 81 0.020541329 
304 341 67 83 0.020410554 
814 607 33 42 0.02038042 
367 330 30 39 0.020373104 
814 59 19 23 0.020361405 
837 411 30 37 0.020331992 
799 360 19 23 0.020328604 
443 334 17 22 0.020279892 
310 448 33 46 0.020256463 
255 230 17 20 0.020243961 
185 483 20 25 0.020237021 
372 244 33 40 0.020222684 
898 664 23 27 0.020214094 
655 470 45 52 0.020196965 
566 337 60 74 0.020175649 
851 525 53 67 0.020173991 
591 313 57 69 0.020168673 
791 102 21 26 0.020091332 
