0_Parade_Parade_0_628
126
451 198 25 34 0.50458896 
308 234 23 28 0.4709804 
574 232 24 29 0.28982994 
622 225 22 27 0.23508027 
590 281 23 30 0.15764315 
694 283 17 22 0.11997534 
691 264 17 22 0.10366988 
489 228 23 29 0.090882726 
439 175 26 31 0.08721642 
789 337 18 21 0.064711615 
673 262 17 20 0.0635522 
875 275 19 24 0.06316336 
213 199 19 25 0.0631241 
514 274 23 29 0.060325727 
573 251 21 26 0.058765635 
900 274 18 22 0.053607892 
485 203 22 30 0.051295172 
639 278 20 25 0.049928177 
623 255 20 25 0.049668808 
213 186 18 23 0.04666017 
535 229 23 29 0.046298787 
511 229 27 32 0.04299209 
983 258 18 22 0.041896056 
440 188 42 53 0.041695062 
844 277 18 22 0.04145234 
512 255 26 31 0.0412665 
794 285 17 22 0.040902693 
433 159 21 27 0.040538125 
108 341 17 20 0.038391836 
155 343 17 21 0.03786082 
743 366 19 22 0.03784904 
640 264 18 23 0.03745689 
920 274 20 23 0.037191145 
670 314 18 23 0.03685771 
925 262 19 23 0.03637048 
154 352 18 22 0.035180435 
687 351 18 23 0.035126094 
583 256 21 26 0.035105918 
505 245 41 49 0.034925777 
455 185 24 31 0.034189604 
671 336 18 23 0.032642465 
719 286 18 22 0.03237207 
674 280 18 21 0.032073103 
798 263 17 22 0.031632714 
697 300 17 23 0.031552892 
640 232 17 22 0.03127273 
308 211 20 25 0.031012692 
646 356 19 23 0.030997334 
826 281 17 21 0.030204918 
743 332 16 19 0.030166907 
133 310 15 18 0.029856637 
920 349 25 31 0.029773857 
992 257 18 25 0.029702058 
803 408 18 21 0.02924791 
131 341 15 19 0.02913112 
791 354 17 21 0.029052531 
783 334 17 20 0.02899671 
665 235 16 20 0.028714085 
953 281 19 22 0.028697632 
378 208 23 29 0.028684137 
800 310 18 21 0.028122324 
105 354 17 21 0.028057782 
725 365 17 21 0.027883936 
746 377 19 22 0.027240453 
773 361 16 20 0.027111845 
38 378 18 24 0.02695927 
877 363 19 24 0.026882898 
485 185 21 26 0.026009163 
725 336 17 20 0.026005616 
47 365 17 21 0.026000194 
755 532 341 366 0.025959527 
38 366 16 21 0.025917847 
48 380 20 25 0.025758969 
23 334 16 19 0.025281712 
24 301 17 20 0.025244238 
773 309 16 20 0.02515916 
896 267 19 22 0.024755161 
667 352 19 24 0.0242079 
721 257 17 22 0.024178252 
290 154 22 29 0.024130372 
327 233 19 24 0.024079097 
104 312 14 19 0.024046758 
234 338 18 22 0.023973513 
-62 530 348 355 0.02371962 
438 129 20 25 0.023617025 
890 360 56 78 0.023561733 
567 219 42 53 0.023522899 
768 388 16 19 0.023511738 
439 95 22 29 0.023288354 
821 264 17 20 0.023253987 
610 284 23 28 0.023227744 
491 249 24 30 0.0231962 
797 391 17 20 0.022843547 
136 358 18 21 0.022739979 
380 310 24 29 0.022626858 
719 307 17 22 0.022545777 
817 312 18 22 0.022428567 
300 153 24 30 0.022366192 
557 478 22 28 0.022133064 
850 265 17 21 0.02188946 
-220 330 697 732 0.02177214 
556 237 54 64 0.021662218 
594 295 24 30 0.021600634 
970 251 33 39 0.02156679 
563 327 20 25 0.021535568 
428 155 34 44 0.021534812 
484 132 20 25 0.021477856 
56 335 16 19 0.021437434 
622 128 23 28 0.02114752 
952 305 21 25 0.02113059 
162 316 15 18 0.021112157 
537 254 21 25 0.02099395 
83 334 16 19 0.020967297 
9 334 18 23 0.020629423 
690 344 18 22 0.020620177 
460 221 24 32 0.020563599 
747 312 17 20 0.020530894 
766 407 17 20 0.020525305 
778 288 18 22 0.020360166 
540 203 22 28 0.020321915 
645 339 18 22 0.020316184 
686 258 28 35 0.020312801 
341 355 19 25 0.020179544 
513 219 55 63 0.020085074 
4 389 18 26 0.020057715 
583 307 665 738 0.020028915 
