0_Parade_marchingband_1_227
301
910 139 42 51 0.9421875 
460 131 29 39 0.7184367 
178 111 20 25 0.5659726 
418 107 23 28 0.4455689 
228 123 22 28 0.3679937 
412 115 23 29 0.31095433 
506 92 24 30 0.29809985 
300 99 20 25 0.28371873 
252 83 19 23 0.2735497 
362 73 21 26 0.27069768 
841 124 27 35 0.22595786 
489 49 23 28 0.22444461 
647 95 21 27 0.19668302 
496 80 23 29 0.18384904 
289 135 21 27 0.17201993 
429 95 20 27 0.1701453 
544 123 23 30 0.15204135 
365 122 23 29 0.14262412 
335 78 19 24 0.1420615 
436 87 18 24 0.1407646 
784 95 38 54 0.13210683 
464 8 21 26 0.12577888 
409 158 21 27 0.12223888 
559 97 19 24 0.12106137 
102 74 18 24 0.11626399 
611 101 19 25 0.111845456 
231 108 20 26 0.1062085 
252 97 19 23 0.09804553 
337 100 21 26 0.09649616 
544 107 21 26 0.09537977 
363 107 23 28 0.094584405 
536 47 19 25 0.093491256 
208 76 17 21 0.093463175 
253 130 19 25 0.09345612 
358 61 19 23 0.09146391 
597 131 23 29 0.091212414 
378 124 19 25 0.091051035 
557 127 21 27 0.08782291 
182 150 19 24 0.087221846 
589 144 24 32 0.08604779 
310 149 19 23 0.08487808 
161 73 18 22 0.08420206 
378 81 18 23 0.08362643 
492 90 25 30 0.08291554 
132 101 16 20 0.08278014 
180 79 18 22 0.081497625 
335 197 22 27 0.08087377 
243 80 18 22 0.08015464 
288 81 18 22 0.07964943 
162 103 17 23 0.077253535 
286 145 20 24 0.076851755 
802 162 40 51 0.07628485 
616 142 22 30 0.07613476 
893 118 44 57 0.07608868 
792 88 53 72 0.07241974 
600 103 19 24 0.06996244 
332 149 20 27 0.06993894 
466 105 22 26 0.06898488 
419 83 18 22 0.06872251 
644 85 20 25 0.0660439 
30 104 21 27 0.06548847 
619 79 20 24 0.064541176 
570 86 19 23 0.064455554 
338 185 20 25 0.064105816 
238 27 16 21 0.063793935 
202 202 19 24 0.06321677 
214 127 18 24 0.06276094 
663 160 48 54 0.0624652 
214 106 17 22 0.0606634 
379 105 20 26 0.060348257 
315 83 18 23 0.059620366 
357 202 23 29 0.058639336 
289 56 18 22 0.05664027 
175 115 29 38 0.056051403 
59 75 19 22 0.055517837 
158 150 19 23 0.055474576 
794 26 25 31 0.055112857 
158 60 18 22 0.054823127 
3 76 20 28 0.054529883 
280 182 16 21 0.054334454 
302 132 20 25 0.0537172 
408 171 21 27 0.053231098 
133 77 16 20 0.05261558 
162 133 17 22 0.052021455 
213 57 16 21 0.051852733 
773 103 26 37 0.05179861 
236 49 17 21 0.051323816 
813 99 27 35 0.051314235 
808 140 42 58 0.049892567 
26 57 21 28 0.04875652 
254 54 16 20 0.048467252 
855 11 69 81 0.04834155 
516 124 22 29 0.04752737 
335 130 22 28 0.046820477 
664 131 78 83 0.04667347 
486 32 21 25 0.045520388 
870 114 35 46 0.045383286 
594 122 55 70 0.04523926 
848 11 41 46 0.04502989 
463 46 20 26 0.04501887 
51 103 19 23 0.044285044 
876 29 68 89 0.044096623 
593 196 26 32 0.043862313 
511 150 22 28 0.043454174 
461 202 27 34 0.043430608 
104 98 18 22 0.043411955 
342 60 18 22 0.043309197 
477 148 24 31 0.043218844 
566 179 22 26 0.042828564 
835 134 38 51 0.042658437 
660 100 21 29 0.042647883 
31 123 20 28 0.04205527 
25 69 20 27 0.041951753 
635 125 21 27 0.04180474 
902 24 48 56 0.04179662 
462 81 17 22 0.041763518 
918 96 41 53 0.041623805 
815 115 28 37 0.041259047 
181 203 20 24 0.041162744 
134 162 17 22 0.04099427 
331 22 20 24 0.040742382 
103 129 19 23 0.040300474 
937 97 28 40 0.040253155 
914 22 30 31 0.039770067 
860 3 31 32 0.03875626 
628 118 34 46 0.038624883 
80 82 17 22 0.038275626 
330 2 25 26 0.037914217 
673 25 20 22 0.037889402 
702 82 81 95 0.03777982 
133 173 17 21 0.03699772 
459 171 27 35 0.036764618 
1 95 19 29 0.03670787 
755 169 38 48 0.03577591 
137 130 16 20 0.035731103 
559 199 21 28 0.035681527 
666 154 31 38 0.03562632 
311 53 17 22 0.035323888 
482 58 52 67 0.035313133 
158 177 18 22 0.035153233 
620 56 19 25 0.035068236 
640 3 22 23 0.035035737 
513 52 18 25 0.034254543 
50 60 20 25 0.03423436 
625 176 60 80 0.034221824 
132 59 17 21 0.03414999 
731 111 44 51 0.03389036 
536 33 19 25 0.033794597 
317 29 19 22 0.033404026 
622 128 63 79 0.03312186 
363 150 21 27 0.032415595 
443 47 19 23 0.0323532 
961 172 34 45 0.03234738 
567 148 21 25 0.032130115 
360 23 21 23 0.032062165 
588 2 21 23 0.031969253 
629 83 49 64 0.031754922 
6 18 21 29 0.03171227 
952 189 39 49 0.031620666 
544 202 22 27 0.03161928 
442 145 23 30 0.031583052 
233 9 19 22 0.031553708 
104 59 20 24 0.031030953 
258 147 18 23 0.030992994 
547 275 20 26 0.030505845 
314 178 18 22 0.030457528 
207 152 19 24 0.030382972 
878 188 46 58 0.03036056 
28 149 19 25 0.03032367 
563 253 19 26 0.030145753 
177 178 19 24 0.030074567 
704 177 74 77 0.029980555 
484 4 19 21 0.029966746 
387 151 20 26 0.029744316 
558 233 23 29 0.029619291 
383 210 20 26 0.029576369 
539 79 18 23 0.029269932 
725 139 44 53 0.029180465 
740 121 26 33 0.029025037 
634 226 25 32 0.028983125 
436 207 22 28 0.028953735 
668 53 19 24 0.02892012 
6 150 18 27 0.028912319 
782 121 56 78 0.028875915 
109 152 19 24 0.028868532 
758 139 41 54 0.028738536 
433 1 18 20 0.028705161 
694 97 23 29 0.028601812 
591 256 25 32 0.028404813 
207 184 19 22 0.028162356 
437 129 24 31 0.027842795 
668 123 25 29 0.027809368 
649 109 66 82 0.027792742 
753 66 62 84 0.027649283 
795 40 23 30 0.02757027 
513 4 18 22 0.027495325 
174 140 31 39 0.02708204 
817 80 22 28 0.026957784 
975 150 25 35 0.026766585 
670 200 85 86 0.02661074 
197 84 66 83 0.026557889 
478 129 23 30 0.026450528 
970 85 35 57 0.026322367 
54 158 20 25 0.026321612 
460 16 32 43 0.026064781 
691 125 26 30 0.025944948 
600 158 43 58 0.025927095 
830 88 55 73 0.02534364 
895 100 29 38 0.025341403 
591 180 59 77 0.025079293 
588 176 24 31 0.02504505 
936 146 31 41 0.024973648 
311 206 20 25 0.02492976 
516 26 18 23 0.024826732 
235 203 19 25 0.024688663 
705 119 48 53 0.024676587 
180 57 18 22 0.024642557 
682 121 47 53 0.024586314 
569 0 19 21 0.024510426 
244 93 30 39 0.024437672 
108 202 19 23 0.02438227 
338 232 25 31 0.02416483 
795 6 26 29 0.024047779 
617 72 32 40 0.023878673 
716 125 26 30 0.023819767 
601 89 49 63 0.023789803 
256 31 17 20 0.023763232 
609 203 27 36 0.023581753 
900 2 50 45 0.023464411 
264 130 318 316 0.023443164 
159 208 20 24 0.023230353 
463 37 32 43 0.023194054 
156 68 31 38 0.023170143 
914 3 30 29 0.023112027 
619 212 56 70 0.02309594 
861 303 144 267 0.022908561 
309 232 21 28 0.022897253 
18 63 33 44 0.022887172 
666 79 20 25 0.022876086 
235 147 20 26 0.022868443 
664 236 83 95 0.022846809 
382 4 20 21 0.022758616 
358 180 21 26 0.022710253 
265 180 17 21 0.022699874 
684 150 32 36 0.022698097 
357 2 24 25 0.022686353 
413 55 17 22 0.022671418 
385 24 19 21 0.02264561 
710 238 77 80 0.022601899 
844 105 25 32 0.022477394 
760 5 63 72 0.022422556 
795 79 22 29 0.022378422 
864 128 56 71 0.0223573 
730 161 48 55 0.02232845 
472 32 54 69 0.022307713 
162 98 29 37 0.02226009 
897 25 31 32 0.022248842 
798 147 27 38 0.022164905 
970 -2 37 44 0.02214822 
667 5 20 22 0.022142112 
898 -1 30 28 0.022104891 
544 113 45 54 0.021930538 
235 180 19 23 0.021859968 
453 97 61 74 0.021833727 
40 95 33 39 0.021832446 
716 103 24 30 0.021798544 
893 151 50 60 0.021788776 
82 100 17 22 0.021773681 
213 384 285 316 0.021759583 
280 29 18 22 0.021757131 
49 69 34 40 0.02175264 
512 171 22 29 0.021695046 
612 173 23 31 0.021678133 
42 51 34 41 0.021558909 
0 128 20 29 0.021458557 
17 26 140 181 0.02142927 
392 177 20 26 0.021426694 
558 178 251 321 0.021400172 
738 92 45 53 0.021325672 
416 1 20 21 0.021221722 
442 31 19 23 0.021166641 
620 2 22 23 0.02107662 
161 124 31 38 0.021037376 
8 54 19 28 0.020963505 
858 80 60 76 0.020945666 
781 174 56 73 0.020840295 
97 65 32 38 0.020814117 
896 41 30 36 0.0207962 
856 197 60 84 0.020747885 
593 213 58 75 0.020718282 
686 21 23 27 0.020652281 
806 75 40 56 0.020551527 
477 28 35 46 0.020433005 
3 6 22 30 0.020385738 
537 2 17 20 0.0203546 
799 126 70 89 0.020298159 
546 229 21 28 0.020231383 
813 1 24 28 0.020201012 
25 114 34 48 0.020051315 
275 117 45 59 0.020040298 
658 70 33 44 0.020039285 
