0_Parade_Parade_0_465
41
407 113 98 128 0.9991302 
517 120 97 127 0.99615556 
940 102 27 34 0.24385382 
680 152 64 97 0.13766627 
993 104 20 30 0.10577417 
928 97 27 33 0.054790493 
2 64 23 33 0.053130746 
877 106 22 27 0.04989292 
826 72 22 27 0.044129334 
983 99 22 31 0.042571552 
917 84 53 64 0.04206249 
708 152 60 87 0.034405116 
840 251 31 39 0.032896854 
3 50 22 32 0.03183783 
982 124 22 32 0.028919987 
894 100 21 27 0.028475 
995 122 18 31 0.026834136 
924 82 24 28 0.02638014 
691 154 31 41 0.026371265 
0 4 22 28 0.026007945 
888 267 80 89 0.025953898 
944 115 26 31 0.0249954 
890 215 31 39 0.024169255 
696 141 47 67 0.023819106 
734 191 36 52 0.023640499 
884 241 70 75 0.02312793 
708 190 25 39 0.022532677 
841 75 20 25 0.022424743 
50 421 29 35 0.02209179 
871 118 22 29 0.021956401 
978 73 21 31 0.021901079 
305 605 55 77 0.021665698 
917 123 26 32 0.021518284 
98 83 24 29 0.021425255 
745 202 21 29 0.021319803 
324 590 64 85 0.021018121 
874 85 80 90 0.020947423 
750 122 69 85 0.020630663 
864 211 39 50 0.02043194 
814 236 60 70 0.020428672 
335 618 69 90 0.020082954 
