0_Parade_marchingband_1_768
57
819 613 40 47 0.53164774 
223 178 23 29 0.52291566 
284 210 26 34 0.42993534 
681 633 27 34 0.33192798 
464 608 21 27 0.086580485 
673 618 23 29 0.052929617 
975 630 34 43 0.052474014 
538 613 17 22 0.050780643 
520 616 19 22 0.04557025 
276 647 40 43 0.042244744 
635 641 25 28 0.039802693 
874 611 26 31 0.039133765 
686 620 24 29 0.03842762 
907 642 23 29 0.03811786 
270 207 47 54 0.037057035 
213 197 21 28 0.035568267 
642 586 20 26 0.033547383 
800 247 24 32 0.03154024 
485 617 19 24 0.029492686 
311 147 21 28 0.029041355 
641 615 20 23 0.028840039 
892 612 21 26 0.027598204 
-232 332 704 737 0.02683712 
258 649 40 43 0.025969328 
402 657 26 31 0.025459398 
-70 536 354 351 0.02540281 
664 587 21 25 0.024736222 
559 618 18 21 0.024254583 
211 167 44 55 0.024165248 
366 633 25 28 0.024136063 
534 279 24 35 0.023973947 
299 209 23 29 0.02395811 
345 591 89 91 0.023957508 
614 585 19 24 0.023569755 
493 636 20 23 0.023324 
638 653 27 33 0.023051886 
926 508 20 24 0.022621438 
230 194 22 28 0.022594308 
249 237 37 47 0.022587832 
305 130 21 29 0.022520494 
375 634 28 29 0.022236802 
560 645 20 23 0.022093974 
258 202 21 26 0.022030251 
868 658 24 30 0.022007108 
122 90 268 299 0.021856962 
695 585 20 24 0.021729184 
808 601 69 77 0.021463715 
869 514 19 24 0.021414725 
335 260 21 27 0.021356223 
491 590 18 23 0.021186769 
914 653 28 34 0.021185 
846 518 19 24 0.020949248 
635 385 28 32 0.020945702 
614 643 24 27 0.02092363 
870 635 24 30 0.020686757 
361 228 22 27 0.02061332 
334 182 21 27 0.020467494 
