0_Parade_Parade_0_29
105
537 153 72 87 0.99852365 
800 166 43 53 0.9487992 
239 236 23 30 0.7291965 
979 184 32 48 0.66687316 
155 248 19 24 0.4039562 
418 249 29 34 0.39644635 
322 226 26 33 0.28121176 
190 247 20 25 0.21270065 
315 248 31 41 0.208227 
481 226 28 36 0.18931584 
857 224 34 43 0.16915108 
131 206 18 23 0.12496525 
197 239 20 26 0.12149606 
-59 452 397 394 0.07620779 
13 330 338 312 0.06386924 
80 226 19 24 0.061558913 
-193 296 760 652 0.055726107 
283 251 20 26 0.05405581 
918 199 23 30 0.05388797 
136 252 17 22 0.053720318 
730 225 38 52 0.051872455 
360 232 21 27 0.051438108 
688 234 39 47 0.05016122 
86 214 18 22 0.050042983 
317 263 37 46 0.049869746 
415 236 25 31 0.049258556 
155 210 18 22 0.047777638 
135 236 17 22 0.04636064 
285 233 20 26 0.044864144 
869 207 25 31 0.044163004 
944 155 24 31 0.042814504 
99 208 17 22 0.041966602 
714 206 23 31 0.04191231 
703 222 54 69 0.041701294 
357 248 22 29 0.041674946 
0 269 21 31 0.04005656 
899 202 25 30 0.038107634 
101 234 17 21 0.03805169 
470 229 25 32 0.038050137 
106 250 18 23 0.03674841 
583 234 43 51 0.036237568 
718 227 27 35 0.035954885 
927 178 22 28 0.03593427 
589 6 25 29 0.035686746 
614 387 187 192 0.033904456 
4 260 22 29 0.033616208 
456 249 25 34 0.033214476 
227 226 40 51 0.033080813 
185 279 19 23 0.032774743 
484 235 36 47 0.032670736 
529 407 175 190 0.03239946 
979 130 20 28 0.031223698 
812 207 41 54 0.030801801 
157 278 18 22 0.0306519 
531 475 364 367 0.02868811 
746 202 23 30 0.028664893 
842 231 40 53 0.028629027 
180 207 17 22 0.02852945 
384 204 21 26 0.028289251 
101 183 17 20 0.027202813 
25 234 19 25 0.027082127 
134 184 17 22 0.026916372 
927 155 20 27 0.026680714 
658 233 42 54 0.026672587 
418 257 40 49 0.026063474 
872 177 20 25 0.025754951 
212 208 17 22 0.025598519 
24 252 20 27 0.0254789 
867 240 31 39 0.025299544 
606 232 26 34 0.025161125 
79 177 18 22 0.024923272 
175 310 21 25 0.024762265 
165 205 317 337 0.024255615 
135 364 72 87 0.024014207 
428 234 25 31 0.023927622 
212 311 19 24 0.023777107 
791 0 21 22 0.023730377 
56 360 193 162 0.023638988 
878 245 40 46 0.02345896 
56 178 18 24 0.023211397 
285 207 19 24 0.023129411 
949 129 21 27 0.02301907 
481 203 35 48 0.02289567 
134 246 29 35 0.022622097 
388 254 21 28 0.02257638 
947 170 24 35 0.022494297 
857 233 68 87 0.022474583 
258 212 19 23 0.022175066 
80 206 29 38 0.022136392 
79 280 23 27 0.022048643 
954 191 33 46 0.021811731 
300 241 65 80 0.021774746 
362 272 686 705 0.021654565 
923 128 20 26 0.021389268 
106 284 20 24 0.021158215 
501 112 41 49 0.021011734 
332 212 21 25 0.021004042 
878 221 38 45 0.020775037 
231 212 18 23 0.020762227 
626 212 57 74 0.02064226 
208 335 20 24 0.020616965 
741 482 330 376 0.020400915 
108 53 139 174 0.020075196 
875 157 19 23 0.020046946 
974 146 25 34 0.020041013 
