0_Parade_Parade_0_664
142
125 330 20 24 0.3131618 
22 340 27 30 0.25834018 
466 340 20 23 0.19593601 
259 347 26 30 0.19110425 
619 340 19 24 0.19096416 
940 337 24 28 0.1855123 
584 325 21 25 0.15309897 
358 331 22 24 0.15203975 
436 310 18 24 0.14720106 
124 314 19 23 0.13115624 
112 306 19 24 0.1219376 
278 304 18 22 0.10757107 
541 350 23 27 0.09859796 
727 340 17 20 0.09457351 
824 336 18 20 0.09380211 
485 331 16 20 0.09004626 
76 313 18 22 0.08959975 
739 340 17 20 0.087034725 
794 339 17 20 0.08634431 
59 308 20 24 0.085126825 
926 302 20 22 0.08225464 
159 303 17 22 0.08171993 
163 339 18 22 0.07992496 
208 328 19 23 0.0798048 
515 326 19 22 0.079598926 
208 312 19 21 0.0776491 
799 349 22 26 0.076994784 
177 339 20 25 0.07427943 
669 314 16 19 0.07351994 
75 328 18 23 0.07198083 
778 333 16 19 0.07178371 
639 313 16 19 0.0708556 
697 312 16 19 0.06959267 
115 332 18 23 0.06777875 
22 309 20 23 0.06548483 
261 341 20 23 0.06518776 
668 331 16 20 0.06249833 
803 314 15 18 0.058111243 
13 226 17 24 0.05608964 
772 314 16 18 0.05348018 
845 328 17 19 0.0530126 
159 350 22 27 0.05078032 
624 304 18 22 0.050615214 
80 230 18 22 0.04797696 
110 286 18 22 0.047792338 
464 305 17 20 0.04645014 
623 284 18 22 0.04614669 
817 314 15 19 0.045206334 
52 334 21 25 0.044860046 
751 310 15 18 0.044470582 
265 305 18 19 0.04392556 
386 332 21 25 0.043431148 
976 308 20 24 0.04292581 
741 349 22 26 0.04280304 
575 311 20 24 0.04274808 
695 331 16 19 0.041769758 
646 333 16 21 0.04170998 
971 330 20 24 0.04079276 
538 342 19 22 0.040041454 
575 328 19 23 0.039672453 
881 309 16 19 0.03955863 
851 318 15 18 0.039302558 
80 351 22 26 0.03838782 
892 309 17 21 0.038353637 
410 335 17 22 0.038057335 
579 308 30 37 0.03724631 
813 349 21 26 0.036452223 
160 290 17 22 0.035845414 
720 313 14 17 0.03565856 
183 311 18 22 0.035588115 
281 334 21 24 0.035429303 
6 310 21 25 0.035124738 
874 348 23 27 0.035024796 
719 349 21 26 0.03391108 
364 313 19 22 0.03389798 
947 305 20 23 0.03349578 
420 310 17 20 0.033438187 
126 283 17 22 0.032919634 
380 309 17 20 0.03211621 
367 284 16 19 0.03188233 
238 335 17 20 0.03163016 
611 339 32 39 0.030115442 
9 335 24 28 0.029991366 
258 277 18 21 0.029918557 
208 288 18 21 0.029607328 
487 313 16 19 0.02957307 
271 299 31 36 0.028796095 
459 285 16 20 0.028631425 
742 286 16 20 0.028576033 
896 338 17 20 0.028389696 
285 289 17 19 0.028340282 
49 284 18 23 0.028297456 
726 282 16 20 0.028079784 
255 262 19 22 0.028040329 
3 271 20 25 0.027840104 
723 209 20 23 0.027756529 
440 326 19 24 0.02765268 
33 279 18 23 0.02760187 
876 342 18 20 0.027111461 
381 284 16 19 0.026752342 
254 332 35 38 0.02655036 
709 4 159 175 0.026438676 
540 310 16 20 0.02586573 
307 333 17 21 0.025819674 
923 296 32 37 0.025420614 
412 282 15 18 0.02540621 
824 288 16 19 0.025403319 
167 224 152 171 0.025217703 
7 342 38 40 0.025125677 
353 344 25 30 0.025115367 
900 286 16 20 0.025062144 
315 306 17 20 0.024846409 
236 308 16 19 0.02468584 
134 227 17 22 0.024002628 
70 320 30 36 0.023862347 
408 153 21 28 0.02357801 
671 288 16 20 0.023336211 
977 289 19 24 0.023303468 
491 284 17 21 0.022901537 
890 350 22 26 0.022759048 
644 157 20 24 0.022389164 
47 259 17 21 0.022331946 
587 286 19 23 0.022287445 
695 289 16 20 0.022264365 
204 319 34 38 0.02204401 
695 205 20 23 0.0220347 
697 182 17 21 0.021679744 
102 350 21 26 0.021634737 
643 125 20 24 0.021565322 
725 134 19 22 0.021389578 
333 281 16 18 0.021293318 
376 322 36 41 0.020749634 
635 283 17 20 0.020514747 
644 172 20 26 0.020346059 
271 326 36 38 0.020333795 
446 283 16 20 0.020244583 
765 259 172 192 0.020216364 
313 280 16 19 0.020144908 
445 263 17 22 0.020143492 
152 255 16 20 0.020114567 
769 353 20 23 0.020111129 
20 230 16 21 0.020110179 
