34_Baseball_Baseball_34_600
20
393 95 108 136 0.9972716 
860 337 79 112 0.2973051 
542 33 106 112 0.15045908 
0 1128 90 108 0.06889678 
923 -106 433 487 0.04216192 
599 162 75 95 0.036957867 
677 -282 866 929 0.036674958 
90 254 85 88 0.032874987 
100 1156 61 72 0.029551983 
735 1 99 88 0.029523969 
789 551 614 722 0.029378215 
863 900 441 449 0.029324137 
906 154 413 476 0.025939712 
885 22 63 59 0.025111618 
907 380 423 487 0.025077537 
730 1 41 43 0.024700373 
106 105 48 57 0.022447938 
389 516 130 130 0.021165993 
261 792 148 144 0.020441478 
481 66 87 110 0.020425165 
