34_Baseball_Baseball_34_667
61
482 166 119 162 0.9869846 
774 934 84 99 0.64207584 
11 89 61 96 0.27994314 
386 1153 109 126 0.17551298 
125 1176 52 61 0.06565063 
119 1193 72 79 0.054918747 
484 8 44 52 0.050047938 
347 1168 85 105 0.048739176 
419 1198 103 140 0.046923585 
185 49 72 94 0.046036273 
151 1175 49 61 0.04575651 
857 1165 554 591 0.038401466 
364 1100 175 204 0.0374972 
277 179 122 155 0.03652899 
434 1197 53 71 0.03642199 
550 174 113 151 0.033400346 
843 819 539 619 0.03242506 
491 96 97 120 0.031522606 
20 1195 58 81 0.031368326 
442 1271 76 116 0.030472964 
847 -139 552 609 0.030432217 
858 527 529 606 0.029672505 
181 1158 65 76 0.02966178 
398 1346 81 89 0.029264363 
383 1249 127 161 0.029027173 
860 183 541 612 0.028841576 
553 832 1107 1172 0.027910197 
245 115 123 147 0.027884282 
126 1250 37 46 0.026883904 
208 1141 36 45 0.026852865 
398 1024 213 258 0.026756302 
161 842 143 151 0.026478266 
737 14 126 110 0.026391068 
569 129 105 134 0.026260609 
555 -360 1089 1149 0.026259117 
162 1138 39 47 0.026024321 
238 1289 38 47 0.025580298 
206 372 44 54 0.024963431 
971 0 38 45 0.023840597 
138 1228 66 78 0.023718484 
570 488 37 42 0.023613615 
5 1444 32 48 0.023557138 
438 184 96 121 0.02330393 
242 123 70 97 0.023278031 
518 116 47 62 0.02321358 
327 1256 115 148 0.022624016 
448 1237 49 69 0.02232641 
20 1158 58 80 0.022215834 
558 237 1017 1178 0.021985965 
435 1168 52 68 0.02193335 
105 1123 126 130 0.021888418 
95 1214 103 123 0.02174905 
86 1255 34 42 0.021736119 
523 348 40 50 0.021340037 
-6 83 99 156 0.021210302 
49 1283 71 90 0.021172322 
470 1243 65 91 0.021170968 
540 983 107 123 0.020543996 
26 1248 130 146 0.020325288 
574 75 106 132 0.020100033 
450 -5 126 134 0.02007387 
