34_Baseball_Baseball_34_436
27
394 133 71 86 0.99865365 
599 49 56 77 0.09316825 
464 277 69 105 0.04916476 
122 524 409 305 0.048744824 
498 156 63 79 0.040199507 
290 295 95 97 0.03976442 
274 344 48 55 0.039176587 
463 537 79 83 0.036582597 
67 515 776 644 0.03499699 
111 685 413 358 0.03390876 
293 718 405 355 0.029996715 
149 377 377 326 0.025987536 
634 78 23 32 0.025914041 
553 48 95 125 0.024237193 
749 736 344 362 0.024091234 
-110 617 553 529 0.023914995 
256 331 89 92 0.023414034 
295 450 315 270 0.023406174 
309 347 81 89 0.023134615 
273 343 180 193 0.023120971 
526 737 371 349 0.023075921 
539 165 65 82 0.021373847 
332 383 51 60 0.021149393 
629 34 432 572 0.021022443 
563 521 684 728 0.02094251 
615 65 34 48 0.020839581 
581 73 47 66 0.020713186 
