34_Baseball_Baseball_34_756
20
726 523 54 66 0.9671007 
275 363 82 92 0.41797477 
665 590 63 78 0.06793572 
638 591 42 51 0.06453819 
754 525 47 59 0.05472292 
616 595 42 53 0.033660952 
45 187 26 34 0.029852146 
622 593 27 34 0.028709287 
301 378 83 102 0.028567025 
637 579 67 84 0.027211307 
245 49 29 34 0.023256598 
805 586 27 39 0.022544246 
324 280 43 53 0.022051422 
285 454 88 100 0.021691822 
699 553 68 88 0.021405553 
788 576 62 86 0.021301175 
724 35 22 26 0.021156639 
682 606 72 95 0.02074478 
436 736 21 23 0.020659598 
314 317 42 52 0.020592123 
