34_Baseball_Baseball_34_580
58
439 125 165 189 0.99704033 
839 1065 114 109 0.3646437 
751 570 131 135 0.114606485 
487 640 239 275 0.11175809 
325 766 68 81 0.057956528 
200 800 83 109 0.05477007 
443 716 28 33 0.053794082 
381 751 31 40 0.052646436 
718 591 97 120 0.049295112 
727 452 122 126 0.047838956 
409 750 32 41 0.047726117 
294 719 102 122 0.047620602 
221 704 189 196 0.04614258 
248 803 106 119 0.041585535 
366 740 56 70 0.04091043 
164 744 184 192 0.039054062 
815 604 95 113 0.038213715 
502 742 64 73 0.03725241 
127 675 42 56 0.034518797 
492 684 27 35 0.033625547 
349 720 28 35 0.032414522 
151 616 184 207 0.031584032 
369 783 34 46 0.031393196 
511 714 103 110 0.030797262 
314 717 30 36 0.030771324 
161 712 115 135 0.030642148 
163 784 89 105 0.030253273 
218 827 110 136 0.027829463 
510 680 31 36 0.026583254 
230 608 83 127 0.02633912 
432 710 46 56 0.026154332 
556 538 87 106 0.025945423 
161 585 126 136 0.025827954 
348 698 25 30 0.02579549 
271 605 99 138 0.025646733 
390 690 23 28 0.025239835 
240 666 140 153 0.025075914 
197 656 98 126 0.024966557 
426 731 29 34 0.024899006 
383 724 75 93 0.02436578 
879 638 55 73 0.023724863 
782 516 109 119 0.022964282 
329 713 59 72 0.022925064 
129 626 104 120 0.02243572 
521 728 34 39 0.022412209 
312 612 98 127 0.022331985 
313 670 92 113 0.022197766 
304 707 59 73 0.02213953 
142 827 109 122 0.022128008 
545 735 101 112 0.022084467 
574 574 95 105 0.021976924 
310 695 29 36 0.021735778 
253 547 99 128 0.021419344 
332 674 182 220 0.020541523 
419 723 49 60 0.020508612 
712 573 67 95 0.020281846 
781 1036 81 101 0.020114267 
166 754 382 442 0.020090189 
