39_Ice_Skating_Ice_Skating_39_458
25
193 325 35 45 0.083174706 
724 -92 529 548 0.045904037 
389 217 990 1010 0.038607024 
189 313 99 118 0.038161855 
740 1037 521 551 0.03752197 
668 289 152 118 0.036135525 
685 318 73 78 0.035703316 
708 175 528 532 0.03466335 
236 318 95 113 0.03448905 
438 -250 1025 963 0.03400719 
187 304 194 168 0.03279924 
479 757 993 1044 0.030210145 
734 283 51 62 0.02797492 
699 347 41 50 0.027626766 
264 333 39 49 0.026727399 
749 309 61 73 0.025757408 
738 447 526 583 0.025743779 
263 354 42 53 0.023730056 
288 361 35 44 0.023368448 
491 320 333 269 0.023242818 
302 374 449 473 0.023227759 
181 327 60 80 0.023151424 
548 271 253 192 0.023086833 
289 338 33 40 0.021371903 
730 760 505 570 0.020809473 
