39_Ice_Skating_Ice_Skating_39_119
22
556 181 51 59 0.96478724 
376 139 46 58 0.6613994 
382 103 53 68 0.4943821 
447 159 43 56 0.12135175 
389 70 27 33 0.06691834 
388 128 57 80 0.04784758 
601 193 36 49 0.043994766 
396 158 38 48 0.041058816 
481 312 62 98 0.038622614 
419 134 57 75 0.038034532 
554 154 46 57 0.037862502 
436 165 32 43 0.037207887 
571 195 49 61 0.03063641 
516 189 36 47 0.030101463 
430 180 42 54 0.029919695 
534 192 59 69 0.027486186 
597 278 25 32 0.027467467 
603 212 38 52 0.026593935 
396 100 35 42 0.025292162 
337 197 25 31 0.02339203 
506 309 52 79 0.02307319 
469 169 40 50 0.022883078 
