39_Ice_Skating_Ice_Skating_39_568
62
356 115 37 47 0.96362585 
177 170 26 33 0.3933218 
833 396 88 103 0.1257518 
179 157 24 29 0.10927585 
255 153 21 27 0.09986107 
878 369 49 63 0.09478089 
869 350 51 62 0.06293156 
109 131 20 24 0.06293008 
71 152 21 26 0.052572165 
875 352 30 39 0.04898238 
540 128 24 30 0.047715567 
890 355 29 38 0.046153698 
700 121 20 27 0.04244767 
896 392 34 46 0.041299183 
58 197 23 28 0.038513042 
226 155 22 29 0.035772283 
2 23 22 31 0.03548621 
875 332 28 36 0.034659196 
879 405 54 68 0.034353733 
209 155 21 27 0.03435035 
506 106 26 32 0.03348001 
890 332 29 37 0.031771634 
281 99 20 25 0.031411316 
882 327 48 63 0.03000014 
148 29 20 24 0.029751718 
457 260 26 32 0.029614707 
927 478 23 32 0.029158523 
261 180 24 29 0.028621392 
158 151 20 25 0.027389055 
489 96 37 45 0.027321007 
330 165 34 43 0.026850736 
379 243 62 75 0.026525186 
890 326 63 95 0.02649615 
923 307 25 35 0.026099514 
907 128 20 26 0.025954504 
511 118 25 31 0.02574638 
237 104 20 25 0.025234003 
164 176 23 27 0.024246356 
25 182 19 24 0.0241266 
258 132 19 24 0.024043076 
749 110 263 345 0.023569541 
676 252 58 77 0.022921585 
137 28 21 24 0.0227418 
905 303 58 86 0.02270474 
255 104 19 23 0.022622382 
839 341 107 135 0.022542333 
199 177 24 30 0.022410853 
152 6 18 20 0.021995578 
182 135 20 24 0.02196299 
166 148 46 58 0.02168966 
185 7 20 24 0.021655058 
897 422 30 40 0.021547763 
385 1 23 27 0.021360567 
1 5 22 29 0.021209732 
189 24 23 27 0.021080727 
277 180 22 27 0.020814965 
763 314 312 351 0.02074124 
71 179 23 30 0.020634549 
375 182 37 48 0.020471461 
894 302 44 56 0.020378524 
187 17 37 46 0.02024337 
438 107 21 28 0.020160867 
