39_Ice_Skating_Ice_Skating_39_658
54
977 413 18 25 0.08874205 
224 461 45 55 0.076071955 
771 466 22 26 0.0740948 
35 432 17 22 0.053421266 
651 200 40 50 0.049779885 
301 97 41 49 0.04042412 
573 48 21 26 0.040005695 
532 5 26 29 0.035103284 
970 427 19 28 0.034343883 
855 405 17 21 0.03397463 
529 435 24 28 0.033890903 
459 369 20 24 0.032168325 
412 232 22 25 0.031865463 
47 436 18 21 0.030938707 
518 509 21 25 0.030790925 
467 75 23 28 0.030679954 
698 -1 38 39 0.029749423 
358 529 25 30 0.028622335 
867 409 17 20 0.027787428 
610 192 69 74 0.02708966 
110 433 19 23 0.026179804 
185 459 19 24 0.026172142 
598 386 19 24 0.025898565 
513 389 18 22 0.02576825 
642 385 20 23 0.025658628 
3 459 20 32 0.025171842 
4 383 19 25 0.025152791 
959 433 19 24 0.024511946 
644 122 23 27 0.024486909 
618 512 21 24 0.02448478 
434 54 19 24 0.023856703 
3 437 17 26 0.02371532 
6 220 24 35 0.02338171 
358 521 21 24 0.023221344 
640 526 21 27 0.023215352 
154 412 17 21 0.022733703 
609 223 27 34 0.022620639 
134 409 19 24 0.02251002 
509 143 41 49 0.02248278 
285 82 73 83 0.022427872 
459 99 22 29 0.022134839 
277 71 23 28 0.021856125 
30 416 18 23 0.021782365 
641 109 22 29 0.02171675 
532 516 20 24 0.021692004 
643 215 32 40 0.021548515 
670 409 18 22 0.021286584 
461 229 20 25 0.021280374 
134 285 19 24 0.02123041 
563 98 20 25 0.020979816 
647 437 20 24 0.020600976 
-8 -11 77 81 0.020419018 
795 431 17 20 0.02020829 
185 434 17 21 0.020156967 
