39_Ice_Skating_Ice_Skating_39_163
33
263 137 50 73 0.95450956 
154 206 164 179 0.099559 
538 466 42 59 0.074857675 
246 203 43 56 0.05725303 
177 551 430 362 0.051902078 
563 455 30 37 0.050178286 
245 162 62 83 0.047096364 
210 214 44 57 0.045943055 
227 132 43 61 0.042506147 
560 494 32 43 0.03755031 
123 209 71 89 0.037452687 
152 202 70 88 0.03730492 
375 651 25 29 0.03427655 
194 187 46 60 0.033824027 
185 219 74 92 0.028830705 
109 273 708 651 0.028226787 
313 226 65 79 0.027286422 
102 215 54 69 0.027089152 
285 149 45 60 0.026637457 
69 189 57 71 0.025632521 
97 193 51 65 0.024777101 
167 190 51 63 0.023140095 
583 470 45 56 0.02272839 
366 641 43 47 0.022367885 
54 207 54 69 0.022229355 
199 165 43 55 0.02218084 
762 204 27 31 0.02208616 
143 226 31 41 0.021859845 
340 221 67 81 0.021803292 
832 212 43 52 0.021688472 
537 470 85 97 0.021319991 
167 220 33 42 0.02128581 
311 181 72 85 0.020050274 
