39_Ice_Skating_iceskiing_39_77
28
604 128 46 53 0.17899084 
562 188 40 52 0.1274029 
323 381 24 28 0.079220444 
597 136 70 78 0.04698668 
567 180 66 80 0.04611658 
568 182 26 33 0.039357778 
364 382 21 26 0.038145684 
688 236 86 118 0.037600543 
580 181 25 32 0.03703162 
531 172 62 76 0.03296731 
751 523 345 370 0.031918842 
622 265 155 169 0.030834874 
229 305 37 48 0.027861532 
579 198 29 38 0.027427169 
705 196 46 60 0.026503406 
571 173 42 54 0.026444932 
433 202 25 30 0.025067875 
358 365 20 25 0.024901934 
571 158 107 121 0.02448995 
-67 520 355 361 0.023720471 
388 382 21 26 0.02295548 
610 100 33 38 0.022776421 
-214 309 699 732 0.022008251 
627 120 39 48 0.021758508 
213 356 22 28 0.021091234 
634 186 95 103 0.021069316 
715 220 64 89 0.020587556 
577 317 670 730 0.02017611 
