39_Ice_Skating_Ice_Skating_39_440
19
489 709 81 118 0.93901396 
440 216 60 77 0.2388202 
192 94 394 512 0.05668396 
774 177 537 593 0.046464685 
362 162 155 184 0.04346652 
435 230 40 53 0.042062283 
774 467 532 593 0.041523106 
791 1090 540 561 0.038528383 
642 -227 816 855 0.035967033 
503 785 1061 1101 0.03549851 
793 779 521 585 0.031883866 
476 205 1004 1072 0.02836272 
256 77 270 300 0.024717 
467 209 63 79 0.024149287 
63 37 674 799 0.023735143 
297 208 387 544 0.023164382 
488 224 37 48 0.022997748 
461 201 40 49 0.022791412 
375 237 199 275 0.021892117 
