39_Ice_Skating_Ice_Skating_39_169
46
902 697 60 75 0.073265895 
893 711 31 43 0.06217034 
824 752 32 39 0.05616185 
661 1138 72 82 0.05200248 
716 694 27 32 0.05007633 
721 711 23 29 0.046365365 
319 840 31 40 0.04485123 
84 809 67 72 0.041096207 
870 679 110 126 0.040611822 
334 841 29 37 0.04042478 
658 1090 32 40 0.03996495 
891 676 53 71 0.039558824 
446 376 28 38 0.03854961 
912 673 43 55 0.036556795 
170 734 28 38 0.03247195 
381 780 25 31 0.031445034 
30 634 96 120 0.028614193 
761 759 24 29 0.028239198 
268 821 28 35 0.028186355 
105 749 32 38 0.02817509 
788 758 29 35 0.027012736 
51 611 68 73 0.026259545 
235 779 26 35 0.025432898 
35 624 62 83 0.025109112 
710 755 24 30 0.025016299 
654 1116 54 70 0.02482027 
790 775 31 39 0.02400659 
339 722 25 33 0.023954507 
385 762 23 29 0.023764009 
214 721 23 31 0.023481917 
819 779 34 43 0.023457704 
934 706 53 67 0.023361452 
40 727 131 176 0.023045508 
22 623 202 247 0.022984928 
683 1155 69 81 0.022756653 
819 819 33 39 0.022712665 
887 719 55 70 0.022598045 
207 814 30 42 0.02235842 
342 750 22 30 0.022024017 
207 681 24 33 0.021642087 
812 718 56 71 0.021607118 
315 817 46 59 0.02143001 
77 628 59 70 0.0203613 
893 742 30 38 0.020357404 
819 679 112 121 0.020244801 
956 718 34 42 0.020063456 
