39_Ice_Skating_iceskiing_39_777
20
688 225 66 85 0.20079656 
718 212 21 26 0.03771087 
531 362 210 172 0.031146623 
706 207 43 56 0.029270256 
-65 526 353 364 0.026945077 
613 346 74 88 0.026663577 
691 243 34 44 0.026504952 
523 511 373 360 0.025543697 
611 169 149 185 0.02473103 
748 523 340 364 0.024086932 
-211 303 705 756 0.023748657 
207 6 153 166 0.02362548 
175 303 692 683 0.023433385 
597 326 62 85 0.022507804 
589 440 23 29 0.021507313 
547 276 189 195 0.020927778 
585 320 287 259 0.020807931 
551 315 679 717 0.020756392 
326 494 373 372 0.02039608 
436 131 285 321 0.020162946 
