39_Ice_Skating_Ice_Skating_39_463
106
780 662 18 22 0.09784002 
745 683 17 21 0.092663 
366 659 19 24 0.08948796 
743 675 17 21 0.08167651 
585 667 16 19 0.061491013 
840 751 19 22 0.055050477 
622 694 16 18 0.054350764 
622 638 15 18 0.053723108 
788 665 18 22 0.052984342 
668 666 16 19 0.052562624 
714 641 17 21 0.049473736 
512 647 15 19 0.048676383 
829 748 17 20 0.04723555 
495 614 17 21 0.041889817 
576 667 15 19 0.04179919 
638 687 16 19 0.041626755 
585 647 15 18 0.04132138 
699 664 15 17 0.040549226 
541 643 15 18 0.03994105 
415 689 19 22 0.038075343 
510 661 16 18 0.037978742 
498 664 15 18 0.03793532 
945 741 19 24 0.03723678 
331 632 24 28 0.03714318 
850 608 19 25 0.036979973 
572 641 16 19 0.036803473 
223 515 23 29 0.036552425 
466 696 17 21 0.036123946 
542 663 16 18 0.035833508 
668 646 15 19 0.03581176 
595 714 15 18 0.03553381 
841 761 20 22 0.03491619 
535 699 16 18 0.034135606 
918 687 19 22 0.033632997 
698 696 15 18 0.033629883 
702 645 16 20 0.03345148 
364 648 19 25 0.033266425 
852 718 18 21 0.03315396 
613 716 15 18 0.03305117 
717 668 15 18 0.03302783 
624 673 15 18 0.032868855 
596 697 15 18 0.032639235 
928 743 18 22 0.032421086 
666 619 17 21 0.0323362 
744 642 16 19 0.03226119 
945 724 18 22 0.031996883 
307 631 24 30 0.031664155 
642 674 16 18 0.031508133 
498 645 16 19 0.031443466 
852 596 18 23 0.03118466 
470 713 18 22 0.031004367 
870 646 18 23 0.030498667 
440 637 20 24 0.029982537 
644 642 15 18 0.029485587 
663 536 18 21 0.029261198 
461 674 16 19 0.02910354 
667 689 15 18 0.02907981 
283 633 24 31 0.028760508 
544 619 16 20 0.02864181 
820 765 19 21 0.028468756 
522 697 16 20 0.028042212 
259 541 23 26 0.02773936 
181 822 24 31 0.027580865 
562 617 17 21 0.027230196 
774 650 18 21 0.02708748 
437 669 17 20 0.026697975 
692 546 18 21 0.026584702 
872 659 18 23 0.02629647 
901 747 18 21 0.025937134 
953 765 20 27 0.025805917 
826 722 16 19 0.025462367 
822 646 18 22 0.02535614 
869 715 19 23 0.025290497 
723 691 14 17 0.024967702 
691 338 21 25 0.02455694 
693 562 18 22 0.024423562 
902 690 19 23 0.024394143 
928 722 18 22 0.024349336 
850 695 18 22 0.024186967 
900 720 17 21 0.023975667 
413 639 19 23 0.02367821 
433 691 16 20 0.023653105 
483 717 17 20 0.02357668 
573 715 15 19 0.023557434 
871 571 17 21 0.023503918 
618 625 17 21 0.023448218 
660 517 19 22 0.023278868 
853 662 19 23 0.023274822 
922 666 19 23 0.023058672 
329 693 19 24 0.022812014 
511 618 16 19 0.022686532 
329 569 23 27 0.022642165 
796 747 18 20 0.022544768 
491 699 17 18 0.022405904 
768 692 17 21 0.021815121 
513 562 20 24 0.021729281 
799 720 17 20 0.021462955 
290 602 61 74 0.021282675 
803 768 19 22 0.02106146 
5 102 23 32 0.020990025 
773 614 17 20 0.020559048 
710 196 303 345 0.020277258 
329 582 24 29 0.020133393 
424 562 223 254 0.020133179 
695 719 17 21 0.020097572 
821 665 18 22 0.020034345 
