39_Ice_Skating_iceskiing_39_138
295
22 120 34 40 0.71558416 
271 209 60 82 0.36360136 
619 112 138 157 0.28724393 
686 112 110 136 0.27688587 
42 119 30 37 0.27609462 
812 179 77 111 0.22980775 
586 80 117 137 0.2273898 
393 462 24 30 0.1884743 
620 85 64 95 0.13880633 
339 395 41 48 0.13573828 
578 157 132 117 0.117250115 
203 227 23 29 0.115866646 
250 241 27 37 0.10628946 
34 276 22 28 0.10255586 
292 196 49 67 0.096994884 
148 370 46 58 0.09223076 
242 223 55 69 0.08912714 
1 309 23 35 0.08841511 
2 530 28 41 0.08802017 
32 230 20 27 0.083515346 
269 198 105 123 0.07716305 
156 394 46 59 0.07315017 
124 502 38 52 0.0686984 
543 119 117 111 0.066972986 
237 246 25 32 0.06424274 
374 739 47 64 0.06353339 
11 523 39 51 0.06347965 
775 403 71 79 0.06274057 
737 139 108 158 0.061451726 
756 217 79 109 0.060842417 
85 503 41 50 0.059463806 
177 228 26 31 0.058512602 
235 234 22 30 0.056598656 
472 440 101 119 0.05529234 
784 274 130 170 0.05519673 
29 731 19 26 0.05428887 
273 406 26 32 0.054050677 
2 606 24 36 0.054007135 
168 379 28 37 0.053436965 
649 181 50 73 0.052526988 
196 421 46 54 0.051868945 
75 195 24 31 0.051747642 
50 815 30 34 0.051711857 
43 281 24 30 0.050385553 
157 397 29 35 0.049038246 
126 379 65 82 0.047931332 
4 272 20 30 0.0471449 
165 414 44 56 0.047116976 
230 274 27 35 0.04678639 
143 500 37 52 0.046535634 
275 248 30 38 0.046112318 
36 553 40 44 0.0452566 
767 296 26 31 0.045240384 
171 400 26 34 0.044349488 
781 362 98 113 0.04432343 
66 187 39 53 0.04400272 
486 460 73 63 0.043446846 
281 225 30 37 0.043069404 
105 246 23 32 0.04297265 
75 123 21 28 0.0428002 
781 198 75 102 0.04246434 
760 281 44 51 0.041642386 
77 154 22 28 0.040901754 
158 427 24 31 0.040578965 
71 245 25 33 0.039582644 
69 149 35 47 0.039319586 
45 164 39 49 0.038922004 
254 392 54 69 0.03845411 
670 291 253 317 0.03818004 
130 455 22 29 0.03804035 
175 430 26 33 0.037955213 
674 173 139 156 0.03793736 
152 482 23 30 0.03730077 
206 411 25 32 0.036737453 
502 66 232 215 0.036593273 
55 247 23 29 0.036355257 
70 427 101 132 0.03630594 
711 90 86 99 0.036260527 
15 491 113 144 0.03624628 
220 283 40 50 0.036219463 
30 254 19 25 0.035893053 
204 451 29 36 0.035872236 
61 494 115 151 0.035223078 
810 693 71 70 0.035204444 
414 427 24 29 0.03515358 
59 223 40 51 0.034275655 
798 321 85 98 0.034182016 
772 260 45 60 0.032818932 
106 533 70 89 0.032682553 
177 450 25 32 0.032659903 
269 247 131 153 0.03261668 
162 218 54 63 0.03259926 
76 176 25 32 0.032492347 
13 397 114 145 0.032405116 
326 196 29 40 0.03235336 
207 394 61 78 0.03210158 
803 189 117 162 0.032001477 
186 215 52 63 0.031919315 
41 435 45 52 0.03181668 
208 277 25 31 0.031755902 
389 174 79 114 0.03157132 
705 497 95 93 0.03148296 
106 236 21 28 0.03144358 
280 170 43 57 0.031305946 
64 731 37 49 0.03125127 
616 190 63 78 0.031129805 
316 219 113 132 0.031048702 
219 246 58 71 0.031028448 
840 337 73 92 0.03102185 
114 288 40 51 0.030919474 
-3 453 58 84 0.030905327 
3 261 20 28 0.030863885 
81 485 74 94 0.030644001 
133 421 61 79 0.030642653 
37 181 63 86 0.030628424 
151 356 32 39 0.030494131 
182 369 62 82 0.030399244 
133 490 23 31 0.030297935 
172 249 29 34 0.030177359 
206 213 22 27 0.030012995 
144 474 39 54 0.02997526 
644 120 59 86 0.029940393 
76 744 20 28 0.029901745 
71 233 23 30 0.029853323 
0 265 32 48 0.029852025 
284 201 29 38 0.029792795 
54 450 24 29 0.02976142 
619 189 127 119 0.029747663 
765 386 129 156 0.029574344 
203 205 100 128 0.02952481 
29 219 34 48 0.029435286 
206 248 25 28 0.029279213 
154 457 24 31 0.029267965 
17 512 28 37 0.029227473 
229 210 20 26 0.02915893 
2 549 25 37 0.028822321 
262 407 27 35 0.028762892 
625 441 65 93 0.028601851 
885 681 68 85 0.028332999 
416 540 23 30 0.028310979 
456 420 154 197 0.028216869 
766 269 66 82 0.028132394 
100 131 19 25 0.028048662 
114 467 60 83 0.027934076 
96 288 41 53 0.027930303 
786 398 33 39 0.0278755 
50 146 27 32 0.027841635 
363 731 41 56 0.027818754 
205 307 24 32 0.02776485 
100 489 23 29 0.027653608 
29 257 56 68 0.027450291 
303 427 22 29 0.027440503 
122 442 38 49 0.027381545 
104 206 112 134 0.027291497 
382 429 38 44 0.02724726 
477 482 55 60 0.026988981 
54 233 22 29 0.02682999 
85 214 60 81 0.026774084 
309 207 47 70 0.02677309 
144 291 36 48 0.02673128 
218 369 62 77 0.026706688 
7 124 25 31 0.026578275 
125 246 23 32 0.026295677 
642 425 64 81 0.02625697 
173 274 27 33 0.026231928 
156 233 24 30 0.02619184 
284 401 56 70 0.026145296 
925 380 75 108 0.026084222 
691 295 41 51 0.026064666 
150 271 39 49 0.025985818 
791 281 73 90 0.025836984 
343 279 93 103 0.025802227 
572 241 172 189 0.025729224 
55 464 71 84 0.025694625 
301 341 82 107 0.025682295 
627 424 125 137 0.025630033 
790 445 31 40 0.025524847 
24 562 38 49 0.025407935 
97 523 29 39 0.025270445 
122 349 50 65 0.02523766 
282 423 28 35 0.025156135 
24 706 36 53 0.025144918 
98 198 22 29 0.025086068 
815 334 27 32 0.025074746 
152 226 40 49 0.02504455 
6 477 26 36 0.025043119 
870 219 66 89 0.024946574 
404 668 66 67 0.024859898 
768 86 61 79 0.024815083 
102 279 27 35 0.024755863 
663 97 83 111 0.024729146 
98 228 37 50 0.024703288 
56 738 20 26 0.024692062 
640 306 33 35 0.02460734 
335 425 27 32 0.0246059 
843 533 72 86 0.024595298 
87 251 67 82 0.024570933 
43 262 79 96 0.024563288 
46 326 29 35 0.024524344 
734 273 64 77 0.024494993 
646 465 137 138 0.024453115 
30 209 20 26 0.024394931 
44 294 37 43 0.024366345 
362 717 29 36 0.024352299 
478 578 56 80 0.024181435 
878 357 73 98 0.024137806 
61 404 40 53 0.024003565 
46 697 63 83 0.023989763 
827 142 94 118 0.023859035 
359 131 24 27 0.023858855 
782 484 65 90 0.023845013 
505 -3 168 172 0.023829436 
281 311 23 32 0.023762181 
388 432 22 28 0.0237272 
56 214 113 130 0.02372651 
251 387 22 29 0.023657024 
134 437 22 28 0.023589043 
554 126 60 74 0.023566268 
666 181 28 42 0.023517072 
734 143 204 283 0.023483157 
692 314 117 136 0.023480337 
815 306 24 30 0.02342358 
34 220 79 95 0.023402173 
26 565 92 116 0.023338277 
749 449 142 165 0.023322914 
856 866 91 86 0.023266908 
485 502 30 36 0.023215223 
41 704 40 52 0.023186121 
205 380 24 32 0.02307124 
472 91 56 58 0.023043307 
411 415 24 30 0.022939939 
3 589 22 32 0.022931833 
14 318 118 141 0.022871066 
280 268 26 34 0.022868391 
312 407 22 29 0.022760756 
48 724 39 48 0.022744494 
751 292 66 84 0.022690406 
326 188 71 107 0.02268486 
112 217 58 78 0.02264089 
105 148 20 26 0.022630695 
174 356 28 35 0.022560097 
850 688 79 82 0.022416145 
285 175 26 34 0.022329738 
333 387 71 78 0.022249656 
675 438 47 60 0.022226589 
184 363 153 168 0.022152226 
681 244 130 145 0.022121064 
346 130 47 54 0.022074582 
695 42 58 57 0.02199589 
18 293 32 46 0.021966405 
77 576 29 36 0.021814944 
486 479 32 35 0.021757562 
97 355 64 76 0.021753177 
108 460 20 25 0.021740133 
387 288 160 186 0.021723967 
283 391 23 29 0.021501284 
173 470 38 48 0.021496339 
106 268 112 131 0.02138409 
7 686 21 30 0.021340696 
261 205 22 30 0.021293174 
52 539 26 31 0.021237822 
49 714 24 29 0.021158068 
-1 575 37 55 0.021143595 
98 331 109 124 0.02112274 
181 255 110 139 0.021109933 
-8 339 76 97 0.021088364 
9 101 62 73 0.021077111 
688 570 95 95 0.02105374 
161 451 61 76 0.021048712 
184 423 72 85 0.021020383 
806 328 48 56 0.020993235 
244 382 38 50 0.020971963 
737 60 65 83 0.020949116 
153 489 58 74 0.020904148 
728 521 101 103 0.020818269 
802 119 70 88 0.020731546 
204 322 26 33 0.020702932 
46 612 28 34 0.020671815 
39 487 60 73 0.020637684 
825 463 104 126 0.020637028 
790 426 37 43 0.020621955 
423 145 150 152 0.020603186 
605 156 51 72 0.020531353 
630 161 54 82 0.020464975 
556 208 119 107 0.020460855 
276 299 38 50 0.020393066 
356 292 41 48 0.020381475 
689 456 27 35 0.020355733 
104 465 104 129 0.020331252 
39 629 50 54 0.020329978 
-7 173 144 172 0.02031102 
155 250 26 32 0.020278303 
128 422 41 51 0.02024814 
10 437 46 58 0.02020412 
75 183 55 73 0.020029295 
