39_Ice_Skating_iceskiing_39_351
66
248 74 81 120 0.9896403 
764 109 81 100 0.9829003 
189 114 71 111 0.96915686 
390 274 30 36 0.449891 
792 407 30 35 0.17202644 
492 275 21 27 0.12957592 
493 312 21 26 0.11862185 
492 262 21 26 0.1034876 
447 254 20 25 0.07701339 
382 284 41 48 0.06619281 
511 277 20 25 0.06558032 
173 6 43 48 0.053090487 
532 327 20 26 0.051406533 
456 283 19 25 0.043882765 
388 261 26 33 0.04329322 
213 62 74 92 0.042996377 
486 233 19 24 0.041923992 
446 279 21 27 0.041642807 
508 261 19 24 0.0413987 
7 0 73 74 0.040221132 
589 232 21 27 0.03879736 
543 312 19 24 0.03665449 
522 328 20 25 0.036136888 
567 309 20 25 0.034289762 
538 233 19 23 0.033909023 
443 235 20 25 0.032998603 
566 280 19 24 0.032926314 
283 236 39 51 0.031303935 
406 230 21 27 0.029774647 
508 312 19 24 0.02955564 
444 306 21 27 0.029215507 
405 261 22 28 0.02920947 
546 256 19 23 0.029188085 
540 282 18 23 0.02831814 
388 325 27 35 0.028313104 
490 328 19 23 0.028194007 
460 305 19 25 0.028171625 
633 402 516 553 0.028097136 
493 354 21 26 0.027877213 
401 297 27 32 0.025866225 
213 27 68 74 0.02567243 
458 358 23 28 0.025059704 
153 126 68 77 0.024883468 
31 22 57 64 0.024871072 
243 33 52 60 0.024746183 
805 49 62 86 0.024498776 
561 261 18 24 0.02440779 
783 392 48 58 0.024317669 
891 433 28 36 0.023761429 
355 276 58 69 0.023745991 
148 7 46 51 0.023252953 
386 255 63 79 0.023246428 
373 296 56 69 0.022926016 
798 392 85 80 0.022915358 
223 7 53 48 0.02289498 
401 329 25 31 0.022861753 
846 397 85 85 0.021756914 
499 479 402 378 0.021392798 
460 238 19 24 0.02138921 
248 351 75 82 0.021190152 
322 296 45 52 0.021149158 
839 409 24 29 0.02104504 
898 413 22 27 0.02104465 
783 493 37 49 0.02101307 
519 234 18 23 0.02074788 
439 231 31 41 0.020695964 
