39_Ice_Skating_iceskiing_39_943
48
573 817 83 105 0.9988152 
422 189 72 96 0.99626416 
156 857 65 87 0.7730185 
743 383 60 72 0.6363744 
83 289 55 73 0.46066895 
143 873 53 63 0.15182346 
385 993 42 49 0.11688874 
961 432 47 69 0.09630097 
184 851 58 82 0.09384064 
726 845 90 104 0.07419222 
708 350 36 46 0.07103854 
345 168 43 51 0.065146446 
12 359 60 75 0.056197435 
732 352 61 79 0.051209223 
387 896 51 64 0.05117862 
8 373 39 53 0.044066157 
716 381 43 51 0.035623107 
10 283 29 40 0.03452537 
165 1020 35 49 0.032184415 
40 313 80 96 0.031753037 
740 321 37 46 0.030299632 
600 1165 28 32 0.028552443 
142 802 38 51 0.027754188 
770 392 51 67 0.026651789 
733 876 49 57 0.025856169 
30 305 59 75 0.02579658 
133 799 62 83 0.025590347 
754 891 64 80 0.025574611 
28 347 44 54 0.024889305 
10 782 29 41 0.02469804 
144 1028 50 72 0.023650028 
699 186 58 83 0.023600489 
358 568 26 34 0.023449136 
71 282 46 58 0.0229065 
29 843 33 45 0.022899952 
538 1058 32 39 0.0223528 
658 543 110 126 0.021929562 
373 715 56 78 0.021766506 
338 181 60 80 0.021601789 
61 1102 92 103 0.021539887 
765 434 55 72 0.02149307 
717 1342 27 30 0.021077057 
960 903 35 55 0.02096728 
495 1316 32 37 0.020447236 
2 -2 34 43 0.020426722 
344 677 94 131 0.020399002 
775 1226 35 46 0.020295529 
25 344 82 103 0.020179177 
