39_Ice_Skating_iceskiing_39_276
17
530 409 359 288 0.049592167 
664 498 329 247 0.041566383 
256 216 348 342 0.03891869 
456 329 22 29 0.03505944 
468 215 71 86 0.033586495 
446 330 21 28 0.030900506 
704 335 320 282 0.02894536 
504 277 137 161 0.028289126 
167 191 626 545 0.023547241 
487 256 29 36 0.022456927 
423 293 302 321 0.02232481 
260 182 23 27 0.022285894 
511 225 24 30 0.021962764 
487 186 21 25 0.021665795 
489 200 20 24 0.021549577 
432 283 151 192 0.020814983 
248 177 68 75 0.020372322 
