39_Ice_Skating_iceskiing_39_941
50
738 497 86 98 0.84836084 
550 156 28 35 0.07352882 
491 416 71 84 0.050954454 
610 580 85 110 0.038970105 
879 -102 417 457 0.038007725 
620 633 163 173 0.03772676 
505 435 82 101 0.037098013 
657 -268 831 873 0.03264791 
185 789 30 36 0.030537806 
882 147 402 452 0.030476904 
152 803 54 59 0.029202161 
766 468 79 103 0.02884772 
564 211 31 43 0.028421137 
881 871 410 430 0.028351724 
460 190 59 68 0.028190404 
606 565 151 168 0.02773064 
676 517 70 89 0.027632525 
282 639 293 326 0.026473012 
551 209 29 41 0.02631656 
581 395 28 36 0.025871042 
589 715 52 66 0.025795981 
553 526 76 109 0.025748767 
889 624 390 446 0.025667284 
389 350 91 111 0.025418047 
237 804 43 51 0.024575619 
543 449 75 97 0.02358766 
248 812 25 31 0.023574179 
564 443 51 62 0.023541315 
659 395 28 35 0.023483943 
423 186 26 32 0.0234205 
394 310 81 100 0.023276953 
440 531 174 219 0.02263305 
422 210 27 34 0.022243906 
496 610 170 195 0.022221114 
297 139 283 331 0.021946266 
180 808 30 37 0.021781873 
372 273 143 160 0.021711644 
196 803 47 53 0.021591304 
353 228 47 59 0.021446355 
591 419 261 323 0.021052936 
675 633 802 865 0.020883517 
146 878 118 116 0.02074834 
253 793 75 92 0.020728208 
427 275 77 90 0.020630399 
582 539 80 123 0.02061383 
291 806 95 105 0.02049232 
727 648 90 118 0.020313451 
613 707 91 108 0.020288596 
544 209 48 67 0.0202062 
883 381 393 448 0.020017894 
