39_Ice_Skating_iceskiing_39_529
33
714 261 45 50 0.74546546 
269 84 225 219 0.5616005 
332 117 145 132 0.11984923 
249 162 220 262 0.058788378 
334 -6 175 184 0.05297042 
368 433 25 32 0.04285517 
387 135 86 88 0.04275276 
744 4 22 23 0.03801167 
137 219 131 160 0.035925858 
177 212 183 227 0.032081142 
591 1 24 26 0.031968057 
576 154 46 61 0.0312697 
179 43 389 469 0.030893033 
411 65 108 132 0.028994828 
399 166 88 106 0.028926075 
176 272 25 32 0.028630933 
540 4 25 25 0.026679385 
81 239 142 188 0.026640251 
177 42 137 153 0.026172817 
-66 529 349 357 0.026136214 
0 100 21 31 0.025748767 
217 14 139 151 0.025301332 
-220 282 718 770 0.024734005 
16 244 146 202 0.024127934 
773 75 20 26 0.02334606 
190 91 64 80 0.023061745 
187 43 83 93 0.022876585 
842 360 27 32 0.022685705 
216 128 175 205 0.022669923 
240 420 99 106 0.022301074 
399 94 256 286 0.021066813 
649 326 63 83 0.021036655 
224 86 72 94 0.02075513 
