39_Ice_Skating_iceskiing_39_583
402
784 147 28 35 0.69438136 
465 225 23 29 0.40840468 
411 247 22 30 0.26036647 
596 176 19 24 0.1638758 
594 255 23 29 0.14026263 
479 228 23 30 0.12787345 
462 284 26 34 0.12694484 
345 179 19 24 0.12483511 
458 212 21 27 0.1197491 
540 121 20 22 0.1180529 
570 321 25 32 0.11609384 
439 74 21 25 0.11594476 
694 147 21 26 0.113756336 
583 276 25 31 0.111801274 
583 309 29 36 0.104439646 
408 236 22 29 0.097541645 
456 134 22 27 0.096178025 
353 183 19 23 0.09425856 
635 204 20 25 0.089791454 
407 300 25 32 0.08727515 
592 159 19 24 0.087068446 
430 281 26 35 0.08537976 
560 356 39 50 0.08388569 
442 210 18 23 0.08252049 
561 135 18 23 0.07912672 
392 182 19 23 0.076645315 
607 309 25 34 0.07648792 
306 171 20 26 0.074745305 
825 305 19 26 0.07382332 
488 207 20 25 0.07378422 
485 84 17 21 0.07254085 
536 111 20 25 0.0724175 
413 177 18 24 0.07006037 
443 133 21 25 0.0698064 
693 137 19 24 0.06947767 
444 148 20 25 0.069096126 
566 146 19 23 0.06905034 
510 155 18 23 0.06880988 
415 280 25 33 0.06869218 
328 135 19 23 0.068198584 
409 76 20 23 0.06768054 
43 15 55 53 0.067097396 
571 299 50 60 0.06584589 
497 150 18 24 0.065290175 
592 234 20 25 0.06521492 
595 124 19 23 0.06397857 
568 421 63 87 0.06321163 
611 180 19 24 0.062268734 
542 224 23 32 0.062059395 
175 4 24 26 0.06198402 
521 111 19 23 0.059909664 
716 148 19 23 0.058965817 
593 107 20 24 0.058719236 
518 122 18 21 0.057678465 
766 121 25 30 0.0574801 
896 150 20 25 0.056760293 
601 311 42 50 0.05631797 
696 97 18 21 0.05593579 
436 178 18 24 0.055748492 
641 154 19 23 0.055306375 
673 125 19 22 0.05510804 
625 201 19 23 0.053887133 
607 254 20 25 0.053718444 
560 233 21 30 0.053587623 
356 156 17 22 0.0533641 
356 101 17 21 0.053266015 
923 95 19 24 0.052389663 
742 175 20 25 0.051693905 
590 203 19 24 0.050914127 
542 150 19 24 0.0508758 
510 255 22 28 0.050448984 
28 19 27 32 0.049918186 
542 183 20 26 0.049884163 
340 421 67 82 0.049881585 
895 104 19 24 0.049186308 
872 211 18 23 0.048959166 
314 74 21 28 0.048898764 
921 86 18 23 0.04868925 
565 249 20 28 0.048348594 
670 156 19 23 0.047816854 
497 345 38 46 0.047557797 
384 204 20 26 0.04733952 
411 126 19 22 0.047130935 
461 78 17 21 0.046971608 
715 137 19 23 0.046414882 
340 154 19 23 0.04613926 
620 283 22 28 0.046082597 
441 137 35 43 0.045787312 
317 127 20 26 0.045719054 
540 205 22 30 0.045602307 
565 185 19 24 0.045434855 
438 60 22 24 0.04533423 
338 203 19 26 0.045272976 
671 253 24 28 0.045125738 
904 183 18 22 0.04476804 
821 126 21 28 0.044755545 
311 160 20 25 0.044576637 
898 43 20 23 0.044408135 
413 103 19 24 0.044148073 
462 246 23 32 0.04392009 
443 225 19 26 0.04377453 
427 65 37 44 0.043597985 
439 219 31 43 0.042801213 
339 97 19 23 0.041978035 
728 208 19 25 0.041907426 
484 276 24 32 0.041601337 
464 181 19 24 0.041457653 
437 98 20 25 0.041216966 
491 98 18 22 0.041131705 
519 73 18 22 0.040860493 
564 200 19 26 0.040711295 
515 231 21 29 0.04066651 
362 201 21 27 0.04047752 
492 187 17 23 0.040405635 
514 182 19 25 0.040351395 
26 12 46 52 0.040260967 
476 243 36 47 0.040256746 
398 231 50 63 0.040195405 
461 315 37 47 0.04018025 
422 264 48 63 0.04014314 
669 231 21 26 0.04002075 
585 232 34 44 0.039745864 
895 128 20 24 0.039562445 
448 265 48 64 0.039539155 
452 211 44 57 0.039426997 
364 129 17 21 0.03926755 
331 192 34 43 0.03910962 
573 343 44 57 0.03905518 
379 404 68 89 0.0390095 
649 335 49 63 0.038934458 
928 199 19 24 0.038834248 
693 85 18 23 0.038780537 
123 0 26 27 0.038750857 
433 254 22 30 0.03855152 
480 207 32 42 0.038543426 
516 204 19 24 0.038470816 
508 274 22 29 0.038016185 
545 278 21 26 0.037987147 
394 81 17 22 0.037806798 
157 1 25 25 0.037541073 
413 158 19 23 0.03712687 
568 281 20 26 0.037111677 
391 130 18 22 0.037057918 
874 184 16 20 0.036929257 
661 177 19 25 0.036890056 
820 179 19 25 0.03683515 
388 174 31 39 0.036721338 
770 131 48 59 0.036567133 
607 276 37 45 0.036557693 
567 106 17 22 0.036552798 
260 23 27 31 0.036473617 
653 315 47 56 0.036457885 
566 264 57 68 0.03635399 
461 105 18 22 0.035980325 
210 172 22 28 0.035915133 
594 318 66 85 0.035797432 
876 127 21 26 0.03565822 
494 135 17 21 0.035599582 
903 206 17 21 0.03508865 
502 247 35 46 0.03506776 
720 98 17 22 0.03504389 
429 125 56 70 0.035041418 
854 157 18 22 0.03487331 
205 3 23 25 0.0347566 
767 107 21 27 0.03454969 
621 153 19 22 0.034454927 
182 98 66 79 0.034317613 
617 127 18 23 0.03395515 
877 148 19 24 0.03391322 
973 136 19 24 0.03387461 
957 156 19 25 0.033661403 
727 84 18 21 0.03350839 
616 8 23 26 0.033322386 
435 298 27 33 0.033252664 
470 289 36 47 0.033185158 
637 327 28 39 0.033159547 
556 198 31 44 0.033159506 
66 23 31 33 0.03293293 
573 222 54 72 0.032909423 
743 160 20 24 0.03285793 
797 301 20 25 0.032796867 
876 103 21 25 0.032674156 
551 267 93 109 0.032603398 
640 230 18 22 0.032406095 
750 121 20 25 0.03220535 
924 48 19 22 0.03164861 
391 155 17 21 0.031626318 
318 178 54 69 0.031563275 
407 167 32 41 0.031548306 
308 205 22 28 0.03152709 
660 306 31 38 0.03142204 
630 313 55 68 0.031241775 
545 252 20 27 0.03103368 
470 351 64 74 0.030902749 
636 286 21 27 0.030861432 
667 277 25 31 0.030837636 
23 5 27 31 0.030773813 
491 352 28 34 0.030705469 
789 133 27 32 0.03054112 
332 145 30 39 0.030445626 
899 82 18 20 0.030435825 
918 186 19 24 0.030391783 
320 125 30 40 0.030361287 
391 305 24 30 0.03028356 
588 386 71 89 0.030215524 
561 384 64 85 0.030179458 
332 256 23 31 0.030103594 
692 207 18 23 0.029937444 
129 53 26 30 0.029657222 
413 55 22 24 0.029534383 
330 82 21 27 0.029489355 
639 131 18 22 0.0294307 
647 180 19 23 0.029402059 
194 136 46 55 0.029364686 
391 253 20 26 0.029310731 
430 164 33 45 0.029110119 
529 340 57 67 0.029071879 
416 206 20 25 0.028935356 
605 175 31 40 0.028785711 
450 329 61 72 0.028579859 
534 324 108 114 0.02844663 
622 405 79 82 0.02826384 
641 83 20 22 0.028191812 
208 122 26 32 0.028163256 
306 150 33 42 0.028109923 
358 83 19 23 0.028085433 
540 240 34 46 0.028033903 
679 297 42 51 0.027999774 
546 216 49 66 0.027998732 
390 282 21 28 0.027680594 
516 290 65 77 0.027659452 
795 98 21 26 0.027655797 
427 189 54 73 0.027615365 
667 205 21 25 0.02737435 
539 272 34 45 0.027348824 
176 18 22 25 0.02734553 
196 142 136 163 0.027336445 
579 324 108 125 0.027326468 
450 233 65 79 0.027326394 
325 4 27 27 0.027260685 
204 152 25 30 0.027204745 
972 147 19 26 0.027183728 
980 221 23 29 0.027153678 
391 231 20 27 0.02696405 
727 340 72 91 0.026961526 
211 76 24 29 0.02668074 
698 177 20 25 0.026679844 
640 102 18 22 0.026677411 
310 64 36 47 0.026655933 
155 23 25 27 0.026619004 
639 301 39 48 0.026611809 
418 147 57 75 0.026542233 
560 404 117 130 0.026404854 
860 119 69 89 0.02635351 
589 256 71 83 0.026270349 
955 133 18 23 0.026246147 
394 101 17 21 0.02622199 
524 413 69 92 0.026204785 
231 50 22 27 0.026204683 
668 329 69 88 0.026162345 
407 63 37 45 0.026045151 
744 334 23 30 0.026024934 
564 276 35 45 0.026018143 
742 80 17 21 0.025963109 
473 323 40 50 0.025961118 
365 51 20 23 0.025944358 
163 83 116 150 0.0259208 
4 1 26 32 0.025915345 
489 254 56 70 0.0259 
638 356 74 90 0.025822664 
531 116 33 38 0.025817404 
442 354 64 79 0.025748907 
365 -1 22 22 0.025663551 
671 108 18 23 0.025652274 
7 14 38 48 0.025641372 
389 241 32 42 0.02563594 
405 287 67 79 0.025594464 
17 17 67 86 0.025586616 
529 195 52 71 0.025556508 
348 149 29 37 0.02548731 
723 226 18 23 0.025456239 
311 54 21 27 0.025447192 
922 129 18 22 0.025432 
618 105 19 23 0.025342673 
537 76 19 23 0.025252204 
690 232 19 22 0.025250297 
621 234 18 22 0.025067894 
794 287 22 28 0.025061205 
329 87 35 41 0.025017867 
873 82 19 21 0.025016505 
204 158 39 49 0.025014732 
208 101 24 30 0.024986885 
660 368 81 103 0.024940524 
334 227 22 29 0.024741454 
297 134 56 71 0.024720317 
434 324 26 32 0.02469064 
792 86 19 23 0.02468946 
379 195 34 43 0.024671141 
827 108 18 23 0.024668515 
307 332 37 55 0.024629233 
445 286 67 79 0.024624161 
917 156 18 24 0.024513109 
313 3 26 28 0.024383131 
208 21 22 26 0.024373444 
536 141 31 38 0.02433306 
363 227 21 29 0.02430197 
995 101 17 22 0.024295384 
274 24 25 29 0.024216691 
594 78 19 22 0.024208523 
232 28 23 27 0.024084259 
766 202 20 27 0.02407938 
147 -1 42 39 0.024042841 
742 202 20 26 0.023953743 
335 166 47 59 0.023913492 
587 194 30 41 0.023817431 
308 99 21 26 0.023595262 
327 19 25 28 0.023454245 
314 75 59 70 0.023348333 
461 58 17 19 0.023337735 
258 152 121 146 0.023285097 
642 250 20 24 0.023200383 
583 352 27 34 0.023196967 
826 81 18 22 0.023120057 
387 269 34 46 0.023108816 
312 20 24 28 0.023095787 
332 50 21 26 0.022972573 
466 200 52 68 0.022873485 
854 128 19 24 0.0228275 
405 117 35 43 0.022798095 
376 161 55 68 0.02279171 
486 217 104 128 0.022733541 
742 277 22 27 0.022717431 
540 298 35 46 0.022670234 
261 4 24 28 0.022597305 
422 341 44 53 0.022492098 
578 373 31 41 0.022481188 
51 157 18 23 0.02239157 
851 175 17 21 0.022376738 
222 127 25 31 0.022374557 
699 331 68 89 0.022347538 
515 117 31 38 0.022258164 
706 243 75 91 0.022245325 
27 72 24 32 0.022110429 
369 401 49 68 0.02201286 
819 150 21 28 0.021981925 
527 260 57 72 0.02196358 
592 423 48 59 0.021855501 
639 344 29 41 0.021845106 
955 147 32 43 0.021823542 
591 3 18 21 0.021815568 
621 280 111 127 0.021810202 
20 58 44 58 0.0217914 
110 -1 24 24 0.021707494 
291 181 58 71 0.021684542 
770 80 19 22 0.021683818 
847 211 18 22 0.021678565 
689 322 27 37 0.021575592 
400 51 62 74 0.021569306 
346 292 70 85 0.021533867 
257 387 21 26 0.021529673 
408 31 21 23 0.021484485 
304 86 36 47 0.021467114 
490 54 17 19 0.021435816 
633 147 31 38 0.021414645 
453 168 35 46 0.021385012 
358 251 21 29 0.02137162 
950 103 17 22 0.021360526 
564 78 17 21 0.02134765 
187 151 23 29 0.021315016 
406 315 37 44 0.021292383 
791 293 33 41 0.021284776 
250 361 65 85 0.021229247 
70 3 29 30 0.021175392 
498 213 50 66 0.021120874 
226 148 27 33 0.021106564 
744 263 22 27 0.021102967 
179 297 79 109 0.021067869 
431 55 60 75 0.021041019 
49 4 31 32 0.021039449 
536 321 37 48 0.021015104 
824 288 20 25 0.020953361 
852 104 19 23 0.020947192 
736 328 38 52 0.020938238 
486 177 31 41 0.020919649 
882 123 36 44 0.02090964 
196 58 66 80 0.020886254 
524 378 65 80 0.02084224 
408 147 34 43 0.020826397 
872 220 21 25 0.020743739 
506 146 30 37 0.020685164 
770 302 21 26 0.020671144 
378 214 54 69 0.02044208 
956 173 19 25 0.020400787 
799 65 108 128 0.020384267 
61 180 21 28 0.020379413 
725 179 19 24 0.020238377 
405 162 101 124 0.020237638 
293 300 70 93 0.0201862 
302 194 35 45 0.020134816 
749 107 20 23 0.02009076 
305 228 23 30 0.02000964 
404 424 74 84 0.020005431 
