39_Ice_Skating_Ice_Skating_39_487
91
502 252 62 77 0.9232676 
27 12 49 57 0.046952978 
379 283 28 37 0.045223802 
621 93 98 121 0.04462252 
910 261 21 26 0.04311033 
676 230 23 30 0.042981673 
437 -1 47 48 0.042119693 
826 828 406 420 0.042076387 
673 262 25 32 0.041780937 
954 223 30 38 0.041653786 
94 59 27 32 0.03679596 
422 -5 74 80 0.036063567 
609 269 44 58 0.03381744 
699 264 574 644 0.033318914 
841 262 19 25 0.032919817 
578 290 27 36 0.032763075 
575 304 42 56 0.032310873 
172 177 22 28 0.031988565 
206 370 26 31 0.031930428 
667 255 41 57 0.031879455 
89 56 48 56 0.03146617 
512 403 68 89 0.031421963 
805 589 404 442 0.031351235 
474 19 85 93 0.031169541 
328 254 76 93 0.030373927 
657 252 67 89 0.030065622 
691 230 20 29 0.029556695 
692 285 28 36 0.029143652 
261 3 28 29 0.02879574 
594 599 808 813 0.028771505 
146 394 24 30 0.02876425 
667 221 41 55 0.027940292 
342 2 34 30 0.027723577 
867 264 18 24 0.027356366 
48 24 29 35 0.027196474 
96 33 25 28 0.026951818 
901 44 62 62 0.02660512 
666 66 74 105 0.026406614 
80 35 106 114 0.02617104 
3 76 27 38 0.02605945 
820 -84 392 434 0.025931267 
821 266 20 26 0.02570645 
386 430 56 68 0.025661249 
754 443 26 29 0.025612248 
338 -2 85 73 0.025468199 
684 278 65 84 0.025188604 
403 334 26 36 0.02513882 
760 35 86 86 0.025105445 
0 58 25 37 0.025052246 
841 229 19 24 0.024862193 
902 227 22 29 0.024603931 
721 312 24 33 0.024310384 
377 65 33 37 0.024064364 
606 0 29 30 0.024003088 
436 15 76 90 0.023993973 
751 -1 29 29 0.023984127 
57 80 25 33 0.023966735 
814 293 19 24 0.023463879 
690 265 24 30 0.023293367 
316 169 84 107 0.023248233 
922 263 21 27 0.023203095 
577 137 93 117 0.02306326 
313 273 46 58 0.022817515 
627 283 29 38 0.022756992 
401 289 25 33 0.022682214 
349 301 44 59 0.022565065 
278 21 86 86 0.022550575 
775 -3 96 91 0.0223729 
215 0 89 85 0.022362346 
372 321 27 35 0.022239242 
240 21 89 99 0.022180641 
321 289 25 33 0.022027498 
366 307 44 57 0.02200433 
629 -245 751 810 0.021964578 
767 15 68 59 0.021848395 
847 295 19 25 0.021743907 
408 561 102 101 0.021690669 
527 167 82 96 0.021637509 
262 181 89 121 0.021619549 
728 -1 27 30 0.021456504 
561 268 67 85 0.021439461 
728 294 24 30 0.021420129 
867 292 21 25 0.021285897 
574 218 78 102 0.02087008 
575 252 47 58 0.020843653 
698 205 20 29 0.020698939 
672 279 28 38 0.020561457 
583 263 26 33 0.020302974 
719 -8 46 46 0.020247567 
762 342 25 32 0.020041263 
342 188 91 107 0.020002969 
