39_Ice_Skating_Ice_Skating_39_661
257
802 409 22 27 0.18215564 
750 249 20 25 0.15936294 
802 356 22 26 0.15302232 
340 201 18 22 0.13763326 
984 440 21 28 0.13396671 
19 358 19 25 0.11167135 
88 358 21 27 0.11068733 
392 210 17 21 0.10485661 
728 206 17 21 0.08841753 
162 301 19 24 0.07993025 
341 187 17 22 0.07967661 
10 361 20 27 0.07693052 
35 256 17 21 0.0763451 
133 335 20 25 0.075225845 
750 237 19 24 0.065838866 
354 202 17 21 0.06285447 
211 149 21 27 0.05911317 
928 431 19 24 0.058345355 
179 286 16 21 0.057989806 
253 185 17 22 0.05670843 
739 210 18 22 0.05656914 
189 255 16 19 0.055415027 
354 237 18 21 0.051887613 
48 252 16 20 0.05162294 
945 431 19 24 0.05150188 
207 278 19 23 0.050836187 
27 335 17 21 0.049497906 
109 235 19 24 0.04918342 
674 333 18 23 0.04624847 
201 261 19 22 0.046171203 
677 314 18 23 0.046103254 
471 185 17 21 0.044497233 
464 208 16 20 0.04371663 
717 230 16 21 0.043556813 
514 231 16 21 0.043536518 
816 84 24 29 0.043468785 
790 212 19 22 0.043244906 
9 377 20 27 0.043119725 
441 213 16 19 0.04286386 
568 132 17 21 0.042373594 
415 413 19 24 0.04223033 
287 200 18 22 0.041954584 
343 231 18 21 0.041762695 
282 361 18 22 0.041656446 
492 208 15 19 0.04161034 
234 258 18 21 0.041185 
813 429 24 29 0.041016053 
779 212 17 21 0.04089549 
287 187 18 21 0.04078373 
467 229 16 19 0.040766858 
409 363 17 22 0.040411286 
828 228 17 21 0.039582353 
947 417 19 22 0.03915028 
406 208 16 20 0.039123904 
439 328 18 22 0.037910875 
259 202 18 21 0.03787732 
844 235 16 21 0.037521634 
241 185 18 22 0.03710159 
686 312 18 22 0.036571693 
869 284 19 27 0.0364857 
134 147 18 24 0.03625899 
818 212 17 20 0.036209088 
849 381 20 25 0.03619678 
981 485 20 26 0.03570998 
993 452 18 27 0.035694983 
132 355 19 24 0.035437092 
156 358 17 22 0.034917668 
768 232 18 23 0.03482752 
205 307 18 24 0.03465223 
763 252 17 22 0.03462738 
668 353 19 25 0.03457641 
156 335 18 24 0.03453686 
716 258 18 24 0.03438504 
259 362 16 20 0.03384051 
796 386 22 26 0.03366072 
182 130 18 23 0.03360697 
4 300 18 24 0.03357108 
231 360 16 21 0.033413835 
358 189 16 20 0.033368032 
992 68 22 35 0.033143826 
181 333 18 23 0.033143222 
28 308 17 22 0.03287184 
438 315 17 20 0.032662645 
228 282 18 22 0.032526344 
849 364 20 26 0.032440417 
157 134 17 23 0.032122247 
642 204 17 21 0.03210865 
287 381 18 22 0.03203452 
600 156 16 19 0.031647306 
209 361 17 21 0.031622157 
536 229 18 20 0.031567838 
386 226 17 20 0.031491242 
83 335 19 24 0.031414427 
510 211 16 20 0.031294603 
287 131 18 22 0.03129242 
483 183 16 20 0.031233571 
536 333 18 22 0.031054989 
792 226 18 23 0.031045701 
285 83 21 25 0.031022253 
884 226 83 96 0.030964985 
745 231 31 40 0.03078801 
977 129 20 29 0.030695757 
489 307 16 20 0.0305587 
153 150 18 22 0.030374086 
102 335 20 24 0.030198677 
924 417 19 24 0.02994678 
768 383 18 22 0.029945547 
976 291 19 22 0.029910814 
109 253 18 23 0.029832736 
29 283 16 21 0.029797817 
129 382 19 25 0.02972968 
618 211 17 20 0.02964458 
611 156 16 19 0.029424708 
54 237 17 20 0.02941048 
178 304 18 22 0.029225396 
721 177 20 25 0.029186822 
236 18 289 319 0.029092737 
209 134 20 25 0.029013671 
259 406 20 27 0.028820647 
493 385 17 21 0.028772779 
387 185 16 19 0.028671958 
33 203 18 24 0.028629055 
52 359 18 24 0.028626246 
613 227 17 21 0.02857315 
311 209 16 20 0.028391164 
977 58 34 52 0.028371 
700 227 18 22 0.028262416 
979 299 20 24 0.028142774 
493 540 24 30 0.028010603 
771 284 17 22 0.028008195 
7 289 17 23 0.02799602 
750 334 19 23 0.027989917 
509 307 16 21 0.027951159 
258 388 18 23 0.027928773 
341 159 17 21 0.027887696 
76 232 18 23 0.02779808 
390 156 17 21 0.027627587 
258 231 18 21 0.027610555 
694 174 18 23 0.027352648 
843 93 20 25 0.027146604 
182 358 18 22 0.026584797 
414 188 16 18 0.026517201 
716 280 19 23 0.02648583 
414 382 17 22 0.026340477 
230 153 18 24 0.026325064 
4 336 18 23 0.026229786 
285 339 19 23 0.026186444 
287 98 18 20 0.026127864 
307 128 17 20 0.025988974 
993 486 18 26 0.025972597 
-1 258 16 21 0.025763048 
486 283 16 19 0.025736418 
848 252 17 20 0.025595937 
253 159 17 22 0.025469692 
696 211 17 22 0.02546251 
874 187 135 177 0.025341509 
357 249 19 22 0.02528915 
870 258 18 24 0.025084557 
130 312 19 25 0.02491626 
469 308 16 19 0.02485928 
699 153 21 25 0.02483802 
368 99 16 21 0.024706751 
209 332 18 21 0.024684967 
851 287 18 23 0.024655148 
311 360 17 22 0.024410902 
566 260 17 21 0.024394503 
492 231 15 19 0.02438453 
592 229 17 20 0.02433343 
720 194 34 44 0.02427006 
468 288 16 20 0.024250712 
490 261 17 20 0.024234872 
819 385 21 24 0.024121694 
331 106 16 20 0.024093132 
237 200 17 22 0.024090845 
688 125 76 89 0.024040874 
82 255 17 21 0.023969272 
825 256 17 20 0.023897555 
159 178 18 24 0.02371627 
642 188 16 19 0.023662494 
929 303 22 26 0.023612933 
208 234 17 20 0.023550345 
874 407 19 25 0.023509402 
928 511 20 23 0.02347389 
802 427 23 27 0.023419322 
313 101 17 20 0.02340368 
715 150 22 28 0.023358485 
336 128 17 20 0.02322349 
797 252 18 23 0.023199419 
621 256 18 22 0.023127617 
231 385 18 24 0.023120185 
411 338 17 20 0.023110913 
309 229 17 21 0.022999432 
572 230 17 20 0.02298774 
745 178 17 21 0.022854246 
129 283 20 24 0.022789827 
540 261 17 21 0.022759693 
154 99 17 21 0.022561101 
539 280 17 21 0.022533992 
157 205 19 24 0.02251344 
791 398 49 59 0.022354428 
235 302 17 22 0.022210216 
235 237 18 22 0.022184538 
565 151 16 20 0.02201441 
308 340 18 23 0.021965262 
896 219 51 59 0.021957617 
440 226 16 20 0.021943884 
898 412 19 23 0.021940505 
159 228 17 20 0.021934262 
974 414 18 22 0.021867791 
872 228 18 25 0.021836447 
461 412 18 22 0.02183322 
944 305 19 23 0.021773808 
795 285 18 22 0.021771101 
944 173 21 29 0.021761611 
727 158 118 139 0.021751545 
900 206 24 29 0.02169496 
901 252 25 29 0.021551428 
437 387 17 22 0.021515012 
278 407 20 25 0.021485383 
363 130 16 20 0.021403916 
689 328 18 23 0.021396656 
668 209 16 21 0.02134535 
462 386 18 20 0.021254443 
237 109 17 21 0.02120911 
440 154 16 22 0.021193355 
228 130 19 23 0.02115383 
125 253 18 24 0.021113155 
719 305 19 22 0.021100042 
541 211 18 21 0.021095429 
541 306 18 22 0.021056022 
901 223 27 31 0.021048142 
55 337 18 22 0.021034794 
542 361 18 22 0.021033905 
751 387 19 23 0.021030914 
254 307 17 22 0.021003826 
772 361 18 22 0.02098508 
798 100 20 24 0.020981833 
798 340 19 24 0.020862775 
647 130 19 22 0.020852622 
31 248 28 35 0.02084018 
774 204 31 39 0.020831186 
920 145 22 29 0.020826727 
541 387 18 23 0.020790279 
125 230 18 23 0.020738758 
749 279 19 24 0.02071842 
792 125 17 21 0.020609906 
767 94 21 28 0.020606808 
637 259 18 23 0.020585243 
898 281 22 27 0.020569151 
512 151 18 22 0.020444823 
234 338 16 20 0.020334046 
20 383 20 26 0.020287607 
308 157 17 20 0.020275302 
842 132 17 23 0.020227272 
971 351 25 32 0.0202111 
437 362 18 21 0.020067114 
367 84 20 24 0.020045258 
