39_Ice_Skating_iceskiing_39_81
44
34 129 52 63 0.415819 
423 190 60 70 0.28592893 
489 136 32 43 0.14028874 
364 194 25 35 0.076477066 
20 96 74 84 0.07103203 
236 107 548 550 0.055245828 
434 162 70 87 0.049117025 
431 208 72 84 0.044083808 
411 187 47 58 0.040858213 
337 352 23 26 0.037106138 
381 347 24 33 0.033423904 
640 402 528 562 0.033373863 
377 195 26 35 0.031560525 
339 331 60 72 0.029497448 
331 342 43 46 0.028882386 
473 214 43 53 0.028212802 
408 334 586 582 0.026416577 
398 218 66 80 0.026239773 
494 216 72 84 0.026211679 
91 185 76 103 0.02580991 
468 212 130 134 0.024873974 
367 179 51 67 0.02477695 
110 169 48 56 0.024726154 
344 293 66 79 0.024597278 
531 233 41 54 0.024560561 
28 123 32 35 0.024335718 
369 322 43 56 0.024306417 
226 331 41 66 0.024122879 
309 471 408 390 0.02306339 
296 325 72 83 0.022801638 
504 147 22 29 0.022131687 
89 118 39 48 0.022125697 
48 97 32 35 0.022003487 
27 105 28 32 0.021788549 
46 136 69 88 0.021707859 
261 300 74 95 0.021557806 
235 329 81 92 0.021428728 
213 345 61 86 0.021410462 
124 231 65 93 0.021369984 
385 275 74 90 0.021248326 
46 158 35 45 0.020851254 
457 174 27 33 0.020849911 
52 359 572 556 0.020840582 
317 147 340 346 0.020188978 
