39_Ice_Skating_Ice_Skating_39_203
20
513 104 64 85 0.99942076 
716 57 61 78 0.99888724 
600 211 85 101 0.08862366 
452 265 74 88 0.062617026 
886 90 42 49 0.048039343 
461 140 36 49 0.045068942 
116 366 41 48 0.041025884 
631 191 77 105 0.04099404 
123 349 40 47 0.039991338 
893 80 28 35 0.036905695 
483 121 62 80 0.02850001 
131 361 47 52 0.027907288 
126 339 24 29 0.02578449 
909 91 46 49 0.024835642 
48 362 20 25 0.02242553 
369 181 42 52 0.021973742 
111 294 333 302 0.021903818 
665 219 74 95 0.021811398 
109 385 25 31 0.020687826 
415 168 69 83 0.020165924 
