39_Ice_Skating_Ice_Skating_39_388
28
241 338 97 123 0.99958163 
458 304 98 136 0.9990695 
779 359 67 88 0.9702068 
29 292 76 100 0.96717304 
888 344 66 82 0.9612376 
385 309 85 107 0.53112054 
641 375 55 73 0.29149953 
201 264 66 77 0.13940668 
103 409 54 66 0.13179064 
28 344 67 95 0.10858993 
499 522 56 73 0.08651024 
42 397 39 55 0.057777774 
925 350 56 79 0.04905908 
975 364 38 55 0.042629737 
792 1089 523 550 0.039222937 
791 341 52 65 0.03880817 
666 396 43 54 0.034771834 
666 333 759 837 0.03465052 
526 807 1038 1084 0.034337495 
844 348 88 120 0.03380802 
799 172 506 567 0.032843545 
978 347 34 46 0.031153638 
658 -241 780 832 0.030556792 
795 364 85 107 0.029847415 
798 782 514 569 0.02875178 
937 334 45 62 0.027958078 
612 342 39 52 0.025109822 
606 358 61 83 0.024767447 
