39_Ice_Skating_iceskiing_39_817
115
403 370 72 89 0.98057073 
379 -15 167 169 0.11459831 
593 79 117 135 0.1105702 
579 110 83 94 0.10361395 
629 260 74 106 0.08283406 
-2 582 140 224 0.061485194 
172 434 31 39 0.05027538 
668 213 111 152 0.045815095 
818 128 382 442 0.04372891 
830 826 408 423 0.041793484 
297 658 25 32 0.039763615 
234 319 70 86 0.03968595 
834 -87 394 438 0.038880102 
544 11 183 179 0.038499027 
193 318 41 57 0.037971396 
131 44 162 184 0.036965095 
122 695 24 32 0.036417153 
297 554 66 88 0.036215737 
323 597 28 37 0.035831768 
581 253 99 123 0.035522375 
5 378 25 38 0.0354817 
291 632 30 39 0.03547375 
259 690 24 34 0.035099443 
622 99 146 186 0.034519073 
140 538 28 41 0.033393327 
611 -251 781 834 0.033132307 
293 691 22 31 0.03301711 
288 525 66 84 0.032944113 
299 368 75 92 0.032837737 
596 47 94 99 0.032732416 
295 666 74 113 0.032397177 
631 595 781 822 0.03158709 
276 624 75 111 0.031380277 
608 208 119 169 0.031170877 
144 706 37 61 0.03109365 
612 143 87 101 0.03036948 
268 548 68 82 0.029981693 
610 80 33 38 0.029926244 
291 752 26 34 0.029248258 
415 15 96 102 0.028658919 
260 668 22 31 0.0285336 
158 503 72 91 0.028532876 
339 369 47 60 0.02848342 
287 643 46 64 0.028360538 
174 655 43 62 0.028241575 
148 694 23 34 0.028029062 
151 634 21 28 0.027974328 
662 293 36 55 0.027903652 
264 587 75 94 0.02789235 
180 517 24 31 0.027743395 
218 762 39 53 0.02767485 
266 325 74 94 0.027176436 
314 662 26 36 0.027168423 
329 558 62 88 0.027127469 
250 676 39 53 0.0269266 
298 514 47 57 0.02650673 
182 573 27 37 0.026255837 
708 248 569 642 0.026196811 
199 0 98 90 0.026157293 
173 547 65 80 0.026038459 
117 515 63 85 0.02601251 
227 657 65 90 0.025694534 
643 36 30 31 0.02547918 
916 57 74 92 0.02535855 
599 69 56 62 0.024992175 
285 673 42 60 0.024746908 
238 341 28 37 0.024718609 
292 516 31 37 0.024715343 
138 634 71 95 0.024501577 
631 29 82 96 0.02444862 
180 668 26 37 0.024326954 
165 650 81 115 0.024180017 
212 637 107 148 0.024169343 
145 609 23 30 0.024073165 
169 296 59 84 0.023998238 
111 729 45 62 0.023911528 
144 -6 123 135 0.023617385 
675 37 74 111 0.02348444 
270 816 25 32 0.023480637 
120 716 28 40 0.023152214 
680 119 157 204 0.02284474 
196 578 28 35 0.022571247 
311 635 71 98 0.02246997 
181 546 27 35 0.022417102 
228 757 26 34 0.022416085 
305 624 46 64 0.022205774 
377 19 95 108 0.021955041 
78 620 121 177 0.021907592 
294 725 24 33 0.021754913 
318 633 25 34 0.021690704 
481 341 73 88 0.021598198 
555 489 182 231 0.021409752 
4 310 23 38 0.021407072 
194 29 109 124 0.021404156 
746 255 168 200 0.021151675 
212 300 68 95 0.02113496 
216 583 79 101 0.02106257 
148 322 25 32 0.021037856 
596 132 43 51 0.02103001 
34 685 83 106 0.020941306 
92 434 24 30 0.020885522 
629 83 31 38 0.020721175 
177 496 25 31 0.02068704 
602 114 36 42 0.02054567 
211 754 26 36 0.020524684 
230 521 24 30 0.020440092 
86 694 25 33 0.020323273 
579 118 34 44 0.020307673 
321 601 70 96 0.020215482 
637 47 30 34 0.020198023 
516 266 89 109 0.020106737 
827 593 390 433 0.020102693 
189 534 44 53 0.020076947 
614 709 106 128 0.020030469 
871 219 79 114 0.020001138 
