39_Ice_Skating_Ice_Skating_39_546
52
385 286 53 67 0.9948967 
218 245 59 70 0.9913502 
718 296 39 50 0.08801352 
619 237 37 52 0.087736644 
631 318 40 51 0.08447254 
529 275 26 32 0.07701486 
112 362 84 96 0.058998063 
422 290 42 52 0.056574143 
564 282 26 33 0.044475302 
920 5 23 27 0.041619927 
27 278 19 28 0.041093107 
587 267 34 47 0.036694784 
506 154 21 27 0.035162136 
710 303 55 74 0.03159899 
278 290 37 52 0.030925103 
95 297 36 48 0.030302037 
262 173 56 73 0.029957531 
239 158 55 76 0.029554596 
605 336 65 78 0.028672123 
736 304 24 33 0.027889624 
92 276 40 49 0.027854973 
606 367 43 55 0.02748105 
636 309 29 37 0.027465938 
449 292 33 43 0.027446942 
480 328 27 36 0.026977766 
771 278 24 29 0.026227806 
278 110 23 30 0.026052639 
844 286 40 51 0.025957597 
619 231 26 34 0.025867593 
175 274 27 35 0.025411857 
721 284 24 30 0.024665458 
770 258 25 30 0.024505865 
218 164 42 57 0.02388159 
480 305 24 31 0.023760078 
358 283 55 70 0.023676405 
824 262 21 25 0.023493152 
673 315 57 72 0.02325063 
122 270 39 48 0.023122452 
649 321 40 53 0.023072299 
456 278 34 44 0.02299751 
480 283 24 30 0.022932714 
129 256 30 36 0.022338735 
332 293 38 49 0.022158183 
611 174 18 25 0.02199821 
648 333 73 86 0.02172261 
117 296 41 52 0.020946067 
687 331 26 35 0.020718163 
172 291 42 53 0.020602407 
613 261 38 51 0.020538962 
510 296 36 45 0.020445319 
763 270 39 48 0.020285962 
646 180 19 27 0.0202256 
