31_Waiter_Waitress_Waiter_Waitress_31_465
23
663 108 125 159 0.99987996 
269 249 126 161 0.9997415 
170 94 25 30 0.047023498 
280 155 21 28 0.042516682 
312 146 23 29 0.03477592 
31 152 25 34 0.031120572 
541 23 64 83 0.027136547 
27 439 23 31 0.027008373 
219 465 101 172 0.025599845 
183 141 64 81 0.024365326 
563 13 80 98 0.023945702 
250 100 19 23 0.02388188 
228 339 45 56 0.02343382 
883 168 66 87 0.023268444 
55 555 23 30 0.02290309 
283 135 18 22 0.022899559 
817 131 45 63 0.022725366 
143 147 60 76 0.022410966 
238 270 72 98 0.021999372 
42 303 23 28 0.021891057 
30 299 23 30 0.02156868 
14 1 77 78 0.021218613 
20 128 55 75 0.0203457 
