31_Waiter_Waitress_Waiter_Waitress_31_358
93
498 281 76 99 0.9956896 
801 167 76 85 0.99451077 
306 280 65 78 0.9917041 
28 325 164 148 0.11234439 
742 369 26 35 0.103379264 
685 360 26 33 0.100131996 
370 214 51 58 0.0981559 
669 402 35 45 0.08548527 
160 307 54 75 0.073292285 
0 151 92 158 0.06341205 
640 454 31 39 0.063234925 
582 348 27 34 0.062741466 
611 382 29 35 0.06075809 
948 478 28 36 0.054787345 
640 356 23 28 0.053972073 
778 594 52 48 0.050693683 
624 371 37 44 0.049880322 
675 359 24 31 0.045949798 
974 520 31 46 0.045089334 
273 82 100 94 0.042983487 
992 453 22 36 0.04241365 
219 48 46 64 0.041053478 
615 356 23 29 0.040754464 
231 52 65 84 0.039964225 
766 351 24 31 0.0373498 
128 179 89 115 0.03603581 
763 383 23 29 0.035811618 
130 314 79 98 0.035553176 
375 232 72 77 0.035408948 
644 339 21 27 0.03533784 
66 267 145 155 0.034564447 
170 168 74 85 0.034247648 
920 655 31 34 0.033635583 
751 161 48 55 0.032276906 
458 288 57 73 0.032161172 
253 27 149 117 0.030242331 
33 118 219 304 0.030204391 
98 330 89 105 0.030114707 
249 56 81 97 0.030026881 
7 4 106 95 0.029397568 
259 148 63 82 0.02864516 
334 37 80 98 0.028329398 
296 54 128 130 0.027799297 
535 319 71 84 0.027596809 
919 642 26 28 0.027543869 
258 107 83 96 0.027357273 
314 108 114 134 0.027011093 
746 574 81 72 0.026930341 
947 453 38 49 0.026002906 
666 341 59 80 0.025985176 
799 412 23 29 0.025768938 
194 22 125 116 0.025251858 
726 413 37 50 0.025218872 
728 356 46 60 0.025194407 
665 258 29 35 0.025109671 
349 231 61 80 0.025076145 
742 338 49 60 0.024447288 
715 134 76 90 0.024264483 
946 635 26 28 0.02399098 
657 409 54 69 0.023878762 
364 339 49 61 0.023832403 
670 423 25 32 0.023265965 
605 366 47 59 0.023023048 
671 363 35 46 0.022822509 
380 245 37 43 0.022734996 
317 16 91 74 0.02271405 
844 558 104 108 0.022701671 
82 185 119 154 0.022455676 
301 182 43 52 0.022361044 
209 183 45 58 0.02233197 
467 304 31 40 0.022322334 
148 254 77 94 0.02207289 
203 95 77 91 0.02206651 
304 110 74 92 0.021986725 
683 411 24 29 0.021726962 
40 151 77 92 0.021616876 
69 85 158 187 0.021521162 
376 190 80 85 0.021511482 
489 240 69 87 0.021412024 
988 530 26 37 0.02134978 
637 441 52 67 0.02132831 
765 193 31 39 0.021025965 
166 166 159 174 0.020820452 
787 594 74 68 0.0206449 
378 329 32 42 0.020594979 
765 541 152 138 0.020551667 
17 394 130 104 0.020520905 
740 413 23 32 0.020374348 
390 286 66 87 0.020373669 
154 -19 261 202 0.020363245 
926 620 21 25 0.02028141 
974 617 25 29 0.02013464 
163 226 67 82 0.020037832 
