31_Waiter_Waitress_Waiter_Waitress_31_818
26
722 129 66 85 0.99986076 
180 99 120 163 0.99937576 
579 65 60 89 0.99602747 
773 55 56 69 0.99076897 
645 86 56 69 0.96838135 
882 82 57 79 0.71236414 
433 165 66 103 0.25415188 
922 132 77 119 0.1231152 
864 63 47 69 0.06336159 
680 43 42 51 0.060709827 
897 107 74 100 0.058512893 
653 51 63 82 0.04215077 
137 73 122 161 0.038665093 
485 76 42 63 0.03103213 
964 52 44 72 0.029386487 
862 108 65 86 0.028949806 
531 89 66 80 0.026816789 
842 40 40 54 0.026392195 
912 79 63 77 0.025313726 
25 16 69 88 0.025067238 
841 12 43 54 0.02489779 
128 122 67 92 0.023818403 
486 370 27 33 0.022240182 
899 143 125 192 0.022137718 
782 98 50 67 0.021813493 
856 38 48 65 0.020262744 
