31_Waiter_Waitress_Waiter_Waitress_31_351
152
309 162 136 193 0.9998037 
868 74 49 67 0.9669197 
140 138 46 62 0.35766757 
774 195 29 37 0.19478664 
145 125 70 90 0.16197418 
823 116 25 32 0.13173324 
20 19 42 55 0.13064866 
641 263 24 29 0.07985755 
950 194 44 59 0.07461176 
72 21 68 85 0.06596864 
79 67 23 31 0.06344657 
34 29 42 53 0.054618847 
725 104 20 25 0.05397453 
563 126 75 89 0.053865097 
47 43 24 31 0.05164023 
610 154 26 33 0.050137322 
77 53 37 52 0.049841985 
645 72 23 28 0.049412288 
946 98 22 29 0.04878318 
198 149 25 34 0.04824207 
130 145 34 46 0.04644067 
184 136 44 60 0.046201464 
765 122 23 30 0.04563234 
688 101 18 22 0.042527027 
695 135 19 23 0.04221482 
225 81 24 31 0.041897953 
610 132 22 27 0.04151505 
727 362 21 27 0.041133475 
93 32 77 95 0.039034985 
741 303 23 29 0.038889956 
378 117 38 49 0.03811945 
745 126 22 28 0.038048167 
737 249 28 36 0.03804794 
941 84 35 49 0.03793526 
43 27 28 34 0.037866063 
90 151 138 181 0.03712538 
649 128 19 24 0.03698168 
180 76 22 29 0.03607386 
691 327 25 31 0.03507778 
82 168 23 31 0.03482462 
160 87 69 87 0.034293007 
215 72 40 52 0.034139663 
770 108 22 28 0.034006093 
664 151 20 24 0.033508938 
694 146 20 24 0.03335986 
102 145 27 34 0.03331561 
203 125 27 36 0.033273533 
722 236 21 26 0.03262718 
848 357 23 28 0.03187542 
715 51 18 22 0.031733904 
570 225 20 24 0.031616986 
179 97 27 34 0.03145516 
968 66 24 33 0.031194543 
485 146 19 24 0.031083288 
617 44 70 89 0.030960508 
888 165 33 43 0.030744541 
662 131 19 23 0.030563781 
743 331 21 26 0.030499622 
77 158 23 31 0.030186014 
770 320 43 52 0.030080812 
736 294 37 49 0.0298814 
767 75 22 28 0.029843008 
202 80 61 80 0.029762242 
736 363 22 27 0.029334733 
54 73 22 27 0.028970085 
192 114 45 61 0.02866844 
774 333 26 31 0.028414607 
951 74 25 33 0.028307643 
747 296 87 100 0.028129224 
688 276 22 26 0.028021283 
857 218 42 50 0.027889434 
109 81 130 160 0.02750663 
671 97 20 25 0.027315952 
647 361 19 24 0.027307617 
160 55 63 79 0.027064558 
721 123 20 24 0.027053986 
932 257 67 110 0.026991667 
280 117 41 50 0.02697144 
28 183 23 30 0.026486078 
688 386 21 26 0.026379298 
666 78 19 24 0.026371425 
536 174 23 29 0.026327763 
37 39 65 83 0.026181405 
690 265 20 23 0.026120637 
724 253 22 27 0.02593988 
486 103 19 22 0.025766985 
726 176 23 28 0.025707753 
96 163 39 49 0.025282897 
880 133 60 75 0.025243212 
935 44 57 77 0.024988433 
38 109 39 48 0.024988234 
664 233 19 22 0.024798945 
733 260 39 50 0.024772918 
75 28 22 27 0.024715696 
795 154 25 31 0.024553802 
152 127 33 44 0.024505733 
118 148 83 97 0.024486886 
172 69 38 48 0.024406798 
359 98 70 85 0.024397029 
499 103 80 97 0.024272012 
639 65 38 45 0.02415043 
461 141 22 29 0.024092812 
538 151 23 28 0.024063585 
744 148 23 28 0.024055624 
885 293 58 77 0.023932464 
126 164 33 43 0.023860715 
844 196 37 44 0.023787823 
721 75 20 27 0.023631344 
66 19 47 59 0.023593033 
601 95 68 84 0.023425894 
48 58 38 51 0.0233464 
93 45 30 37 0.023092663 
769 183 25 32 0.023024738 
595 153 26 32 0.022965437 
644 100 22 27 0.022953825 
749 264 67 79 0.022908466 
645 58 22 25 0.022876702 
772 349 23 28 0.022707146 
518 177 23 27 0.022621965 
718 95 33 41 0.022596175 
795 105 22 27 0.022595119 
31 -7 96 109 0.02258999 
716 243 39 46 0.022433313 
737 232 25 31 0.02239892 
585 101 19 24 0.022304082 
662 261 19 24 0.02190015 
110 55 48 59 0.021788266 
104 86 78 95 0.021581903 
822 203 25 34 0.021505918 
935 212 61 88 0.021457797 
183 151 25 34 0.021406235 
942 123 24 33 0.02140148 
738 321 37 46 0.021398649 
737 196 23 31 0.02132001 
792 76 23 28 0.021286916 
93 133 53 68 0.021150319 
614 168 25 32 0.021128997 
708 203 68 82 0.021084359 
597 131 21 25 0.021068165 
-1 188 71 98 0.021046627 
725 375 23 29 0.021038739 
729 355 37 43 0.020902926 
564 135 18 24 0.0208195 
497 78 139 171 0.020759212 
83 402 20 25 0.02068234 
48 107 23 30 0.02061941 
598 130 41 54 0.020503255 
520 151 23 27 0.020471355 
104 27 25 27 0.020441836 
639 85 39 49 0.020173147 
584 227 20 25 0.020154074 
518 134 23 26 0.020050252 
