31_Waiter_Waitress_Waiter_Waitress_31_572
27
314 70 152 203 0.99985707 
652 114 158 203 0.99963427 
542 107 73 100 0.22790523 
300 322 173 194 0.10509152 
231 229 79 97 0.05769432 
609 663 31 36 0.040691946 
807 675 28 33 0.03604053 
904 887 432 469 0.03587611 
821 675 29 34 0.03295682 
742 668 24 28 0.031571746 
923 -105 426 479 0.031165497 
931 145 428 479 0.030275445 
759 573 24 29 0.029049061 
796 635 24 27 0.026130646 
807 302 607 715 0.025756622 
17 143 58 86 0.025208732 
689 638 823 910 0.024926899 
348 449 116 122 0.024018815 
89 652 85 101 0.023187093 
2 236 29 53 0.022923047 
761 673 23 28 0.022361003 
180 345 97 117 0.022129627 
791 513 28 33 0.022051126 
59 78 43 64 0.021589603 
902 664 395 482 0.020678593 
0 203 44 89 0.020210303 
65 101 49 72 0.020051517 
