31_Waiter_Waitress_Waiter_Waitress_31_93
41
144 220 110 144 0.9997497 
589 73 118 169 0.99894327 
387 522 64 86 0.12275295 
868 41 25 30 0.06456176 
712 126 33 47 0.05937431 
383 210 72 95 0.058240484 
902 71 24 33 0.036630727 
233 76 21 29 0.03274769 
811 578 70 77 0.03164701 
363 177 72 92 0.03082168 
380 132 19 24 0.029887138 
405 188 60 83 0.029613355 
382 493 70 77 0.029108828 
332 76 19 23 0.027553368 
411 177 22 28 0.025808543 
142 -1 78 66 0.02571507 
363 220 110 156 0.025399825 
412 204 24 30 0.025145734 
388 80 17 21 0.024846682 
20 846 23 28 0.024013512 
251 23 22 27 0.02388408 
407 224 26 34 0.023656754 
333 55 19 24 0.023603173 
869 100 21 31 0.023462078 
387 105 17 22 0.023207882 
267 136 58 93 0.023123272 
414 157 19 24 0.023107344 
847 80 20 27 0.022864142 
337 171 65 87 0.02262265 
974 594 35 59 0.022531563 
433 206 21 28 0.022221148 
412 105 18 23 0.022186253 
835 559 70 86 0.021996778 
132 82 19 24 0.021804115 
313 74 19 22 0.021520622 
409 129 18 23 0.021264266 
215 231 78 97 0.020610424 
410 78 18 24 0.020474125 
34 768 17 21 0.020391619 
47 765 19 24 0.0200971 
390 158 64 79 0.020036986 
