46_Jockey_Jockey_46_202
59
482 79 48 59 0.88613635 
492 44 60 68 0.4300871 
713 157 86 118 0.120765045 
694 606 21 30 0.07751275 
803 163 98 145 0.056792036 
383 98 25 35 0.04844806 
367 264 75 102 0.04555436 
728 185 109 140 0.04294381 
426 264 131 143 0.039330196 
466 586 17 20 0.03702916 
45 737 23 28 0.035138585 
839 208 79 113 0.034105796 
-1 643 17 25 0.033590667 
769 152 62 99 0.033428196 
537 318 83 89 0.032621793 
486 685 24 27 0.031269547 
405 119 44 56 0.03072031 
373 98 60 78 0.030549517 
382 240 108 150 0.028797252 
562 590 21 24 0.02851764 
489 292 92 98 0.027654743 
447 259 58 85 0.027515171 
871 109 36 56 0.02747863 
357 177 230 248 0.026952457 
623 584 19 23 0.026942989 
497 363 104 111 0.026771434 
558 343 80 87 0.026268821 
210 715 20 24 0.02613414 
443 347 110 128 0.025685031 
694 215 83 90 0.025500743 
496 25 49 59 0.025271373 
470 274 65 93 0.02467488 
566 538 21 24 0.024623169 
306 254 77 95 0.024199793 
417 235 68 87 0.02341765 
333 222 85 103 0.022895401 
588 589 20 24 0.022857036 
497 418 105 108 0.022765715 
755 122 209 260 0.02257558 
520 635 21 27 0.02205572 
30 687 18 22 0.02186532 
32 609 16 21 0.021712203 
411 138 63 80 0.021472212 
546 700 41 46 0.021414947 
134 722 24 27 0.021375427 
566 609 19 24 0.021272335 
491 258 64 81 0.021156175 
495 70 65 77 0.021056868 
497 618 18 21 0.020956764 
672 102 207 250 0.020847619 
751 230 43 59 0.020828713 
841 131 87 130 0.020826891 
785 237 133 154 0.020721253 
540 588 20 22 0.02055329 
488 670 21 25 0.020534309 
311 259 161 183 0.020510778 
837 257 133 155 0.020488732 
825 158 66 89 0.020132616 
25 593 17 22 0.020102354 
