46_Jockey_Jockey_46_130
103
573 98 42 60 0.25226817 
223 193 176 224 0.22673613 
896 288 25 32 0.14348298 
821 275 27 33 0.12976238 
233 173 115 149 0.10897484 
31 612 73 135 0.07279396 
534 83 48 57 0.06935276 
876 281 22 28 0.061923668 
388 378 30 34 0.06078729 
66 617 39 68 0.060551763 
639 314 45 53 0.05999913 
868 263 20 26 0.058784142 
76 403 23 32 0.057851933 
871 144 30 39 0.057706572 
543 70 66 84 0.05153365 
542 91 28 34 0.051058065 
186 211 252 357 0.04989657 
804 290 38 49 0.04861908 
816 262 24 30 0.0447996 
837 280 20 26 0.041275606 
876 293 34 42 0.039130457 
534 79 30 37 0.03908316 
276 336 25 30 0.035881158 
461 348 26 32 0.03502637 
902 253 20 26 0.034620598 
565 95 30 40 0.03449032 
542 121 26 31 0.033446178 
72 504 25 38 0.032335065 
779 279 60 77 0.031998545 
903 234 19 24 0.031612717 
768 256 118 134 0.030621497 
585 307 24 31 0.03004673 
830 272 33 43 0.029330567 
487 206 38 52 0.029170364 
568 118 29 38 0.028942788 
386 364 25 29 0.028334565 
419 167 64 90 0.0271243 
380 367 52 60 0.026991786 
284 349 26 31 0.026785063 
921 254 21 27 0.026647905 
580 73 47 65 0.026382912 
751 154 19 22 0.026017385 
438 253 21 26 0.025887996 
774 175 22 29 0.025784228 
435 193 64 83 0.025716426 
78 415 35 48 0.025484746 
494 210 22 32 0.02538485 
851 259 20 26 0.025146553 
849 225 21 27 0.025123166 
890 326 24 31 0.02505418 
436 342 78 87 0.024808683 
838 161 38 49 0.024655042 
411 298 24 31 0.024393605 
871 313 39 47 0.024139982 
515 85 42 53 0.024133077 
6 540 124 219 0.023897402 
864 255 33 42 0.023727298 
877 325 23 28 0.023716351 
740 137 259 293 0.023602987 
73 261 231 374 0.023560517 
949 149 21 30 0.023541695 
443 387 79 93 0.023540396 
92 364 160 185 0.02343812 
533 324 30 35 0.023433445 
845 127 22 28 0.02337668 
883 274 48 60 0.023360804 
578 316 38 48 0.0231578 
435 126 109 137 0.023098407 
356 358 22 27 0.023047343 
901 265 53 67 0.023032919 
558 75 29 38 0.022807417 
950 133 20 27 0.022799565 
609 76 24 29 0.02268344 
253 156 81 97 0.022311438 
56 488 41 61 0.022250207 
800 253 52 65 0.022154888 
847 210 22 27 0.022129267 
159 285 23 28 0.022119055 
83 618 39 62 0.022003587 
770 299 28 39 0.021968562 
821 5 19 21 0.021834737 
382 154 118 147 0.02179638 
828 257 122 152 0.02173376 
575 0 39 42 0.021669187 
915 284 23 30 0.021561246 
498 282 81 95 0.021480246 
473 138 114 151 0.021405194 
843 175 22 27 0.021350846 
123 444 49 51 0.021154193 
921 125 21 28 0.021094445 
849 139 36 47 0.02101738 
897 118 75 90 0.020864595 
811 328 85 106 0.020821637 
918 298 23 30 0.02063131 
949 254 21 29 0.020626236 
590 288 22 26 0.020468635 
444 229 21 27 0.02044973 
470 220 62 81 0.020441094 
830 146 63 77 0.020157512 
3 283 23 35 0.020112956 
552 294 58 68 0.02007995 
762 277 48 58 0.02004777 
915 247 36 47 0.02002743 
