46_Jockey_Jockey_46_779
200
537 122 51 67 0.9496715 
109 148 56 73 0.5954682 
938 123 28 34 0.29601797 
494 87 40 52 0.2653121 
917 5 25 30 0.13690159 
663 318 27 33 0.10639459 
30 625 44 45 0.094692975 
493 401 25 31 0.09456487 
630 323 29 35 0.09184764 
661 120 42 62 0.090897635 
665 82 39 62 0.089979425 
993 122 19 28 0.08981124 
7 133 70 119 0.08808392 
983 126 19 28 0.08232179 
634 303 39 51 0.07338706 
843 149 22 29 0.07141922 
843 134 19 25 0.06746271 
503 127 52 68 0.06481857 
661 62 38 58 0.06293855 
974 74 20 26 0.06268025 
480 265 41 48 0.061858814 
600 278 68 84 0.06074605 
954 69 20 26 0.05721563 
981 145 20 30 0.05540193 
640 75 25 36 0.054375887 
498 347 42 51 0.05378685 
571 236 74 89 0.05373034 
556 122 59 77 0.051156748 
488 378 42 51 0.0500696 
535 97 44 59 0.04723338 
642 89 28 41 0.047017537 
174 155 37 54 0.046339206 
901 2 27 30 0.045223128 
309 361 19 28 0.044949595 
491 354 27 32 0.04478858 
664 55 24 33 0.042657834 
493 387 24 28 0.041553155 
793 210 19 23 0.041548718 
613 325 69 84 0.04041263 
764 126 20 27 0.03973483 
637 70 58 78 0.038556896 
505 81 28 35 0.038352273 
472 245 45 52 0.038252838 
795 161 21 27 0.038137168 
640 131 43 57 0.03776963 
824 203 18 23 0.03747041 
325 118 44 56 0.037333537 
346 96 41 55 0.036861364 
795 19 24 31 0.036556736 
822 177 18 24 0.035349622 
490 79 29 36 0.03522672 
366 326 38 47 0.035165954 
460 169 36 49 0.0350767 
379 332 21 28 0.034714565 
433 111 39 53 0.034235798 
48 152 58 79 0.033949476 
339 378 19 25 0.033875633 
942 138 26 33 0.03359774 
459 378 20 26 0.033464275 
664 362 23 29 0.03344947 
952 58 19 23 0.033429384 
945 24 21 26 0.033369068 
980 98 18 26 0.033290748 
617 305 24 30 0.033150338 
820 101 21 30 0.033046566 
505 333 30 36 0.03296249 
994 103 17 26 0.03257455 
895 50 20 24 0.032260492 
944 107 23 28 0.03203061 
928 113 45 55 0.031965885 
730 54 133 202 0.031940505 
452 111 37 50 0.031937607 
126 158 59 77 0.03187637 
824 121 19 26 0.031854637 
3 149 134 176 0.031585287 
500 234 42 54 0.031008868 
391 171 47 55 0.03017578 
632 204 31 38 0.030015314 
52 85 43 47 0.0298387 
484 108 40 53 0.029739639 
815 73 19 29 0.029592508 
737 515 350 379 0.029481003 
317 146 68 78 0.029391171 
607 134 41 54 0.029342499 
366 353 20 25 0.029152779 
367 333 22 30 0.029007217 
734 135 60 80 0.02898857 
507 337 57 73 0.028768335 
764 152 22 30 0.028453406 
71 176 23 31 0.028247848 
944 1 23 27 0.028195791 
585 270 30 35 0.02807414 
662 25 22 26 0.027932227 
557 23 20 24 0.027768238 
799 71 23 32 0.027713634 
575 220 53 64 0.027615162 
770 103 21 26 0.02757332 
978 26 20 26 0.027393501 
649 347 43 52 0.027354302 
382 355 19 27 0.027306614 
444 351 60 75 0.027139856 
513 303 26 34 0.027113147 
566 185 60 77 0.026842413 
636 353 25 30 0.026822345 
123 129 43 56 0.026619302 
215 20 100 94 0.026538925 
585 38 39 48 0.026520772 
491 147 29 39 0.026439015 
453 366 35 46 0.026332643 
313 374 19 28 0.026142564 
793 5 24 29 0.026007708 
347 37 43 50 0.025945194 
898 21 23 26 0.025886072 
51 296 168 165 0.025807444 
489 335 27 32 0.025636375 
544 22 23 26 0.025453659 
976 2 19 23 0.025440967 
503 278 27 36 0.025361337 
748 148 24 32 0.025249412 
522 220 58 80 0.025194414 
306 140 50 59 0.025192445 
54 125 26 31 0.025156373 
561 306 673 736 0.024971548 
761 37 85 116 0.02492261 
20 147 31 46 0.024839971 
815 3 21 25 0.02470233 
750 217 89 125 0.024660826 
363 307 24 31 0.024336932 
-6 195 75 126 0.02431751 
480 188 41 50 0.024285989 
22 340 116 135 0.02418554 
941 206 26 35 0.024069369 
197 149 24 32 0.024026724 
357 381 19 24 0.023859594 
757 147 35 50 0.02374136 
755 118 38 49 0.023731714 
383 311 21 29 0.023674434 
561 250 51 66 0.023629453 
379 92 42 53 0.023599135 
26 172 75 105 0.023594711 
723 69 201 316 0.023587639 
729 153 74 111 0.023579525 
3 322 81 113 0.023576474 
704 122 62 86 0.023572061 
798 126 19 25 0.023234745 
218 45 59 59 0.023178296 
962 108 43 65 0.02307177 
485 334 43 52 0.023013482 
925 281 23 31 0.022877537 
847 174 21 27 0.022855846 
463 363 21 28 0.022701185 
350 167 50 54 0.022651015 
643 118 29 42 0.02255279 
686 138 27 39 0.022431433 
587 126 29 38 0.02213002 
340 138 49 58 0.022068758 
200 127 23 30 0.02199423 
748 132 23 28 0.021988878 
847 2 20 24 0.02198703 
845 207 20 25 0.021892507 
825 157 19 25 0.02182084 
374 142 46 55 0.021799942 
795 275 62 77 0.021771308 
683 96 24 36 0.021757968 
275 172 42 50 0.021745218 
21 134 24 32 0.021741567 
333 417 20 25 0.021740032 
358 304 40 52 0.021681596 
795 224 19 25 0.021665663 
66 160 152 175 0.02158756 
840 286 21 26 0.021507544 
419 122 59 76 0.021488776 
169 177 40 56 0.02145384 
612 40 28 35 0.021380778 
454 254 59 70 0.021356078 
107 169 30 40 0.021222973 
202 309 22 28 0.021208966 
663 282 26 33 0.021205535 
335 331 18 25 0.021085078 
717 98 21 28 0.020949949 
929 207 23 29 0.020874614 
349 296 73 95 0.020762643 
814 25 21 25 0.02073029 
553 253 104 124 0.020684676 
606 275 105 122 0.020631453 
131 130 26 32 0.020617306 
848 22 19 24 0.02060554 
795 58 37 54 0.020580692 
539 50 23 29 0.02037967 
842 106 17 23 0.020366883 
625 372 51 58 0.020342443 
375 468 169 190 0.02031951 
311 336 20 27 0.020308934 
825 248 21 27 0.02030272 
825 237 20 25 0.020248119 
459 98 27 36 0.020236451 
426 37 44 52 0.020122986 
929 106 22 28 0.020110598 
259 308 19 24 0.020035453 
575 154 45 61 0.020017216 
