46_Jockey_Jockey_46_79
176
426 171 42 52 0.96448064 
326 244 41 53 0.96059686 
591 42 42 52 0.9153497 
562 89 30 39 0.89981604 
397 253 33 48 0.8894587 
657 13 44 48 0.7780995 
546 28 25 30 0.24903831 
306 296 37 45 0.18627816 
467 4 27 30 0.17517135 
452 126 31 37 0.17282562 
638 16 40 48 0.14559318 
511 78 25 32 0.13907166 
125 404 28 36 0.1270293 
510 3 23 27 0.12642163 
156 308 29 37 0.12089463 
181 401 34 45 0.09779439 
672 -1 37 41 0.09576515 
221 341 39 52 0.09543975 
413 43 24 29 0.09448607 
663 33 32 39 0.0901448 
172 325 38 49 0.08957038 
329 227 34 43 0.0842794 
379 2 20 24 0.081889436 
309 259 41 52 0.07907375 
516 93 24 31 0.07765324 
431 150 36 44 0.076976694 
341 633 22 27 0.0766865 
542 41 25 32 0.074268304 
512 23 23 27 0.07236656 
553 18 25 33 0.06831042 
432 0 24 27 0.06582403 
275 329 35 44 0.06537031 
607 25 40 52 0.06490707 
444 140 41 51 0.06309723 
613 0 26 32 0.06146745 
482 46 23 29 0.057085734 
518 119 26 32 0.056142226 
495 304 24 30 0.05593386 
282 276 30 39 0.054984905 
305 197 29 35 0.05476452 
470 49 24 30 0.054060474 
430 43 24 30 0.053699747 
412 31 23 27 0.05369548 
304 319 31 39 0.052459966 
247 337 35 46 0.051207833 
117 417 39 50 0.05098961 
165 300 36 45 0.04929657 
681 20 31 38 0.048573177 
416 -2 22 24 0.0482259 
162 491 45 52 0.048007984 
202 360 40 56 0.047582347 
509 45 23 30 0.046650663 
544 92 35 44 0.044813134 
588 224 29 34 0.044613235 
558 5 24 29 0.043842606 
97 442 41 51 0.043250766 
368 3 19 21 0.042946003 
558 210 43 50 0.042412095 
537 221 27 34 0.04230692 
381 636 23 26 0.042284127 
283 254 27 36 0.042277485 
383 45 22 26 0.041906837 
413 189 40 49 0.04106404 
640 -3 42 47 0.038275816 
377 147 24 30 0.037896585 
841 32 26 29 0.037560616 
487 217 36 44 0.037501533 
327 21 21 25 0.03741442 
171 362 44 57 0.03712853 
281 297 30 39 0.03697251 
994 49 17 24 0.036643784 
3 138 253 364 0.03651468 
149 451 39 48 0.036405593 
493 78 25 32 0.035903823 
365 134 23 29 0.035169594 
486 95 26 32 0.03475863 
310 386 25 32 0.034465875 
417 173 31 39 0.033933554 
407 108 21 26 0.03351494 
603 142 38 50 0.03340119 
195 331 39 54 0.033390682 
511 225 25 32 0.033125814 
540 74 27 36 0.032172658 
379 132 22 29 0.032019366 
244 374 39 51 0.031949908 
381 27 22 26 0.031764455 
661 400 513 575 0.031412687 
481 150 27 35 0.031109923 
713 0 22 27 0.030990874 
502 65 44 57 0.030379856 
343 626 36 41 0.030282792 
955 70 20 24 0.030137504 
979 1 19 21 0.030093446 
306 132 21 29 0.030022908 
151 312 48 60 0.030015465 
712 22 24 31 0.0296177 
434 28 24 28 0.028987715 
144 493 68 87 0.028843503 
439 126 30 35 0.028629452 
345 249 32 42 0.028241407 
150 473 44 57 0.02803578 
636 35 29 38 0.02802436 
379 76 20 26 0.02802309 
218 269 39 46 0.027905483 
535 16 44 54 0.027895892 
-72 521 359 363 0.027873829 
384 621 22 24 0.02786255 
316 26 21 23 0.02776523 
-230 285 717 757 0.027726537 
772 0 24 29 0.027706658 
515 148 27 32 0.027537836 
993 2 19 23 0.027494943 
539 1 23 27 0.027437525 
534 204 54 63 0.027401919 
178 420 31 42 0.026895886 
153 344 39 51 0.02676274 
231 149 25 29 0.02662255 
215 101 19 23 0.025638737 
907 49 19 23 0.025494188 
228 389 38 51 0.02540168 
360 46 21 27 0.02532884 
112 386 51 67 0.025316376 
489 248 26 34 0.025120312 
508 282 22 28 0.024703525 
745 18 25 31 0.024699701 
300 347 35 44 0.024423543 
993 105 19 25 0.024130415 
332 7 21 24 0.024049478 
505 253 23 29 0.024007283 
134 387 25 32 0.023875745 
391 105 21 25 0.023696443 
131 321 36 46 0.023592511 
226 107 20 25 0.023391938 
147 388 40 53 0.023371527 
40 2 50 46 0.02332539 
490 170 28 36 0.023238083 
225 368 35 46 0.023231361 
91 407 61 76 0.023194933 
560 147 31 38 0.022983473 
303 424 34 43 0.0228584 
412 227 34 48 0.022725042 
384 175 23 29 0.022664176 
559 42 38 48 0.022519778 
307 182 25 31 0.022194967 
482 122 27 33 0.022036918 
532 110 34 42 0.022026671 
194 411 36 48 0.022009937 
826 30 24 28 0.022001017 
952 59 19 22 0.021838877 
440 187 41 50 0.021818591 
367 74 20 25 0.021573486 
1 27 141 166 0.021527633 
116 442 41 51 0.02149163 
253 2 20 21 0.0214846 
481 293 45 55 0.021349933 
332 376 24 31 0.02132944 
382 228 26 36 0.021292161 
365 30 20 25 0.021285344 
872 46 19 24 0.021141395 
593 1 24 30 0.02111818 
422 214 37 48 0.020981552 
452 214 39 48 0.020974537 
429 11 296 318 0.020764217 
573 199 46 52 0.020737404 
165 447 42 53 0.020573338 
509 176 25 33 0.020536458 
251 396 27 38 0.020502947 
283 633 20 24 0.020397808 
315 487 22 27 0.020342845 
26 4 28 28 0.020288438 
4 -6 87 85 0.020251442 
645 227 23 28 0.020149358 
483 204 29 37 0.020145921 
286 2 20 22 0.020129053 
617 365 19 25 0.020099362 
686 39 28 35 0.020013321 
