46_Jockey_Jockey_46_44
35
460 109 41 51 0.8607766 
744 224 39 51 0.1408343 
761 300 28 37 0.1181886 
709 245 38 50 0.07622663 
761 234 26 36 0.07206375 
615 245 30 38 0.07184862 
436 308 59 93 0.061208654 
442 275 46 49 0.059223376 
301 560 22 28 0.055767674 
488 406 65 80 0.055592723 
502 185 41 53 0.054520678 
773 392 41 48 0.04202308 
515 411 80 91 0.03622217 
747 210 22 27 0.03619646 
752 523 347 372 0.035275813 
624 240 42 52 0.033748128 
609 259 39 49 0.032002773 
683 228 60 77 0.03143775 
706 206 81 94 0.029969702 
-234 330 714 736 0.028124604 
-70 540 358 350 0.02797707 
468 121 47 61 0.027484274 
573 307 681 741 0.026793005 
743 306 37 53 0.025959376 
440 281 28 32 0.024431486 
202 532 25 29 0.024137719 
755 271 41 57 0.024066247 
453 291 72 100 0.023229614 
591 242 40 47 0.022543842 
512 350 75 97 0.02223321 
716 224 41 52 0.022150204 
432 288 52 63 0.020615153 
493 314 77 102 0.02060661 
588 264 40 49 0.020395208 
336 536 360 348 0.020079358 
