46_Jockey_Jockey_46_172
23
824 159 121 159 0.99978703 
238 139 325 356 0.09039795 
420 226 114 115 0.055147283 
-157 403 564 567 0.04198406 
521 90 71 94 0.036153115 
490 29 41 54 0.03600409 
106 76 594 650 0.033037692 
29 662 25 30 0.031352557 
467 168 93 100 0.03074095 
90 84 346 354 0.030082496 
-42 280 364 399 0.026822865 
462 131 81 85 0.025899587 
555 158 170 196 0.025894415 
129 502 381 369 0.024620803 
400 216 211 244 0.023612669 
219 337 572 584 0.02358766 
533 132 92 118 0.023127802 
516 160 125 155 0.02226608 
6 256 23 33 0.022005485 
10 50 78 78 0.021797763 
496 31 73 97 0.021697257 
753 534 339 362 0.021061612 
505 107 47 62 0.020336038 
