46_Jockey_Jockey_46_308
133
178 139 67 76 0.9940701 
704 59 63 69 0.95244044 
405 189 50 55 0.8000219 
458 319 38 47 0.4002158 
503 218 45 53 0.36036235 
178 402 26 34 0.13921784 
918 549 36 45 0.11225491 
547 269 45 53 0.08532612 
353 528 31 38 0.08336954 
654 283 41 64 0.07929937 
103 273 27 34 0.060812738 
758 522 37 49 0.05752207 
491 188 56 71 0.05638113 
515 193 44 53 0.05379763 
360 303 30 37 0.050607502 
734 517 39 51 0.046476286 
717 2 32 37 0.04511518 
420 229 44 56 0.042471167 
527 342 42 57 0.041866448 
422 177 39 47 0.040433574 
88 256 36 47 0.037978806 
84 253 25 32 0.037533306 
407 214 37 40 0.03723678 
190 336 42 58 0.03613307 
721 529 24 34 0.03577887 
670 268 53 78 0.03524084 
668 528 24 29 0.034746896 
398 424 81 98 0.034646243 
202 258 63 81 0.034349702 
132 407 24 32 0.03377801 
95 280 45 59 0.032979287 
1 399 26 44 0.03211931 
156 406 23 32 0.031999715 
980 581 25 32 0.031993736 
750 561 23 29 0.03185188 
903 555 34 43 0.031465095 
764 558 26 33 0.031188898 
99 496 57 66 0.03096909 
353 267 41 51 0.030727793 
721 561 20 26 0.030699247 
721 588 19 23 0.030187743 
684 586 20 25 0.030115973 
431 298 30 38 0.029814307 
379 450 64 75 0.029521003 
780 528 38 48 0.02937548 
815 529 29 36 0.029326968 
424 267 48 59 0.028956007 
442 437 67 95 0.02840276 
241 223 46 57 0.02830057 
686 568 18 23 0.027863428 
688 532 21 27 0.027827641 
490 194 32 42 0.027679823 
84 287 65 88 0.02765698 
202 421 40 52 0.027544046 
806 550 35 44 0.027405798 
171 527 46 55 0.027362421 
932 555 34 45 0.027337784 
432 278 29 37 0.027181871 
510 179 35 42 0.02717021 
135 401 60 74 0.026905386 
735 6 24 29 0.026809562 
693 36 46 60 0.026727721 
95 511 69 99 0.026727267 
976 566 22 29 0.02668709 
713 -3 54 62 0.02660109 
826 611 22 28 0.0265607 
875 605 24 30 0.02638114 
642 301 43 64 0.025925992 
672 583 23 27 0.025830397 
506 233 62 69 0.025740413 
677 244 63 79 0.025725942 
182 342 64 86 0.025688387 
16 243 39 56 0.025388317 
231 257 25 35 0.025372595 
187 387 59 76 0.025268557 
77 227 36 48 0.025230683 
165 385 56 66 0.025182458 
169 322 48 61 0.025175845 
180 382 28 38 0.02503721 
355 363 38 53 0.024986202 
895 585 22 30 0.024914093 
203 410 24 32 0.024824409 
440 385 76 109 0.024794672 
217 282 38 54 0.024646657 
544 335 41 59 0.02444192 
678 100 63 87 0.024416978 
727 308 68 92 0.024393009 
-229 321 712 741 0.02433843 
125 415 40 51 0.02428401 
671 565 22 26 0.024061278 
440 293 64 84 0.02386948 
691 271 65 83 0.023542617 
462 307 31 37 0.023541844 
878 594 20 25 0.023434276 
11 172 39 68 0.023401974 
107 428 68 81 0.02325356 
816 516 26 32 0.022998607 
767 580 23 29 0.022854118 
376 274 26 33 0.02269339 
145 354 63 85 0.022511771 
257 429 24 33 0.022463512 
508 306 25 32 0.022442296 
-67 536 351 348 0.022373032 
103 503 104 141 0.022223303 
96 225 24 31 0.02218158 
-15 412 58 90 0.021966286 
107 301 62 87 0.021817544 
786 547 37 47 0.021787308 
144 317 58 79 0.021684468 
401 312 106 141 0.021289159 
112 238 52 69 0.021219883 
95 422 38 49 0.021202013 
-3 201 57 101 0.021189718 
168 427 65 76 0.021188445 
227 274 27 36 0.021129187 
709 496 74 86 0.021096509 
144 216 57 74 0.021030178 
-7 355 55 94 0.021014713 
219 242 56 70 0.020926882 
478 279 25 32 0.02091537 
741 514 25 35 0.020733468 
70 418 54 70 0.020711305 
363 519 54 64 0.020698834 
406 562 21 26 0.020617608 
350 285 53 63 0.02054478 
844 591 20 24 0.020417774 
638 582 22 28 0.0203875 
363 251 59 72 0.020273281 
211 300 27 35 0.020272877 
384 456 32 40 0.020259602 
687 273 32 46 0.020253723 
412 464 48 62 0.020144232 
347 114 253 293 0.02014394 
