46_Jockey_Jockey_46_652
35
264 233 114 138 0.99550915 
4 328 22 31 0.06447558 
538 368 81 106 0.0398784 
102 262 45 61 0.03497485 
78 338 42 51 0.034202952 
100 434 25 33 0.033520956 
54 257 19 24 0.03248376 
87 267 70 89 0.0311201 
55 402 24 32 0.030581905 
79 421 41 50 0.029920273 
45 378 42 55 0.029335435 
108 408 23 29 0.029127195 
511 323 71 92 0.027176524 
78 390 80 91 0.026274642 
102 403 40 48 0.026242837 
80 408 22 28 0.025829665 
127 259 24 34 0.025273217 
52 385 25 33 0.024772147 
154 405 21 25 0.02355647 
504 327 43 57 0.023445135 
76 403 39 49 0.023212023 
452 309 113 141 0.023003504 
76 371 41 51 0.022714993 
64 301 73 85 0.022623038 
437 339 66 98 0.02259136 
127 409 21 25 0.022406109 
511 332 27 35 0.022339683 
76 338 86 97 0.021743167 
52 300 24 32 0.020953165 
182 357 22 28 0.020424929 
145 279 75 92 0.020385597 
768 508 22 25 0.020355795 
493 355 84 104 0.020255579 
459 366 64 85 0.02012539 
29 306 21 28 0.020026548 
