46_Jockey_Jockey_46_352
61
560 240 42 55 0.99786085 
170 237 46 60 0.99707925 
776 135 43 54 0.9968342 
300 247 47 61 0.996485 
434 245 47 61 0.9943727 
613 70 33 41 0.99379784 
676 233 44 52 0.99290127 
899 129 45 57 0.99145913 
86 148 50 62 0.99140054 
632 143 42 53 0.9909717 
207 136 46 57 0.98567814 
813 226 45 58 0.9831367 
792 56 38 48 0.98054713 
335 120 44 57 0.9746606 
218 48 38 49 0.9705528 
420 74 36 46 0.9704158 
338 44 38 50 0.95766914 
696 68 32 42 0.9534342 
523 73 33 43 0.74991757 
492 176 41 54 0.53414303 
569 449 27 34 0.36314827 
435 450 30 37 0.06391628 
736 413 28 34 0.059956174 
486 472 30 37 0.05609633 
561 554 30 36 0.044004064 
2 171 27 41 0.04264144 
667 437 522 555 0.03819852 
91 248 48 59 0.03806022 
646 456 24 28 0.03566114 
387 430 24 29 0.032794535 
662 559 28 35 0.031652987 
384 407 27 33 0.029923018 
974 267 31 57 0.029164206 
307 456 32 36 0.027780214 
249 423 25 32 0.0273765 
555 439 45 54 0.027147142 
610 409 26 32 0.026357263 
562 176 35 44 0.026076216 
10 343 55 109 0.02488389 
248 402 39 49 0.024808677 
148 417 67 73 0.024697447 
698 458 24 28 0.02434294 
643 426 33 39 0.02405086 
615 430 25 31 0.022899289 
395 512 37 45 0.022808593 
684 387 25 33 0.022419468 
737 556 27 34 0.022364505 
612 488 23 28 0.02229016 
898 376 25 34 0.022258146 
-137 424 518 552 0.022231363 
27 388 56 89 0.022187661 
160 454 28 30 0.021966208 
485 238 42 52 0.021927126 
222 401 57 72 0.021876084 
774 436 21 26 0.021842718 
1 143 35 53 0.021749571 
645 410 27 33 0.021741208 
539 540 361 351 0.020318676 
452 450 37 44 0.02024374 
406 450 34 41 0.020172972 
388 453 24 29 0.020075032 
