46_Jockey_Jockey_46_393
32
158 48 69 82 0.70894974 
154 -1 80 68 0.23128515 
511 3 237 266 0.22153956 
311 566 25 33 0.10026166 
615 20 126 175 0.08587318 
300 571 43 52 0.048834138 
645 64 71 109 0.03555433 
887 69 119 206 0.035311073 
617 75 70 97 0.0341077 
147 -3 54 48 0.03119136 
290 580 74 84 0.030477807 
326 564 21 28 0.029561605 
353 584 21 27 0.027510222 
125 81 73 89 0.027256025 
316 560 36 51 0.02687195 
306 609 27 32 0.024584152 
813 46 157 219 0.02447831 
89 79 67 89 0.024332363 
341 580 38 50 0.024032485 
321 575 44 56 0.023654267 
434 128 287 363 0.02330703 
313 614 53 63 0.023218721 
603 52 251 330 0.023007061 
859 124 113 187 0.022963405 
357 568 20 25 0.022896592 
326 634 28 36 0.02270122 
680 76 76 105 0.022191014 
642 93 24 33 0.021366294 
261 565 23 28 0.021225784 
109 25 60 81 0.020923404 
940 89 75 113 0.02056207 
337 585 22 28 0.02042385 
