46_Jockey_Jockey_46_188
57
345 62 51 66 0.9893058 
451 116 46 55 0.98462546 
17 163 310 450 0.23282501 
464 45 37 53 0.06869544 
498 73 47 60 0.06324803 
581 335 41 48 0.046977498 
501 172 34 42 0.04696725 
578 132 68 72 0.044064444 
477 60 43 57 0.03841351 
580 350 68 78 0.037999343 
608 136 51 57 0.03706894 
573 114 122 121 0.036902007 
584 51 54 65 0.036563057 
335 502 381 365 0.03542221 
554 136 62 71 0.03252938 
-52 413 372 433 0.032396376 
668 106 178 158 0.03231686 
581 75 98 99 0.031643476 
509 363 26 31 0.030766577 
603 39 84 90 0.030453542 
137 244 212 299 0.030199178 
294 186 75 90 0.02915647 
612 358 27 33 0.02889032 
524 227 81 86 0.028840719 
663 176 81 89 0.027666003 
638 382 526 566 0.027566424 
164 46 46 48 0.027092088 
635 163 43 48 0.027011171 
622 223 46 53 0.026973823 
616 144 29 37 0.026007822 
671 213 59 80 0.025713978 
591 183 78 86 0.025691003 
107 471 365 388 0.025608264 
648 175 25 30 0.025173381 
267 83 48 55 0.02486328 
510 22 74 73 0.024784397 
498 39 48 52 0.024716156 
541 178 117 119 0.024496362 
992 305 25 34 0.024458319 
588 146 31 37 0.023882847 
92 -1 75 62 0.023194201 
513 50 67 81 0.022913815 
581 -17 165 172 0.022716347 
679 198 46 59 0.022492861 
585 119 46 58 0.022278722 
559 169 33 39 0.022257542 
593 241 76 82 0.022116028 
597 72 57 70 0.02200762 
705 14 294 287 0.02108001 
590 127 28 36 0.02094483 
299 430 91 108 0.020555763 
496 185 45 57 0.020516282 
468 358 183 183 0.020373559 
559 296 79 86 0.0203705 
612 318 76 82 0.0201821 
367 360 186 202 0.02009083 
214 110 267 341 0.020083008 
