46_Jockey_Jockey_46_76
22
409 252 61 81 0.9999324 
295 255 65 80 0.99953985 
555 238 61 74 0.999382 
654 234 58 77 0.9962746 
819 99 22 29 0.102745526 
813 219 27 37 0.057677604 
889 639 83 99 0.056237068 
788 235 36 52 0.034075 
797 223 34 46 0.03343563 
872 611 74 88 0.031879235 
868 725 129 136 0.028564237 
855 635 65 84 0.028245825 
896 592 75 82 0.028061492 
807 208 50 63 0.026186023 
626 231 64 89 0.026087275 
815 237 40 55 0.024053352 
915 576 42 49 0.023865057 
893 685 81 110 0.022031365 
216 562 135 177 0.021933325 
845 192 43 49 0.020274283 
78 736 44 55 0.020129804 
578 190 48 58 0.020066334 
