46_Jockey_Jockey_46_569
122
274 156 43 52 0.9599181 
871 130 38 46 0.88836515 
701 13 38 48 0.65475106 
137 89 43 63 0.59111047 
444 121 27 34 0.5223082 
355 148 22 28 0.32399985 
362 131 22 27 0.16513991 
211 128 23 29 0.11608467 
403 149 23 30 0.10444572 
406 133 22 27 0.084365994 
439 113 44 54 0.07924572 
645 11 43 50 0.07677667 
181 219 37 49 0.06842416 
341 153 23 29 0.06631972 
515 1 27 30 0.06442525 
813 126 26 32 0.06307116 
395 174 22 27 0.062781364 
515 190 27 35 0.06121885 
716 175 29 37 0.05975842 
968 394 40 60 0.059040856 
155 104 52 72 0.054954212 
536 77 24 32 0.05349278 
394 152 20 26 0.05274589 
808 141 39 51 0.051734276 
925 366 22 27 0.050821513 
845 138 38 49 0.0453106 
160 92 36 53 0.044694588 
739 203 32 39 0.04402135 
181 241 37 46 0.04374253 
720 129 26 32 0.04326769 
388 207 23 28 0.04254433 
439 109 26 33 0.04117115 
706 193 39 48 0.041049276 
526 20 43 44 0.0409092 
664 1 66 73 0.04090305 
177 131 36 47 0.04086057 
358 173 23 28 0.040581655 
183 211 22 26 0.03984693 
203 134 34 44 0.039096907 
179 127 23 32 0.038788788 
714 148 27 34 0.03841302 
325 205 22 29 0.037867505 
535 44 25 30 0.037176862 
385 132 20 25 0.036789805 
47 134 153 200 0.036413345 
815 162 39 48 0.035966925 
439 143 27 33 0.03544478 
645 114 64 83 0.035012957 
697 204 27 36 0.034747697 
223 133 21 27 0.034274388 
835 162 36 48 0.033816293 
675 462 19 23 0.03319542 
704 164 52 65 0.031806137 
520 -3 43 40 0.0316789 
141 204 37 49 0.031144725 
659 3 30 35 0.030895092 
454 108 26 32 0.030466666 
673 125 54 70 0.030375553 
463 177 26 33 0.030096903 
156 178 22 29 0.029148858 
772 33 20 26 0.029020842 
309 128 24 32 0.028426114 
102 85 59 73 0.02817729 
147 170 39 53 0.028064147 
460 194 24 32 0.027418012 
619 4 27 31 0.027301006 
692 2 33 38 0.02687711 
802 127 24 30 0.026657784 
624 40 71 97 0.026482353 
700 136 52 64 0.026472202 
651 81 62 80 0.026263764 
688 144 27 36 0.026216866 
172 99 22 32 0.02599719 
617 -2 75 76 0.025711657 
717 99 24 29 0.025694987 
521 169 38 46 0.025140496 
204 107 22 27 0.025138253 
791 205 26 32 0.025115456 
665 66 40 54 0.025081629 
106 64 88 117 0.025011579 
203 208 21 25 0.024834255 
556 28 30 34 0.024540313 
736 131 22 29 0.024245879 
620 17 27 32 0.024005633 
741 149 23 28 0.023810577 
150 77 31 45 0.023675228 
516 545 20 24 0.023617953 
687 532 22 30 0.023612663 
516 21 27 30 0.023432728 
671 104 24 31 0.02316601 
685 510 23 31 0.02306614 
358 205 22 27 0.022797175 
225 147 22 29 0.022591632 
479 311 22 25 0.022327289 
529 85 37 48 0.022244306 
818 134 59 73 0.022229213 
675 76 20 26 0.022158166 
635 4 31 35 0.02215641 
767 100 22 27 0.022072183 
680 148 59 74 0.022063417 
538 153 28 35 0.022045903 
621 62 104 128 0.022004709 
756 199 38 44 0.02193979 
92 171 42 53 0.021784952 
792 81 20 25 0.021691373 
333 175 23 30 0.021687787 
729 5 276 311 0.021675374 
481 168 39 48 0.0213949 
127 109 37 49 0.02134153 
104 94 29 39 0.021340033 
436 202 23 29 0.021286594 
440 176 23 30 0.021203496 
76 177 85 115 0.02099663 
76 192 44 55 0.020979319 
530 192 25 33 0.020735612 
393 137 45 55 0.0204902 
11 202 155 207 0.020256054 
509 91 35 48 0.02013715 
658 28 40 52 0.020122282 
117 199 57 75 0.020095617 
410 203 22 28 0.020059964 
595 97 75 93 0.02005323 
