46_Jockey_Jockey_46_933
48
213 142 125 173 0.9997522 
643 120 131 179 0.9996302 
420 129 136 171 0.99948585 
40 245 49 89 0.18406506 
955 251 44 53 0.13419375 
975 203 22 29 0.0894425 
14 134 35 59 0.07614516 
919 233 76 93 0.06767589 
827 240 45 68 0.058144778 
57 681 64 69 0.05074317 
925 225 21 26 0.0463444 
93 703 29 35 0.043499295 
947 203 21 26 0.04344316 
922 261 24 28 0.041914895 
51 221 42 70 0.041632615 
915 269 28 34 0.037878502 
844 230 58 82 0.03661175 
928 209 19 24 0.036541764 
896 223 20 26 0.036136072 
930 150 18 22 0.03489993 
899 209 19 24 0.03400179 
854 156 127 162 0.031459235 
972 227 24 30 0.031320695 
942 197 35 41 0.031033661 
972 131 23 28 0.029312303 
948 256 30 36 0.028343055 
916 218 38 46 0.027947335 
885 236 68 80 0.027889706 
948 229 22 26 0.027662491 
959 223 41 55 0.027264731 
930 188 59 66 0.026777668 
5 181 66 129 0.025019553 
929 183 17 21 0.0248491 
28 132 22 35 0.024091247 
827 228 24 32 0.024003612 
903 209 64 75 0.02367297 
937 222 45 53 0.021935135 
949 185 20 24 0.021772588 
992 206 18 24 0.021676406 
954 273 50 64 0.02164797 
922 203 32 39 0.021639526 
172 179 46 67 0.021397635 
897 184 18 22 0.02114235 
7 147 28 45 0.021065606 
46 698 39 43 0.020852618 
946 151 21 24 0.020833533 
3 124 59 107 0.020719206 
947 268 36 41 0.020391705 
