48_Parachutist_Paratrooper_Parachutist_Paratrooper_48_122
203
403 166 125 152 0.99973744 
404 838 118 149 0.58902806 
624 21 87 95 0.51258564 
653 612 103 110 0.14337996 
875 569 96 97 0.12891078 
435 550 51 66 0.11318852 
810 522 63 78 0.08808519 
505 1360 29 38 0.07944086 
216 53 111 124 0.07938352 
227 557 56 67 0.07822007 
503 667 61 78 0.07794123 
343 735 57 79 0.077780776 
588 27 78 111 0.07583348 
151 756 63 78 0.07015491 
265 648 59 84 0.063894026 
435 1353 25 30 0.05972455 
356 726 81 100 0.051682517 
634 12 124 164 0.05111085 
416 673 44 50 0.048473835 
673 74 122 164 0.04419448 
499 625 54 71 0.044113096 
122 438 71 93 0.04299247 
265 429 59 67 0.04258127 
113 320 34 44 0.04178799 
497 702 43 54 0.041359264 
212 1365 28 34 0.040698517 
398 1313 23 27 0.039397523 
466 667 105 119 0.038706463 
342 734 137 182 0.038621902 
41 553 47 67 0.03825759 
425 684 109 119 0.03813269 
539 21 86 111 0.03811867 
204 564 89 104 0.03809517 
438 650 90 104 0.037698273 
155 434 67 87 0.03724587 
430 631 38 46 0.036859132 
819 529 90 103 0.03672855 
169 988 76 83 0.03641307 
21 910 89 108 0.035000015 
203 531 60 71 0.034840025 
696 490 61 80 0.03467533 
274 92 95 136 0.034304988 
263 1354 25 29 0.03318096 
243 10 113 141 0.032595355 
462 674 37 46 0.03218712 
824 8 72 73 0.031757493 
46 874 347 457 0.03171593 
212 833 68 83 0.031509727 
366 1363 24 29 0.031133372 
48 395 76 108 0.030778438 
200 622 88 116 0.03052025 
79 179 27 34 0.030294105 
609 526 40 53 0.030003015 
510 612 32 40 0.029796312 
330 754 89 125 0.029524628 
54 587 53 70 0.029323114 
49 1362 29 34 0.029298272 
147 1013 98 145 0.029280825 
244 578 48 63 0.028754888 
65 448 36 49 0.028746178 
183 1056 115 144 0.028732218 
189 424 80 101 0.028511953 
231 798 77 89 0.02839121 
197 378 58 69 0.028376797 
131 100 35 44 0.02794669 
102 240 27 37 0.02783153 
71 321 32 42 0.02783009 
346 543 50 62 0.027704204 
246 584 83 116 0.027688628 
371 621 54 66 0.02753638 
222 114 113 138 0.027500095 
399 669 91 101 0.027240038 
133 312 34 43 0.027161112 
26 370 53 82 0.027010554 
121 764 84 108 0.026971163 
415 568 78 97 0.026890049 
271 164 93 131 0.02674832 
183 131 102 121 0.026687661 
37 180 25 31 0.02665863 
700 599 108 124 0.026598712 
466 640 32 41 0.02650332 
674 638 110 139 0.026415559 
435 1330 25 30 0.02628217 
287 1365 25 29 0.026229395 
384 606 35 45 0.02610129 
43 1374 34 41 0.026064994 
212 592 41 52 0.02597926 
68 3 31 33 0.025955211 
389 1358 23 29 0.02572939 
67 372 54 77 0.025631182 
207 632 40 55 0.025614474 
372 689 86 104 0.025535025 
464 1327 25 31 0.02539364 
59 1378 36 43 0.02538334 
72 277 30 39 0.025368351 
337 572 78 101 0.025305716 
63 1363 30 35 0.025287915 
545 1316 27 32 0.025125252 
284 640 78 108 0.024954986 
431 599 39 49 0.02490124 
326 1319 26 30 0.024894262 
264 473 59 70 0.02478684 
94 332 51 67 0.02478255 
407 617 81 95 0.024609782 
279 635 42 59 0.024476502 
39 358 31 44 0.024359591 
282 1378 30 36 0.024321 
80 247 28 37 0.024238557 
169 601 86 107 0.024238192 
703 30 102 145 0.024211321 
323 138 85 125 0.024023058 
83 397 85 117 0.024001785 
642 1235 29 35 0.023981312 
112 1377 33 41 0.023824856 
1 486 33 51 0.023730932 
234 1030 90 118 0.02368197 
628 577 94 106 0.023584954 
61 566 37 48 0.023560857 
64 262 48 67 0.023496693 
33 405 54 81 0.023396933 
531 1356 31 38 0.023302523 
73 232 47 64 0.023278076 
7 179 27 34 0.023270054 
600 1208 29 36 0.023201669 
67 496 34 47 0.023126194 
17 875 139 186 0.023101134 
272 675 93 128 0.02309857 
236 531 56 69 0.023092285 
302 805 82 105 0.022998432 
143 1337 34 43 0.022920094 
447 581 54 70 0.022911666 
98 298 70 88 0.022856928 
325 1360 26 30 0.022841444 
678 420 103 123 0.022805622 
38 496 30 43 0.022681996 
38 516 48 73 0.022638872 
499 561 32 40 0.02257697 
366 1378 30 37 0.022554442 
115 1354 28 36 0.022515528 
93 668 87 106 0.022456814 
551 525 82 109 0.022442717 
140 563 35 45 0.0224012 
315 47 95 131 0.02227778 
569 1354 25 30 0.022224817 
203 258 63 80 0.022209873 
661 551 63 79 0.022208977 
584 611 85 106 0.022184363 
414 741 109 117 0.022181198 
338 641 83 104 0.022173608 
358 1313 23 28 0.022173246 
327 598 33 43 0.022127649 
112 288 30 37 0.022115992 
351 898 64 83 0.022094427 
180 570 36 48 0.022029687 
504 1327 26 32 0.022029182 
280 820 195 251 0.021937357 
458 632 53 65 0.021914316 
78 380 32 44 0.021882132 
2 1376 32 42 0.02182283 
63 512 50 65 0.021720171 
248 388 35 44 0.02170607 
588 1206 28 34 0.021677183 
666 105 63 84 0.021675114 
76 928 92 111 0.021580948 
258 1324 26 32 0.021523405 
725 7 94 110 0.021508127 
120 110 32 41 0.021460524 
623 72 99 133 0.021450076 
558 657 54 72 0.021448877 
891 590 58 64 0.021442425 
255 1382 29 34 0.021346133 
468 700 41 51 0.021327581 
473 1350 25 32 0.021291487 
269 554 54 67 0.021209784 
538 59 38 48 0.021206932 
73 144 28 35 0.021205535 
321 887 38 47 0.021089347 
358 596 32 41 0.02108113 
33 217 25 33 0.021009436 
608 529 83 104 0.020983351 
428 1377 30 37 0.020911379 
588 564 85 107 0.02089728 
8 217 25 35 0.020884264 
57 646 84 112 0.020867862 
144 984 194 254 0.02080818 
319 585 53 73 0.020776968 
656 230 91 125 0.020770779 
-33 956 212 254 0.020761605 
184 356 35 44 0.020682402 
34 377 33 48 0.020545045 
272 513 54 67 0.02053603 
185 593 36 47 0.020467656 
610 28 44 58 0.020454025 
81 210 28 36 0.02043313 
450 787 109 119 0.0204324 
106 220 29 39 0.020273587 
567 1320 25 30 0.020266471 
431 1279 25 31 0.02021013 
344 854 84 107 0.020194184 
615 1317 26 30 0.020178946 
351 714 38 50 0.020175062 
721 103 35 50 0.020102657 
777 2 71 80 0.020063855 
