48_Parachutist_Paratrooper_Parachutist_Paratrooper_48_785
21
231 5 107 171 0.9914072 
631 11 48 55 0.21469846 
559 45 76 93 0.047769453 
138 24 84 124 0.043018933 
603 15 70 84 0.03759521 
169 40 93 120 0.030070588 
616 46 26 33 0.026161715 
575 5 69 78 0.02575675 
530 44 66 92 0.02479958 
638 37 28 35 0.023980219 
714 25 30 32 0.02386539 
584 71 29 39 0.023662418 
620 26 26 32 0.022817358 
538 23 117 158 0.02245247 
287 20 93 109 0.022329262 
637 3 35 39 0.022307754 
727 31 61 76 0.021596896 
748 54 22 28 0.021330982 
655 18 30 37 0.021243628 
593 23 22 25 0.02095695 
749 58 36 49 0.020801287 
