48_Parachutist_Paratrooper_Parachutist_Paratrooper_48_164
64
68 109 781 935 0.9628262 
610 388 208 259 0.4767102 
203 249 272 334 0.19022973 
332 344 149 141 0.17333244 
527 275 140 160 0.115068585 
433 297 415 560 0.107746355 
411 1304 63 78 0.0694156 
757 432 523 610 0.0670923 
485 321 116 141 0.05705077 
301 187 113 128 0.051996183 
204 224 134 144 0.05044921 
801 760 517 607 0.04980953 
463 1220 94 99 0.04774763 
104 205 479 562 0.044093195 
780 1098 533 551 0.04227599 
738 185 511 610 0.040468074 
274 344 140 165 0.039684154 
384 363 151 144 0.039172277 
392 109 31 38 0.039048947 
806 -121 522 608 0.038989585 
286 169 208 249 0.038639706 
506 222 113 170 0.037952505 
410 248 183 226 0.037216272 
369 173 110 137 0.036949918 
519 961 236 263 0.03654766 
192 201 220 241 0.035282042 
440 -320 1072 1201 0.035057038 
164 208 120 145 0.035053194 
594 338 166 214 0.034957714 
883 771 40 51 0.03468699 
308 129 114 131 0.03425311 
304 252 118 150 0.033888336 
657 161 36 45 0.033395085 
635 1201 65 93 0.032850426 
443 903 241 233 0.032120842 
472 604 71 79 0.031827148 
470 781 1078 1110 0.030094462 
575 306 139 156 0.02896798 
122 114 114 131 0.026598489 
219 163 142 147 0.02638082 
508 109 95 124 0.025581779 
397 166 951 1095 0.025460066 
383 143 59 82 0.02538606 
355 91 100 118 0.025194483 
378 104 60 75 0.024314629 
396 152 34 46 0.024302213 
944 692 53 86 0.024007885 
405 215 120 159 0.023927333 
32 79 197 218 0.023766095 
420 113 36 43 0.023604177 
474 136 100 151 0.023554511 
403 1347 81 90 0.0221163 
413 137 111 140 0.021905728 
556 1061 218 254 0.02188757 
624 430 123 173 0.021842178 
790 1077 72 85 0.02168255 
524 142 122 149 0.021431351 
530 534 50 59 0.021407343 
120 309 117 146 0.021259436 
82 71 126 145 0.020517092 
673 1285 76 97 0.020481426 
452 1042 229 258 0.020421416 
364 261 142 183 0.020252198 
381 100 169 232 0.02018009 
