48_Parachutist_Paratrooper_Parachutist_Paratrooper_48_72
186
616 325 24 27 0.39127415 
332 280 22 28 0.31709278 
277 563 18 22 0.21517211 
57 325 20 24 0.17391512 
414 287 21 25 0.15755187 
255 277 25 31 0.15601212 
480 290 25 30 0.13402583 
825 308 16 20 0.12114962 
693 286 18 21 0.090005554 
180 291 31 35 0.07754726 
311 324 21 27 0.07687809 
200 296 26 29 0.0698927 
88 306 20 26 0.06875156 
359 536 20 24 0.06404267 
568 283 18 21 0.06355296 
287 365 19 24 0.06317987 
229 328 20 25 0.062038977 
99 326 22 26 0.060608488 
20 307 19 23 0.05924195 
330 19 204 314 0.05855101 
802 305 16 20 0.058205564 
763 307 18 21 0.057799753 
753 305 18 21 0.056716964 
620 316 21 25 0.051785123 
233 280 25 29 0.04990563 
270 568 18 21 0.047086176 
778 252 19 25 0.047017608 
462 303 23 27 0.046923906 
187 560 19 23 0.046807926 
469 286 23 29 0.046586365 
231 301 23 27 0.04583252 
52 317 20 25 0.04537301 
96 314 23 28 0.045245655 
855 309 18 22 0.044568595 
621 285 19 22 0.04423396 
133 331 21 27 0.044220086 
866 326 19 23 0.04382804 
310 314 20 25 0.042893708 
591 304 18 21 0.042720772 
638 310 18 21 0.040964413 
149 362 21 26 0.040535953 
739 360 19 23 0.039909743 
312 565 20 23 0.039788276 
80 329 19 23 0.039697193 
365 334 22 27 0.039213 
379 249 22 26 0.03889879 
694 309 19 22 0.038463924 
745 288 16 20 0.037869833 
856 327 20 24 0.03716809 
906 332 17 20 0.036432818 
277 285 19 24 0.036417924 
818 362 23 28 0.035877403 
358 359 21 25 0.035797093 
70 10 162 211 0.035785794 
536 310 17 22 0.03542326 
720 287 16 19 0.03519703 
797 291 16 20 0.034466688 
717 307 17 21 0.033837847 
767 330 18 22 0.033512477 
392 384 19 24 0.033454902 
635 288 18 23 0.033238366 
-69 538 361 351 0.033111133 
49 355 20 25 0.0324289 
597 334 21 25 0.032399297 
749 534 350 367 0.03220793 
261 294 23 29 0.03204824 
184 391 21 25 0.031039571 
445 311 19 23 0.031028094 
415 299 20 25 0.030948633 
949 202 20 24 0.030720895 
486 323 23 29 0.030386988 
920 337 16 20 0.030262576 
417 353 20 24 0.030192142 
231 538 17 20 0.029951919 
571 302 18 22 0.029890599 
217 264 58 62 0.029704774 
520 307 18 21 0.029585619 
228 570 18 22 0.029305192 
569 355 19 23 0.029077047 
231 581 20 25 0.029046586 
436 330 21 26 0.028917039 
150 384 19 24 0.028797565 
764 384 23 28 0.028726634 
283 547 17 20 0.028657902 
184 403 19 22 0.02858668 
752 331 19 22 0.02850207 
133 403 20 24 0.028499974 
185 273 59 60 0.028255519 
591 291 17 20 0.028247688 
725 359 20 24 0.02820233 
-231 293 738 755 0.02811493 
349 206 67 79 0.028078733 
676 286 19 22 0.028035378 
866 314 18 21 0.02775951 
574 321 686 736 0.02769597 
208 357 21 25 0.027503029 
543 334 19 23 0.027250653 
981 355 20 25 0.026981764 
823 330 19 23 0.026935726 
851 289 18 22 0.026890583 
567 336 19 24 0.026880754 
745 387 22 27 0.02680385 
799 333 17 21 0.026786951 
823 290 18 21 0.026613865 
239 517 17 21 0.026540559 
379 331 19 24 0.026504083 
280 303 20 24 0.026425665 
287 376 19 23 0.026398152 
151 545 18 22 0.026357986 
362 229 25 30 0.026327506 
416 34 114 156 0.02621706 
357 375 19 24 0.025791086 
340 97 50 61 0.025764467 
212 426 19 22 0.025738418 
141 119 174 252 0.025723198 
637 331 20 24 0.025710322 
138 355 20 23 0.025648735 
27 290 19 23 0.025643433 
341 174 19 27 0.025418209 
670 78 24 32 0.025375463 
541 285 17 21 0.025374025 
178 326 24 28 0.02519936 
462 327 24 30 0.024790553 
772 362 19 22 0.024340753 
35 457 19 25 0.024248322 
339 78 97 139 0.024234597 
434 280 19 24 0.024077347 
693 325 19 25 0.024033716 
904 362 18 21 0.023951253 
226 157 43 54 0.02393247 
773 287 17 20 0.023749495 
992 354 19 26 0.023695206 
464 358 24 29 0.023662688 
640 414 26 33 0.023412934 
843 364 21 26 0.02338653 
362 522 17 21 0.023335733 
361 311 20 24 0.023068588 
417 339 20 24 0.02306112 
367 251 22 27 0.022907924 
233 258 25 30 0.022904357 
336 295 22 29 0.022882082 
206 416 20 24 0.022829512 
230 361 20 24 0.02280355 
257 512 16 19 0.02269645 
518 285 18 22 0.022661028 
283 336 20 24 0.02255969 
202 588 21 25 0.0224737 
412 531 21 25 0.022444274 
253 263 25 30 0.02238689 
538 359 19 23 0.02235607 
673 310 18 22 0.022197755 
182 356 22 26 0.022069436 
358 282 18 23 0.021923432 
333 262 21 27 0.021691011 
209 91 133 175 0.021573914 
224 290 38 42 0.02145028 
851 318 35 39 0.021427555 
900 309 17 21 0.021338651 
160 284 27 33 0.021334019 
517 334 19 24 0.02132188 
265 560 30 35 0.021179806 
929 309 16 20 0.021124871 
518 355 20 24 0.021086289 
562 72 24 35 0.021079881 
136 390 20 23 0.021026855 
182 112 64 85 0.021025151 
370 237 38 44 0.021019196 
431 356 21 26 0.020989 
839 375 21 25 0.020884119 
453 287 53 58 0.020882333 
440 303 33 38 0.020848742 
821 253 20 26 0.020822806 
919 359 19 22 0.020819325 
870 289 18 23 0.02079753 
311 257 20 26 0.020702118 
262 332 19 23 0.020501591 
413 517 19 22 0.020458022 
210 21 57 76 0.020375727 
733 354 32 39 0.020310186 
309 406 19 22 0.02030179 
333 253 61 74 0.020272996 
899 286 18 23 0.02026558 
310 542 18 21 0.020251479 
950 307 17 19 0.0202094 
221 320 35 40 0.02017212 
81 288 20 25 0.020031162 
