48_Parachutist_Paratrooper_Parachutist_Paratrooper_48_656
248
29 332 164 242 0.9202152 
54 5 136 185 0.7780756 
294 259 64 84 0.43222952 
837 23 158 225 0.23578955 
89 400 98 154 0.08392865 
368 718 17 20 0.07052787 
454 128 22 28 0.068665825 
507 698 19 23 0.06652063 
801 153 200 393 0.063953295 
518 173 22 26 0.06304431 
718 118 27 38 0.051658265 
433 686 18 22 0.051066604 
569 195 25 33 0.050295427 
433 521 74 98 0.050115954 
467 584 18 23 0.048837725 
595 637 20 24 0.04687966 
626 185 37 49 0.046729267 
509 165 38 45 0.046662956 
26 212 94 118 0.046042174 
482 177 22 28 0.044811312 
682 211 246 332 0.044612307 
401 213 43 56 0.043863494 
327 256 61 84 0.04306526 
620 380 64 79 0.042270508 
608 361 43 59 0.041080724 
580 110 96 119 0.04045371 
738 358 138 154 0.04045156 
418 224 63 80 0.04008609 
662 349 50 58 0.03992828 
29 63 135 185 0.039668612 
467 171 65 77 0.03930844 
785 461 68 81 0.038974497 
572 684 20 25 0.038208757 
463 664 18 22 0.037953135 
439 489 62 83 0.03794069 
477 169 37 46 0.03784345 
477 424 43 50 0.03782741 
513 161 22 27 0.0365579 
435 634 19 23 0.036462016 
567 610 19 23 0.036412977 
861 329 133 227 0.036345553 
676 687 21 25 0.036304217 
564 174 37 48 0.036079016 
465 180 21 28 0.03575644 
439 623 19 23 0.035410564 
619 197 25 31 0.035209563 
295 295 53 69 0.035172928 
586 682 25 29 0.034629226 
623 266 39 52 0.034199994 
662 64 85 125 0.0339447 
612 361 26 36 0.033872183 
573 350 61 82 0.033649735 
601 138 44 50 0.033593204 
464 196 25 31 0.033578627 
50 182 68 90 0.03349324 
271 227 77 87 0.033144895 
410 176 23 29 0.033141658 
619 723 20 24 0.033056617 
417 727 17 21 0.0330004 
792 338 141 175 0.03297909 
492 155 64 73 0.032893475 
485 660 19 24 0.032813754 
692 582 26 32 0.032729454 
658 228 27 36 0.032620233 
326 381 29 35 0.03260284 
833 457 70 93 0.03255944 
807 375 73 88 0.03249791 
594 619 19 23 0.032297198 
453 358 60 78 0.031989615 
444 669 19 23 0.03184048 
841 -6 109 118 0.031768642 
275 286 55 65 0.031552363 
418 210 46 61 0.03151728 
514 170 70 79 0.031199109 
374 213 39 52 0.031177705 
112 49 82 104 0.031009268 
543 18 204 265 0.030807199 
480 195 26 33 0.030709848 
648 384 57 67 0.030361634 
519 116 136 174 0.030350411 
661 321 43 51 0.03014203 
487 377 24 31 0.029888878 
469 646 19 24 0.029792288 
627 325 124 144 0.029544422 
411 203 29 35 0.029435458 
408 363 26 34 0.029404944 
252 326 26 33 0.029286295 
678 41 145 209 0.028688096 
583 194 23 30 0.028494427 
344 207 56 70 0.028481953 
393 483 72 104 0.028440518 
419 692 18 21 0.0283102 
624 342 63 78 0.028131599 
611 230 26 32 0.028107816 
22 145 120 154 0.027815409 
514 616 18 22 0.027693095 
495 364 60 71 0.027684458 
497 694 18 22 0.027555916 
531 175 22 27 0.027541334 
366 222 60 76 0.027482007 
616 660 22 26 0.027261313 
608 242 41 50 0.026806304 
301 229 33 42 0.02677186 
305 198 25 30 0.026609628 
290 315 68 85 0.026571367 
510 708 18 23 0.026410542 
613 290 40 50 0.026372612 
342 242 46 62 0.026254939 
481 450 30 37 0.026191385 
383 721 16 19 0.02609622 
544 340 64 86 0.026084114 
387 693 17 19 0.025995238 
672 327 148 156 0.025939343 
237 288 61 73 0.025860496 
458 504 26 35 0.025847714 
355 273 63 82 0.025684325 
324 276 32 46 0.025615258 
89 68 122 162 0.02558109 
612 132 26 30 0.025486007 
393 348 52 65 0.025434157 
302 220 64 76 0.025317766 
594 199 61 74 0.02515597 
450 264 47 56 0.025115635 
819 238 47 61 0.024949629 
690 33 75 118 0.024904357 
585 266 117 142 0.024537247 
649 447 44 55 0.024477048 
858 125 100 152 0.024433682 
515 385 22 28 0.024433574 
507 407 23 30 0.024386948 
569 152 57 72 0.024368297 
236 327 25 33 0.02436255 
499 689 33 39 0.024264265 
454 465 71 82 0.024246834 
625 308 64 75 0.024201872 
487 158 22 26 0.024169331 
307 733 22 27 0.024122143 
598 364 171 176 0.023990551 
570 672 20 26 0.02396296 
476 356 42 52 0.0238932 
780 376 185 258 0.023862768 
837 236 61 89 0.023838077 
593 212 85 110 0.023817288 
480 170 128 169 0.023805656 
571 87 34 52 0.023791147 
82 202 51 66 0.023756865 
693 387 150 170 0.023544298 
454 434 63 72 0.02344905 
301 0 29 29 0.023445467 
711 662 20 26 0.023411287 
539 185 71 82 0.023410039 
462 350 40 54 0.02331879 
381 376 109 126 0.023308666 
424 363 56 74 0.023236511 
455 161 53 67 0.023226114 
823 67 38 50 0.0232201 
433 726 19 23 0.023202885 
451 547 44 58 0.023070298 
440 141 32 44 0.022993075 
652 235 37 50 0.02296897 
250 308 29 37 0.022910196 
329 570 81 97 0.022874292 
827 76 23 32 0.022823635 
685 689 23 27 0.022800162 
260 199 23 29 0.022742527 
540 384 21 28 0.022711698 
332 287 66 89 0.022667976 
568 597 17 22 0.022639785 
470 497 43 54 0.022626642 
485 361 25 33 0.022562021 
584 98 21 29 0.022502534 
376 364 55 67 0.022471303 
431 378 110 120 0.022446644 
459 149 21 29 0.022422826 
722 615 20 25 0.022372724 
819 372 47 59 0.022236079 
487 186 76 86 0.022219045 
737 279 127 159 0.022200616 
544 693 16 20 0.022141634 
554 325 100 130 0.022138854 
472 392 63 76 0.022124246 
432 201 25 32 0.022080809 
490 618 18 21 0.022034658 
384 523 91 109 0.022030918 
180 732 22 27 0.021974137 
464 567 22 29 0.021953557 
370 261 46 60 0.021944625 
477 483 72 85 0.021916728 
470 521 45 58 0.021912865 
683 338 79 81 0.021853907 
636 243 38 50 0.021812161 
659 461 27 35 0.021750683 
440 399 22 30 0.021706555 
639 214 38 51 0.021651918 
422 316 60 76 0.021629862 
365 306 61 80 0.021518216 
607 118 129 167 0.021510717 
702 95 52 77 0.021492075 
313 722 18 22 0.021485943 
609 687 22 27 0.021485077 
348 386 76 92 0.021465518 
360 595 19 23 0.021444753 
489 376 162 168 0.021408174 
296 198 41 48 0.021372737 
777 360 70 86 0.021344092 
345 327 71 100 0.0213395 
514 196 26 31 0.02132792 
485 648 19 24 0.021279851 
466 690 17 20 0.021236705 
594 309 62 77 0.021228965 
647 694 18 23 0.021224575 
670 672 19 22 0.02122124 
-21 123 218 323 0.021149343 
235 226 63 83 0.021071471 
479 323 109 133 0.021062098 
568 154 22 29 0.021049075 
512 668 19 24 0.021028068 
589 634 35 42 0.021009842 
698 73 20 25 0.020994738 
665 169 62 78 0.02099259 
458 656 32 38 0.02095198 
533 353 39 51 0.020929355 
965 390 45 78 0.020917378 
313 377 64 75 0.020904453 
332 689 17 22 0.020752242 
441 133 51 67 0.020736901 
536 199 24 30 0.020727206 
455 123 115 143 0.020699905 
472 79 229 269 0.020690333 
390 584 18 23 0.0206454 
541 203 89 119 0.020579454 
658 298 41 52 0.02056747 
600 424 86 99 0.020558637 
487 562 21 26 0.020557579 
475 548 39 49 0.020547826 
569 675 34 39 0.020497357 
340 536 79 95 0.020475818 
742 439 132 152 0.02045929 
343 428 119 138 0.020451806 
71 192 34 46 0.02043009 
718 107 23 31 0.020273894 
439 505 23 32 0.020247467 
477 655 34 40 0.020179978 
638 665 17 21 0.020127593 
563 642 19 23 0.020084754 
682 355 33 39 0.020036677 
516 139 60 70 0.020036189 
289 695 19 24 0.020018378 
