17_Ceremony_Ceremony_17_735
116
320 162 446 687 0.99992025 
505 1406 41 51 0.2027181 
401 1312 26 31 0.15189207 
428 1396 30 38 0.09883947 
460 1363 25 31 0.08840077 
619 1471 29 33 0.08611077 
385 1415 29 36 0.08306635 
595 1469 27 32 0.07849384 
430 1414 30 36 0.07713876 
661 1315 27 34 0.07586573 
384 1399 29 37 0.071293816 
417 1308 27 33 0.07092644 
418 1469 30 35 0.06973727 
300 1339 33 40 0.06935944 
530 1417 35 43 0.06435208 
440 1355 26 31 0.06200401 
887 1275 32 41 0.061718766 
652 1349 30 39 0.060782053 
507 1357 27 33 0.06046716 
352 1357 26 34 0.058629096 
475 1307 25 31 0.05719977 
362 1391 27 32 0.05440439 
314 1416 31 38 0.052413456 
837 1447 47 58 0.05090743 
650 1462 31 38 0.05054588 
658 1386 32 40 0.050429244 
797 172 514 609 0.050307937 
433 1284 25 29 0.047188632 
632 1349 28 35 0.046420913 
362 1422 28 33 0.045864075 
465 1380 30 38 0.044847354 
607 1495 33 41 0.044568308 
654 1425 31 37 0.04414203 
280 1346 35 43 0.043641597 
626 1429 27 32 0.042573884 
592 1495 33 40 0.041414063 
584 1343 29 36 0.04120349 
816 460 501 601 0.040955335 
579 1319 27 34 0.039740406 
435 1243 24 30 0.038772773 
811 1108 530 559 0.03822742 
395 1283 23 28 0.03798195 
818 776 500 584 0.03565997 
505 1313 23 29 0.03535362 
390 1346 26 32 0.035257284 
540 1395 35 42 0.034181643 
933 721 100 190 0.034116812 
802 -120 524 605 0.0334536 
543 1464 29 34 0.03340395 
544 1496 33 40 0.03310127 
773 1479 43 55 0.03277923 
544 797 1040 1119 0.03249691 
393 1240 24 30 0.032204904 
805 1419 34 43 0.03128822 
581 1284 25 29 0.031134892 
549 1314 27 32 0.031045211 
310 1396 31 38 0.030991094 
589 1433 26 33 0.029781798 
900 1187 30 38 0.029533958 
579 1383 27 35 0.02933108 
546 1347 29 34 0.029095754 
226 1089 26 30 0.028682053 
314 1166 27 33 0.028598413 
236 1234 30 36 0.028464632 
808 1263 34 45 0.027913308 
267 1379 33 42 0.027577827 
190 1025 33 41 0.027386012 
510 1275 23 27 0.027319796 
888 1304 30 37 0.027253056 
263 1241 30 36 0.02722709 
783 1420 32 40 0.027185837 
632 1321 24 30 0.02711138 
237 1377 33 42 0.026911585 
625 1280 23 28 0.026829261 
308 1316 34 39 0.026569098 
401 1457 53 56 0.02613104 
348 1313 25 30 0.02573616 
439 1198 23 27 0.025576286 
467 1288 25 29 0.025322273 
312 1276 31 36 0.025321681 
387 1202 23 29 0.024936166 
548 1281 25 31 0.024758311 
588 1460 47 53 0.02475154 
835 1406 67 78 0.024605269 
854 1044 129 165 0.024298929 
279 1267 32 38 0.023985477 
919 1192 32 41 0.023917567 
344 1280 25 29 0.023830913 
846 1359 30 37 0.023669569 
357 1410 48 55 0.023621906 
282 1314 34 40 0.023600657 
662 1286 27 31 0.023375804 
497 1498 34 41 0.023093479 
864 703 180 272 0.02290017 
629 1383 28 35 0.022690862 
686 1319 27 34 0.022595428 
415 1491 37 44 0.022543471 
488 1380 71 86 0.022130447 
203 1263 32 39 0.021643706 
230 1206 31 36 0.021631885 
649 1308 46 59 0.02130326 
466 1491 34 41 0.021231368 
231 1311 31 39 0.021126404 
465 1421 31 38 0.020941952 
701 1091 28 36 0.020842487 
812 1360 34 40 0.020726098 
396 1303 42 52 0.020716274 
362 1109 25 32 0.020621847 
508 1459 32 38 0.020597229 
470 1470 29 35 0.020581735 
646 1417 50 60 0.020577572 
798 1408 60 74 0.020565994 
236 1357 31 40 0.02054535 
400 1461 32 35 0.020529743 
377 1286 112 134 0.020407703 
307 1401 52 62 0.020346303 
