17_Ceremony_Ceremony_17_490
109
511 215 72 84 0.99478203 
286 265 59 74 0.9947695 
887 187 96 127 0.9946234 
207 4 51 67 0.9909909 
44 2 56 56 0.987644 
387 26 46 60 0.97366774 
476 17 45 61 0.8011436 
712 44 26 30 0.47599807 
359 134 56 64 0.29110968 
273 89 53 64 0.21397492 
274 8 38 45 0.16063188 
324 20 41 49 0.10045826 
594 37 30 39 0.10035977 
147 -4 43 44 0.09567147 
992 230 26 38 0.092916325 
189 155 60 66 0.08731504 
136 209 47 60 0.08107348 
270 36 41 50 0.07253007 
180 134 52 61 0.07238938 
4 -1 29 32 0.070431896 
718 32 24 28 0.06845553 
-1 63 32 48 0.06621817 
502 23 34 45 0.065215774 
394 217 51 57 0.064000644 
252 -7 41 49 0.057636853 
569 0 23 25 0.05566073 
405 171 48 50 0.05563735 
464 23 30 39 0.05005153 
292 73 45 58 0.04996976 
532 160 42 57 0.04875129 
262 283 62 78 0.048238296 
479 188 46 67 0.047033917 
299 136 45 58 0.046737574 
423 -5 36 44 0.046261724 
22 -2 50 50 0.046144634 
260 203 56 71 0.04613833 
299 242 62 79 0.045820847 
414 208 63 71 0.044874925 
360 712 24 28 0.04423367 
471 208 61 80 0.04324014 
7 57 49 60 0.042426534 
293 13 40 49 0.042384006 
316 287 75 91 0.04140151 
171 116 46 61 0.037808847 
240 4 44 55 0.03683936 
994 103 20 31 0.035759255 
177 96 39 51 0.03523522 
271 112 63 80 0.03384208 
245 225 57 74 0.032703847 
387 733 27 30 0.03233851 
492 161 44 62 0.03179632 
206 234 50 62 0.03176784 
151 14 32 38 0.030495934 
373 262 49 59 0.030391894 
315 220 58 70 0.03023386 
532 188 66 90 0.030130532 
455 73 29 38 0.02948072 
340 214 58 71 0.029338673 
383 143 62 70 0.029338265 
305 165 35 45 0.029176833 
607 43 24 32 0.029165797 
555 97 39 48 0.028200215 
269 197 38 48 0.0279891 
251 97 62 72 0.027894545 
126 7 46 54 0.027608266 
747 215 36 47 0.027472384 
746 82 19 25 0.027236931 
364 283 57 68 0.026865352 
222 274 62 83 0.026861899 
538 2 24 28 0.026452508 
200 177 58 72 0.026113177 
285 214 59 73 0.025907455 
334 717 22 25 0.025702687 
319 141 43 55 0.025271546 
275 550 79 103 0.025179662 
462 0 24 30 0.025080003 
394 182 68 70 0.024783427 
354 240 32 41 0.024097987 
586 -1 25 27 0.024062967 
360 694 21 23 0.023993246 
811 223 26 34 0.023379583 
176 3 56 65 0.023319324 
453 224 56 69 0.023273692 
249 263 57 76 0.023106128 
280 71 34 42 0.022730283 
504 471 42 42 0.02263978 
741 7 19 22 0.022472534 
717 2 20 20 0.022182262 
331 616 21 27 0.022038277 
457 -1 42 55 0.021966575 
699 0 20 20 0.021859182 
372 561 64 79 0.021843845 
535 19 26 32 0.02181798 
231 23 58 70 0.02172674 
319 601 40 52 0.021609949 
480 222 35 49 0.021486599 
840 71 23 26 0.021449935 
650 356 71 90 0.02144984 
253 303 43 61 0.021224812 
193 98 32 40 0.021156488 
352 27 53 66 0.021097517 
181 241 55 71 0.020912793 
8 282 65 123 0.02089833 
197 567 153 170 0.02084518 
449 47 57 71 0.02060653 
372 229 60 69 0.020604694 
166 62 55 71 0.020449294 
340 259 67 79 0.020281533 
677 572 87 113 0.02016736 
