17_Ceremony_Ceremony_17_57
91
428 117 31 39 0.8056834 
288 95 37 50 0.7958922 
914 169 28 35 0.57681483 
128 110 36 47 0.5590103 
586 155 26 32 0.354448 
735 128 28 37 0.3493986 
549 215 37 45 0.23922066 
429 103 29 35 0.16828036 
126 97 30 39 0.16750719 
360 90 28 33 0.14884624 
568 100 20 26 0.13092794 
874 305 25 32 0.13050131 
299 22 25 29 0.114410676 
608 17 22 28 0.10323666 
572 148 22 29 0.09118907 
583 166 24 31 0.09065696 
726 128 25 32 0.07897366 
712 286 24 31 0.073998116 
392 215 27 36 0.07380138 
547 209 23 30 0.067395695 
571 131 22 28 0.066222474 
435 80 25 32 0.062750995 
725 104 20 26 0.061953783 
743 320 24 31 0.059861258 
879 301 39 49 0.055448547 
572 144 43 56 0.054960094 
583 133 21 26 0.052280344 
208 88 29 37 0.05222075 
697 152 22 28 0.049804352 
693 95 21 27 0.049488444 
691 80 23 29 0.048749752 
227 97 23 27 0.0470878 
866 287 23 27 0.046310797 
456 94 25 32 0.045273844 
574 174 22 29 0.042389143 
607 153 21 28 0.041493252 
722 114 45 61 0.038777977 
350 64 55 63 0.038738377 
513 79 21 27 0.03817213 
101 276 26 34 0.037875522 
144 99 30 40 0.036601007 
747 529 355 370 0.03653604 
132 82 25 32 0.036107287 
225 215 43 54 0.0351212 
739 109 20 24 0.034898136 
236 204 24 30 0.033392657 
583 102 19 23 0.03321342 
351 109 40 51 0.032512758 
380 93 26 33 0.032421235 
567 84 21 26 0.031073509 
543 199 58 73 0.030367661 
383 198 48 58 0.03036256 
942 173 23 28 0.029953888 
418 99 25 32 0.029131938 
217 85 38 44 0.029076902 
635 101 20 24 0.028479148 
572 315 695 745 0.028033974 
700 268 49 66 0.027414007 
903 159 26 33 0.027073547 
596 5 22 27 0.026919287 
722 143 24 31 0.026768398 
575 131 33 43 0.02672813 
854 280 21 27 0.026070707 
-66 535 351 356 0.025656436 
879 264 61 79 0.02542625 
410 176 24 30 0.024601974 
454 79 26 32 0.024308043 
376 77 27 32 0.024158671 
252 91 36 46 0.023920488 
226 78 25 30 0.023701264 
622 75 22 27 0.02351728 
992 197 21 27 0.023491517 
-225 319 702 746 0.023265285 
825 94 20 26 0.02323977 
687 85 37 45 0.022865303 
719 97 33 43 0.022589905 
948 155 22 28 0.022569982 
624 99 21 25 0.022383962 
200 198 65 84 0.022240441 
635 77 21 25 0.021974957 
383 125 25 33 0.021928795 
106 259 24 29 0.021858357 
694 129 21 26 0.021494316 
417 120 27 34 0.021481775 
179 82 40 51 0.021287262 
301 6 25 27 0.021269465 
947 106 18 23 0.020798534 
318 77 54 67 0.0207609 
541 526 365 357 0.020392917 
855 274 55 67 0.020304685 
556 227 38 48 0.02029487 
