17_Ceremony_Ceremony_17_1007
51
691 451 182 240 0.9965322 
246 376 165 215 0.9903244 
120 833 66 82 0.19931394 
172 -25 107 121 0.08261129 
211 -3 72 77 0.07061692 
924 1333 40 50 0.06254809 
36 13 90 87 0.046146125 
788 794 533 617 0.04429972 
637 1296 95 113 0.04151405 
680 1441 49 54 0.037985906 
742 1104 540 550 0.036549874 
64 8 113 110 0.03444167 
530 494 953 1151 0.03340994 
954 1433 48 81 0.03340356 
813 1488 38 44 0.03236214 
698 1229 121 142 0.03188041 
692 1244 194 226 0.030477384 
154 441 87 115 0.02989404 
708 1434 62 75 0.029817216 
810 1238 35 41 0.029502539 
796 -106 506 610 0.02949681 
294 118 107 140 0.027577417 
198 438 117 140 0.026923267 
29 40 137 177 0.026905784 
306 -3 124 118 0.02601233 
884 1374 36 47 0.025699036 
293 604 46 57 0.0256466 
125 959 104 142 0.025636235 
757 177 470 584 0.024777792 
919 1259 30 37 0.024600977 
895 1435 64 72 0.024289235 
970 1304 30 42 0.024109315 
114 883 65 87 0.023667766 
241 578 111 138 0.023114806 
858 1424 74 77 0.022954153 
968 1267 29 40 0.022205267 
844 1336 33 39 0.022123674 
872 1362 62 77 0.021899382 
81 691 40 50 0.021890199 
172 1408 63 81 0.02176715 
89 557 63 80 0.021659398 
646 1421 90 96 0.021644268 
114 801 64 83 0.021473506 
967 1420 35 51 0.0213855 
767 1329 29 40 0.020997217 
223 27 100 134 0.020947926 
420 1455 41 49 0.020928968 
740 1377 35 45 0.020908529 
814 1457 37 42 0.020906039 
63 619 93 123 0.020458044 
195 196 138 178 0.020270366 
