17_Ceremony_Ceremony_17_406
73
366 242 67 99 0.97046494 
720 387 57 98 0.93328696 
923 462 43 57 0.06242385 
921 440 75 89 0.060940843 
487 310 30 35 0.05185754 
715 396 34 51 0.05081599 
382 82 83 102 0.04913177 
865 429 24 30 0.04526195 
894 458 24 31 0.044120036 
716 348 69 96 0.042942647 
535 76 26 38 0.04034686 
236 220 74 93 0.04011374 
402 249 71 91 0.034527753 
537 58 23 28 0.034482893 
718 386 27 38 0.03435942 
896 440 23 28 0.03336157 
384 183 75 89 0.033293586 
772 56 23 28 0.032985296 
719 418 35 53 0.031893928 
971 403 38 55 0.031227866 
328 247 74 90 0.029914422 
413 212 63 79 0.029561203 
428 81 71 102 0.028851544 
691 559 153 135 0.027583133 
691 454 22 28 0.026994338 
866 418 22 27 0.026868483 
691 386 62 79 0.026612384 
777 176 143 174 0.026104145 
529 74 43 60 0.025955368 
973 319 32 49 0.025818206 
522 78 21 28 0.025780143 
817 80 28 34 0.02561007 
743 543 113 105 0.025332995 
459 218 40 52 0.025287436 
563 302 21 28 0.025159819 
589 329 21 25 0.025069179 
805 397 40 59 0.024545358 
794 405 29 41 0.024476599 
977 426 26 35 0.024423108 
128 601 44 55 0.024381557 
534 83 82 92 0.024336677 
923 431 25 31 0.024209684 
917 483 42 58 0.023791 
945 340 35 47 0.023471158 
944 430 28 33 0.023218814 
425 303 70 87 0.023211034 
685 440 41 52 0.023189109 
840 409 57 70 0.02288221 
995 431 19 30 0.022769323 
909 418 68 79 0.022750767 
513 182 23 29 0.022526802 
436 253 25 36 0.022452341 
776 388 56 79 0.022422712 
462 304 56 67 0.022333905 
643 459 24 30 0.02227266 
442 261 63 74 0.022150744 
562 204 24 32 0.022111103 
463 280 21 26 0.022108145 
457 308 24 29 0.021526134 
516 55 23 28 0.021453772 
555 206 37 49 0.021378422 
720 47 20 25 0.021342885 
942 403 74 101 0.02121179 
677 425 67 82 0.021174045 
384 137 81 93 0.02115274 
806 83 47 58 0.020944724 
496 81 71 98 0.020943467 
359 106 74 88 0.020752398 
567 150 20 26 0.020751972 
983 425 33 54 0.020679655 
695 371 131 162 0.02063557 
593 282 21 25 0.02049648 
505 214 42 51 0.020324029 
