17_Ceremony_Ceremony_17_368
77
581 113 97 116 0.9974686 
348 153 84 104 0.99599695 
713 235 58 76 0.9452311 
130 7 28 33 0.26179406 
715 198 67 84 0.068875395 
428 148 41 52 0.0672108 
259 151 22 28 0.06325315 
384 80 44 55 0.052318733 
43 38 51 57 0.05117879 
446 133 57 67 0.047356922 
766 223 33 42 0.03994938 
580 63 67 74 0.0391302 
787 176 24 29 0.0367508 
317 618 21 23 0.035748422 
691 69 79 80 0.03520516 
256 175 24 31 0.035112165 
433 86 42 53 0.034761798 
472 142 44 55 0.033703815 
735 209 30 36 0.033624895 
863 586 23 29 0.033379722 
403 94 25 33 0.03250754 
297 223 39 51 0.031693116 
709 252 79 101 0.030871324 
904 206 22 30 0.030856412 
535 537 87 87 0.03065056 
921 184 20 26 0.030605188 
211 179 22 26 0.029860754 
431 72 67 85 0.029786024 
493 130 52 68 0.029565573 
0 -1 26 30 0.028854888 
751 531 347 363 0.028245581 
370 25 61 87 0.02756296 
79 518 23 26 0.027551621 
174 134 21 27 0.027482886 
920 205 24 32 0.02737536 
573 324 685 731 0.026580842 
860 1 82 99 0.026266176 
748 237 48 58 0.025965106 
221 197 42 53 0.02582388 
455 528 65 76 0.0258069 
532 126 42 58 0.025734266 
-144 431 519 550 0.025006017 
625 108 63 82 0.0244235 
174 148 20 24 0.024334542 
207 155 20 24 0.0236487 
328 617 21 23 0.023533665 
769 171 37 45 0.023237746 
842 229 62 74 0.023072517 
685 208 68 88 0.022913283 
757 335 76 92 0.022872549 
609 63 66 85 0.022805098 
889 241 36 51 0.022693546 
763 213 55 72 0.022692733 
868 191 65 90 0.022660637 
117 1 49 55 0.02243575 
389 74 28 38 0.022301942 
550 74 61 74 0.02221206 
440 96 25 33 0.022105392 
677 99 63 76 0.022104345 
925 100 22 33 0.022053016 
756 200 45 58 0.02191492 
144 7 25 28 0.021790525 
420 106 63 80 0.021467935 
320 134 65 86 0.021447381 
459 103 70 89 0.021424012 
318 611 37 40 0.021309922 
74 527 26 29 0.021157924 
344 107 67 85 0.021071937 
594 430 55 58 0.02090926 
828 208 101 129 0.020606872 
178 64 25 34 0.020581068 
873 250 27 33 0.020542357 
851 262 47 57 0.020507596 
483 531 61 79 0.020418953 
867 349 31 35 0.02041291 
742 375 74 94 0.020107979 
314 201 28 37 0.02004739 
