17_Ceremony_Ceremony_17_271
120
338 399 25 32 0.14231862 
569 375 23 30 0.13321884 
505 433 26 32 0.11163286 
79 482 80 97 0.08928971 
158 376 326 378 0.075378366 
484 360 21 25 0.06604001 
228 201 460 595 0.061652664 
583 375 22 27 0.060681526 
904 510 18 22 0.05684508 
487 382 21 25 0.05307772 
182 365 23 30 0.05173372 
519 383 22 27 0.05031432 
565 363 22 27 0.04879473 
513 413 22 28 0.048056737 
572 284 344 407 0.044832014 
592 364 23 27 0.043841287 
543 415 19 26 0.041789718 
466 356 20 25 0.04176533 
409 282 25 28 0.040949397 
506 448 27 36 0.039633412 
376 568 47 63 0.03877016 
238 383 20 24 0.036797665 
738 378 20 25 0.03648223 
468 229 18 21 0.036272038 
801 489 22 27 0.03599604 
359 557 40 56 0.035697557 
744 731 356 369 0.035607304 
210 411 21 28 0.034612183 
465 503 20 28 0.034399353 
610 365 19 24 0.033995464 
172 352 200 250 0.033708103 
63 455 73 91 0.033676337 
-148 591 555 579 0.03357013 
104 411 138 171 0.033471897 
439 253 18 22 0.0334229 
491 403 21 27 0.032654032 
362 168 156 179 0.032492798 
461 487 24 33 0.031840544 
488 427 53 69 0.030875567 
358 358 18 22 0.03080813 
465 252 17 22 0.030615415 
542 430 20 25 0.030448928 
536 381 21 26 0.029797925 
459 494 38 54 0.029767344 
763 490 20 25 0.029072043 
310 386 19 23 0.02822106 
592 331 21 26 0.028130623 
413 259 22 24 0.02754484 
616 380 18 22 0.027453573 
775 390 19 24 0.027413296 
521 539 65 89 0.027300246 
340 358 19 23 0.027164228 
77 466 22 30 0.026975537 
562 494 690 753 0.026934225 
96 356 27 34 0.02690898 
390 576 61 86 0.026866494 
738 366 20 25 0.026596973 
773 414 20 25 0.026460312 
390 377 19 24 0.026421161 
207 572 565 561 0.026312908 
460 524 67 89 0.026282767 
201 507 28 33 0.02613534 
543 458 22 28 0.026018921 
470 487 115 141 0.02583619 
539 582 28 35 0.025817106 
486 228 17 21 0.025412742 
182 545 144 150 0.02531194 
594 432 20 24 0.025266359 
-27 469 342 400 0.025147902 
381 537 25 31 0.024844605 
448 483 62 85 0.02481993 
221 404 34 43 0.024781352 
460 450 69 90 0.024727276 
345 569 69 87 0.02460836 
558 486 23 28 0.024032656 
490 443 69 89 0.02397903 
641 389 19 22 0.023906427 
349 405 25 29 0.023889238 
546 483 24 32 0.023876594 
392 281 22 25 0.023856038 
485 330 21 25 0.023744075 
899 492 20 26 0.023594843 
382 558 29 38 0.023442471 
273 685 119 101 0.023422552 
205 382 19 24 0.023134815 
386 366 20 24 0.023112409 
107 446 59 79 0.023047494 
131 702 376 373 0.022980325 
441 236 18 20 0.022877878 
259 456 73 94 0.022458771 
565 407 20 27 0.022362575 
203 589 74 84 0.02212036 
238 364 20 25 0.02200477 
466 212 19 23 0.021927731 
466 334 52 65 0.02165115 
644 246 21 25 0.021639992 
550 346 68 82 0.021592615 
569 340 20 26 0.021581195 
161 533 66 83 0.02155574 
155 386 21 27 0.021316398 
108 485 28 34 0.021245845 
24 326 310 394 0.021243162 
490 257 19 23 0.021165455 
126 495 73 93 0.021074353 
485 454 27 35 0.021038814 
747 510 20 25 0.020958554 
435 283 19 23 0.020887807 
256 546 164 165 0.020832026 
726 364 20 26 0.020788103 
561 279 19 25 0.020731037 
536 727 362 351 0.020626714 
103 301 20 26 0.020503774 
71 459 37 51 0.020485047 
396 256 70 83 0.020415084 
565 435 20 24 0.020237058 
180 571 66 86 0.020231983 
751 489 20 25 0.020147579 
868 509 19 22 0.020071847 
494 282 17 22 0.020049136 
593 409 20 24 0.020016931 
