17_Ceremony_Ceremony_17_218
135
246 500 43 51 0.9963672 
47 517 40 49 0.9912581 
640 473 47 58 0.99052787 
764 464 42 54 0.98828095 
198 431 41 53 0.9863914 
514 518 45 60 0.98450166 
325 482 37 47 0.9835512 
890 506 41 51 0.98206455 
8 367 38 47 0.9809574 
388 527 41 53 0.97876394 
250 384 33 42 0.974779 
133 553 40 50 0.9732011 
966 425 32 39 0.9674772 
870 371 33 40 0.9672606 
563 334 25 32 0.962289 
823 323 30 38 0.95932055 
720 303 30 36 0.9569763 
922 349 33 42 0.9485737 
639 324 28 34 0.9469943 
761 361 30 37 0.94043916 
936 484 36 44 0.9298277 
155 367 37 44 0.9269226 
492 398 33 41 0.8819152 
707 428 30 37 0.86557734 
39 426 33 40 0.8635506 
288 320 32 40 0.85111034 
514 330 23 29 0.778536 
854 427 33 40 0.7434245 
70 461 38 48 0.7120816 
182 310 32 40 0.6894647 
548 432 32 42 0.63584673 
53 309 34 42 0.616482 
630 438 31 38 0.5779151 
363 430 36 47 0.5027039 
371 357 31 39 0.39209446 
465 457 33 39 0.36303297 
427 458 34 42 0.3431132 
413 328 25 33 0.1937518 
410 304 25 32 0.18639283 
819 313 28 34 0.17792459 
991 368 27 35 0.17163174 
590 408 28 35 0.16431147 
78 699 75 84 0.13613077 
363 409 34 44 0.12460461 
926 671 71 66 0.10563557 
922 337 28 35 0.10518946 
784 462 37 46 0.09622095 
632 446 42 53 0.08702771 
40 442 41 51 0.07984095 
969 262 21 28 0.070601694 
808 458 30 39 0.061990242 
659 332 25 30 0.060086247 
989 535 28 39 0.0560957 
582 329 24 30 0.055479445 
971 357 25 32 0.05110468 
411 276 25 32 0.05089199 
967 334 21 29 0.050275255 
409 351 29 37 0.049872298 
514 315 22 27 0.049182374 
357 676 53 66 0.045104794 
536 330 20 26 0.04323631 
967 273 22 31 0.04300698 
643 345 27 33 0.042510543 
587 423 29 37 0.04122036 
430 306 23 29 0.040954906 
974 376 26 35 0.039808676 
491 285 21 25 0.03978247 
428 327 24 31 0.039320543 
438 280 22 27 0.03911278 
118 700 74 82 0.03899472 
706 438 40 48 0.03871012 
358 331 25 31 0.038547304 
969 441 33 46 0.037908807 
515 346 24 30 0.037871953 
311 372 29 36 0.03655689 
434 429 28 35 0.036329836 
333 355 27 35 0.03617707 
715 198 26 34 0.035904124 
299 529 43 53 0.035705116 
532 375 24 32 0.035458755 
433 410 29 35 0.034964584 
539 719 31 36 0.03406551 
843 546 36 43 0.034007557 
952 332 25 30 0.033009592 
895 548 41 52 0.03227342 
798 332 23 31 0.031832628 
951 625 59 78 0.03147308 
407 270 40 53 0.03139967 
891 487 35 42 0.030695308 
427 685 44 53 0.03034592 
461 327 23 30 0.030185426 
489 309 22 27 0.030093558 
170 355 36 45 0.030029602 
224 724 31 39 0.029057603 
463 308 21 27 0.029040402 
910 610 70 84 0.027954977 
938 523 39 49 0.02793387 
717 288 25 31 0.027822204 
768 335 26 33 0.027418012 
410 372 30 38 0.026821295 
634 688 43 41 0.026800124 
711 413 30 37 0.026781637 
24 692 69 86 0.026685664 
330 458 39 49 0.026422193 
640 204 26 33 0.026224257 
697 302 25 31 0.026043007 
956 304 22 28 0.025248034 
872 512 48 59 0.025090761 
959 607 46 61 0.02490448 
57 676 76 89 0.024899567 
916 688 51 50 0.024604619 
471 471 36 46 0.023871977 
871 656 81 78 0.023823703 
664 352 25 31 0.023585478 
494 329 23 29 0.023457142 
990 508 27 37 0.023338648 
992 333 22 29 0.023334334 
768 696 51 50 0.023264777 
664 411 25 33 0.023160962 
864 405 31 39 0.02217426 
661 202 24 31 0.02214612 
984 472 34 46 0.022033593 
324 372 30 39 0.021947058 
632 378 26 33 0.021797001 
505 448 37 45 0.021581022 
769 200 24 30 0.021124575 
950 703 56 64 0.020978685 
387 334 25 31 0.020872947 
761 393 35 44 0.020838331 
842 310 25 31 0.0207674 
490 734 25 32 0.020762315 
820 283 21 26 0.020690026 
748 355 29 37 0.020387178 
937 604 48 55 0.020236913 
744 402 28 36 0.020145657 
