17_Ceremony_Ceremony_17_227
90
615 179 129 140 0.3849216 
3 700 45 55 0.31861517 
633 718 22 26 0.07946175 
42 712 27 34 0.06875303 
674 714 20 23 0.060625292 
796 682 24 29 0.060614914 
797 730 24 30 0.053896964 
301 659 25 29 0.05316783 
746 637 19 23 0.049698256 
791 670 24 28 0.048981532 
854 715 19 22 0.03931286 
697 698 21 25 0.03817206 
717 721 24 26 0.038018562 
206 687 28 35 0.037925955 
952 464 18 23 0.03786426 
746 666 21 26 0.037396345 
713 693 20 25 0.036715295 
183 186 186 178 0.03652479 
185 669 23 27 0.03514116 
945 668 23 26 0.03421583 
817 693 21 25 0.034155555 
747 721 22 25 0.03393832 
928 670 21 24 0.03365701 
924 685 22 25 0.03246531 
671 736 23 28 0.032133285 
460 696 20 22 0.03198719 
184 686 26 33 0.031462863 
692 715 22 26 0.030748652 
903 718 20 22 0.03055862 
251 728 29 34 0.029588345 
671 699 20 24 0.02795204 
845 694 21 25 0.02767315 
178 703 40 48 0.027275018 
923 719 22 24 0.027105143 
18 694 29 37 0.026769474 
769 689 22 28 0.026481345 
765 716 21 28 0.026314417 
16 693 57 68 0.02604209 
143 258 76 95 0.02591789 
865 720 19 22 0.025762688 
198 693 48 54 0.025756884 
114 -2 51 39 0.025674034 
816 735 22 27 0.025673784 
204 672 23 26 0.025449017 
619 662 19 23 0.025337381 
903 431 18 22 0.025286056 
747 731 26 30 0.025055695 
776 667 21 25 0.02492301 
770 623 19 24 0.024895279 
287 326 21 25 0.02465672 
180 305 24 32 0.024619877 
638 697 21 25 0.024380188 
945 684 24 28 0.024361106 
971 636 22 28 0.024308126 
920 639 23 27 0.024195978 
705 46 61 104 0.024173494 
623 719 21 23 0.023891706 
795 642 21 25 0.023770386 
769 637 19 24 0.023544295 
820 720 19 23 0.023535628 
901 635 23 28 0.023498464 
433 730 25 30 0.02333718 
224 243 103 105 0.02323583 
225 692 25 30 0.022763088 
846 588 19 23 0.022661157 
850 637 24 30 0.02257031 
789 711 37 43 0.022503192 
278 4 23 24 0.02222422 
852 618 22 25 0.022156535 
231 194 96 109 0.021707382 
382 649 20 25 0.021662764 
902 693 21 24 0.021646142 
910 714 45 45 0.021514742 
953 637 25 28 0.02131427 
719 667 21 26 0.021262063 
973 542 34 53 0.021249112 
765 678 36 44 0.021146119 
365 663 22 27 0.020980092 
380 659 22 27 0.020919498 
749 688 22 26 0.020892214 
993 658 20 27 0.020884056 
141 685 39 46 0.02086641 
944 715 24 28 0.020799795 
285 55 69 91 0.020780591 
289 658 26 30 0.020768268 
201 254 148 174 0.020576183 
954 489 19 24 0.020483892 
745 622 20 25 0.020226454 
864 638 23 27 0.02008197 
568 691 20 24 0.020030739 
