17_Ceremony_Ceremony_17_818
24
269 190 109 157 0.99708825 
672 205 104 134 0.9956709 
52 340 70 85 0.892254 
521 273 63 80 0.7913932 
2 355 42 58 0.13304505 
888 1497 37 44 0.040403157 
374 751 91 83 0.03975767 
7 334 72 95 0.033566665 
848 1167 554 572 0.033132944 
860 504 541 606 0.031186996 
856 -138 541 610 0.030621743 
861 832 538 602 0.030411782 
864 181 532 606 0.029944848 
574 862 1088 1148 0.028680677 
859 711 34 46 0.027517617 
916 1504 31 39 0.027326088 
852 1498 37 42 0.026992926 
2 384 40 53 0.025969418 
472 1468 123 138 0.025835365 
585 207 1025 1154 0.024736278 
560 -361 1077 1153 0.024673304 
888 1518 43 48 0.023278214 
915 1520 34 42 0.021500647 
853 700 55 76 0.021304868 
