17_Ceremony_Ceremony_17_415
25
747 116 198 274 0.9998832 
65 103 196 271 0.99979585 
452 70 228 304 0.99877566 
351 898 94 126 0.99852103 
654 931 79 100 0.9976496 
447 910 62 88 0.13567924 
350 1250 61 77 0.064666934 
525 1305 97 108 0.04509181 
868 865 33 39 0.03829387 
908 942 33 42 0.037136536 
981 867 34 46 0.036845792 
895 859 29 36 0.033647154 
310 232 105 130 0.030232966 
905 960 31 40 0.029630806 
998 870 29 41 0.029218828 
663 1132 134 172 0.027571702 
250 69 168 224 0.02744381 
943 963 33 42 0.026674362 
340 1258 97 118 0.026112843 
983 928 30 39 0.025786905 
186 1009 27 33 0.024666129 
744 1089 122 134 0.024210904 
264 1269 31 39 0.02159938 
682 1069 116 160 0.021043263 
392 878 89 128 0.020132693 
