18_Concerts_Concerts_18_784
21
256 236 362 459 0.9999578 
977 279 49 81 0.24395782 
909 263 48 64 0.049161404 
403 1110 272 186 0.046338618 
282 102 109 137 0.039035138 
937 258 72 98 0.03586129 
956 290 73 117 0.03562934 
788 313 91 109 0.035176303 
888 432 119 118 0.032481994 
972 250 50 75 0.030164633 
983 239 27 34 0.025720846 
965 356 55 84 0.024910538 
915 329 79 105 0.024350181 
805 315 58 64 0.024186619 
800 288 129 160 0.023863968 
318 92 272 331 0.023301287 
246 975 123 140 0.022960383 
913 390 84 98 0.022764789 
914 356 39 47 0.02229993 
271 136 76 96 0.02149661 
828 254 99 118 0.021284621 
