18_Concerts_Concerts_18_133
138
660 350 69 82 0.9060072 
322 413 68 78 0.5682552 
644 911 36 47 0.53803515 
152 1018 29 40 0.22642815 
308 1024 29 36 0.15183671 
698 359 56 67 0.12495374 
450 1024 35 45 0.10706051 
149 1004 28 37 0.08203895 
279 932 28 35 0.078443915 
459 959 32 41 0.07832452 
312 999 26 31 0.07564212 
450 985 51 69 0.07237187 
455 995 33 41 0.07193686 
381 960 33 40 0.067174666 
622 983 27 35 0.064429164 
624 967 28 35 0.06365324 
377 987 30 37 0.06313151 
372 1029 32 38 0.06111991 
405 957 31 40 0.05721644 
353 404 61 74 0.05239829 
530 388 48 60 0.047792967 
350 1030 27 34 0.047726836 
344 964 28 33 0.04662147 
347 992 27 33 0.04437652 
511 1002 25 32 0.044110887 
632 917 30 38 0.043971304 
285 1030 26 34 0.042135198 
455 959 50 67 0.041906413 
376 1051 33 40 0.041733786 
456 1016 52 64 0.041586503 
472 1031 32 40 0.040700044 
162 1005 27 35 0.04025706 
308 405 45 58 0.040009603 
552 921 27 33 0.039250158 
621 443 47 62 0.03843002 
619 949 48 61 0.037630256 
133 998 59 77 0.037549086 
348 935 78 89 0.037078224 
315 963 26 32 0.035950534 
362 972 53 62 0.035855938 
313 1058 27 34 0.035578445 
348 1059 29 35 0.03446954 
202 1123 33 44 0.033782966 
449 1100 29 38 0.033724695 
472 1052 33 40 0.03299072 
622 898 66 82 0.032895166 
987 1036 24 35 0.032773368 
305 990 44 56 0.032665435 
821 1022 29 36 0.032579478 
59 543 252 289 0.032540724 
625 1032 26 34 0.032219484 
246 382 69 87 0.031168675 
317 430 44 54 0.030710217 
423 1100 27 35 0.029466478 
473 991 33 40 0.029369906 
238 400 35 43 0.029316587 
339 950 50 58 0.028915808 
595 72 76 139 0.02890922 
964 1065 26 37 0.028683508 
279 950 27 33 0.028178852 
380 931 29 35 0.028171426 
794 692 27 30 0.028144298 
346 895 29 35 0.028068816 
419 951 91 111 0.02801096 
816 960 30 36 0.027845751 
421 1023 28 37 0.027740352 
347 926 28 32 0.027574014 
294 999 70 84 0.02746962 
547 340 36 41 0.02727804 
792 1129 32 37 0.027221426 
516 1028 25 30 0.027068524 
323 1150 52 62 0.027032921 
272 402 32 41 0.027032696 
528 928 24 30 0.027032211 
300 438 84 106 0.026857328 
337 430 85 104 0.026821582 
341 1095 30 36 0.026575105 
608 927 77 97 0.026509997 
344 1016 45 56 0.025902774 
126 556 60 68 0.025690442 
454 446 29 37 0.025508838 
45 346 29 39 0.025193593 
339 976 48 57 0.025097053 
518 965 24 31 0.024839127 
315 1135 34 43 0.024687767 
459 1043 52 63 0.024652693 
327 1126 49 55 0.024589824 
537 419 52 69 0.024547258 
615 703 50 63 0.024419188 
321 1097 28 34 0.024407394 
817 1004 50 61 0.02437326 
582 957 25 31 0.024191745 
407 413 31 43 0.024018845 
348 997 77 90 0.023966873 
185 1088 78 96 0.023947993 
819 997 30 37 0.023918945 
548 896 32 40 0.023875423 
560 959 25 31 0.023874322 
476 935 26 32 0.023773488 
286 999 27 33 0.023674862 
205 1105 31 39 0.023575155 
159 1033 47 63 0.023453318 
412 931 29 35 0.023437483 
414 992 30 38 0.023267124 
325 959 80 94 0.022880487 
454 1046 33 42 0.022755824 
105 68 32 42 0.022747569 
187 394 97 112 0.02245901 
402 979 53 67 0.02244659 
480 1096 34 41 0.02212778 
592 1120 30 39 0.022062037 
80 531 94 104 0.021945108 
647 1094 29 39 0.021857502 
568 778 48 66 0.02168304 
627 899 32 42 0.021599626 
583 1001 24 31 0.021589631 
399 990 80 96 0.021518745 
337 920 55 64 0.021440484 
282 1059 26 33 0.021370199 
308 951 46 58 0.021264365 
270 382 31 39 0.021163305 
483 999 81 100 0.021155503 
174 411 30 37 0.021121664 
455 933 27 33 0.021005346 
330 1084 50 56 0.0209264 
102 463 34 43 0.020892993 
406 437 30 41 0.02080169 
154 516 97 96 0.020738747 
641 717 29 39 0.020712957 
209 381 32 39 0.020634664 
890 64 29 42 0.020489486 
230 1121 35 45 0.02044868 
106 411 28 34 0.020409249 
88 672 117 113 0.020406952 
315 477 35 45 0.020276723 
183 1099 29 37 0.020160856 
809 954 113 125 0.020100465 
301 497 63 75 0.020043623 
