18_Concerts_Concerts_18_522
76
492 647 87 110 0.99258304 
627 660 68 80 0.9870358 
87 637 71 97 0.9514768 
374 602 71 92 0.9439803 
895 613 62 88 0.83574164 
606 627 68 90 0.14692375 
456 524 39 48 0.13663328 
688 524 37 44 0.07943209 
860 589 77 100 0.06320861 
216 532 31 38 0.05046422 
857 571 38 48 0.04932364 
585 474 28 35 0.04450707 
904 1326 29 34 0.043671917 
935 1367 31 36 0.043279096 
892 650 47 65 0.043171514 
611 607 54 71 0.04236507 
262 533 29 36 0.042149886 
321 542 31 39 0.03779322 
826 640 33 44 0.03773249 
474 464 31 37 0.037301194 
222 458 30 36 0.0356581 
281 539 29 35 0.034838617 
608 499 30 37 0.03431792 
449 625 90 112 0.031424526 
608 473 28 35 0.03127062 
643 494 28 35 0.030458082 
571 631 60 79 0.029769775 
320 349 33 41 0.029183872 
533 645 83 108 0.02903952 
293 13 76 81 0.028184786 
647 476 28 36 0.028167047 
751 1386 34 42 0.028165385 
837 1367 30 36 0.027611362 
616 528 29 37 0.027538927 
832 1386 37 45 0.027367217 
705 526 36 42 0.027176844 
584 495 29 35 0.026071718 
721 1330 30 35 0.025821278 
863 634 82 100 0.024594171 
882 564 64 86 0.024444778 
498 468 29 37 0.023848562 
46 1351 30 39 0.023808284 
451 550 53 69 0.023793994 
787 536 27 33 0.023728974 
216 612 31 40 0.023728091 
536 527 30 36 0.023420358 
709 645 33 42 0.02341365 
333 431 30 36 0.02337777 
688 1360 30 34 0.023226796 
220 442 31 36 0.023196492 
761 537 28 35 0.022996988 
618 386 33 42 0.022830555 
835 575 32 41 0.022830175 
256 641 33 41 0.02255459 
641 7 32 36 0.022516629 
437 513 63 83 0.02251072 
615 433 27 35 0.022314334 
257 577 30 38 0.022150554 
536 467 27 33 0.021834187 
759 1363 28 33 0.02168981 
858 1290 26 32 0.02159396 
633 601 41 51 0.02144014 
923 606 40 62 0.021383092 
677 508 65 79 0.021339083 
283 573 30 37 0.02118166 
254 604 32 39 0.021162882 
35 637 33 45 0.02105859 
349 458 30 38 0.021054765 
863 627 46 63 0.020868132 
364 533 32 41 0.02084859 
858 598 46 62 0.020658545 
505 533 34 42 0.020523848 
184 646 33 45 0.020486029 
682 562 34 44 0.020385914 
607 324 37 45 0.02021952 
896 27 40 46 0.020074038 
