18_Concerts_Concerts_18_403
76
521 69 181 278 0.8097015 
753 166 39 51 0.15962712 
307 891 27 34 0.07652119 
734 175 63 83 0.07524267 
368 380 86 82 0.07406828 
574 136 75 104 0.06371842 
501 143 113 160 0.059315152 
704 153 108 135 0.059282083 
406 94 231 295 0.05692651 
712 221 159 253 0.05638261 
608 153 26 36 0.047221396 
566 176 89 126 0.042792283 
612 182 73 100 0.039472114 
638 212 47 55 0.038275413 
477 186 74 88 0.03737352 
568 48 27 35 0.036846362 
351 198 226 283 0.035481166 
288 219 55 93 0.03542873 
598 234 76 96 0.035366274 
593 156 130 187 0.03506791 
489 176 180 249 0.034765065 
636 109 208 309 0.03438319 
518 208 64 92 0.032829735 
547 302 144 163 0.03224648 
381 133 46 62 0.032089997 
379 357 146 180 0.030920044 
575 687 96 111 0.030558353 
531 161 49 64 0.030440655 
458 956 18 20 0.028965717 
346 97 79 99 0.028953174 
693 287 80 113 0.028683022 
764 162 23 32 0.028654905 
363 258 140 150 0.028604614 
732 183 124 171 0.028493896 
480 146 45 51 0.028332302 
723 208 64 83 0.028321316 
475 223 59 65 0.02800118 
387 148 30 38 0.027565967 
322 635 307 294 0.027492188 
346 60 53 59 0.027370064 
535 91 28 36 0.027135603 
456 964 21 26 0.02677221 
689 4 23 26 0.02636093 
326 247 50 77 0.025228342 
400 2 27 27 0.025090063 
490 116 40 51 0.02506568 
568 59 38 50 0.024064424 
573 38 37 49 0.023877481 
717 192 41 52 0.023858055 
475 354 158 193 0.023632135 
770 205 72 101 0.023491459 
661 953 25 26 0.02322458 
624 263 47 60 0.02318987 
583 75 23 32 0.023122732 
610 3 28 29 0.022987016 
340 207 123 160 0.022445228 
540 155 26 35 0.02241546 
555 157 49 65 0.022340996 
393 302 56 62 0.022337997 
302 255 47 76 0.022132915 
737 222 33 40 0.021803046 
570 945 17 20 0.021618921 
790 494 33 40 0.021588812 
546 98 68 85 0.021228073 
607 133 69 100 0.021219589 
532 51 22 28 0.021216897 
495 309 130 151 0.02088598 
335 943 22 25 0.020727722 
645 949 43 41 0.02064008 
335 834 178 184 0.020626692 
378 162 144 169 0.020503387 
549 711 71 81 0.020330321 
550 240 63 86 0.020322843 
658 963 28 32 0.020246005 
511 966 22 25 0.020125344 
359 952 20 23 0.020082017 
