18_Concerts_Concerts_18_349
60
530 71 132 170 0.9985771 
62 937 145 209 0.18060438 
-3 538 112 141 0.06879241 
235 483 114 220 0.05777224 
329 787 104 125 0.05711974 
550 900 115 138 0.055502143 
505 867 96 111 0.05220005 
250 728 53 73 0.052136425 
31 959 49 70 0.0419748 
565 915 201 230 0.04181782 
751 393 37 47 0.039624758 
500 924 154 171 0.039060265 
815 280 32 49 0.036299236 
382 691 88 94 0.035766724 
311 408 94 133 0.03221525 
21 929 53 76 0.030321168 
2 518 30 51 0.029510077 
155 392 181 274 0.029196396 
26 901 36 50 0.028275253 
521 526 34 42 0.02774021 
10 461 168 258 0.027361598 
461 896 108 115 0.027320087 
623 424 53 66 0.027091257 
13 962 77 114 0.027074495 
227 663 107 151 0.02697727 
653 372 35 41 0.026763666 
781 292 34 50 0.025762612 
595 469 79 98 0.025653185 
620 361 180 217 0.025565011 
757 275 77 106 0.025184963 
625 371 109 125 0.024865625 
393 375 98 156 0.0246977 
0 923 129 199 0.024648588 
329 847 92 122 0.024218278 
39 995 30 43 0.023967598 
418 373 54 84 0.023936136 
-3 512 45 88 0.0235197 
262 416 144 273 0.023232326 
264 549 154 215 0.02276671 
592 914 120 144 0.022673959 
786 261 64 99 0.022607949 
35 1019 53 75 0.022577217 
549 988 89 146 0.022289285 
231 747 58 72 0.021832865 
5 746 31 46 0.021800859 
425 850 176 210 0.021784464 
500 500 72 88 0.02150963 
603 503 101 115 0.021417879 
612 496 34 45 0.02129303 
256 711 172 241 0.021244481 
-29 1065 204 277 0.02118894 
814 262 30 45 0.02117254 
37 894 122 170 0.021164034 
-1 900 88 143 0.020879574 
535 910 71 85 0.020859731 
14 595 74 94 0.020807963 
523 903 37 45 0.020496137 
-14 616 83 120 0.020288404 
27 796 149 197 0.020281695 
338 332 185 255 0.020001048 
