18_Concerts_Concerts_18_127
78
359 227 50 74 0.99642617 
152 267 65 89 0.99069244 
174 168 47 61 0.99055076 
240 128 44 56 0.98982024 
441 236 52 68 0.9630244 
740 191 51 68 0.9473011 
269 236 52 79 0.94603044 
669 182 45 63 0.92251134 
528 224 53 62 0.91219825 
306 179 41 50 0.7703485 
805 192 44 52 0.74478436 
47 303 57 74 0.61405706 
451 181 45 61 0.5268769 
554 180 50 64 0.45350757 
68 173 41 53 0.33915317 
16 194 37 51 0.31853235 
833 195 41 48 0.24837637 
432 188 45 57 0.22476587 
422 359 55 81 0.18906437 
49 183 39 48 0.13492867 
948 199 42 49 0.10711689 
22 292 61 87 0.106636934 
920 210 40 49 0.098454274 
404 176 39 51 0.08060842 
122 270 56 70 0.078224115 
607 187 39 52 0.07488114 
637 178 55 67 0.07148839 
388 230 50 71 0.0709203 
85 165 41 53 0.06425402 
74 306 57 73 0.06400288 
531 161 49 63 0.0632433 
853 201 38 47 0.056401744 
465 237 45 60 0.056301445 
2 198 30 43 0.055515215 
583 235 45 62 0.05490774 
326 327 58 75 0.054615647 
750 375 53 58 0.053902987 
892 211 35 48 0.052581694 
187 152 58 69 0.051278263 
791 207 46 54 0.046120737 
966 217 29 36 0.044820786 
715 184 48 66 0.043332715 
623 337 48 63 0.043295145 
895 327 82 107 0.03987244 
505 193 56 73 0.03919834 
100 284 70 87 0.037192877 
788 236 48 60 0.034674454 
-1 177 26 37 0.03362305 
3 271 64 89 0.03216559 
906 343 50 64 0.03140962 
605 214 44 62 0.03140371 
740 379 88 89 0.030217912 
934 232 43 53 0.029872304 
103 269 41 56 0.029499386 
791 176 44 55 0.028596075 
348 194 50 70 0.02785648 
485 484 27 32 0.027000355 
351 168 40 49 0.026255887 
538 390 77 80 0.026023095 
611 215 65 87 0.025322318 
887 322 44 58 0.024950188 
601 242 55 78 0.024436086 
854 324 59 78 0.023606338 
519 358 68 73 0.02353123 
763 343 48 54 0.02267451 
250 222 51 72 0.022506546 
71 218 40 51 0.021806989 
225 149 52 68 0.021616967 
437 175 33 43 0.021312669 
219 259 47 60 0.021105675 
578 209 42 57 0.020994356 
705 353 70 82 0.020951482 
-4 315 59 80 0.020929916 
282 189 48 63 0.020833833 
762 363 132 132 0.020469856 
580 412 117 146 0.020430023 
787 250 69 74 0.020317253 
896 286 60 78 0.020296631 
