18_Concerts_Concerts_18_853
71
915 216 49 57 0.9835691 
758 208 45 53 0.969131 
595 236 48 59 0.89724106 
745 119 46 54 0.8340519 
177 380 21 27 0.13718775 
314 380 22 26 0.13225013 
817 253 32 42 0.12188331 
625 220 43 57 0.09220884 
862 123 39 47 0.056965113 
680 239 42 52 0.054436073 
775 384 43 53 0.051758558 
102 377 21 26 0.050448757 
720 588 28 36 0.04446047 
952 150 37 46 0.04183005 
888 131 25 31 0.041814696 
577 256 55 66 0.03842267 
707 161 42 55 0.037866134 
821 528 63 90 0.037848443 
753 161 48 59 0.037312377 
241 385 18 22 0.034021005 
314 482 25 29 0.033771947 
691 638 26 30 0.033603206 
-152 431 535 548 0.033360787 
661 408 29 38 0.033235874 
829 565 44 59 0.031362686 
657 423 515 553 0.030198265 
607 454 30 35 0.029483747 
973 336 34 58 0.029021436 
849 507 24 30 0.02823281 
661 239 40 54 0.02789561 
109 434 25 30 0.026525587 
281 378 21 26 0.026322717 
679 476 37 45 0.026162334 
722 421 35 45 0.025967008 
297 165 179 237 0.02579718 
86 414 20 25 0.025707077 
326 481 24 28 0.025488032 
104 412 20 24 0.025484009 
818 425 28 36 0.025230654 
711 246 41 47 0.025226051 
576 286 60 79 0.025211586 
926 105 23 27 0.024314195 
840 520 42 52 0.02410055 
832 239 41 50 0.023557633 
869 99 24 29 0.02332135 
604 207 42 53 0.022883538 
867 491 24 30 0.022754597 
943 487 27 33 0.022554979 
252 383 19 24 0.022375831 
892 143 27 32 0.02215478 
709 216 42 54 0.022113906 
492 195 26 37 0.02202412 
675 454 37 46 0.02195152 
716 547 43 61 0.02149356 
866 504 22 28 0.021425176 
630 285 43 56 0.021409374 
850 126 24 31 0.021327559 
839 554 29 39 0.021180153 
844 494 63 78 0.021079175 
708 185 43 58 0.021010086 
119 431 24 30 0.020888435 
591 224 36 49 0.02065346 
104 364 21 27 0.02054967 
106 450 27 34 0.020322865 
181 365 21 25 0.020312957 
921 607 25 31 0.020106057 
664 371 29 39 0.020039186 
614 252 54 66 0.020038905 
281 358 23 28 0.020029064 
111 330 21 26 0.020027034 
864 220 40 51 0.02000762 
