18_Concerts_Concerts_18_1038
32
455 164 77 101 0.999946 
628 145 80 103 0.9997992 
533 95 74 87 0.99932456 
275 170 90 102 0.9992654 
289 644 98 133 0.9988732 
92 675 102 139 0.9976234 
467 611 88 121 0.9868146 
628 563 89 104 0.85775006 
635 85 60 68 0.09266009 
539 258 61 75 0.078774706 
386 134 62 70 0.05697878 
667 303 53 74 0.054415114 
635 113 71 89 0.05328075 
680 367 79 102 0.04904777 
451 95 47 58 0.04000551 
284 553 79 83 0.03996679 
560 584 85 103 0.030335287 
410 85 70 82 0.030154236 
679 761 156 212 0.027975628 
617 597 79 98 0.027564885 
675 440 53 62 0.026579928 
420 127 62 77 0.026052179 
678 567 74 103 0.025698498 
671 757 67 89 0.025389578 
482 418 72 83 0.024552202 
545 817 58 77 0.022992624 
798 304 25 31 0.022621218 
697 761 72 97 0.021535173 
874 229 23 37 0.021518603 
610 93 71 97 0.020991229 
608 508 91 114 0.020705521 
637 640 76 91 0.020588065 
