18_Concerts_Concerts_18_60
62
711 479 22 29 0.17248099 
505 401 23 32 0.12206774 
281 519 24 28 0.043866035 
534 -27 301 381 0.04351939 
970 487 24 32 0.037946925 
896 529 26 32 0.037910458 
184 415 22 28 0.037575714 
614 511 23 28 0.037300974 
39 411 57 68 0.037086636 
62 429 47 54 0.03610619 
691 555 30 37 0.034704197 
-64 520 361 354 0.034017753 
31 429 25 34 0.03355995 
482 389 45 61 0.032198843 
280 536 107 141 0.031052345 
743 487 19 26 0.030620612 
688 462 47 60 0.030452581 
497 432 43 53 0.0299346 
662 547 42 49 0.029196681 
716 467 21 27 0.029176265 
461 422 41 50 0.029128019 
457 505 33 37 0.029004375 
604 -142 508 563 0.027747933 
708 459 34 46 0.026708726 
47 405 26 34 0.026499348 
31 413 22 29 0.026449515 
-207 302 712 741 0.02600769 
449 429 72 80 0.02593064 
711 560 22 31 0.025703179 
260 376 23 31 0.025700051 
613 491 21 25 0.025392318 
825 566 21 26 0.024875782 
27 408 37 51 0.02462977 
233 413 20 27 0.024600612 
438 479 82 88 0.024371607 
642 514 24 29 0.02434858 
651 42 140 243 0.02384173 
897 517 26 31 0.02382449 
504 57 147 211 0.023714375 
667 583 25 30 0.023394449 
687 540 28 34 0.023316441 
360 104 20 29 0.023152968 
845 586 24 29 0.023033122 
699 -6 249 359 0.023026288 
670 609 21 25 0.022974053 
665 484 22 28 0.022945823 
722 10 128 181 0.022532508 
694 583 24 30 0.022491286 
32 195 23 34 0.022448892 
315 511 75 89 0.022333192 
207 132 21 30 0.022258561 
43 429 34 42 0.021933943 
50 364 45 61 0.021459874 
233 431 20 25 0.021452863 
278 510 72 81 0.021318195 
365 460 24 31 0.021295413 
676 558 58 68 0.021276677 
584 -2 129 215 0.021162646 
733 481 32 43 0.02104964 
467 554 26 33 0.020984119 
841 569 22 27 0.020847926 
700 465 19 26 0.02050171 
