18_Concerts_Concerts_18_104
44
172 315 415 307 0.23171705 
284 169 469 410 0.15823519 
473 72 458 529 0.09907669 
157 321 591 531 0.061555248 
568 79 227 282 0.044177424 
-155 293 708 702 0.04286885 
708 146 328 442 0.03691772 
100 159 44 66 0.0348023 
-51 492 372 378 0.034592744 
28 26 27 34 0.033172473 
738 483 357 390 0.03309791 
41 253 76 135 0.03270785 
17 16 110 141 0.03258461 
971 493 34 60 0.03231672 
889 440 99 98 0.03144724 
857 488 82 98 0.031425044 
72 122 24 35 0.030832006 
78 251 185 212 0.028857045 
76 132 42 61 0.028255662 
309 426 24 28 0.027046375 
-4 62 137 195 0.026956057 
157 354 263 201 0.025583284 
83 101 104 156 0.025559168 
526 214 713 760 0.025030011 
-1 239 139 205 0.024683595 
698 178 72 89 0.02329714 
310 452 77 79 0.0230731 
324 39 318 387 0.02298842 
18 27 47 61 0.02293831 
45 87 61 88 0.02259458 
905 452 39 46 0.021775674 
-129 -142 522 578 0.021654043 
114 151 118 165 0.021440515 
788 403 183 168 0.021223454 
-19 152 123 183 0.021069521 
952 532 22 31 0.0210631 
305 474 47 51 0.020963322 
282 410 27 33 0.020778244 
67 210 106 181 0.020580346 
66 282 38 71 0.020578686 
-2 0 81 97 0.02052401 
330 476 71 72 0.020499486 
28 2 25 29 0.020278217 
100 152 26 37 0.020205986 
