18_Concerts_Concerts_18_27
46
369 137 402 556 0.9986305 
956 404 62 131 0.11890731 
53 1367 107 161 0.10568262 
808 486 57 76 0.10550746 
58 907 319 436 0.10307421 
748 160 514 600 0.08670501 
780 -105 530 607 0.060899906 
136 770 351 475 0.054158583 
760 428 523 655 0.05000256 
967 305 30 42 0.04874668 
237 738 193 289 0.04417199 
483 761 456 575 0.036587015 
422 367 131 173 0.035983685 
494 889 61 83 0.035195246 
887 555 45 63 0.034725275 
866 802 95 140 0.03406035 
138 1019 199 232 0.03392497 
705 915 36 50 0.03327044 
786 1061 503 566 0.031957276 
959 463 44 80 0.030713117 
931 302 31 40 0.029418174 
645 625 696 864 0.02882134 
360 256 567 803 0.028333971 
801 1047 204 321 0.027757708 
774 428 110 155 0.027676001 
633 351 114 137 0.027112162 
917 445 86 131 0.026537497 
536 -2 101 71 0.026046721 
197 710 167 211 0.025421672 
932 278 29 38 0.025176195 
824 492 108 143 0.02481379 
970 262 29 44 0.024805518 
896 492 82 133 0.024545798 
977 377 51 95 0.023618033 
980 446 52 100 0.023558356 
831 649 116 161 0.023290329 
850 304 31 42 0.022385303 
739 746 114 160 0.021854108 
875 1124 129 186 0.021847254 
845 572 113 145 0.021814592 
936 367 120 207 0.021207748 
806 34 114 161 0.02116201 
534 904 42 58 0.02113031 
502 689 91 102 0.0207929 
539 -284 945 1069 0.020127565 
23 1325 60 90 0.020091457 
