18_Concerts_Concerts_18_257
39
457 48 92 124 0.99355173 
413 214 106 137 0.05337793 
305 507 44 51 0.045265134 
619 248 53 63 0.043860145 
476 343 50 56 0.043262005 
578 281 114 138 0.039891154 
465 226 112 142 0.035219576 
454 325 76 96 0.0337198 
577 401 89 95 0.032022957 
562 360 89 83 0.031170215 
657 403 523 570 0.030850874 
432 266 104 137 0.028884895 
474 314 129 147 0.02828102 
315 184 68 90 0.027995419 
532 338 139 144 0.027335342 
456 344 46 51 0.026938802 
134 441 20 28 0.026395172 
419 293 72 98 0.026395123 
459 356 26 31 0.025252864 
383 197 97 118 0.025210919 
502 33 89 94 0.024726348 
647 335 40 63 0.024573417 
629 308 50 71 0.02425612 
546 199 68 78 0.023650486 
585 220 107 130 0.023251222 
484 13 88 83 0.02302988 
386 311 67 89 0.022951346 
423 53 69 86 0.022866126 
132 521 362 361 0.022622703 
574 203 68 80 0.022344872 
411 176 86 101 0.021830665 
352 269 72 106 0.021657657 
-208 315 679 732 0.021507591 
558 240 90 97 0.021488223 
392 291 305 362 0.021118045 
547 326 81 87 0.020914484 
451 207 83 99 0.020755615 
601 344 69 88 0.020718979 
650 291 38 66 0.020450352 
