18_Concerts_Concerts_18_313
19
122 57 96 131 0.998938 
913 95 90 134 0.9983872 
487 71 193 242 0.9949523 
749 48 78 99 0.95050675 
311 38 103 126 0.9391413 
795 52 53 69 0.038222976 
743 323 349 367 0.034449663 
338 50 127 148 0.027215045 
818 71 63 83 0.02677198 
702 71 62 85 0.026005516 
853 105 63 83 0.022723194 
27 224 28 37 0.021621333 
577 95 662 737 0.021238321 
696 23 66 85 0.021182122 
843 142 57 79 0.02058148 
791 81 71 93 0.020539008 
726 78 70 97 0.020435793 
-217 101 698 743 0.02018995 
380 -9 92 110 0.020158518 
