18_Concerts_Concerts_18_554
20
557 491 28 38 0.6802986 
340 298 264 364 0.3839574 
541 344 264 387 0.11962842 
12 334 89 193 0.0484208 
351 344 166 218 0.04688259 
524 539 22 28 0.03970654 
448 593 40 48 0.03358887 
161 310 252 311 0.03317018 
88 353 22 35 0.03178305 
726 494 45 50 0.02976574 
736 372 213 288 0.028889483 
652 375 187 285 0.025084598 
489 597 36 43 0.024318093 
700 455 69 75 0.023796212 
176 431 182 238 0.021692563 
375 535 38 46 0.021353338 
498 608 22 27 0.020752383 
681 429 109 150 0.02051988 
913 197 39 51 0.020356825 
515 521 51 64 0.020180939 
