18_Concerts_Concerts_18_1016
23
195 161 131 169 0.99706286 
880 250 43 54 0.116774775 
581 608 736 862 0.09813206 
756 1022 566 611 0.062451307 
953 -3 44 42 0.054629136 
859 277 70 82 0.053116307 
852 318 77 83 0.048019756 
779 181 521 588 0.04429627 
100 1309 104 133 0.043192938 
484 -34 982 1112 0.03930325 
789 -113 517 562 0.03648278 
848 0 60 58 0.03581899 
917 751 41 53 0.031285718 
837 347 69 79 0.026766399 
259 228 102 145 0.024795255 
919 -1 41 41 0.023742024 
740 112 240 279 0.02239999 
904 228 38 50 0.022146927 
687 360 118 125 0.0219808 
848 295 41 51 0.021330101 
517 1001 547 566 0.020606274 
832 232 112 133 0.02025449 
980 -4 39 41 0.020220919 
