3_Riot_Riot_3_26
551
250 227 31 39 0.98079705 
232 357 34 43 0.9690587 
670 224 33 39 0.9432568 
206 208 31 38 0.9432401 
655 55 33 39 0.9195765 
358 74 25 31 0.9169588 
358 220 31 36 0.89714175 
466 78 24 29 0.8766903 
333 355 29 36 0.8409923 
720 393 35 44 0.81987303 
894 151 27 34 0.8151128 
813 11 27 34 0.7476685 
249 91 26 32 0.7420679 
787 61 28 34 0.7307134 
553 233 32 37 0.696464 
891 51 23 29 0.65819407 
936 157 30 37 0.63124794 
669 353 35 43 0.61805725 
191 43 25 33 0.6133952 
782 215 34 41 0.5820142 
336 423 26 35 0.5766997 
891 242 29 36 0.5448916 
465 219 28 35 0.5404205 
48 190 30 36 0.5267763 
535 96 22 27 0.5175402 
848 33 23 29 0.5066448 
94 360 28 35 0.45356363 
422 369 33 42 0.45046523 
975 22 20 28 0.42935044 
852 388 25 32 0.41710544 
16 103 25 33 0.41490784 
867 346 25 31 0.39656082 
417 352 33 43 0.38066795 
297 53 24 32 0.35675764 
279 361 27 32 0.31527048 
147 347 24 33 0.2901793 
645 0 23 26 0.26544186 
984 184 32 44 0.25400755 
762 32 24 30 0.22809993 
329 204 27 36 0.22295927 
953 503 24 30 0.21507293 
949 415 20 28 0.21319914 
642 205 27 35 0.20437771 
531 201 25 32 0.19615094 
59 326 27 34 0.18020849 
485 589 30 33 0.17622077 
311 576 28 34 0.16664654 
511 78 21 26 0.16526145 
878 486 22 29 0.16124074 
943 1 21 25 0.15702976 
516 52 21 26 0.1494609 
773 364 24 32 0.1348833 
823 356 24 32 0.13458104 
129 434 25 32 0.12985386 
728 351 35 45 0.1293716 
919 360 19 25 0.1274579 
206 438 26 35 0.12728277 
657 555 24 33 0.12702739 
738 338 23 30 0.1270037 
594 41 24 29 0.12539278 
200 448 25 34 0.12495374 
786 354 23 30 0.11645269 
640 220 27 35 0.108678475 
135 336 25 35 0.10599583 
753 45 22 29 0.10218058 
992 42 20 28 0.102093644 
590 583 25 32 0.10199486 
430 206 24 31 0.094145015 
971 380 19 25 0.0926243 
788 451 28 36 0.09126407 
332 221 26 35 0.08817109 
928 166 28 36 0.086545326 
428 225 26 33 0.08623701 
567 101 19 25 0.08411042 
799 4 25 31 0.083890796 
284 372 26 32 0.08335411 
958 383 19 23 0.08163828 
597 202 22 28 0.08062153 
751 30 23 29 0.078782044 
480 79 19 26 0.07857403 
975 7 22 27 0.07831736 
762 436 24 32 0.0773825 
225 433 25 32 0.075343095 
43 532 26 33 0.074601725 
641 350 28 37 0.07414854 
691 588 25 32 0.073744036 
972 456 22 29 0.07221729 
876 501 24 32 0.07200158 
276 227 27 34 0.07172059 
285 207 25 31 0.07170198 
690 0 21 24 0.07159937 
930 0 21 23 0.0709841 
789 403 24 29 0.070594415 
607 198 24 31 0.070432484 
873 0 21 23 0.07020838 
741 548 33 40 0.06988908 
515 98 20 26 0.06846733 
892 484 22 30 0.06747017 
227 48 24 32 0.06728073 
663 368 31 37 0.06665057 
591 180 21 26 0.066269465 
477 221 29 36 0.06624313 
722 0 21 24 0.065530896 
793 335 23 30 0.06547821 
413 337 29 37 0.06534778 
865 27 21 25 0.06475972 
313 431 23 29 0.06305086 
372 226 25 31 0.062883586 
463 556 21 26 0.06257168 
377 430 34 44 0.062298134 
233 555 25 30 0.06216715 
122 197 37 44 0.06187053 
636 466 22 30 0.06156259 
416 206 22 29 0.061342016 
82 425 22 29 0.06123639 
900 355 20 25 0.060013257 
879 249 25 31 0.059184913 
254 211 27 33 0.05839641 
185 31 25 32 0.057965793 
418 224 24 29 0.057962805 
360 91 24 30 0.057739455 
897 0 22 25 0.057504367 
731 381 33 40 0.05746742 
25 484 23 30 0.057182617 
238 77 25 33 0.05664225 
974 362 19 26 0.05645783 
711 252 25 31 0.056258414 
642 333 26 36 0.05551071 
587 109 19 24 0.05507255 
567 51 21 27 0.054618306 
690 46 25 32 0.054347996 
304 377 23 31 0.05432927 
259 325 31 37 0.05384237 
821 378 23 28 0.053716775 
260 501 25 32 0.05343835 
306 361 23 30 0.05322476 
49 440 21 26 0.05284813 
477 291 38 46 0.05273572 
85 456 33 48 0.052575592 
460 541 23 29 0.05189436 
722 487 23 29 0.051761102 
968 508 19 26 0.050774675 
587 485 25 32 0.05067959 
875 466 20 26 0.05000972 
721 30 21 26 0.049624242 
921 482 22 29 0.049610734 
659 535 32 43 0.049597997 
512 229 25 33 0.04958826 
610 32 23 27 0.04958309 
978 407 19 26 0.049095735 
47 220 36 42 0.04893885 
615 485 25 31 0.048762295 
338 77 22 27 0.048291214 
254 587 21 25 0.04825119 
240 95 24 31 0.048195973 
400 431 34 42 0.048188467 
783 117 37 45 0.047875926 
897 133 25 32 0.04761495 
568 74 20 26 0.047458306 
992 406 19 26 0.04724804 
251 564 21 26 0.04693553 
609 43 23 30 0.046899408 
431 585 25 28 0.046777137 
659 0 21 24 0.046694 
731 482 34 44 0.04662965 
586 493 40 50 0.0466097 
663 28 25 30 0.04641784 
749 431 26 32 0.04641772 
688 457 24 30 0.046047606 
207 557 24 28 0.04597227 
847 357 23 29 0.045931477 
106 201 25 33 0.045617454 
842 375 42 55 0.045580853 
434 555 24 27 0.045485098 
347 357 29 37 0.045237258 
890 413 21 27 0.045115873 
892 427 21 27 0.044672627 
254 492 25 31 0.04449123 
955 379 30 39 0.044483025 
716 44 22 29 0.044388987 
878 427 21 28 0.044357758 
74 406 34 43 0.04405674 
924 379 18 24 0.044053536 
944 103 22 29 0.04401852 
484 280 31 37 0.04393801 
413 587 23 26 0.04366769 
940 549 43 56 0.043554585 
121 276 29 35 0.043476354 
152 425 23 31 0.042753078 
485 563 24 29 0.042398456 
772 205 30 38 0.042211127 
787 384 23 29 0.04174001 
231 32 21 26 0.041692197 
614 358 29 37 0.041678946 
767 2 22 25 0.041651245 
592 155 19 25 0.041641336 
360 606 25 32 0.041560747 
433 180 23 28 0.0414012 
408 454 27 33 0.041177593 
360 58 24 28 0.041140012 
923 101 22 27 0.040931005 
690 481 24 30 0.04060422 
569 181 21 26 0.040264063 
30 460 21 28 0.04012497 
619 458 24 31 0.039983395 
186 455 24 31 0.039916985 
591 73 20 25 0.03980065 
503 589 27 31 0.03974134 
767 453 23 30 0.039601516 
979 40 20 28 0.03950004 
584 379 36 43 0.039413854 
774 402 26 32 0.039360907 
850 466 21 27 0.038894974 
897 27 23 27 0.038862918 
850 478 22 28 0.0388616 
465 93 22 28 0.038834825 
693 31 22 27 0.03872835 
309 456 23 29 0.038667645 
323 582 27 33 0.038616985 
431 462 25 31 0.038613677 
670 460 24 30 0.03844542 
206 582 28 33 0.03838775 
687 601 28 34 0.038181983 
914 529 47 57 0.03815658 
521 205 25 32 0.038123835 
465 55 21 25 0.038067214 
873 406 23 27 0.038035933 
516 381 27 34 0.037864342 
277 428 23 30 0.03783663 
583 527 31 38 0.037691828 
592 228 23 29 0.0372436 
303 563 46 54 0.036972087 
357 530 24 31 0.03693558 
916 234 27 33 0.036780156 
929 415 19 24 0.036718223 
459 295 37 47 0.036612425 
611 185 23 29 0.036340058 
231 451 25 32 0.036225732 
345 423 33 42 0.036223777 
5 108 32 43 0.036219627 
408 563 24 27 0.036141627 
535 51 21 26 0.03595576 
310 205 23 30 0.035909265 
614 529 27 34 0.035840403 
629 471 32 43 0.03581385 
993 460 20 27 0.03578107 
49 249 25 31 0.035761792 
274 335 25 32 0.03563192 
973 434 22 29 0.035612475 
152 309 25 31 0.035385188 
106 94 25 32 0.03526606 
156 0 23 27 0.035076305 
539 24 21 25 0.034974016 
751 545 39 48 0.03490334 
725 334 21 28 0.034891065 
519 483 22 28 0.034858294 
203 556 39 46 0.03480681 
568 29 19 24 0.03472096 
564 205 25 30 0.034667782 
26 504 20 26 0.034596488 
814 457 26 32 0.034583334 
7 512 18 25 0.034546923 
105 77 24 31 0.034459572 
465 582 35 38 0.03437043 
126 299 27 34 0.034323346 
325 414 45 56 0.034121633 
582 558 34 44 0.033769105 
381 204 23 29 0.033754963 
342 405 31 40 0.033735648 
667 511 25 33 0.033353426 
824 430 25 31 0.033109173 
568 483 23 28 0.033102114 
812 223 27 35 0.033038225 
743 532 356 366 0.033000167 
878 232 26 32 0.032906763 
871 472 47 60 0.03288851 
562 149 21 27 0.032716066 
238 81 42 53 0.03259609 
153 513 25 32 0.032565955 
593 125 19 24 0.03244474 
762 116 33 41 0.03243214 
305 301 24 31 0.032416746 
515 30 21 25 0.032413058 
226 482 34 43 0.032200385 
256 308 29 38 0.032199513 
435 538 25 30 0.032026153 
100 432 22 29 0.032017592 
462 244 28 34 0.031882685 
511 438 25 33 0.031847633 
934 494 49 62 0.031844504 
-69 530 361 361 0.031694278 
356 240 29 35 0.031675972 
955 22 21 25 0.031645846 
492 99 20 24 0.031637125 
895 337 20 26 0.03159219 
971 487 21 27 0.031585746 
841 70 24 30 0.03148821 
994 479 20 26 0.031453133 
180 477 34 44 0.0313944 
148 487 23 29 0.031320173 
378 509 27 34 0.031178445 
563 2 18 23 0.031157875 
219 576 41 44 0.031113738 
275 506 26 32 0.03100477 
921 459 21 28 0.030724512 
748 253 23 30 0.03070007 
459 513 21 27 0.030443717 
305 68 23 30 0.030440023 
787 586 41 47 0.030349247 
617 -1 22 23 0.030304397 
389 564 21 27 0.030250445 
319 99 21 26 0.030178104 
958 561 33 53 0.030157646 
946 334 22 28 0.030144231 
610 372 28 36 0.030080657 
565 559 24 31 0.030072588 
409 528 27 32 0.029973706 
193 429 42 55 0.029956311 
383 376 25 33 0.029937444 
568 584 22 28 0.029883843 
82 476 28 39 0.029882813 
741 0 21 24 0.029840678 
281 489 23 30 0.029541818 
139 327 42 57 0.029410996 
243 578 36 40 0.02912141 
813 206 27 34 0.029098947 
387 587 20 25 0.029057954 
359 508 31 40 0.02901527 
771 483 26 32 0.028923027 
534 481 24 30 0.028734466 
512 359 27 34 0.02864158 
412 607 25 29 0.02863931 
615 295 38 49 0.02862573 
363 557 23 29 0.028577762 
588 0 21 23 0.028569985 
197 305 33 39 0.0285455 
750 101 23 29 0.028471664 
984 26 27 39 0.028436525 
907 471 49 63 0.02841478 
50 453 21 27 0.028346837 
640 535 36 47 0.028324636 
126 513 25 33 0.02821432 
897 385 20 25 0.02819941 
700 127 24 29 0.028146118 
485 24 20 24 0.028016102 
574 323 685 732 0.028005674 
78 367 35 44 0.028005192 
839 282 22 29 0.027991662 
-227 326 708 741 0.027948238 
841 434 21 28 0.027924301 
435 305 24 31 0.027912086 
534 184 23 29 0.027906045 
907 242 31 39 0.027902579 
536 584 22 28 0.02788087 
385 103 21 27 0.027774984 
127 173 25 31 0.027767058 
891 503 24 32 0.02774021 
18 502 34 48 0.027526874 
30 441 19 24 0.027370129 
560 130 19 25 0.02728646 
663 573 33 41 0.027271403 
688 533 25 32 0.027245807 
827 276 25 30 0.02719493 
896 202 25 31 0.02707122 
721 308 22 28 0.02704461 
205 538 25 32 0.027043683 
566 610 23 29 0.027023366 
995 2 17 23 0.027014215 
671 481 22 27 0.026945613 
640 340 47 59 0.026911367 
333 446 35 44 0.026864037 
975 68 23 31 0.026743937 
940 396 48 63 0.02672426 
53 483 23 29 0.026723132 
691 563 25 31 0.02671455 
532 350 36 46 0.026635394 
386 179 25 32 0.026629113 
538 502 34 42 0.02656143 
924 431 20 27 0.026471635 
305 408 23 30 0.02646672 
184 433 24 33 0.026451796 
214 424 46 58 0.026448948 
175 301 34 46 0.026413945 
950 359 20 26 0.02635939 
173 529 34 43 0.026337793 
889 140 44 55 0.026308285 
599 473 53 68 0.026261946 
285 42 41 52 0.026163269 
467 22 20 24 0.026119731 
57 581 24 29 0.026110983 
641 182 24 30 0.026024835 
328 533 27 34 0.025952606 
921 26 21 25 0.025918895 
289 65 23 31 0.025907032 
286 587 21 25 0.025862183 
995 127 20 25 0.025804728 
538 558 25 31 0.025781594 
199 474 34 46 0.025686622 
378 76 21 27 0.02563731 
923 508 25 31 0.025609108 
183 328 22 28 0.025596498 
783 465 33 45 0.025552517 
674 450 49 62 0.025539165 
638 305 25 34 0.025514232 
491 599 37 42 0.025502546 
359 145 26 34 0.02549599 
711 552 39 46 0.025489844 
697 151 23 28 0.025480358 
769 330 22 29 0.025461635 
801 586 54 50 0.02541057 
645 582 22 28 0.025385946 
994 391 17 24 0.02527154 
487 432 24 31 0.025222909 
768 308 22 27 0.02511036 
330 510 25 31 0.024992058 
142 520 38 45 0.02494705 
381 582 34 39 0.024929954 
563 510 25 32 0.02491626 
331 338 26 34 0.02489202 
968 524 33 53 0.024776962 
588 461 23 30 0.024735771 
354 179 25 32 0.024607817 
918 49 21 28 0.02445557 
755 464 48 62 0.024452811 
143 197 35 45 0.024391979 
845 253 23 30 0.024351863 
131 482 26 34 0.024351774 
255 528 33 42 0.024291467 
694 177 25 31 0.024278756 
362 590 22 28 0.02421945 
282 410 25 32 0.024127563 
502 293 36 45 0.024111852 
309 537 26 32 0.024068268 
664 436 23 31 0.024067013 
3 455 21 27 0.024060158 
23 82 21 28 0.024049701 
260 430 24 30 0.023969218 
335 22 23 29 0.023924837 
990 299 25 34 0.023870751 
50 375 36 45 0.023834763 
425 470 35 41 0.02378212 
647 546 41 53 0.023771537 
832 18 44 56 0.02374566 
127 375 25 33 0.023734631 
183 555 21 28 0.023666628 
94 472 29 43 0.023614043 
309 602 27 34 0.023597809 
878 153 25 32 0.023591397 
678 364 41 49 0.023558049 
642 431 22 30 0.023542836 
757 440 48 58 0.023515401 
875 68 24 30 0.023344843 
104 603 27 32 0.02334143 
328 100 21 27 0.023285406 
459 274 38 47 0.023270331 
181 356 23 31 0.02325448 
462 454 24 30 0.023232922 
48 511 23 29 0.023222696 
617 129 21 26 0.023200793 
42 448 34 45 0.023197556 
492 483 21 28 0.023007968 
232 226 25 33 0.022987252 
448 546 51 59 0.022983419 
611 502 27 35 0.022939015 
945 128 24 30 0.022906093 
321 559 28 34 0.022826293 
427 334 28 34 0.022818334 
381 144 26 34 0.02278801 
463 480 21 26 0.02266819 
420 545 55 60 0.022656806 
954 48 21 27 0.02257817 
174 499 33 44 0.022411082 
226 601 29 35 0.022397103 
50 341 35 46 0.022373755 
430 607 26 31 0.022362279 
750 455 23 30 0.022348749 
668 476 35 45 0.022332782 
71 565 23 30 0.022263257 
310 335 22 29 0.022261238 
283 459 22 28 0.022250202 
379 608 23 28 0.022236213 
309 502 32 40 0.022218065 
99 333 25 31 0.022190578 
333 183 26 33 0.022104628 
126 449 25 34 0.022104206 
309 225 25 33 0.022101661 
816 410 21 28 0.02206053 
120 148 35 44 0.0220221 
920 77 21 27 0.021975337 
45 266 36 43 0.021929326 
433 429 33 42 0.021928906 
255 603 26 31 0.02192456 
71 233 25 33 0.021853648 
579 394 38 47 0.021850625 
611 584 23 31 0.021845464 
996 68 21 28 0.021776201 
798 308 23 30 0.021708261 
974 130 22 28 0.021687929 
426 214 46 54 0.021687096 
812 469 34 45 0.021675734 
450 506 35 44 0.021667132 
433 248 27 33 0.02162905 
31 247 22 29 0.02155963 
631 483 107 122 0.021540822 
352 450 36 45 0.021427546 
560 473 50 62 0.021377081 
69 422 50 66 0.021313688 
721 75 21 28 0.021272691 
4 381 19 28 0.021270122 
784 553 39 50 0.02125473 
288 27 21 26 0.02120323 
103 228 25 33 0.021188827 
441 524 49 61 0.021166638 
332 476 34 41 0.021165956 
767 574 39 49 0.021116376 
120 520 37 45 0.021080226 
453 201 44 56 0.021069368 
846 228 24 31 0.021061607 
536 614 24 29 0.021025045 
45 308 34 43 0.020971498 
655 493 53 67 0.020913789 
344 373 32 40 0.020902507 
70 200 24 32 0.020869277 
121 422 48 59 0.02085477 
685 506 26 33 0.020854753 
587 602 25 33 0.020813614 
748 71 23 29 0.020804519 
890 537 45 55 0.020777954 
950 502 61 91 0.020772904 
620 106 20 25 0.020757236 
487 53 19 24 0.020726733 
102 146 34 45 0.020704249 
507 565 24 29 0.020626487 
844 2 20 24 0.020609777 
393 497 73 82 0.020503767 
402 508 37 42 0.020490859 
994 434 20 27 0.020441525 
878 399 47 60 0.020379478 
461 438 24 31 0.020367315 
635 608 25 30 0.020339217 
3 507 33 45 0.020321893 
382 121 24 31 0.020321405 
130 536 364 352 0.02026743 
704 383 62 74 0.020222463 
848 302 22 29 0.020174341 
433 509 24 28 0.020160606 
24 357 23 29 0.020139163 
810 525 40 47 0.020087438 
541 4 21 24 0.020086104 
921 339 20 25 0.020066857 
894 466 21 27 0.02000365 
