3_Riot_Riot_3_521
53
869 182 138 180 0.99989605 
270 197 63 79 0.99949527 
381 247 74 93 0.9978527 
158 234 62 70 0.9937376 
557 184 113 145 0.9763604 
61 242 53 60 0.5125518 
484 300 56 76 0.24894802 
702 542 133 147 0.1419715 
651 302 70 87 0.118049614 
49 249 36 43 0.10958944 
463 615 77 95 0.08380483 
40 200 90 104 0.07794473 
159 267 64 82 0.07746503 
485 608 46 59 0.06587967 
509 303 59 81 0.06245088 
517 87 129 158 0.062258586 
766 559 80 113 0.05575779 
445 556 39 54 0.054883864 
22 170 139 175 0.051230222 
581 27 76 88 0.05019659 
436 297 63 77 0.042379484 
5 247 23 35 0.040136497 
618 31 79 97 0.039642286 
605 177 89 111 0.03946472 
2 230 25 35 0.038620584 
528 75 91 92 0.037840173 
51 233 30 35 0.037468076 
426 229 77 94 0.037163172 
690 478 132 153 0.035779458 
100 228 31 38 0.03448043 
564 66 130 167 0.0334886 
108 215 43 54 0.03224705 
89 246 35 46 0.027882602 
446 208 49 62 0.027501103 
504 614 28 36 0.026471267 
535 307 30 41 0.025802515 
407 204 74 90 0.025675548 
470 573 58 72 0.025545804 
727 452 73 86 0.025176885 
33 241 39 51 0.024655517 
551 34 73 85 0.024129288 
659 35 69 97 0.023130758 
446 587 64 83 0.023111591 
569 589 25 31 0.023098802 
457 606 26 35 0.02277285 
102 232 59 70 0.022464449 
448 190 73 104 0.022277137 
162 308 53 63 0.021668714 
587 47 30 36 0.021353338 
399 190 45 56 0.021018429 
464 546 57 73 0.020770064 
614 44 25 33 0.020717017 
460 138 76 97 0.0203847 
