3_Riot_Riot_3_322
63
254 9 120 134 0.9220283 
286 220 119 132 0.15700273 
480 52 103 133 0.0903049 
-12 466 56 84 0.06801814 
277 199 173 238 0.06426062 
523 70 63 90 0.06048629 
555 57 102 139 0.06031774 
978 37 45 74 0.05558303 
547 864 56 61 0.05144489 
91 158 115 150 0.039191727 
428 21 108 120 0.03878539 
606 76 96 122 0.037214544 
686 204 107 132 0.03502218 
363 878 30 38 0.034575805 
829 9 91 99 0.03389056 
106 121 175 235 0.03307521 
562 84 185 246 0.03180946 
346 201 204 266 0.031478424 
660 105 66 88 0.031092187 
185 31 95 121 0.030960463 
12 904 82 123 0.028308682 
500 17 100 115 0.028062165 
532 76 39 57 0.02803114 
820 30 39 43 0.027868887 
639 0 40 40 0.027486963 
449 106 122 145 0.026622081 
440 111 191 253 0.025808685 
581 190 93 126 0.025335938 
-4 9 85 130 0.025077974 
753 -2 98 94 0.024920305 
319 44 110 136 0.024677757 
363 1 100 119 0.024584997 
315 7 48 50 0.024484254 
-7 618 155 259 0.024355423 
568 110 113 135 0.023969462 
660 149 120 152 0.023863336 
809 19 69 67 0.02384387 
462 193 110 141 0.023678673 
85 103 113 128 0.023579773 
381 858 32 39 0.023356507 
308 223 334 422 0.02328725 
-11 32 57 90 0.023222495 
500 149 207 269 0.023011662 
504 62 41 55 0.022360105 
317 162 102 111 0.022044782 
293 293 181 246 0.021940539 
637 93 199 257 0.021685757 
53 46 83 108 0.021405453 
473 24 75 86 0.02135326 
776 0 41 45 0.02125105 
339 188 109 138 0.02099175 
142 74 88 113 0.020940408 
418 263 187 239 0.020928754 
977 350 27 41 0.02083439 
440 232 361 443 0.020819193 
299 927 97 132 0.020768013 
327 889 84 111 0.020744484 
311 491 87 95 0.020661976 
6 183 199 276 0.02061975 
400 44 98 124 0.020520128 
343 857 71 89 0.020118807 
178 717 400 447 0.020107156 
263 168 127 139 0.020062754 
