3_Riot_Riot_3_666
28
524 129 151 199 0.99874616 
308 121 147 183 0.997145 
129 39 104 113 0.14696857 
261 473 156 105 0.07757063 
165 18 57 65 0.070343785 
183 65 71 98 0.06500775 
277 104 49 69 0.040445585 
229 68 67 91 0.038004387 
349 171 100 98 0.036136888 
104 6 86 94 0.035681274 
0 1 25 30 0.03504657 
92 34 73 111 0.034492496 
146 27 64 87 0.034288783 
219 68 48 69 0.034150656 
306 97 92 130 0.028557826 
873 146 27 32 0.028262472 
230 77 29 43 0.028077973 
592 125 87 125 0.028015167 
56 7 70 103 0.027001334 
272 0 39 40 0.02424059 
20 0 70 99 0.024009524 
82 -15 212 228 0.022654472 
153 358 83 96 0.02265198 
218 342 82 83 0.022427956 
196 5 75 78 0.020961743 
692 42 26 33 0.020244235 
515 188 101 124 0.020221353 
264 52 70 94 0.020110277 
