3_Riot_Riot_3_393
176
437 122 40 52 0.9265032 
542 120 26 31 0.15137622 
383 169 36 46 0.13532317 
335 131 22 27 0.13463528 
585 146 29 38 0.11974138 
522 191 44 53 0.09568888 
607 195 31 39 0.09477467 
609 177 29 37 0.088188544 
642 141 23 29 0.085148394 
399 194 40 53 0.084853 
539 105 22 28 0.0837751 
660 209 23 33 0.08236207 
466 76 24 29 0.08029355 
298 170 36 49 0.07916403 
557 128 23 30 0.07783675 
401 171 31 42 0.07166227 
532 179 29 37 0.07002799 
565 97 21 27 0.06703795 
497 102 20 26 0.06579787 
570 80 18 23 0.060259618 
366 204 25 31 0.05920761 
714 236 21 27 0.05849892 
644 195 38 54 0.057888754 
377 191 37 49 0.057808436 
542 54 18 23 0.057640683 
539 77 18 23 0.055084355 
597 182 54 66 0.052167017 
700 231 19 26 0.051964037 
598 213 45 56 0.051690325 
507 100 21 26 0.049878668 
661 176 20 27 0.04801438 
587 132 24 30 0.04716973 
620 131 24 30 0.04701253 
527 214 44 53 0.046683833 
592 168 31 41 0.04607912 
612 189 63 78 0.045118764 
647 176 22 30 0.044703286 
566 145 35 45 0.044095043 
599 409 43 57 0.043252025 
641 172 36 50 0.04315555 
305 156 24 31 0.042747185 
508 125 23 29 0.042504046 
511 52 18 22 0.041253973 
491 173 25 33 0.040222183 
559 163 38 50 0.0396138 
576 138 51 63 0.03916579 
851 195 22 28 0.037704553 
848 182 21 28 0.037393153 
586 157 55 66 0.03737294 
625 133 52 66 0.0372625 
666 104 19 24 0.037023105 
-63 508 364 370 0.036314264 
533 151 25 31 0.036087763 
624 405 72 82 0.035899054 
226 133 19 25 0.03589358 
591 233 42 55 0.035836548 
801 227 18 22 0.035796024 
336 142 23 31 0.035791595 
608 140 38 49 0.03575152 
416 126 59 73 0.03571002 
181 1 24 25 0.03468323 
419 293 47 65 0.034325413 
418 119 38 49 0.033449102 
509 147 35 45 0.032998484 
695 103 23 27 0.032905474 
821 232 18 22 0.03287348 
116 511 385 362 0.032579746 
510 81 19 24 0.03244967 
606 326 73 83 0.03236471 
329 108 20 26 0.03227532 
793 156 18 22 0.03202202 
639 52 21 27 0.031296752 
351 142 36 45 0.031257425 
34 121 18 23 0.03110494 
569 52 18 22 0.030913124 
511 173 39 48 0.030501653 
620 58 20 24 0.030490141 
356 225 25 33 0.030331291 
218 133 33 46 0.030154007 
488 117 32 42 0.030134106 
603 149 68 86 0.029608468 
539 28 19 23 0.029308066 
572 31 18 21 0.029301506 
305 240 28 38 0.029133882 
663 4 23 23 0.029086825 
-211 286 727 730 0.029044854 
645 219 26 35 0.029007021 
701 236 37 44 0.028901309 
619 71 20 25 0.028695688 
592 56 18 23 0.028405407 
690 207 18 24 0.028331894 
647 148 79 99 0.028290078 
258 125 21 26 0.02794877 
623 215 63 80 0.027862333 
426 190 37 51 0.027771654 
337 0 31 31 0.027715174 
515 31 18 21 0.027610967 
845 231 20 26 0.027599473 
417 271 43 54 0.027544506 
351 252 28 35 0.027185857 
303 194 28 38 0.02709981 
354 185 49 64 0.027038075 
559 301 75 88 0.027007597 
690 177 18 24 0.026531965 
510 266 40 50 0.026519246 
486 83 18 24 0.02635624 
315 100 20 25 0.026305048 
249 116 36 46 0.026236411 
352 128 23 29 0.026129495 
464 46 22 28 0.026107699 
163 153 18 21 0.025950957 
182 131 18 22 0.025746346 
534 516 375 363 0.025743367 
830 166 58 75 0.025681037 
409 141 40 53 0.02541675 
175 155 18 22 0.025210518 
589 75 19 23 0.025094848 
801 207 17 21 0.025004435 
644 100 32 42 0.024961842 
470 241 37 48 0.024953041 
697 257 23 31 0.024843855 
741 503 351 380 0.024766918 
578 265 48 63 0.024737852 
358 170 37 49 0.024685953 
282 209 53 72 0.024463817 
262 259 58 74 0.024455182 
508 240 42 52 0.024309587 
715 2 21 21 0.024089893 
649 106 19 24 0.023974141 
382 89 39 50 0.023879297 
659 227 74 94 0.023760542 
993 127 18 26 0.023725927 
198 1 22 24 0.023611655 
123 292 736 709 0.023583015 
581 208 107 126 0.023545898 
564 73 31 39 0.023460103 
866 200 20 28 0.023439135 
587 29 18 20 0.023360917 
761 115 113 156 0.023339344 
692 152 147 189 0.023165196 
842 180 37 47 0.023047687 
594 198 30 38 0.02269369 
293 240 68 86 0.022600837 
156 132 18 22 0.022508705 
726 212 16 19 0.022385545 
227 146 20 27 0.022358015 
691 155 19 24 0.022344 
644 247 24 33 0.022274042 
695 0 21 21 0.022198735 
186 194 286 315 0.022188744 
726 179 15 20 0.022130277 
827 179 19 25 0.022121113 
547 223 41 52 0.022025835 
693 182 78 101 0.021964759 
384 156 26 32 0.021851793 
342 245 57 69 0.021470316 
543 114 46 59 0.021397986 
334 252 24 33 0.02134209 
153 0 24 26 0.021292742 
324 519 373 357 0.021239657 
665 156 19 24 0.02111492 
235 103 61 78 0.021051934 
633 89 53 67 0.021047032 
388 238 61 76 0.021035446 
591 100 20 26 0.021034725 
360 271 75 88 0.020820742 
642 70 20 26 0.020671427 
386 209 40 49 0.020661794 
183 196 70 89 0.020489851 
769 204 14 19 0.020434832 
671 119 124 160 0.020308325 
770 185 16 21 0.020249402 
83 127 18 21 0.020243939 
616 102 20 26 0.02015721 
550 191 39 50 0.020097554 
247 137 37 51 0.020030731 
