3_Riot_Riot_3_306
126
744 89 62 83 0.9992399 
270 144 51 60 0.9688024 
917 62 70 82 0.8629195 
480 194 45 54 0.8446823 
459 291 31 39 0.5942544 
536 312 55 78 0.45147613 
479 125 30 36 0.42208984 
663 176 65 71 0.4211007 
634 114 40 53 0.374117 
-7 3 106 154 0.32938418 
908 91 57 73 0.2670464 
290 241 38 59 0.15175529 
235 285 49 60 0.14651634 
541 112 34 47 0.13602442 
476 130 42 51 0.12049285 
146 145 22 30 0.10574092 
271 255 48 68 0.10486817 
505 282 27 36 0.09596315 
655 146 53 69 0.09542222 
641 182 55 72 0.08783671 
608 191 37 51 0.08547837 
961 61 48 64 0.07885755 
424 331 58 69 0.07794767 
590 192 32 41 0.076992214 
182 133 24 33 0.0713887 
614 114 43 53 0.06986852 
487 105 24 28 0.06703941 
493 400 77 94 0.0663217 
893 537 41 50 0.059003368 
425 169 38 49 0.058023263 
228 174 40 52 0.05730984 
512 98 21 27 0.056249917 
488 283 25 33 0.054982007 
326 126 25 32 0.05065801 
509 293 29 37 0.049376823 
481 103 39 49 0.047897786 
532 339 36 48 0.046878703 
633 315 46 60 0.0439529 
528 297 46 67 0.04214981 
836 2 29 33 0.041255746 
990 71 26 40 0.040915657 
498 116 40 50 0.040073633 
46 476 24 34 0.03937787 
645 337 44 50 0.039091524 
150 131 24 33 0.03891185 
398 295 39 51 0.0378554 
762 583 30 42 0.037642892 
434 216 37 48 0.0374193 
98 157 24 31 0.0371976 
693 187 49 58 0.037035007 
648 119 45 59 0.036300562 
542 106 21 28 0.0361529 
401 104 42 54 0.03588611 
755 524 348 371 0.035176028 
482 176 36 43 0.03458458 
352 597 42 51 0.034266457 
224 82 23 28 0.03348921 
505 288 52 64 0.03321213 
540 280 27 35 0.03316816 
531 128 39 57 0.032993678 
478 291 32 41 0.03198621 
178 171 24 33 0.03126736 
237 217 48 64 0.031090148 
299 284 40 54 0.030779134 
226 240 47 64 0.030748779 
614 207 40 52 0.030459933 
407 96 26 33 0.0303408 
397 84 42 53 0.02989138 
424 113 39 51 0.029238123 
439 294 39 52 0.029019913 
305 265 33 48 0.028984776 
432 125 24 32 0.028613783 
550 131 40 56 0.028577624 
432 191 30 39 0.02857458 
3 96 105 164 0.028484473 
326 144 36 47 0.028334508 
582 311 679 742 0.028315673 
440 360 48 55 0.028109929 
325 274 28 38 0.0276472 
496 136 44 56 0.02699244 
426 146 38 49 0.026649507 
130 130 25 32 0.026540808 
503 95 38 49 0.026523039 
490 82 21 26 0.026508367 
128 136 45 57 0.026403513 
518 318 40 53 0.025575075 
195 123 34 47 0.02534623 
917 57 42 51 0.025272537 
529 248 38 54 0.025130713 
42 61 71 91 0.024891082 
327 242 37 54 0.024670469 
380 326 40 50 0.024647234 
502 214 30 39 0.024295159 
459 170 42 55 0.024279717 
349 190 36 48 0.024192747 
407 189 42 53 0.024008337 
-222 318 695 740 0.02395946 
608 132 42 56 0.023897555 
253 287 64 84 0.023832973 
662 92 26 33 0.023746643 
708 396 38 50 0.023651728 
502 244 40 54 0.023536982 
405 140 41 52 0.023471465 
168 118 50 65 0.022988351 
734 347 77 91 0.02279862 
518 344 72 98 0.022675542 
95 249 25 37 0.022638852 
493 172 46 61 0.022594756 
-67 520 352 365 0.022554524 
39 166 53 62 0.022444313 
553 324 60 77 0.022302136 
485 253 27 35 0.022023162 
665 196 37 44 0.021883696 
654 87 42 56 0.021790693 
0 356 19 31 0.021744838 
512 86 20 24 0.021672776 
539 223 26 36 0.02159345 
561 293 59 80 0.021293482 
103 167 24 32 0.021099955 
586 174 32 44 0.020890534 
249 273 40 49 0.02086 
536 255 25 32 0.020748599 
637 199 33 45 0.020682486 
440 301 65 79 0.020677065 
403 320 58 75 0.020487128 
1 151 21 28 0.020223152 
