3_Riot_Riot_3_790
130
206 274 22 28 0.7590507 
925 288 21 27 0.31962895 
326 261 21 27 0.30434164 
419 275 20 26 0.193069 
430 275 19 24 0.1626207 
799 259 19 24 0.14101979 
318 258 21 26 0.13495748 
251 253 20 26 0.1263717 
239 258 21 27 0.1228698 
973 354 27 39 0.115056686 
982 277 22 29 0.112552315 
511 278 21 26 0.10171854 
776 250 19 23 0.099571265 
255 239 20 26 0.09873541 
364 278 18 23 0.09657326 
813 264 20 25 0.08841738 
794 227 20 25 0.087074876 
347 411 50 60 0.08695221 
237 275 20 26 0.08063735 
419 262 20 26 0.07403456 
123 303 26 34 0.06905771 
815 276 20 24 0.068717115 
349 379 49 48 0.06643819 
331 271 20 26 0.06564479 
494 273 21 28 0.06546327 
116 319 44 59 0.064435 
870 311 18 24 0.06442941 
385 278 18 24 0.063410334 
980 257 20 27 0.05942524 
129 285 22 28 0.058871623 
483 407 25 32 0.058831252 
489 264 20 26 0.056047086 
850 261 17 21 0.055363026 
282 283 20 25 0.05524419 
510 263 19 24 0.054483373 
920 210 21 27 0.053746726 
943 306 19 25 0.052770052 
237 357 23 28 0.051290434 
928 263 19 23 0.05085195 
609 262 20 26 0.049974162 
362 259 19 24 0.046774108 
113 309 21 27 0.04666285 
282 256 18 24 0.04633219 
977 327 22 32 0.045568705 
316 279 19 24 0.044768747 
415 306 19 25 0.044742767 
837 362 21 27 0.04396545 
815 302 21 27 0.0435872 
251 276 20 26 0.043211903 
976 306 21 29 0.04275425 
775 237 20 25 0.04023837 
125 350 29 36 0.039855905 
990 261 22 29 0.03897834 
469 261 18 22 0.03890134 
259 333 21 26 0.03884152 
814 226 19 23 0.038689047 
515 301 20 26 0.037570372 
252 355 23 28 0.037197307 
156 259 21 25 0.037125446 
122 326 27 35 0.03696263 
240 309 21 25 0.036759727 
801 265 33 41 0.035665315 
848 280 17 22 0.035001665 
81 351 26 34 0.03296244 
355 402 35 38 0.03283423 
277 334 22 27 0.03252431 
152 280 20 24 0.03243578 
405 372 37 43 0.032179978 
468 407 25 31 0.032079943 
944 285 19 25 0.031950533 
772 245 30 38 0.031839844 
469 279 18 24 0.031444475 
433 335 20 24 0.030592967 
291 327 329 328 0.030391948 
904 286 17 23 0.030024461 
180 314 21 27 0.029954245 
854 307 18 23 0.029642366 
112 328 22 30 0.029355828 
124 305 67 78 0.029004686 
825 381 19 24 0.028990641 
252 313 20 25 0.028555699 
430 382 22 28 0.02815775 
280 308 21 26 0.027896242 
331 307 20 25 0.027449945 
969 265 40 57 0.02723463 
383 383 61 71 0.027110092 
895 226 19 24 0.027107507 
924 328 20 26 0.02624266 
363 305 20 25 0.026074462 
334 397 50 56 0.025344228 
502 260 32 40 0.024919573 
106 350 26 35 0.024035562 
597 259 19 24 0.024027577 
182 390 24 29 0.0238152 
387 259 18 24 0.023717634 
226 341 54 63 0.023667468 
795 243 69 81 0.023613395 
963 336 43 66 0.02326806 
390 311 18 23 0.02293724 
234 239 20 26 0.022910208 
872 258 17 22 0.022899633 
149 310 23 29 0.022675265 
410 294 31 43 0.022598831 
457 393 52 61 0.022584721 
534 282 18 24 0.02253907 
415 330 19 25 0.022341931 
803 302 22 28 0.022279533 
872 327 21 27 0.022151582 
373 379 33 36 0.022110803 
532 427 45 52 0.022107434 
354 352 65 72 0.022104349 
927 358 22 27 0.02205277 
236 335 21 26 0.021915313 
233 300 33 40 0.02186846 
314 305 20 25 0.021769337 
439 305 19 24 0.021636248 
267 339 38 48 0.021354064 
496 248 70 84 0.021299217 
433 357 21 26 0.021214852 
403 499 132 146 0.02114964 
182 325 21 26 0.02091067 
176 305 35 43 0.020635175 
82 335 22 28 0.020562975 
909 282 48 59 0.020506656 
382 330 22 28 0.020196153 
454 341 70 83 0.020146044 
520 332 20 26 0.020138334 
404 264 46 59 0.020114854 
793 359 18 22 0.02009025 
412 364 53 65 0.02006318 
