3_Riot_Riot_3_106
40
667 146 197 252 0.9942427 
251 104 100 115 0.14150177 
288 68 74 87 0.062332373 
486 254 21 26 0.057040125 
318 73 45 56 0.055319794 
773 690 25 29 0.045818772 
786 690 26 32 0.040958654 
341 281 21 26 0.039627768 
440 250 22 27 0.036162063 
436 237 21 27 0.03389995 
265 153 80 91 0.032491386 
867 929 21 24 0.030797858 
821 712 21 27 0.02988962 
563 929 21 24 0.028373353 
772 370 89 106 0.027798265 
132 155 75 91 0.026716497 
408 260 21 27 0.02643714 
312 95 24 30 0.025796425 
278 74 45 53 0.024611164 
259 45 118 148 0.024610866 
338 597 182 183 0.024592226 
910 233 77 84 0.024333144 
412 229 20 25 0.02383186 
351 278 21 26 0.023803938 
116 254 44 52 0.023752877 
129 276 26 31 0.023651563 
127 477 113 154 0.02351867 
815 698 20 27 0.022996677 
288 132 83 96 0.02282333 
101 305 25 29 0.022682834 
147 283 141 152 0.02195151 
767 676 52 64 0.021549461 
391 281 19 25 0.021490963 
358 222 131 161 0.02140152 
936 612 57 83 0.021252934 
952 651 24 37 0.021211985 
356 257 20 24 0.020996774 
278 199 74 85 0.02090981 
789 715 27 33 0.020693412 
915 628 60 79 0.020517617 
