3_Riot_Riot_3_184
391
966 175 29 35 0.62350464 
76 67 36 51 0.4825376 
918 158 27 36 0.42012605 
221 95 25 34 0.32777053 
697 172 20 25 0.2678057 
740 173 20 28 0.22898191 
590 389 23 31 0.20321427 
766 169 19 27 0.20180966 
723 182 19 24 0.20090438 
124 165 28 33 0.19684769 
361 512 25 31 0.16813545 
641 366 22 28 0.15559745 
232 195 23 30 0.14419135 
25 301 28 37 0.1364624 
131 250 25 34 0.13482748 
183 249 25 30 0.119885124 
275 512 20 26 0.10470378 
65 320 48 53 0.088276476 
207 77 33 47 0.08156926 
843 151 20 26 0.08139734 
646 286 24 29 0.08121288 
641 223 19 24 0.081017196 
992 555 21 29 0.080326974 
592 183 20 26 0.08003169 
182 127 23 30 0.0799816 
380 223 24 31 0.07750609 
360 487 21 27 0.07446094 
92 72 26 36 0.07368741 
179 146 25 32 0.07234361 
119 190 36 45 0.0713021 
691 202 19 24 0.07059321 
666 259 19 23 0.07029099 
644 211 19 23 0.07009485 
132 231 25 33 0.068444796 
950 170 34 44 0.06825151 
134 121 24 28 0.06610288 
593 228 22 27 0.065961376 
1 446 23 37 0.06592035 
86 87 35 47 0.06472936 
674 203 18 22 0.060560524 
204 228 25 31 0.06016403 
714 200 19 24 0.059759483 
793 151 22 29 0.059068304 
536 197 21 30 0.058557294 
752 162 20 27 0.058184825 
183 101 23 31 0.057802543 
587 203 21 27 0.057432972 
595 328 24 31 0.057175696 
928 199 24 31 0.056665145 
609 251 21 27 0.056421794 
797 128 21 27 0.055111717 
432 128 73 91 0.05472957 
521 413 44 50 0.05456467 
647 508 23 28 0.0538268 
263 108 18 25 0.052897282 
-3 353 21 35 0.051748805 
109 165 35 43 0.05072778 
13 160 42 57 0.04984773 
56 60 39 58 0.049171448 
265 514 22 26 0.04885445 
25 192 31 42 0.04764735 
228 230 21 28 0.04739358 
840 182 21 28 0.046655584 
367 461 20 25 0.046629556 
471 145 58 77 0.045728497 
15 275 42 60 0.04557558 
912 151 46 61 0.045479182 
646 259 19 24 0.044905547 
183 233 26 32 0.044640522 
673 231 18 22 0.044529215 
905 155 22 30 0.04452151 
639 486 21 26 0.044306055 
25 318 26 35 0.04406098 
232 259 21 26 0.04404426 
740 568 23 29 0.043912094 
282 106 19 24 0.04383634 
990 637 23 33 0.04296373 
508 352 25 32 0.042663384 
44 190 34 47 0.042585157 
22 236 38 56 0.042251285 
444 159 43 58 0.04211493 
643 302 25 31 0.04188842 
816 124 20 25 0.04160916 
696 230 19 23 0.041418955 
262 125 20 27 0.04124011 
945 154 23 30 0.040575456 
613 180 18 23 0.03996542 
338 175 22 28 0.039831225 
512 299 26 31 0.039797563 
40 222 34 49 0.039797377 
227 275 20 25 0.039585613 
52 102 23 34 0.039405625 
205 198 24 32 0.039303664 
894 125 20 25 0.0391742 
-2 182 36 57 0.039161548 
982 231 21 31 0.03880986 
178 179 27 34 0.038443007 
54 48 68 86 0.038166177 
483 302 30 36 0.038157824 
31 104 23 33 0.037924286 
224 83 23 31 0.037702236 
199 252 23 29 0.037677776 
27 122 25 32 0.037345205 
338 197 23 30 0.036932524 
-2 219 39 61 0.03689234 
149 123 20 26 0.036792018 
18 148 30 37 0.036650505 
434 638 26 30 0.03658131 
355 523 27 35 0.03642789 
205 180 24 32 0.03619701 
180 195 26 33 0.035845645 
412 159 69 94 0.035828542 
941 256 27 34 0.0358207 
1 244 27 41 0.03571556 
344 143 41 55 0.035550624 
712 231 20 26 0.035484195 
383 628 26 31 0.035390094 
184 508 23 30 0.035358157 
593 342 569 606 0.03530276 
75 50 33 44 0.035127778 
641 325 21 26 0.03505002 
613 234 19 23 0.03486405 
37 167 39 52 0.034856863 
257 260 20 25 0.03480694 
922 129 22 27 0.034790695 
-1 396 21 36 0.034698047 
120 536 24 30 0.03460684 
380 457 22 29 0.03439109 
154 570 23 29 0.03428943 
76 199 24 32 0.034272112 
26 541 23 31 0.034161102 
263 281 22 28 0.034061648 
769 226 20 25 0.034022532 
845 201 24 31 0.03339097 
592 352 23 29 0.03338282 
277 530 22 27 0.033223003 
990 177 22 30 0.033210557 
204 111 35 45 0.03303539 
493 152 22 29 0.03295643 
514 184 34 44 0.032788236 
170 115 53 68 0.032642603 
133 376 22 31 0.032408018 
45 248 25 35 0.032376308 
765 307 22 25 0.032216974 
667 183 17 23 0.032188457 
917 534 22 27 0.032154266 
105 193 34 42 0.032068618 
-1 564 27 39 0.032034125 
159 355 19 25 0.031731002 
747 229 21 26 0.03171965 
202 379 61 87 0.031613573 
323 167 135 167 0.03138977 
331 184 40 55 0.03133571 
659 280 20 25 0.031193867 
647 184 18 22 0.031046283 
820 149 21 26 0.031011824 
434 258 25 32 0.03099811 
44 107 40 52 0.030858798 
519 197 20 27 0.030775804 
771 286 21 26 0.030599574 
791 172 22 29 0.030556982 
513 336 25 29 0.030531779 
248 579 24 30 0.030391261 
29 222 26 36 0.030370492 
333 156 24 30 0.03033391 
211 280 23 28 0.030313259 
363 223 22 32 0.0301976 
745 306 23 26 0.0301933 
8 601 88 84 0.030102007 
455 175 25 35 0.030060409 
968 161 24 29 0.029939495 
482 327 28 33 0.029909804 
561 353 21 27 0.02987587 
109 538 26 32 0.029872136 
354 153 24 32 0.02982592 
352 352 24 32 0.029780475 
615 158 17 23 0.029779263 
436 616 22 27 0.029776536 
332 637 29 30 0.029765105 
715 162 18 23 0.02973133 
463 113 63 73 0.02969328 
455 636 22 26 0.029510248 
306 225 23 32 0.029378308 
186 209 51 63 0.029372355 
356 203 20 30 0.029215006 
163 161 56 67 0.029176258 
155 297 24 33 0.029165797 
108 155 26 32 0.029130742 
150 506 27 33 0.029066458 
26 401 23 32 0.028983662 
513 183 22 27 0.028928397 
308 174 22 28 0.028922899 
973 189 27 35 0.028822275 
11 295 53 72 0.028776547 
947 133 19 24 0.028726485 
326 146 40 50 0.02866502 
-2 126 66 90 0.028450815 
155 281 23 31 0.028365245 
459 195 25 33 0.028250592 
326 116 45 55 0.028226217 
425 116 61 68 0.028116325 
100 122 23 29 0.028093219 
588 244 35 43 0.027998485 
390 129 73 97 0.027968902 
181 304 26 35 0.027817363 
276 285 21 27 0.027811417 
157 337 21 28 0.02781109 
421 266 38 49 0.027746571 
94 113 37 47 0.027687313 
501 170 58 73 0.027683904 
249 204 20 26 0.027630586 
0 382 22 36 0.027512645 
72 138 38 47 0.027416563 
408 485 19 25 0.027254622 
25 436 21 31 0.027085194 
773 335 21 25 0.02698523 
383 482 20 26 0.026929999 
382 145 111 152 0.026924707 
358 208 37 52 0.026924074 
661 511 25 30 0.026841203 
775 256 20 25 0.02679786 
926 254 23 29 0.026791638 
424 215 42 50 0.026752148 
201 301 27 35 0.026743378 
311 155 23 29 0.026721407 
924 229 22 27 0.026681831 
77 171 34 45 0.026679238 
23 351 23 32 0.026676424 
973 503 23 29 0.02663281 
130 108 22 29 0.026603924 
2 225 25 36 0.026459523 
193 164 53 66 0.026378505 
254 233 20 25 0.026378438 
436 229 23 29 0.026343927 
943 185 36 46 0.026172528 
1 320 36 53 0.026045118 
349 95 42 54 0.02601768 
346 117 44 55 0.025959738 
200 150 23 32 0.025954336 
464 515 21 26 0.025901895 
567 200 21 30 0.025895452 
443 483 21 27 0.025827885 
890 122 31 42 0.025794389 
3 241 63 84 0.02578436 
38 136 44 52 0.025634998 
307 205 23 31 0.025580017 
460 226 25 32 0.025577748 
147 253 22 30 0.025504522 
209 182 49 61 0.025477624 
191 85 67 86 0.025463808 
4 332 22 33 0.025363376 
414 655 27 32 0.02526313 
583 532 27 32 0.025231127 
279 660 28 30 0.0252035 
533 186 21 28 0.025147038 
354 176 21 28 0.025135862 
594 478 22 26 0.02481008 
568 190 50 62 0.024782114 
400 213 43 53 0.02477496 
980 246 20 29 0.024772169 
493 171 22 31 0.02475972 
178 85 51 63 0.024734797 
642 655 27 32 0.024618033 
477 184 39 52 0.024594309 
583 517 24 28 0.02458119 
669 198 29 37 0.02453638 
329 152 65 89 0.02449281 
281 151 19 26 0.024484579 
26 560 29 36 0.024456175 
281 129 20 26 0.02443318 
410 227 24 30 0.024381088 
619 206 18 23 0.024368804 
147 234 68 80 0.024366053 
790 258 19 25 0.024292786 
288 179 20 26 0.024204029 
414 513 21 26 0.024129113 
591 156 18 23 0.024061242 
207 540 21 28 0.02401464 
23 386 23 33 0.023928666 
593 237 51 61 0.023850985 
342 487 21 25 0.023793204 
150 192 34 44 0.023771424 
117 211 49 64 0.023620328 
205 56 25 31 0.023460023 
414 238 58 71 0.023457998 
17 559 47 58 0.02341868 
156 177 23 29 0.023405317 
186 487 22 28 0.023354257 
276 99 31 41 0.023324892 
821 200 23 30 0.023306545 
174 382 21 29 0.023299057 
818 580 24 26 0.02327915 
430 654 30 35 0.023273604 
342 165 40 55 0.023231491 
603 290 55 72 0.023208434 
327 97 41 49 0.02319469 
585 343 36 47 0.023190165 
344 554 39 45 0.023159087 
225 121 23 33 0.02314467 
48 565 27 33 0.023117417 
177 277 24 31 0.023111667 
40 300 39 48 0.02307141 
490 126 25 30 0.023025107 
512 423 33 40 0.02302442 
359 141 75 104 0.023001814 
126 367 37 48 0.022946646 
104 142 63 79 0.022935111 
296 210 88 107 0.022891855 
616 304 20 28 0.022844324 
72 107 38 50 0.022834115 
464 318 44 49 0.022833105 
557 490 69 90 0.022705289 
179 423 24 34 0.022691976 
256 523 33 43 0.022683749 
103 214 36 46 0.022676194 
102 517 50 63 0.0226663 
147 233 23 30 0.02266142 
79 148 23 29 0.022622108 
459 150 26 33 0.022587452 
350 445 53 65 0.022520931 
157 153 21 29 0.022471597 
284 564 21 25 0.022407135 
229 146 23 29 0.022386942 
415 641 25 29 0.02236145 
913 169 57 74 0.02234041 
255 499 47 59 0.02229928 
131 363 22 28 0.02227124 
323 210 43 59 0.022144347 
5 303 25 36 0.022142995 
71 305 33 39 0.022137357 
-2 190 67 93 0.022071147 
278 301 25 33 0.022027805 
184 457 22 30 0.022006605 
946 228 23 29 0.021988755 
924 300 27 33 0.02192724 
248 568 23 28 0.021841511 
633 317 36 44 0.021800322 
301 214 41 54 0.021735871 
763 220 33 42 0.021727966 
197 317 40 50 0.02171083 
153 491 24 29 0.021708166 
20 503 23 32 0.021700758 
258 100 30 41 0.021600368 
266 545 59 74 0.021579253 
746 200 21 27 0.021514986 
617 485 20 24 0.021496529 
345 494 49 60 0.021479312 
454 489 21 26 0.021474224 
63 183 48 62 0.021417582 
688 352 20 25 0.021376995 
571 214 54 63 0.021340096 
473 328 64 71 0.021330575 
556 346 35 46 0.021276932 
751 157 45 58 0.02126796 
456 246 40 49 0.021257995 
594 309 23 30 0.021185325 
49 457 22 28 0.021177791 
129 264 34 48 0.02116706 
74 228 25 33 0.021144055 
903 481 21 25 0.021139266 
372 134 48 65 0.021123406 
3 275 26 37 0.021076616 
156 382 22 30 0.021062663 
469 293 60 64 0.021014888 
73 24 26 32 0.02097624 
369 428 57 74 0.020931784 
588 306 38 50 0.020866616 
744 287 20 25 0.02085849 
308 512 19 24 0.020854631 
485 201 21 29 0.020840006 
609 330 22 30 0.020682378 
160 393 53 79 0.020668445 
437 538 22 27 0.02066502 
430 93 51 57 0.020638093 
438 159 78 108 0.020585181 
572 510 41 49 0.020519923 
115 88 55 68 0.020518284 
407 586 22 27 0.020492038 
659 254 31 39 0.020465255 
818 110 20 24 0.02044335 
337 438 22 27 0.020355536 
3 173 28 41 0.020345442 
970 236 34 48 0.020250758 
153 392 37 54 0.020170853 
567 180 21 28 0.020130519 
287 201 22 28 0.020107428 
475 277 46 49 0.02008305 
138 160 103 125 0.020079639 
613 358 21 26 0.02006325 
312 251 23 30 0.020047652 
128 388 40 53 0.020002455 
