3_Riot_Riot_3_506
234
193 174 76 96 0.987252 
460 280 26 31 0.20325322 
325 210 41 53 0.16310255 
449 289 41 54 0.09551601 
586 303 22 30 0.09322621 
612 267 28 36 0.091036916 
558 227 26 33 0.0780086 
560 359 24 31 0.0762432 
757 122 45 55 0.07138134 
436 275 25 30 0.07125129 
282 428 31 41 0.068589844 
0 334 20 29 0.06345365 
734 298 31 36 0.06091689 
546 233 24 28 0.057454947 
220 203 43 60 0.055590216 
171 532 89 98 0.05489362 
732 62 59 73 0.052707285 
762 79 26 33 0.052589115 
778 125 39 52 0.052518692 
234 509 46 49 0.05198652 
570 208 23 28 0.051340934 
5 406 24 35 0.0500104 
409 457 26 32 0.04973686 
427 270 55 67 0.046915993 
439 303 27 32 0.04649186 
274 210 38 51 0.046462804 
416 296 66 79 0.046320613 
567 287 20 26 0.044881392 
564 205 37 47 0.044529337 
456 263 23 28 0.04406577 
438 263 23 29 0.043545734 
584 128 20 25 0.043434974 
458 339 40 54 0.04331846 
114 19 76 95 0.039701093 
585 105 21 25 0.03940698 
586 286 23 29 0.038283587 
398 435 60 73 0.03813269 
570 302 20 27 0.03804632 
718 279 52 57 0.037694696 
760 344 43 50 0.03746357 
743 88 30 36 0.037330348 
738 179 42 52 0.037185937 
128 511 28 34 0.036979906 
401 379 61 71 0.036450397 
287 425 59 80 0.03634786 
859 220 48 61 0.036003828 
647 94 23 30 0.03577633 
544 208 50 65 0.035632297 
695 64 58 77 0.035233635 
187 634 26 32 0.03517812 
408 309 25 31 0.0351669 
571 98 21 25 0.035164934 
272 415 50 66 0.034733094 
568 418 38 48 0.0342053 
750 133 64 83 0.033720654 
408 326 76 90 0.033314887 
560 375 25 31 0.03286953 
533 125 19 22 0.032605767 
744 127 27 33 0.032440986 
823 192 69 88 0.031933565 
387 490 21 25 0.03167902 
569 84 19 24 0.031541597 
381 510 24 28 0.03117433 
415 280 21 27 0.030697621 
436 324 27 33 0.03053844 
728 214 46 55 0.030444209 
313 455 59 78 0.030319205 
698 79 24 30 0.030263498 
594 152 19 23 0.029807575 
559 245 24 30 0.029791502 
422 425 45 57 0.029594084 
338 463 64 81 0.029112015 
721 136 66 79 0.028875517 
364 398 62 83 0.02881793 
399 312 42 52 0.028806884 
650 84 21 25 0.028796686 
563 172 19 23 0.028591288 
909 355 44 50 0.028577399 
638 2 19 21 0.028561598 
429 400 28 34 0.028475039 
113 505 59 71 0.02832953 
382 279 23 27 0.028140636 
915 60 81 106 0.028110318 
582 210 21 26 0.028069584 
890 58 116 193 0.028026791 
601 244 52 63 0.027984126 
699 156 23 29 0.027802374 
694 137 57 74 0.027788447 
360 490 60 69 0.027603848 
594 2 20 22 0.02746462 
516 209 19 23 0.027444849 
555 388 61 77 0.027418455 
708 286 80 85 0.027270818 
434 434 28 33 0.027270442 
659 81 20 25 0.027227635 
776 149 68 88 0.026991911 
491 48 23 27 0.026773877 
92 551 42 52 0.02664422 
252 431 68 88 0.026546897 
640 49 18 22 0.02619351 
434 351 27 32 0.025934784 
140 565 94 112 0.025859185 
271 376 97 124 0.025823373 
585 223 24 31 0.025821278 
87 515 127 142 0.025744706 
567 294 33 44 0.025705226 
360 516 23 28 0.02567862 
807 165 66 86 0.025536388 
80 346 24 30 0.025409242 
540 209 19 24 0.025298543 
10 699 82 73 0.025221238 
717 242 30 37 0.025221055 
840 371 72 91 0.025182465 
428 386 28 32 0.025100462 
518 126 19 23 0.025051676 
948 335 60 98 0.025033908 
169 374 100 127 0.024965547 
155 413 76 88 0.024899248 
85 320 62 73 0.024887413 
725 242 46 54 0.024801457 
481 177 21 26 0.024780223 
745 178 27 34 0.024543457 
742 87 67 85 0.024503507 
278 410 26 33 0.024397256 
346 515 60 65 0.024332305 
558 283 54 70 0.024279077 
708 218 41 51 0.024244819 
611 97 20 25 0.024218807 
613 3 19 21 0.024145281 
564 4 19 21 0.02409182 
707 173 74 86 0.024039946 
544 312 60 77 0.024039319 
365 360 106 123 0.023993416 
357 535 24 28 0.023809645 
96 586 88 99 0.023805004 
711 156 21 27 0.023739172 
538 155 18 22 0.02369763 
411 277 34 44 0.0236173 
327 219 59 77 0.02348792 
544 331 21 27 0.023485744 
576 269 51 65 0.023465497 
99 533 64 77 0.023439102 
409 432 27 34 0.023227338 
460 437 24 31 0.023227165 
758 295 45 49 0.02320402 
618 229 24 31 0.023161413 
832 166 101 139 0.023105683 
593 50 17 21 0.02299955 
368 326 70 87 0.022920005 
463 230 20 24 0.022903781 
663 153 22 29 0.022878984 
21 481 21 29 0.0228757 
781 293 42 50 0.022871759 
403 466 39 50 0.022713633 
488 109 17 22 0.022685822 
906 109 65 93 0.022651546 
969 229 25 33 0.022623926 
142 498 96 112 0.022578802 
70 307 109 134 0.022574019 
824 181 24 33 0.022548819 
408 401 30 35 0.022543447 
573 128 19 23 0.02252648 
871 229 29 38 0.022429658 
433 452 28 35 0.022375701 
709 183 40 53 0.022375563 
387 4 24 27 0.022335013 
308 227 28 38 0.022281926 
561 334 22 28 0.02226666 
295 315 93 127 0.02225687 
542 177 18 22 0.022244394 
271 157 62 77 0.022237526 
118 416 129 164 0.022228148 
539 403 22 28 0.0222039 
617 48 19 23 0.022191884 
591 27 18 20 0.02214485 
99 538 25 32 0.022132568 
79 20 75 86 0.022056064 
744 49 23 29 0.022035297 
749 139 40 49 0.02197633 
519 228 21 25 0.021968715 
833 188 40 54 0.021893578 
368 235 60 76 0.021880358 
378 432 23 30 0.021862395 
203 140 76 92 0.021821914 
571 407 24 31 0.021786608 
491 125 18 22 0.021755097 
379 480 38 46 0.02175315 
115 335 42 48 0.021708319 
458 303 52 78 0.021664927 
591 322 21 27 0.021655815 
525 383 64 79 0.02162334 
332 478 25 33 0.021595968 
682 195 61 77 0.021584028 
335 239 29 39 0.021557475 
389 309 22 29 0.02155735 
539 110 17 21 0.02152466 
366 418 107 122 0.02146 
409 480 23 29 0.021428643 
107 -9 65 78 0.021335034 
793 8 214 297 0.021330025 
296 212 59 74 0.021233937 
575 117 32 40 0.021170262 
79 343 127 160 0.021145169 
813 354 78 91 0.021138223 
719 301 28 33 0.021125302 
659 96 24 30 0.021117507 
545 359 62 70 0.021086415 
524 435 62 72 0.021045912 
332 307 62 82 0.020862225 
652 147 63 82 0.02083978 
356 506 36 44 0.02081634 
599 287 38 50 0.0207902 
904 219 76 112 0.020763973 
770 302 27 33 0.020720331 
646 150 23 29 0.020688692 
549 228 64 82 0.020652056 
346 379 62 84 0.02057113 
845 198 22 31 0.020526724 
641 125 24 30 0.020449104 
237 131 70 83 0.020393401 
367 429 23 29 0.02037904 
230 12 66 92 0.020363288 
759 178 25 32 0.020312188 
192 212 56 75 0.020210339 
436 416 58 72 0.020209387 
745 637 27 37 0.020154487 
496 300 59 82 0.020124536 
122 628 65 73 0.020116199 
309 402 24 29 0.020114299 
541 79 17 21 0.020080646 
580 309 40 53 0.020068513 
307 529 23 30 0.020064315 
778 188 75 88 0.02005686 
194 341 72 102 0.020031402 
