3_Riot_Riot_3_710
102
614 73 60 73 0.98158264 
761 122 87 87 0.32870018 
572 133 37 50 0.25173026 
655 162 69 91 0.0951923 
2 192 21 30 0.0881443 
327 559 49 54 0.08102188 
489 175 54 69 0.07770829 
-3 255 20 28 0.065901145 
536 152 26 35 0.06572029 
689 130 67 86 0.056709014 
433 172 22 29 0.0565562 
668 388 60 84 0.055047836 
330 118 128 155 0.052314218 
736 131 124 132 0.04956262 
730 142 78 92 0.04814652 
281 84 217 259 0.047458 
972 139 40 63 0.042703558 
27 186 17 24 0.041487407 
808 111 90 96 0.040986225 
341 177 81 89 0.039313473 
736 20 41 50 0.038816612 
-150 431 537 546 0.038668957 
668 553 41 49 0.037759192 
455 456 80 103 0.03672561 
463 396 83 102 0.03659087 
827 29 59 62 0.03564852 
218 141 48 54 0.03550228 
755 86 54 68 0.0337338 
776 93 57 73 0.033535033 
502 176 32 39 0.033271577 
410 179 22 28 0.032958034 
748 191 50 58 0.032701258 
148 453 67 82 0.032241777 
749 524 348 371 0.03176923 
38 378 19 25 0.03141543 
519 136 53 66 0.031378575 
590 82 60 73 0.030986238 
421 155 38 43 0.030146021 
719 217 126 153 0.029417356 
491 192 31 40 0.029118171 
466 154 22 27 0.028844632 
893 17 74 72 0.028562155 
214 79 120 143 0.028425291 
905 492 50 70 0.02803365 
654 396 45 61 0.027875664 
75 225 20 26 0.02763466 
704 109 46 59 0.027536947 
517 153 27 35 0.027354993 
723 282 84 99 0.027193308 
722 28 64 83 0.02709066 
718 100 27 34 0.027075443 
516 128 26 32 0.026982836 
384 156 63 71 0.026918724 
748 10 46 53 0.026671479 
974 106 25 35 0.026593674 
750 34 77 96 0.026180746 
88 409 20 23 0.026110096 
29 195 18 26 0.025994064 
463 149 69 90 0.02587924 
782 24 122 136 0.02558306 
849 22 50 52 0.025575798 
690 151 106 124 0.024870263 
35 364 20 24 0.024733355 
56 178 18 22 0.024610277 
719 94 76 95 0.02449813 
459 149 36 45 0.024452636 
566 304 686 743 0.0244453 
763 148 37 40 0.024330406 
802 92 59 73 0.024295317 
109 155 20 24 0.024292942 
656 414 71 103 0.02419744 
130 523 372 357 0.02418148 
827 86 65 75 0.023949044 
384 207 24 30 0.023552105 
-19 279 727 739 0.023462003 
454 179 58 75 0.023428734 
934 26 43 56 0.0233733 
673 102 64 82 0.02335896 
468 499 55 71 0.023325263 
375 89 97 124 0.023183016 
992 105 20 27 0.022648524 
496 106 62 71 0.02254119 
32 229 17 23 0.022376372 
947 39 26 35 0.022262726 
909 612 47 56 0.022013063 
994 320 19 35 0.021980574 
419 224 68 93 0.021962846 
705 18 56 73 0.021845317 
206 123 79 93 0.021826427 
334 527 44 52 0.021558389 
667 540 27 34 0.021364873 
603 196 39 49 0.021296235 
278 527 25 32 0.021185586 
992 22 21 31 0.021029472 
81 383 19 25 0.02075706 
353 76 29 32 0.02067235 
451 224 74 98 0.02050246 
752 266 127 155 0.02036773 
255 345 122 153 0.020308888 
21 178 28 41 0.02029217 
388 183 21 24 0.02013665 
440 365 81 102 0.020013418 
