3_Riot_Riot_3_415
161
799 236 21 27 0.57534295 
714 231 24 31 0.40750843 
440 225 22 30 0.37697735 
136 203 21 28 0.3640017 
837 413 29 35 0.3034564 
513 261 24 33 0.2750026 
739 293 41 52 0.2518265 
976 370 25 39 0.24273351 
711 319 38 51 0.15989687 
286 234 21 28 0.12841764 
897 227 25 33 0.12194356 
741 281 24 30 0.09631627 
286 248 21 27 0.0943349 
393 265 19 24 0.09352106 
662 238 20 26 0.08588091 
661 347 26 35 0.08242768 
817 380 27 33 0.07281642 
277 186 19 25 0.072529554 
795 244 21 29 0.07073095 
359 286 19 24 0.06656595 
713 296 39 50 0.064289525 
647 247 22 29 0.06384369 
699 330 21 28 0.06346379 
560 282 23 29 0.06290433 
648 236 20 27 0.061716 
644 304 25 32 0.05553777 
711 289 68 76 0.05429865 
757 301 29 37 0.051914822 
563 258 20 26 0.050829105 
386 274 20 26 0.04781622 
744 262 22 28 0.047659412 
737 318 34 44 0.047081757 
154 251 24 31 0.044829197 
661 303 22 27 0.044580713 
266 184 21 26 0.04457514 
699 307 21 28 0.04384267 
534 257 21 28 0.042790376 
614 333 23 28 0.042072967 
406 259 18 24 0.04142753 
536 279 24 32 0.04068678 
278 200 19 25 0.04034169 
715 244 24 32 0.040294275 
524 283 45 55 0.040013548 
654 298 34 46 0.039874922 
916 224 24 32 0.039706476 
501 251 51 68 0.03813281 
608 328 37 48 0.037833028 
259 286 19 24 0.037805054 
791 357 22 30 0.037561476 
655 242 30 39 0.037275292 
872 385 22 29 0.036603097 
902 407 45 46 0.03631891 
749 520 350 372 0.03625465 
686 309 55 70 0.03621057 
695 303 35 45 0.036169935 
643 355 22 29 0.036004152 
698 615 22 24 0.035896853 
721 346 25 32 0.03557871 
613 308 22 29 0.034839895 
633 378 21 29 0.034795407 
338 314 21 26 0.034431454 
768 258 20 26 0.03401839 
306 338 19 25 0.0335671 
877 403 22 29 0.033438746 
700 233 21 27 0.033144213 
736 344 28 35 0.033038463 
895 243 25 34 0.03287456 
811 231 20 26 0.03213004 
821 362 22 28 0.032065183 
235 280 19 23 0.03187966 
251 340 19 24 0.031762995 
943 359 51 69 0.031137867 
995 280 19 26 0.030594874 
300 234 20 25 0.030495062 
260 301 21 26 0.030414237 
796 328 23 31 0.030197615 
870 347 33 42 0.030152235 
650 319 52 71 0.029938469 
337 285 19 23 0.029862715 
145 293 83 88 0.029694859 
356 299 22 27 0.029441273 
305 252 19 26 0.029136244 
874 328 23 30 0.029074457 
630 334 53 69 0.028905064 
240 338 20 25 0.02857563 
896 407 27 31 0.02847366 
534 297 26 34 0.028343253 
281 276 19 24 0.027589489 
265 231 20 26 0.027541546 
826 407 29 36 0.027278772 
916 212 22 27 0.027136434 
154 280 25 31 0.027134024 
540 525 369 358 0.026808305 
953 350 35 52 0.026320003 
665 285 22 27 0.026292458 
644 281 23 30 0.026279252 
272 219 45 59 0.026203582 
696 281 21 27 0.02607365 
343 339 40 50 0.026027884 
309 279 18 24 0.025886387 
109 231 21 28 0.025718281 
846 384 23 29 0.025640894 
623 385 22 28 0.025457164 
683 339 36 47 0.025279146 
263 257 18 24 0.02509462 
902 211 22 28 0.024872143 
952 324 23 33 0.024428425 
362 262 18 21 0.02440501 
128 223 21 28 0.024309099 
893 354 23 30 0.02423724 
525 252 34 45 0.024163809 
846 358 21 29 0.02403491 
698 255 20 26 0.023958772 
522 311 45 57 0.023951376 
894 368 65 72 0.023799472 
354 280 32 38 0.023744803 
690 351 22 29 0.02367606 
510 336 37 49 0.02367557 
586 321 670 725 0.023353543 
595 348 24 31 0.02331225 
611 349 23 28 0.023105219 
316 317 60 74 0.023069836 
-65 540 351 348 0.0230136 
548 286 40 50 0.022911495 
846 322 35 44 0.022772193 
635 271 51 69 0.022575554 
806 350 50 64 0.022569627 
270 198 32 44 0.022526 
232 264 18 23 0.022399455 
820 398 50 61 0.022345694 
916 383 26 30 0.022256214 
162 365 74 79 0.022101507 
989 379 22 33 0.022027127 
771 352 24 31 0.021660676 
155 233 21 28 0.021630567 
378 268 35 43 0.021581959 
335 327 22 28 0.02157694 
614 370 38 47 0.021521157 
141 239 51 62 0.021453736 
591 340 40 50 0.021403937 
-219 329 700 731 0.021337653 
644 330 22 28 0.021294635 
843 256 21 25 0.021288048 
233 329 35 41 0.021226874 
596 334 61 74 0.021120552 
605 292 53 66 0.020758528 
868 281 23 29 0.020689517 
650 219 50 62 0.020651361 
400 250 30 40 0.020542098 
207 279 19 24 0.020489989 
415 235 19 24 0.020430988 
788 299 33 44 0.020415409 
619 282 20 27 0.020358045 
861 372 53 66 0.020278767 
972 327 23 33 0.020232186 
818 279 21 27 0.020229131 
267 199 20 27 0.020209284 
772 235 19 24 0.020178502 
293 338 18 22 0.020164898 
718 281 23 29 0.020149553 
886 409 67 72 0.020105373 
