3_Riot_Riot_3_166
274
296 235 379 563 0.9466834 
41 280 75 95 0.2996478 
12 570 92 152 0.26579523 
81 580 80 106 0.14196667 
668 176 67 72 0.13388048 
443 348 54 65 0.10617433 
894 330 90 104 0.104015894 
745 734 152 162 0.10079144 
644 126 28 36 0.09438632 
779 236 81 89 0.081913084 
947 43 28 36 0.06806552 
217 239 51 59 0.065124094 
516 83 19 24 0.0643479 
107 237 41 51 0.060860418 
0 376 35 81 0.060652096 
724 458 78 97 0.058089405 
892 80 27 36 0.05382487 
896 626 78 92 0.05251501 
111 233 25 32 0.051287197 
852 282 119 134 0.050011497 
570 327 87 97 0.048481185 
240 225 45 53 0.047353435 
946 68 23 30 0.047106728 
265 79 19 23 0.046688046 
813 143 79 94 0.046522997 
920 91 25 35 0.046093263 
515 93 21 26 0.045918386 
281 196 29 35 0.045111597 
485 80 20 24 0.04472901 
942 23 41 50 0.04453245 
684 192 40 46 0.044226557 
74 248 23 28 0.044072796 
636 110 57 74 0.0437142 
45 337 51 61 0.04348139 
133 201 20 25 0.0431734 
786 75 27 32 0.04280103 
647 72 18 24 0.04278181 
696 150 226 283 0.04275738 
251 153 23 29 0.042707693 
197 264 51 57 0.042177442 
769 191 38 48 0.042058595 
746 167 25 32 0.04200913 
658 139 115 125 0.041586682 
74 236 22 28 0.041305453 
27 140 88 102 0.040780213 
738 147 40 51 0.040756274 
290 151 60 77 0.0402424 
846 163 38 48 0.04017385 
791 292 68 84 0.04015964 
740 127 68 82 0.040011168 
656 124 26 32 0.038617834 
28 197 28 34 0.03851627 
131 183 19 24 0.038385887 
768 178 23 30 0.03831716 
414 81 22 26 0.03804649 
775 76 24 31 0.037719622 
540 125 24 30 0.03765393 
437 84 21 24 0.037535664 
50 354 31 37 0.037488338 
898 71 56 74 0.03747445 
552 106 39 47 0.037108593 
0 279 21 29 0.036894947 
74 283 24 30 0.03677853 
330 75 18 21 0.03633645 
763 154 25 33 0.03616219 
463 53 18 21 0.03615501 
2 348 35 58 0.03581576 
367 85 19 25 0.03553822 
834 213 122 137 0.035438307 
991 196 22 33 0.034767177 
49 213 124 167 0.034553364 
709 195 31 37 0.03442447 
845 303 68 84 0.034348585 
466 93 23 28 0.03433895 
99 156 20 24 0.0342823 
696 52 20 25 0.034279943 
665 100 21 28 0.03408035 
644 108 21 26 0.03399507 
106 208 19 24 0.033819854 
673 77 20 27 0.033488404 
922 322 53 62 0.033410862 
790 182 23 30 0.033395372 
265 167 63 74 0.0333733 
793 198 84 102 0.0330764 
180 86 64 75 0.03291787 
779 173 41 52 0.032763936 
600 140 40 52 0.032560214 
102 283 23 28 0.03255571 
224 265 30 39 0.032452542 
83 316 50 56 0.032361735 
973 350 38 52 0.032333985 
566 105 62 75 0.032319296 
74 155 137 173 0.032169096 
481 94 22 26 0.031899627 
862 175 54 75 0.031636085 
543 108 22 25 0.031568173 
19 356 22 30 0.031546846 
428 258 246 340 0.0315298 
992 50 22 33 0.031001419 
466 84 20 24 0.030985506 
970 299 39 52 0.03079452 
126 63 132 137 0.030727977 
240 149 38 49 0.030672604 
693 76 23 29 0.030629113 
333 60 18 22 0.030593036 
669 104 67 89 0.03047509 
0 332 23 31 0.030302748 
380 82 20 25 0.030261623 
640 7 26 27 0.030167563 
-1 484 69 112 0.030033046 
433 97 23 28 0.029991305 
770 182 68 76 0.02990938 
894 357 120 164 0.02964903 
766 124 75 90 0.02936808 
161 75 22 30 0.029297825 
102 117 140 145 0.029295927 
761 168 39 52 0.0291814 
606 158 40 51 0.029134622 
0 331 69 112 0.029108053 
868 81 68 82 0.028928783 
75 262 69 89 0.028884482 
560 110 22 28 0.028789446 
788 195 25 30 0.028770152 
54 373 26 34 0.028384857 
63 242 42 53 0.028328605 
167 238 72 85 0.028256118 
794 58 21 25 0.028194597 
818 163 40 50 0.028137896 
104 331 27 32 0.028060596 
764 214 44 58 0.027886182 
844 76 21 26 0.027853379 
69 302 33 39 0.027650006 
72 180 22 28 0.027628742 
878 78 22 29 0.027575409 
325 155 26 31 0.027498845 
54 226 25 31 0.02747797 
53 547 145 191 0.027429838 
30 180 27 33 0.027389728 
646 56 19 22 0.027372887 
119 743 99 99 0.027176535 
264 98 19 24 0.02700633 
232 232 29 38 0.027001075 
794 152 24 30 0.026989365 
730 133 136 141 0.026891 
385 58 19 21 0.026755434 
148 60 67 79 0.026720993 
991 359 23 34 0.02669166 
275 77 18 22 0.02664528 
28 221 23 31 0.026576031 
126 195 34 46 0.026269581 
50 433 25 33 0.026146123 
319 78 18 21 0.026055885 
601 112 58 73 0.025865924 
15 158 117 151 0.02575591 
787 284 119 145 0.025748791 
824 172 23 30 0.025685031 
615 77 18 22 0.02560132 
662 70 125 136 0.025535889 
863 347 78 92 0.025466567 
657 139 32 42 0.025206009 
535 75 18 23 0.025042951 
536 290 155 173 0.025042769 
6 480 107 159 0.025031373 
961 33 36 54 0.024994718 
895 22 20 23 0.02490556 
564 53 263 304 0.024846852 
310 155 27 32 0.024744969 
278 184 26 32 0.024729526 
945 146 29 37 0.024667775 
696 200 118 140 0.02466549 
167 190 113 130 0.024632279 
990 305 24 32 0.024617016 
411 118 27 32 0.024527058 
933 294 75 102 0.024507144 
827 235 201 267 0.02446238 
204 108 25 32 0.024441293 
645 19 23 25 0.02435107 
413 351 79 102 0.024272477 
121 440 24 32 0.024158446 
656 92 40 53 0.02412271 
236 157 61 74 0.024107214 
283 463 231 325 0.024097169 
896 54 21 25 0.024061637 
489 59 18 21 0.024047375 
738 25 22 24 0.023956543 
661 22 21 24 0.023891538 
-1 426 64 120 0.023648972 
125 198 68 87 0.02354863 
818 53 21 24 0.023504257 
252 203 63 72 0.023424095 
22 178 50 61 0.023409205 
411 101 26 30 0.023371538 
597 84 101 116 0.023326889 
871 649 81 87 0.02332058 
873 211 40 53 0.023309493 
-1 653 74 119 0.023258265 
849 150 26 34 0.023205321 
739 209 43 56 0.023092275 
877 54 18 23 0.022920659 
906 99 65 82 0.02291769 
200 221 52 61 0.022915721 
596 150 26 33 0.022888547 
254 134 21 26 0.02283315 
298 196 31 39 0.022806121 
590 101 21 26 0.02279162 
55 280 24 32 0.022756493 
892 231 88 107 0.022651758 
893 174 88 105 0.022606313 
153 303 22 29 0.022594634 
865 175 24 31 0.022459764 
923 32 62 76 0.02245753 
183 299 26 34 0.022444203 
208 253 30 38 0.022417603 
939 328 32 39 0.022249984 
183 125 26 30 0.022119405 
55 212 55 68 0.022103451 
1 551 65 112 0.022031017 
8 352 24 34 0.022026291 
183 180 20 24 0.022003287 
782 141 45 57 0.022001278 
929 47 22 28 0.021996558 
691 134 69 79 0.021990838 
564 8 21 24 0.02192926 
591 126 23 29 0.02184494 
201 293 30 37 0.021824557 
181 228 21 25 0.021794995 
833 308 48 59 0.021766922 
770 219 27 36 0.021755248 
154 330 24 31 0.021691922 
151 204 20 25 0.021654878 
30 259 19 26 0.021634974 
540 103 34 43 0.021613436 
631 281 250 348 0.021571793 
511 86 34 44 0.02150017 
161 292 68 84 0.021490341 
692 32 20 23 0.021478197 
282 59 18 21 0.02144455 
260 172 24 28 0.021228379 
37 228 70 89 0.02115007 
451 386 306 441 0.021111617 
176 248 44 54 0.020999001 
638 104 37 50 0.020990906 
125 152 79 89 0.02098541 
202 100 67 80 0.020983255 
779 83 43 49 0.0208963 
755 112 46 62 0.02089553 
179 284 46 55 0.020886429 
870 130 26 33 0.020866385 
305 170 30 38 0.020837795 
890 202 27 37 0.020812754 
281 106 18 22 0.020750325 
741 -55 328 396 0.020657947 
841 4 25 27 0.02062425 
12 497 42 62 0.020517627 
136 736 133 150 0.020492557 
654 237 52 62 0.020492353 
629 182 125 143 0.02047551 
961 314 42 55 0.020470003 
56 169 40 49 0.02040655 
182 268 81 95 0.020402577 
156 69 37 49 0.02038769 
818 77 22 29 0.02037134 
828 121 118 134 0.020229261 
228 108 18 24 0.02022421 
993 814 21 28 0.020199329 
349 341 180 224 0.020187728 
588 52 19 24 0.020179717 
260 57 19 23 0.02016942 
170 217 46 55 0.020133492 
97 304 26 32 0.020124227 
294 60 154 169 0.02010704 
-7 726 74 113 0.020085424 
864 146 25 32 0.020032542 
133 130 18 21 0.020012854 
