3_Riot_Riot_3_480
19
752 240 70 88 0.9994904 
163 70 112 151 0.9985827 
502 152 102 139 0.99856 
384 25 58 81 0.13097352 
708 612 68 89 0.047074128 
454 1 60 67 0.028154109 
859 555 114 145 0.027909929 
403 29 69 95 0.025030019 
971 119 25 34 0.024020119 
689 595 106 145 0.023818167 
363 52 72 99 0.023382328 
861 486 82 108 0.023024166 
868 -4 68 98 0.022828447 
831 545 69 90 0.022612289 
858 543 81 99 0.02061645 
912 577 83 88 0.02025348 
536 105 71 82 0.02021586 
916 533 95 96 0.020129677 
529 3 91 102 0.020067822 
