3_Riot_Riot_3_438
91
840 208 34 40 0.3607029 
669 251 22 29 0.09080654 
803 311 45 55 0.08768304 
0 272 29 42 0.079884395 
131 199 24 31 0.07396315 
695 178 20 25 0.06835899 
196 158 22 28 0.06044311 
511 246 22 28 0.055681944 
752 182 20 24 0.052516572 
515 236 19 24 0.049412675 
574 200 18 22 0.04638383 
230 227 24 33 0.041263517 
669 238 20 24 0.040515855 
186 374 108 156 0.038478315 
649 151 17 21 0.036994997 
765 178 18 24 0.03660056 
715 179 20 24 0.035814986 
385 187 20 26 0.035477504 
543 226 18 22 0.034548473 
278 229 25 29 0.034373462 
230 244 24 32 0.033828694 
2 249 39 56 0.033741176 
263 223 22 29 0.033598453 
253 480 160 205 0.033273637 
281 179 21 26 0.03308549 
190 160 34 43 0.03270893 
152 157 20 27 0.032041438 
217 231 41 51 0.030747656 
547 254 21 26 0.02935961 
821 209 43 48 0.02932287 
800 203 21 26 0.028963728 
572 187 19 23 0.028837144 
149 202 23 30 0.02881565 
231 173 20 26 0.028361497 
855 201 40 47 0.028005663 
259 210 20 26 0.02737819 
718 202 20 26 0.027338611 
284 157 19 23 0.027017504 
771 159 19 23 0.027005842 
205 402 140 193 0.026475284 
768 206 20 26 0.026125379 
821 195 72 82 0.026087893 
118 253 26 32 0.02601111 
671 182 18 22 0.026009744 
696 203 19 24 0.025939278 
648 203 17 22 0.025558954 
745 198 21 28 0.025229946 
0 560 142 152 0.025092725 
189 215 59 74 0.025008956 
805 286 75 85 0.024998536 
235 206 22 29 0.024973484 
127 225 25 32 0.02496515 
668 205 18 23 0.024863003 
390 198 21 26 0.024803974 
535 213 18 21 0.024123225 
797 195 33 43 0.024003219 
996 178 21 31 0.023965737 
688 168 33 41 0.023953715 
285 125 22 26 0.023758823 
617 175 18 21 0.02357818 
204 226 28 37 0.023487305 
177 309 24 29 0.023365414 
649 136 19 24 0.023169909 
750 159 263 341 0.023091367 
97 222 26 31 0.02296764 
734 522 356 360 0.022898491 
328 227 275 325 0.022820175 
586 564 41 54 0.022741113 
496 233 19 22 0.022390636 
663 150 17 23 0.022290852 
152 178 22 29 0.022282807 
96 258 43 50 0.022242593 
261 206 58 70 0.022207556 
462 212 18 22 0.022141833 
520 212 18 22 0.021970637 
799 223 69 77 0.021964995 
555 536 72 86 0.02182303 
182 231 25 30 0.021441832 
786 183 56 71 0.021435611 
760 195 33 43 0.021393461 
184 251 26 30 0.021183299 
721 228 21 29 0.021094518 
153 229 22 28 0.020893589 
614 163 18 22 0.020799795 
236 160 19 23 0.020701557 
644 185 17 20 0.020681301 
447 498 78 87 0.020638624 
229 200 35 50 0.020504724 
672 305 23 28 0.020428846 
265 177 19 24 0.020087108 
281 204 22 26 0.020058947 
