3_Riot_Riot_3_765
51
99 122 195 294 0.99111724 
713 360 93 123 0.9675039 
980 802 24 33 0.07535045 
223 607 250 305 0.070478335 
760 845 32 38 0.06851156 
806 727 46 51 0.06847736 
959 545 27 32 0.06027341 
815 807 29 35 0.050579287 
733 -102 516 570 0.04981291 
966 373 27 35 0.049341418 
842 849 31 37 0.047264464 
834 549 36 43 0.044739295 
640 811 73 78 0.044463877 
842 812 28 34 0.043835193 
842 866 31 35 0.043595448 
978 621 26 35 0.042386424 
889 833 27 34 0.037691236 
712 152 519 564 0.03661698 
828 734 37 44 0.036093898 
913 831 27 33 0.034664687 
398 100 30 39 0.034554172 
963 628 28 35 0.034220826 
747 1039 519 540 0.032595515 
953 881 35 41 0.032354552 
733 747 512 560 0.030322932 
925 258 24 28 0.029880097 
767 365 90 123 0.02982428 
748 845 29 34 0.02971586 
494 -278 958 1019 0.02953281 
587 307 744 827 0.029251618 
790 711 82 93 0.02879564 
882 816 27 35 0.02867836 
951 328 25 32 0.027438847 
957 844 26 33 0.025597675 
487 755 989 1028 0.024795137 
635 264 137 164 0.02473875 
810 841 28 34 0.024250539 
982 445 23 32 0.024078438 
652 731 130 139 0.023898302 
842 646 39 46 0.023759292 
947 984 29 38 0.023408202 
562 192 202 263 0.023327636 
965 450 26 33 0.023131002 
979 369 25 33 0.022882894 
961 393 25 34 0.02285184 
845 629 36 41 0.022713628 
957 301 24 31 0.022465989 
560 159 351 408 0.021280834 
952 258 24 28 0.021241462 
331 81 33 39 0.02033737 
839 764 32 37 0.020153578 
