3_Riot_Riot_3_101
427
631 128 67 67 0.55068994 
780 65 50 61 0.21536218 
834 223 62 70 0.2105569 
454 592 29 32 0.17890765 
296 -24 168 184 0.1365184 
150 4 64 62 0.13079832 
717 324 66 79 0.12766762 
608 8 51 54 0.124255665 
640 589 22 29 0.1155645 
151 66 77 93 0.11029467 
0 384 21 29 0.11004232 
125 349 25 31 0.09662859 
274 0 30 31 0.09306387 
593 330 26 33 0.089107096 
558 597 31 37 0.08243209 
789 73 64 79 0.0807182 
282 55 37 49 0.075461574 
107 50 22 28 0.07516705 
611 92 106 119 0.07329473 
664 134 48 54 0.07036381 
457 198 42 49 0.06925221 
223 49 25 33 0.068769395 
101 176 24 30 0.06763964 
551 6 46 57 0.06637517 
584 241 34 48 0.061729573 
711 36 71 89 0.05796441 
69 378 25 32 0.05687234 
567 -2 62 70 0.056119766 
145 70 52 63 0.055881944 
609 114 60 70 0.054674916 
489 302 23 28 0.05463626 
689 23 57 78 0.05399303 
615 155 44 52 0.05376737 
195 63 51 69 0.052493937 
201 43 45 58 0.051426746 
552 227 57 70 0.051382076 
619 173 26 30 0.05024448 
165 195 50 61 0.04880283 
759 44 49 66 0.048022214 
190 198 46 57 0.046146616 
818 104 41 55 0.045248576 
737 40 40 58 0.045176763 
254 -4 43 40 0.044949923 
753 38 85 110 0.043857403 
925 78 67 88 0.043682713 
119 20 43 47 0.043593857 
26 111 66 81 0.043410648 
821 94 27 34 0.04316349 
814 73 29 39 0.043160375 
498 242 46 50 0.04315307 
58 378 25 32 0.043089595 
510 230 69 74 0.042771213 
643 1 65 79 0.042366598 
203 84 71 86 0.0421752 
21 68 76 93 0.041898277 
591 114 37 52 0.04178199 
897 50 65 83 0.04167692 
438 306 25 29 0.041440867 
578 163 39 49 0.0413047 
611 563 21 27 0.04086869 
4 455 20 28 0.04027134 
578 56 39 51 0.04011161 
707 22 30 37 0.03994139 
151 24 70 78 0.039879326 
734 343 41 48 0.03951206 
512 590 23 28 0.03939141 
26 418 19 27 0.039382134 
490 283 24 30 0.03930001 
676 315 66 79 0.0392473 
308 -4 78 85 0.038881358 
112 76 62 77 0.038683034 
601 10 84 92 0.038431343 
568 229 27 37 0.038340695 
176 92 34 45 0.038174 
492 255 68 76 0.037820335 
589 252 56 72 0.037428316 
208 70 29 40 0.037318356 
626 2 107 128 0.0373058 
940 115 61 90 0.037120197 
507 532 39 44 0.037116032 
357 280 58 81 0.037109394 
612 119 30 37 0.03676165 
689 1 29 33 0.036670223 
586 68 23 30 0.036404155 
636 143 43 42 0.036377866 
552 165 43 53 0.036078386 
236 94 61 74 0.03594485 
53 512 22 28 0.035908584 
616 39 29 35 0.03576802 
610 259 24 31 0.035108905 
539 178 66 81 0.03495849 
320 251 76 91 0.034776192 
487 594 21 26 0.034717508 
810 60 59 72 0.034464784 
936 16 74 81 0.034414113 
787 168 41 52 0.034371935 
606 330 24 30 0.034337457 
757 18 67 69 0.034331843 
817 234 49 60 0.034286194 
595 561 23 26 0.03424681 
229 18 40 48 0.03406738 
891 100 61 80 0.03405676 
462 217 29 36 0.03398602 
385 306 22 33 0.03393865 
57 493 21 25 0.03393163 
504 193 75 84 0.033931542 
765 46 31 39 0.0336343 
130 209 24 29 0.0332016 
73 363 24 30 0.03315259 
103 462 21 25 0.03307344 
28 307 19 25 0.033059917 
608 272 25 33 0.032989644 
205 513 27 33 0.032893203 
132 222 22 27 0.0328173 
289 31 57 77 0.03279594 
664 146 62 73 0.032742944 
963 48 46 59 0.03249533 
853 78 62 79 0.03248216 
103 26 28 33 0.03233572 
152 75 29 36 0.032233484 
717 226 62 74 0.032214403 
465 210 53 64 0.03220969 
7 302 21 28 0.032190803 
522 9 62 68 0.03218489 
750 294 48 65 0.03218237 
96 252 22 27 0.032168332 
294 143 40 55 0.03210721 
739 25 26 32 0.0320846 
111 188 58 68 0.032014966 
163 384 20 25 0.03177169 
576 131 58 74 0.03158271 
675 535 21 26 0.031408653 
640 597 26 37 0.031272873 
262 114 40 52 0.031244649 
429 293 43 48 0.030952152 
713 72 74 91 0.030746618 
913 97 40 52 0.030728115 
587 94 39 51 0.030702567 
443 588 25 29 0.030585429 
348 7 169 203 0.030534673 
18 26 76 94 0.030506402 
77 509 20 25 0.030303912 
530 191 46 54 0.030238291 
175 376 23 30 0.030163899 
534 228 27 33 0.030105293 
52 433 127 143 0.02996063 
49 328 20 26 0.02992327 
149 201 39 47 0.0299123 
101 -1 79 77 0.02978676 
413 374 26 36 0.029736008 
636 168 34 37 0.02968335 
184 359 23 29 0.029590003 
545 250 69 88 0.029574055 
228 76 23 30 0.029441483 
713 181 26 35 0.029392492 
771 91 30 38 0.029346928 
104 72 19 25 0.029345449 
0 360 20 27 0.02930862 
534 253 28 33 0.029260028 
510 231 31 35 0.029213458 
569 272 62 78 0.029187804 
127 99 25 32 0.029159052 
789 266 39 52 0.029144876 
712 252 71 86 0.029135907 
151 36 35 39 0.029116532 
565 564 24 26 0.029036893 
82 531 21 27 0.028981347 
417 226 76 95 0.02895456 
716 292 109 125 0.028893182 
516 201 25 30 0.028889367 
73 285 19 24 0.028800253 
694 290 78 91 0.028729992 
130 74 21 27 0.028726786 
124 46 24 31 0.028544595 
117 330 42 49 0.0284003 
805 362 92 102 0.028337618 
698 354 27 32 0.028313983 
579 189 40 53 0.028298073 
724 16 60 69 0.028271057 
48 46 71 85 0.02825493 
492 251 25 30 0.028158532 
107 406 21 28 0.027980134 
692 98 64 84 0.027976122 
862 228 62 80 0.027966775 
902 124 62 83 0.027816871 
903 73 25 33 0.02778904 
643 567 20 25 0.02776424 
33 328 19 25 0.02775602 
50 141 27 34 0.027564727 
593 103 25 31 0.027544357 
178 214 64 78 0.02752685 
662 328 25 32 0.02748569 
238 59 61 79 0.027370809 
943 101 24 31 0.027322711 
611 105 26 34 0.02725806 
56 280 21 27 0.02723847 
589 307 55 67 0.027234605 
76 492 19 25 0.027135853 
510 276 27 33 0.027075501 
256 75 22 29 0.027013537 
27 465 17 22 0.026901172 
51 460 19 22 0.026879255 
646 284 22 28 0.026844792 
104 162 56 68 0.026779756 
29 485 17 23 0.02677491 
611 3 35 36 0.02673303 
134 408 22 27 0.026681926 
509 603 25 31 0.026590416 
2 207 21 28 0.026566632 
518 275 65 82 0.026560146 
-2 275 67 96 0.026480574 
256 76 60 80 0.026321646 
110 357 23 28 0.026181052 
755 523 345 368 0.02616323 
760 218 42 53 0.026123218 
771 -1 28 28 0.026030088 
878 149 70 82 0.02598547 
514 551 27 32 0.025972392 
335 297 79 114 0.025904309 
836 115 27 35 0.025900235 
337 535 94 93 0.025899826 
395 281 58 73 0.025896175 
3 440 20 26 0.025745401 
101 229 23 27 0.025598412 
759 156 63 76 0.025568089 
799 114 63 85 0.025541786 
781 226 60 77 0.025493214 
767 24 31 34 0.02545132 
121 70 40 52 0.025450086 
233 0 26 30 0.025395092 
45 360 55 67 0.025352413 
176 247 27 32 0.025323024 
13 226 102 132 0.025279196 
805 186 57 70 0.025174169 
284 166 161 200 0.025168028 
52 307 20 25 0.025098199 
669 0 28 32 0.025049802 
86 252 20 27 0.025028197 
762 100 45 60 0.025000822 
478 587 36 40 0.024989804 
672 258 23 28 0.024945058 
84 66 110 125 0.024903553 
621 401 23 28 0.024780523 
482 133 111 128 0.024724651 
588 198 24 31 0.024694819 
31 277 20 25 0.024686206 
271 134 41 52 0.024661183 
171 -1 41 40 0.02459288 
693 18 32 43 0.024586678 
940 14 46 51 0.024421204 
788 45 34 43 0.024383316 
92 31 53 65 0.024379801 
104 126 62 76 0.024306623 
21 270 39 53 0.024283914 
629 4 35 37 0.02425485 
155 342 69 88 0.02417581 
691 379 24 32 0.024151469 
107 387 21 26 0.024133453 
3 327 20 27 0.02410613 
669 379 21 26 0.024086388 
521 153 69 79 0.024055647 
653 309 55 68 0.024037728 
641 301 23 29 0.024021624 
620 21 50 60 0.02401905 
210 50 118 135 0.023975266 
859 272 79 95 0.023936229 
46 524 23 31 0.023885239 
403 304 23 30 0.02387851 
72 523 38 48 0.023848707 
504 12 51 54 0.0238362 
920 21 25 30 0.02381866 
509 194 44 51 0.023762701 
255 426 38 47 0.023709785 
568 248 24 33 0.023692703 
481 166 153 171 0.02368214 
152 332 24 30 0.023682028 
784 13 66 67 0.023676218 
667 252 36 46 0.023672748 
276 432 24 29 0.023632096 
841 75 22 28 0.023626609 
452 281 74 85 0.023591494 
75 524 94 101 0.02356924 
253 414 68 77 0.023483645 
856 118 73 91 0.023476044 
593 152 25 32 0.023391541 
83 73 20 25 0.023389276 
432 181 67 77 0.02335838 
707 348 53 62 0.023325808 
504 293 43 52 0.023275994 
635 290 38 49 0.023266999 
84 53 60 78 0.023194365 
451 267 42 51 0.023170713 
251 104 25 33 0.023165308 
492 325 23 28 0.023114154 
129 281 22 26 0.02309927 
583 13 30 37 0.023097679 
526 143 47 55 0.023096997 
135 165 62 75 0.023060499 
261 433 23 28 0.023038208 
40 163 82 104 0.023020688 
669 288 64 74 0.023004688 
88 340 75 89 0.02297509 
692 584 27 29 0.022964314 
595 213 59 76 0.022958178 
636 536 18 25 0.02293125 
459 177 27 32 0.022910047 
453 243 44 56 0.022876825 
915 72 23 30 0.022847787 
709 462 25 30 0.022843111 
98 466 67 79 0.022738596 
282 99 25 32 0.022721369 
385 408 22 28 0.022696245 
53 361 23 28 0.022685807 
78 328 21 26 0.022674795 
-6 78 109 145 0.022658786 
737 345 66 82 0.022491148 
90 239 35 46 0.022451766 
509 325 24 31 0.022421204 
713 68 27 39 0.022388486 
186 15 48 55 0.022377353 
540 294 60 77 0.022336105 
610 187 39 52 0.022324638 
46 252 37 47 0.022322766 
598 168 67 82 0.022308296 
650 260 59 73 0.022293985 
-137 428 521 543 0.022258438 
733 163 57 73 0.022238616 
91 229 74 86 0.02223741 
569 404 20 26 0.022129351 
903 1 22 23 0.022074427 
201 356 22 31 0.02207275 
921 175 24 30 0.022053346 
240 4 59 61 0.022018807 
905 18 67 80 0.021993678 
197 362 39 54 0.02196381 
539 -4 110 117 0.021963624 
105 201 24 30 0.021963408 
656 335 61 73 0.021957519 
101 437 20 25 0.02195468 
107 153 22 27 0.021871572 
847 368 82 104 0.021839337 
772 264 127 130 0.021786893 
625 94 58 71 0.021763915 
430 568 59 64 0.021753868 
154 355 22 27 0.021706725 
1 281 22 29 0.021704601 
12 135 69 87 0.021687157 
232 98 25 33 0.021663288 
539 203 25 30 0.021625955 
724 531 21 26 0.021611469 
104 280 21 27 0.021560181 
188 346 38 52 0.021515703 
801 44 48 63 0.021455927 
833 200 51 63 0.021450557 
386 261 96 123 0.021450028 
513 304 25 32 0.02143133 
169 229 45 53 0.02143034 
672 173 62 77 0.021396603 
391 131 69 77 0.021392474 
913 243 44 57 0.021387946 
730 121 66 81 0.021387044 
51 435 20 24 0.021380017 
742 2 24 28 0.021342453 
602 341 59 77 0.021322677 
593 275 25 34 0.02132046 
756 187 45 57 0.021305226 
617 149 28 33 0.021255149 
342 251 45 60 0.02121831 
221 130 42 51 0.021188017 
311 430 24 29 0.021172596 
693 172 29 36 0.021147938 
139 169 100 123 0.0211069 
866 110 40 53 0.021064645 
283 453 73 90 0.021055412 
41 296 34 42 0.021027213 
920 203 26 34 0.021018073 
508 119 45 56 0.021004574 
916 1 23 25 0.020971127 
386 88 130 172 0.020961445 
390 317 77 99 0.020921212 
942 109 41 59 0.020846656 
26 259 22 27 0.020818204 
567 460 23 31 0.020817686 
872 103 22 30 0.02074524 
30 176 23 29 0.020714333 
284 253 145 181 0.020711275 
450 245 75 83 0.020688735 
0 7 64 83 0.020626942 
914 206 41 52 0.020618072 
298 48 32 45 0.020610144 
673 568 20 23 0.020601146 
18 292 35 49 0.020593459 
29 353 19 25 0.020593138 
699 177 53 66 0.020566462 
954 87 46 64 0.020516712 
-21 262 152 185 0.020485492 
261 51 23 29 0.020466732 
53 256 22 26 0.020453306 
185 488 83 94 0.020448368 
548 62 114 132 0.020441577 
-9 317 69 102 0.020415846 
-3 351 33 48 0.020406246 
671 584 21 27 0.020384526 
30 225 21 27 0.020384466 
870 53 21 26 0.020382117 
150 410 21 28 0.020366022 
103 301 24 30 0.020358609 
616 303 23 30 0.020348165 
93 290 70 84 0.020289011 
108 346 38 46 0.02028102 
687 128 33 41 0.020266939 
951 2 24 27 0.020266479 
487 507 20 24 0.02025021 
72 158 112 132 0.02024294 
67 499 34 45 0.020234177 
269 146 61 72 0.02023099 
259 117 27 34 0.020179203 
952 148 26 38 0.020171013 
919 155 23 32 0.020157482 
850 31 62 74 0.020143682 
152 93 29 37 0.020118576 
583 588 27 31 0.020078646 
669 66 73 99 0.020040419 
548 37 66 81 0.02003795 
478 56 121 145 0.020032126 
620 356 23 29 0.020027662 
789 0 32 33 0.020001931 
