3_Riot_Riot_3_725
155
514 282 28 34 0.87555826 
815 246 29 37 0.773029 
724 251 33 44 0.6573463 
389 232 25 30 0.5688768 
640 223 31 42 0.562559 
383 279 24 31 0.48239163 
303 232 23 29 0.44274133 
460 237 23 29 0.23190652 
259 247 21 25 0.17958902 
442 226 22 28 0.1789453 
334 233 21 27 0.12496211 
290 233 22 27 0.11313662 
657 228 29 37 0.10731699 
388 251 24 30 0.10000241 
400 227 22 28 0.09828403 
301 246 22 28 0.09259082 
913 328 52 61 0.09032717 
255 198 23 24 0.0844194 
437 214 20 26 0.08225305 
691 252 23 30 0.08125894 
344 333 22 26 0.080444835 
416 277 22 29 0.07542478 
433 252 23 28 0.07380926 
527 280 25 34 0.07053832 
281 202 20 24 0.069288544 
512 261 24 30 0.063893914 
848 201 22 28 0.061067626 
338 249 21 26 0.05950919 
428 276 22 28 0.05547142 
540 121 24 27 0.054576606 
482 237 22 26 0.053105325 
711 304 25 31 0.053008072 
538 258 24 30 0.051471796 
768 250 23 30 0.05059808 
385 295 23 32 0.049343627 
525 290 33 42 0.048438035 
292 249 21 27 0.04832224 
458 209 20 24 0.04808067 
492 123 30 33 0.047548007 
644 208 25 33 0.045934163 
618 256 24 33 0.045805737 
254 228 35 40 0.04261325 
483 249 22 28 0.04258961 
735 227 25 30 0.042190336 
486 93 79 84 0.040728875 
446 221 48 60 0.0404073 
592 249 25 32 0.039553683 
308 210 19 24 0.039319944 
697 300 25 31 0.03886374 
903 322 88 92 0.038506668 
247 192 37 39 0.03810695 
554 273 34 46 0.037728082 
725 228 24 29 0.037620552 
384 208 21 26 0.03726811 
559 222 26 34 0.03710752 
414 210 20 25 0.036357045 
513 229 21 27 0.03617446 
799 237 51 63 0.034900457 
530 114 38 43 0.03448391 
276 217 51 61 0.034402244 
411 299 23 30 0.033285387 
216 285 18 22 0.032368787 
341 311 19 23 0.032342825 
303 279 19 24 0.032243703 
410 179 20 26 0.032170366 
270 198 36 41 0.03216924 
410 256 22 27 0.032154813 
614 267 34 43 0.03148053 
623 220 34 45 0.03121256 
542 229 24 30 0.030981887 
280 53 24 29 0.030745126 
361 307 19 26 0.030640757 
490 282 21 28 0.0300492 
260 285 20 23 0.030005915 
339 283 19 23 0.029728815 
465 218 52 64 0.029621266 
471 372 36 44 0.029404033 
842 228 24 29 0.02911768 
559 319 37 46 0.028815676 
362 231 19 26 0.028725326 
338 211 18 22 0.02852099 
386 174 22 27 0.028259708 
543 148 21 25 0.028105615 
486 202 20 25 0.027918207 
803 255 24 30 0.027618991 
314 218 52 61 0.027612949 
766 239 22 26 0.026900928 
228 284 18 22 0.026783708 
774 280 22 28 0.026665572 
547 284 47 60 0.026245927 
753 495 335 379 0.026020374 
849 185 21 26 0.02577078 
930 149 20 27 0.025768192 
825 243 38 48 0.02557795 
869 147 21 26 0.025446089 
559 255 24 32 0.025352964 
470 302 22 28 0.025278986 
448 204 36 46 0.025158837 
368 283 20 26 0.025053 
587 231 25 32 0.024582392 
860 379 126 157 0.024522562 
282 186 21 24 0.024306096 
896 148 22 27 0.02410922 
688 281 21 29 0.024034172 
516 201 21 27 0.023845881 
900 259 83 92 0.023844715 
673 280 22 28 0.023675732 
690 235 22 29 0.023614682 
560 299 27 37 0.023307627 
870 226 23 29 0.02330756 
571 283 51 61 0.02317416 
425 236 49 60 0.023161726 
236 185 61 64 0.023044532 
381 159 22 27 0.023015551 
909 401 46 55 0.022914473 
895 386 76 91 0.022888722 
466 281 21 26 0.02286021 
384 214 44 57 0.022795832 
246 214 55 64 0.022791637 
389 50 20 22 0.022466661 
831 263 39 51 0.022431713 
366 157 20 25 0.022312686 
492 58 23 25 0.02222191 
561 200 23 29 0.022154128 
894 174 19 25 0.022039756 
582 271 36 47 0.022008047 
838 2 26 29 0.021819694 
232 313 22 25 0.021704495 
830 129 19 23 0.021489067 
611 292 37 45 0.021484185 
607 317 40 45 0.021483159 
577 379 146 174 0.02147806 
238 254 19 23 0.021445883 
919 130 20 26 0.021338549 
921 408 24 28 0.02133685 
859 268 38 50 0.021181982 
101 46 156 182 0.021142129 
900 133 23 27 0.02111125 
378 207 34 43 0.021106726 
627 294 39 47 0.021018434 
664 179 20 26 0.020903312 
426 195 55 69 0.020854533 
861 217 37 47 0.020771144 
479 196 35 45 0.020711761 
308 187 17 23 0.020553907 
842 128 20 24 0.020417593 
481 97 52 57 0.020389935 
364 206 18 22 0.020358982 
398 266 47 59 0.02028217 
-218 320 689 742 0.020261504 
920 251 27 33 0.020233411 
207 225 138 166 0.020161023 
-61 531 346 356 0.020108795 
898 346 31 39 0.020064436 
930 298 86 97 0.020038294 
