44_Aerobics_Aerobics_44_549
23
440 59 64 80 0.9975556 
242 112 42 52 0.9673374 
802 44 39 55 0.87398607 
335 164 40 49 0.10857394 
505 139 49 58 0.08490111 
712 227 42 53 0.06813228 
548 332 23 29 0.062755935 
945 278 25 36 0.054430354 
281 180 26 33 0.04530609 
688 299 22 27 0.043064587 
687 357 21 27 0.03303915 
543 349 24 30 0.032653082 
155 201 22 25 0.030150399 
388 125 29 38 0.029165016 
-57 488 355 372 0.023975924 
5 277 36 65 0.023370149 
553 340 38 44 0.02298024 
717 173 31 38 0.02228275 
557 314 22 28 0.02201188 
521 157 43 52 0.021844821 
539 317 47 57 0.020218208 
715 193 28 34 0.020038543 
668 297 23 30 0.020024976 
