44_Aerobics_Aerobics_44_216
159
724 30 111 96 0.19816835 
724 48 47 61 0.18211178 
-6 431 149 215 0.17561068 
388 158 198 193 0.13412336 
231 387 25 31 0.09702922 
-10 515 129 224 0.07959258 
721 65 30 41 0.07435261 
12 365 296 256 0.07104532 
492 135 173 169 0.06927442 
155 387 25 31 0.06712329 
156 52 687 552 0.06671844 
420 210 66 87 0.06639908 
498 62 280 249 0.06514355 
328 94 391 342 0.05730382 
944 164 72 121 0.057026185 
327 363 40 49 0.0545239 
558 143 76 91 0.051212456 
367 210 65 72 0.05051529 
697 54 65 83 0.050015517 
95 263 321 294 0.048685707 
667 99 21 27 0.045099415 
464 208 75 83 0.04496771 
665 80 23 30 0.044393063 
671 33 144 150 0.044202246 
471 244 412 375 0.043911483 
347 214 46 56 0.043395225 
-4 444 89 142 0.042946126 
213 378 20 26 0.042405277 
582 164 74 99 0.041770935 
638 125 23 26 0.041512936 
440 229 80 100 0.041454956 
176 380 105 87 0.04141333 
291 319 62 80 0.04105394 
231 389 39 47 0.040835787 
568 119 121 126 0.04056213 
673 125 21 25 0.039033353 
483 248 75 95 0.038628776 
536 236 245 222 0.038327325 
71 357 169 141 0.038277682 
329 355 27 35 0.038251497 
138 410 170 148 0.037410576 
739 28 158 140 0.037149657 
461 216 139 164 0.037067857 
141 382 47 58 0.0369591 
232 288 151 168 0.036713548 
333 230 57 73 0.036708176 
4 195 516 492 0.036509227 
522 345 160 161 0.036475588 
598 91 163 155 0.03645543 
226 413 153 146 0.036357533 
-4 330 62 107 0.035930283 
589 132 28 34 0.035880364 
404 226 47 60 0.035113618 
15 367 158 177 0.03447105 
625 199 161 155 0.03400922 
385 246 29 35 0.033262543 
267 159 262 264 0.033118427 
175 383 21 27 0.032946564 
649 151 169 141 0.032442585 
562 194 117 134 0.03214176 
211 374 33 42 0.032138348 
692 60 42 53 0.031986196 
650 274 106 108 0.0317291 
306 439 74 88 0.031653054 
822 62 154 155 0.031305388 
306 359 42 55 0.031201852 
521 241 135 153 0.031110121 
390 188 73 81 0.03105736 
591 134 65 77 0.030869056 
517 245 79 97 0.030413868 
628 116 41 46 0.029391725 
301 271 71 90 0.029297339 
645 162 69 84 0.029294044 
112 518 78 109 0.029188044 
753 45 57 67 0.029140074 
166 394 43 54 0.029099014 
337 426 67 91 0.029055502 
143 467 138 156 0.028952787 
659 70 39 48 0.02882339 
691 236 115 99 0.028770313 
311 328 28 38 0.028564215 
570 321 89 98 0.028228246 
166 377 35 46 0.027796706 
576 139 48 61 0.027679782 
383 230 27 34 0.027537495 
484 241 29 39 0.027499942 
477 4 193 211 0.027330348 
612 125 25 29 0.027275503 
424 147 127 126 0.027086588 
51 440 67 76 0.02702838 
150 501 76 105 0.02702269 
486 295 131 152 0.027012903 
326 329 26 34 0.026227921 
897 128 90 135 0.026178444 
350 249 31 39 0.02597962 
799 41 81 93 0.025774727 
313 348 26 37 0.025773665 
639 106 22 26 0.025752133 
534 273 82 90 0.025750915 
471 275 61 80 0.025693674 
826 12 44 50 0.025526749 
207 368 20 25 0.02536714 
249 466 98 114 0.025341514 
693 97 24 31 0.025213087 
21 452 250 296 0.025024109 
664 118 38 44 0.024699872 
372 193 46 53 0.024670992 
720 186 118 104 0.024616465 
290 369 71 85 0.024604805 
686 79 44 55 0.024482483 
668 186 70 93 0.02438443 
336 251 29 38 0.02436685 
649 58 65 75 0.024290677 
848 127 103 119 0.024244005 
709 80 251 291 0.02408478 
-1 371 76 108 0.024039542 
498 193 87 103 0.024002725 
105 369 79 88 0.023996675 
694 71 26 33 0.023880668 
182 414 64 78 0.023878112 
328 257 47 62 0.023729404 
891 83 92 112 0.023702035 
-186 302 708 652 0.023482582 
617 128 71 80 0.023350738 
374 357 61 71 0.023268396 
663 97 72 87 0.023227988 
100 431 125 109 0.022964014 
442 364 128 145 0.022861095 
190 348 101 87 0.022830883 
608 283 74 91 0.022729935 
496 376 102 113 0.022729041 
226 373 115 99 0.022688948 
218 406 49 58 0.022365406 
483 271 32 43 0.022328455 
970 0 39 47 0.022298288 
311 374 24 35 0.022240857 
381 197 27 33 0.022131778 
686 127 23 29 0.021793159 
762 111 47 64 0.021710984 
804 174 104 100 0.021599948 
215 493 142 162 0.021544224 
130 387 79 87 0.021349275 
602 120 42 48 0.021312898 
778 47 62 68 0.021301392 
247 404 30 36 0.021279661 
671 222 76 99 0.021233175 
178 365 20 25 0.021185212 
613 151 27 32 0.021177089 
714 86 30 41 0.020943781 
203 360 34 42 0.020937365 
391 314 88 112 0.020758718 
134 349 67 79 0.020716866 
772 127 25 35 0.020707842 
157 365 23 29 0.020687526 
435 283 124 156 0.02059122 
534 214 84 103 0.020527674 
672 166 52 60 0.020406038 
506 279 33 41 0.020385459 
205 427 63 81 0.020175643 
