44_Aerobics_Aerobics_44_194
160
586 128 21 26 0.24383715 
665 175 20 24 0.2306994 
636 151 20 26 0.1912611 
542 326 22 26 0.11992582 
536 161 19 24 0.0984969 
668 162 19 22 0.09185642 
609 314 303 369 0.087096214 
229 281 22 29 0.085323974 
640 134 18 22 0.08353528 
208 261 25 32 0.078242816 
699 181 17 21 0.07570602 
172 252 38 52 0.0737041 
694 154 16 20 0.073311664 
670 235 22 28 0.06895837 
570 249 22 26 0.06646198 
614 280 21 26 0.06545999 
667 250 26 34 0.06392973 
565 328 24 29 0.06316185 
667 128 17 22 0.059081066 
697 135 18 22 0.056638844 
234 298 23 28 0.05588628 
725 303 38 49 0.05561263 
669 204 21 25 0.054749396 
659 167 32 38 0.054615967 
712 175 18 24 0.05221568 
624 156 19 23 0.050573137 
614 336 503 569 0.050534513 
567 235 24 28 0.049680136 
693 330 22 29 0.04877415 
452 197 42 47 0.048459414 
567 311 22 29 0.044051427 
726 323 25 33 0.043548204 
649 228 18 24 0.043491866 
232 325 36 44 0.0427627 
592 147 20 25 0.041983165 
575 131 19 24 0.041347705 
590 390 24 30 0.040345367 
567 278 22 28 0.040028214 
669 105 18 22 0.039269317 
529 152 31 40 0.038705207 
252 305 21 25 0.03745198 
585 325 22 27 0.036997102 
208 307 23 29 0.036504287 
191 247 51 65 0.036501795 
611 203 24 28 0.03606968 
723 159 17 23 0.036063712 
572 155 19 23 0.03533408 
368 103 22 29 0.03528218 
936 48 44 55 0.035085265 
566 241 37 45 0.034568608 
558 234 72 79 0.033982843 
564 351 23 28 0.033790052 
655 237 57 72 0.033284757 
382 199 27 34 0.03325629 
226 265 21 27 0.033068717 
768 150 22 27 0.0328446 
844 185 19 26 0.032751396 
844 203 24 30 0.032671314 
564 206 22 26 0.03238377 
650 256 20 26 0.032182902 
615 176 21 26 0.032126 
640 106 17 22 0.032121364 
455 176 24 30 0.032095708 
645 208 20 25 0.031076007 
612 261 20 25 0.030825883 
585 250 22 27 0.030574594 
335 307 25 29 0.030322036 
585 310 23 28 0.030026184 
400 265 90 91 0.029567713 
645 172 21 26 0.029492414 
339 254 22 29 0.029418124 
446 166 38 48 0.029374612 
745 227 21 28 0.029309688 
589 106 21 25 0.029215196 
684 233 20 25 0.029153625 
433 194 41 50 0.028961997 
745 176 22 26 0.028623315 
609 230 67 79 0.028532531 
555 342 39 45 0.02822372 
620 302 22 28 0.02774023 
406 334 21 24 0.027596476 
666 263 31 41 0.027431011 
538 251 21 27 0.027353544 
744 157 21 25 0.027241692 
510 310 18 23 0.026645752 
588 232 23 30 0.026574884 
473 199 38 46 0.0263519 
442 171 24 32 0.02622261 
564 172 20 25 0.02595867 
393 263 146 144 0.025860338 
604 271 35 41 0.025818195 
240 303 35 44 0.025538106 
708 288 73 86 0.0252937 
592 278 21 28 0.025201065 
583 135 33 42 0.025150761 
196 281 58 71 0.02512396 
591 205 23 28 0.025106061 
746 205 23 29 0.024975786 
564 267 35 46 0.024628805 
250 332 24 29 0.024546845 
689 272 23 30 0.024426203 
527 215 56 68 0.024288869 
537 308 34 42 0.024264427 
693 311 22 29 0.024253514 
573 123 32 41 0.02417599 
424 121 61 81 0.024023354 
693 203 20 23 0.023916947 
184 230 25 31 0.023908947 
662 196 36 43 0.023886604 
545 328 65 72 0.023848144 
689 173 31 36 0.023800941 
328 330 27 31 0.023659803 
200 232 22 27 0.023633929 
828 182 19 26 0.02348028 
465 270 133 140 0.023360832 
434 220 29 37 0.023340853 
578 300 38 45 0.023150621 
537 234 21 28 0.023093829 
83 348 71 77 0.02307314 
520 182 19 24 0.022795642 
536 340 38 44 0.022776088 
571 269 113 124 0.02271874 
517 231 24 30 0.022692839 
336 279 22 27 0.02262558 
641 275 23 29 0.022526728 
648 246 36 45 0.02248427 
718 130 19 24 0.022426108 
418 238 278 278 0.022308592 
744 287 21 27 0.02219649 
792 178 20 25 0.022118665 
686 320 37 46 0.022113176 
463 132 18 23 0.0220662 
637 153 309 310 0.022007456 
255 290 19 24 0.021900248 
750 56 24 26 0.021882787 
694 107 18 21 0.02180139 
236 348 25 30 0.021728687 
509 192 36 47 0.021706296 
331 509 377 350 0.021694543 
367 123 22 28 0.021671018 
356 260 22 29 0.021630686 
733 32 263 301 0.0216052 
791 81 21 26 0.021590551 
555 288 54 69 0.021499008 
599 196 39 46 0.021399323 
647 141 66 79 0.0213397 
496 311 18 21 0.021332223 
515 248 24 29 0.021291783 
636 132 30 39 0.021247366 
542 281 20 26 0.021176383 
611 227 20 25 0.02113295 
793 155 19 24 0.021121318 
491 180 20 24 0.021120774 
547 191 66 78 0.020990064 
516 202 21 27 0.02050774 
537 238 301 334 0.020424776 
723 286 20 24 0.020408144 
740 216 37 46 0.02033143 
422 242 52 58 0.020233184 
548 361 74 78 0.02019675 
