44_Aerobics_Aerobics_44_96
57
614 311 30 37 0.516351 
966 332 35 51 0.41309902 
605 340 41 52 0.105894625 
511 352 27 32 0.08562472 
488 353 25 34 0.07223089 
504 303 40 46 0.06771911 
510 328 30 35 0.063505135 
598 308 52 61 0.054534525 
627 368 41 56 0.049760807 
485 322 45 55 0.047243126 
651 422 515 556 0.040627424 
433 358 69 78 0.040339835 
418 374 51 54 0.039681807 
945 329 60 103 0.03833989 
429 381 31 34 0.0335034 
775 300 42 51 0.032311045 
459 381 24 31 0.031617556 
469 332 92 99 0.030532848 
426 424 61 73 0.029642813 
310 460 22 28 0.029221762 
662 396 251 295 0.02868184 
526 513 371 362 0.028567342 
609 357 44 57 0.02798473 
485 378 22 30 0.027881505 
334 503 364 361 0.02779468 
369 271 272 290 0.02774566 
407 380 74 80 0.027434165 
402 319 144 156 0.026270013 
310 437 21 27 0.02600216 
531 308 25 32 0.025914868 
449 310 64 76 0.025346214 
953 349 25 34 0.024948249 
434 430 32 39 0.024467407 
771 450 70 99 0.02338866 
353 453 24 30 0.022848262 
340 456 22 28 0.02273769 
343 286 699 715 0.022681797 
507 369 285 325 0.022558924 
478 364 40 51 0.022451311 
920 359 72 105 0.022413814 
769 459 40 60 0.022307072 
-2 126 270 377 0.022185018 
564 335 21 29 0.022144472 
537 359 21 27 0.022117456 
465 367 102 114 0.02175882 
742 318 318 376 0.021253338 
523 340 135 159 0.021040242 
615 286 23 29 0.020988623 
636 357 26 34 0.020664277 
564 334 78 87 0.020630259 
430 404 33 37 0.020602819 
-61 537 354 342 0.02059672 
896 488 77 97 0.02034139 
972 308 27 37 0.020277716 
383 270 24 35 0.020186303 
-226 303 722 746 0.02012796 
992 304 22 29 0.02000428 
