44_Aerobics_Aerobics_44_66
40
257 146 68 86 0.9990307 
782 203 46 58 0.983401 
433 236 40 50 0.9412012 
676 192 37 44 0.8908966 
899 228 36 45 0.72785676 
933 61 60 74 0.12730558 
631 241 46 60 0.089849934 
471 243 40 56 0.08878039 
54 254 64 85 0.07325078 
69 369 45 76 0.063978784 
608 152 46 57 0.05551771 
37 338 74 122 0.045488805 
559 160 41 51 0.045061838 
928 65 38 50 0.040270787 
14 238 110 148 0.036092103 
80 256 27 36 0.035544313 
63 11 97 88 0.0335582 
75 271 31 45 0.033359468 
503 242 41 59 0.031462915 
616 121 27 34 0.03122205 
55 274 29 39 0.031186173 
965 171 44 70 0.031126503 
441 232 57 77 0.030639593 
322 202 48 63 0.027344892 
557 190 43 53 0.026814941 
578 153 47 58 0.025370369 
587 146 30 40 0.024220744 
514 232 24 33 0.023697756 
937 212 42 59 0.023438174 
484 230 25 33 0.023273572 
334 198 27 35 0.0231261 
559 218 41 52 0.02278229 
835 216 39 52 0.022399724 
624 112 36 47 0.02239002 
502 284 42 55 0.022274302 
78 281 72 104 0.021372154 
34 302 22 30 0.021035727 
206 228 32 39 0.020788545 
714 65 32 39 0.020583417 
479 416 96 121 0.020244759 
