44_Aerobics_Aerobics_44_332
109
429 307 23 31 0.8437583 
699 305 22 27 0.27689254 
177 305 18 22 0.21696739 
125 308 17 20 0.16530277 
258 328 20 25 0.14573498 
291 333 22 27 0.12130056 
163 308 16 19 0.094278574 
304 304 19 23 0.091551706 
890 246 23 27 0.08742271 
255 315 18 23 0.08486385 
295 306 18 22 0.08348257 
538 304 20 24 0.08017382 
146 393 48 51 0.070779614 
385 303 18 24 0.07003591 
155 279 16 19 0.063631795 
747 303 18 22 0.0621058 
536 287 20 25 0.060349915 
875 280 21 26 0.057664055 
257 362 20 27 0.05730273 
179 385 24 27 0.055706717 
116 307 16 20 0.054312453 
264 377 24 30 0.052895587 
308 289 19 22 0.052668594 
587 282 20 27 0.052410517 
287 287 19 23 0.05178863 
76 308 17 22 0.049626593 
134 286 16 19 0.04928256 
869 302 18 24 0.049016483 
881 253 22 25 0.04877333 
847 309 17 21 0.04676196 
574 282 20 26 0.04580949 
931 302 21 27 0.045576356 
305 332 21 26 0.04546699 
828 308 18 22 0.045369226 
236 303 18 22 0.04380618 
436 290 20 25 0.041463144 
154 389 29 33 0.04103453 
159 331 18 21 0.040942267 
233 335 19 24 0.040445603 
152 267 18 22 0.03967988 
129 395 70 89 0.039355475 
710 304 20 25 0.036621373 
208 306 16 20 0.03656974 
434 317 24 32 0.035957757 
186 363 20 24 0.035862803 
285 350 24 29 0.035701573 
236 289 18 23 0.035406984 
699 287 21 26 0.03416731 
201 363 19 23 0.033957966 
110 290 16 19 0.033181015 
846 339 18 23 0.03267669 
411 288 20 27 0.03223421 
292 301 30 39 0.031916376 
897 307 19 24 0.03143726 
992 174 21 33 0.031239884 
185 333 19 22 0.031226227 
166 383 39 44 0.031065678 
205 338 19 23 0.030968202 
390 289 20 26 0.030728096 
592 299 24 32 0.030633321 
255 284 18 22 0.030572455 
896 335 18 23 0.030356279 
930 287 20 25 0.030013021 
569 304 21 27 0.02967688 
201 377 18 22 0.02951835 
183 291 17 20 0.028599387 
129 407 26 31 0.0279555 
59 288 17 21 0.027638696 
951 358 17 21 0.02759682 
171 404 26 31 0.026942402 
235 360 19 23 0.026919736 
795 280 19 25 0.025900174 
77 291 17 20 0.025800847 
12 288 19 25 0.025602832 
749 288 18 24 0.025398513 
25 332 18 22 0.025347715 
879 235 22 26 0.025097165 
76 327 19 23 0.024314111 
669 305 17 23 0.02421465 
768 357 18 23 0.024185024 
893 276 21 25 0.024118045 
118 301 27 33 0.023960156 
852 283 19 23 0.023935076 
799 338 17 21 0.023809962 
722 363 19 24 0.02376156 
328 329 20 25 0.023447955 
248 307 31 39 0.023306454 
285 252 21 24 0.023130182 
156 356 22 26 0.022948246 
21 290 16 20 0.02245452 
771 310 17 21 0.02237595 
542 357 20 25 0.022315426 
927 292 34 44 0.02216679 
1 356 20 28 0.022098426 
879 332 17 21 0.021717738 
713 288 19 23 0.02169836 
145 422 30 35 0.021570101 
771 337 16 19 0.021511108 
844 349 20 25 0.02146445 
137 265 17 21 0.021337762 
211 288 17 21 0.021323105 
975 356 17 21 0.021291751 
941 300 20 27 0.021229183 
795 309 18 22 0.021198248 
420 297 39 51 0.02113283 
279 315 51 63 0.020973999 
129 400 43 49 0.02085612 
302 283 32 38 0.020460242 
978 340 17 21 0.020034485 
