44_Aerobics_Aerobics_44_3
47
576 140 39 47 0.10492076 
466 179 23 28 0.0720335 
586 131 25 31 0.04634416 
482 55 26 33 0.045560952 
158 159 22 28 0.04398985 
383 160 62 91 0.039609175 
566 146 30 38 0.03833672 
74 121 26 33 0.038140174 
406 178 22 30 0.037823837 
562 156 42 52 0.03649657 
-12 144 372 472 0.034696627 
353 99 168 192 0.034075636 
436 178 21 27 0.033277195 
582 165 31 40 0.032878127 
426 167 39 53 0.032053895 
405 191 25 38 0.03177831 
599 143 41 49 0.03147267 
416 130 105 121 0.02876126 
715 150 24 34 0.02796883 
725 512 362 382 0.026899956 
803 115 48 59 0.026832752 
542 130 84 89 0.026087202 
709 137 39 57 0.025884071 
514 117 293 293 0.025556572 
567 129 25 30 0.025467128 
204 175 21 26 0.025449814 
439 157 18 23 0.02506238 
384 119 280 291 0.0249968 
461 159 18 23 0.024996005 
149 160 39 45 0.02498934 
693 93 69 100 0.024096213 
753 92 75 91 0.023335094 
449 155 37 47 0.023288911 
313 193 22 34 0.023185192 
317 129 17 23 0.022773348 
571 102 21 26 0.02254174 
176 163 18 22 0.022154078 
546 171 67 84 0.022144979 
672 69 166 183 0.02205914 
452 176 43 54 0.022025269 
-52 422 370 398 0.021286635 
479 179 21 28 0.02081563 
485 155 20 25 0.020653939 
660 273 31 36 0.020575782 
460 112 154 157 0.020421125 
656 45 75 97 0.020365613 
491 271 32 41 0.020316573 
