44_Aerobics_Aerobics_44_343
92
587 176 31 41 0.93449765 
290 177 41 51 0.7157816 
667 180 22 28 0.2854149 
382 175 27 39 0.27002594 
898 207 20 25 0.25294015 
868 238 18 24 0.070662014 
851 235 18 23 0.06943063 
537 177 21 27 0.06548572 
384 159 24 30 0.06370742 
724 203 19 23 0.059308153 
356 179 40 57 0.058244664 
544 206 22 30 0.058199354 
753 180 18 22 0.05731681 
766 178 16 22 0.051659513 
591 158 25 32 0.05159566 
848 180 19 22 0.050546527 
686 209 20 25 0.04825845 
800 207 17 21 0.047446646 
930 235 19 23 0.045602307 
671 202 23 29 0.045552623 
977 260 17 25 0.044477835 
925 160 19 24 0.0430623 
775 230 18 21 0.04304841 
245 249 49 64 0.041866094 
946 257 17 22 0.04074135 
971 274 17 24 0.03997369 
822 205 16 20 0.039050404 
827 231 17 20 0.03877432 
931 251 19 23 0.037692185 
770 157 17 21 0.037266806 
744 204 17 22 0.036691826 
746 258 19 24 0.036308747 
848 204 18 22 0.036307573 
649 180 19 26 0.036185376 
799 182 17 21 0.035813324 
943 237 17 21 0.034632914 
401 332 27 35 0.03394869 
793 228 16 20 0.033794317 
717 288 19 24 0.033444613 
685 179 19 25 0.033137545 
723 182 18 23 0.032847058 
536 208 37 50 0.03160509 
773 208 17 22 0.031448286 
826 331 21 28 0.031373978 
675 307 24 31 0.030894894 
743 232 18 23 0.03038893 
900 223 19 24 0.029712038 
794 156 17 21 0.02920916 
361 179 26 35 0.02892018 
852 249 18 24 0.028850444 
354 214 39 53 0.02864906 
603 179 24 31 0.028371625 
596 131 22 27 0.028332015 
795 261 17 21 0.028008688 
690 225 21 26 0.02783399 
956 280 18 23 0.027464703 
898 187 17 21 0.026820336 
723 230 19 24 0.026443765 
720 257 18 23 0.026114972 
383 282 23 29 0.025963193 
610 131 20 25 0.02589864 
750 155 18 22 0.025386985 
360 303 26 34 0.025183773 
666 220 21 28 0.025175108 
830 157 16 20 0.024903096 
519 177 21 28 0.024443004 
949 305 20 25 0.024124173 
845 155 18 21 0.02397965 
823 181 16 21 0.02386413 
995 228 17 25 0.023550998 
562 204 24 34 0.023390278 
926 173 18 24 0.023389613 
228 30 251 286 0.023272974 
722 105 22 27 0.022989592 
864 227 31 41 0.022948368 
951 333 23 29 0.022477822 
918 211 17 22 0.022223018 
980 229 17 22 0.02220277 
715 331 24 29 0.022193827 
772 257 17 21 0.022191448 
692 254 20 25 0.022045923 
721 199 29 37 0.021680633 
227 258 49 64 0.02157901 
583 380 79 106 0.021123298 
360 330 26 36 0.021104608 
795 132 18 22 0.02103224 
722 300 22 26 0.02089057 
-4 452 54 104 0.020756634 
981 211 17 22 0.020596866 
640 157 18 23 0.020571427 
880 206 18 22 0.020484947 
385 258 22 27 0.020413859 
