44_Aerobics_Aerobics_44_597
61
416 321 41 49 0.9725625 
3 312 44 53 0.85527754 
778 287 34 45 0.63322437 
968 312 27 35 0.555334 
842 304 26 36 0.3292701 
559 312 28 37 0.2971193 
106 338 25 32 0.22963591 
720 324 26 40 0.18350148 
189 371 44 48 0.15257525 
328 341 27 36 0.15021731 
848 277 25 35 0.1012564 
282 241 34 44 0.092422366 
122 337 26 32 0.08230536 
589 276 28 34 0.07068593 
822 300 26 36 0.07043567 
202 362 30 36 0.06194401 
846 319 23 32 0.05716093 
550 292 48 60 0.04758515 
227 363 26 33 0.044209726 
479 380 44 48 0.039429117 
99 388 25 30 0.03936183 
578 228 72 78 0.038034163 
563 274 28 35 0.038018182 
209 368 44 49 0.037742063 
272 248 53 65 0.036516935 
890 335 24 30 0.035152506 
297 297 38 49 0.034261286 
738 257 64 73 0.034195807 
232 333 23 29 0.034002744 
591 301 24 31 0.03398137 
103 325 44 54 0.033775922 
92 422 43 57 0.033717982 
249 405 42 50 0.03303359 
0 411 21 37 0.032657795 
847 263 22 28 0.03262034 
820 312 36 47 0.0325018 
146 335 22 28 0.03023389 
77 372 37 47 0.029927475 
97 401 27 34 0.029527405 
827 290 44 60 0.028974283 
872 335 22 28 0.027996477 
297 247 24 32 0.027928093 
281 266 32 40 0.027447237 
765 282 63 74 0.025421925 
147 349 24 32 0.025351886 
79 352 36 45 0.025292348 
717 307 26 36 0.025283888 
316 332 47 58 0.02482729 
195 393 32 38 0.024128685 
64 417 63 84 0.023999507 
610 305 24 30 0.023424339 
31 317 38 48 0.023307925 
330 113 262 299 0.022811763 
585 326 23 30 0.022748385 
191 377 68 75 0.022231238 
821 283 24 35 0.021635672 
264 421 46 53 0.020890422 
277 316 40 49 0.020657968 
308 318 35 47 0.020311167 
562 345 35 46 0.020277916 
85 372 52 64 0.020062903 
