44_Aerobics_Aerobics_44_246
67
774 639 60 77 0.979862 
660 637 57 71 0.95985943 
272 608 61 75 0.92172956 
792 1028 34 41 0.18268661 
327 152 32 43 0.0684171 
23 5 64 82 0.06435161 
208 12 73 74 0.0608846 
68 41 70 79 0.059025705 
172 587 42 48 0.05434967 
548 172 32 38 0.052692156 
546 664 40 50 0.048677377 
376 1179 32 37 0.04698598 
598 315 719 818 0.044701554 
882 650 57 71 0.044376895 
887 661 34 43 0.042842444 
407 1179 28 34 0.04092015 
866 678 60 83 0.040555913 
847 701 81 112 0.03955995 
376 1210 29 37 0.03737796 
747 732 509 584 0.036384575 
4 -2 56 82 0.035774976 
989 652 30 43 0.035159107 
1 246 43 71 0.034111388 
754 1054 512 531 0.034077395 
65 32 51 55 0.034039006 
729 175 497 559 0.03377341 
402 172 38 48 0.03350897 
877 688 38 51 0.032278653 
471 708 37 47 0.032232292 
625 -217 745 809 0.030212708 
402 250 40 51 0.029498894 
102 31 46 52 0.02904309 
101 28 79 110 0.029026361 
54 1 107 105 0.02841333 
739 633 75 95 0.027979191 
904 668 61 82 0.027485808 
854 690 39 52 0.02745724 
485 753 1014 1062 0.027088363 
529 1105 31 38 0.0264916 
751 153 27 32 0.025577124 
550 689 37 48 0.02543069 
989 233 27 37 0.025276277 
990 636 28 38 0.02526321 
373 1259 31 40 0.02465323 
235 1180 27 33 0.024002874 
330 1218 29 35 0.023532046 
559 106 31 38 0.02344977 
850 727 45 61 0.023119954 
451 718 58 66 0.02274375 
67 0 41 42 0.022670966 
314 153 52 68 0.022393432 
479 1321 145 139 0.022293968 
241 26 46 52 0.022282578 
402 1198 130 156 0.022243224 
552 157 33 40 0.02190935 
52 0 69 68 0.021885864 
987 1170 30 41 0.02181183 
441 1191 191 222 0.02157214 
921 628 35 44 0.021512471 
130 0 112 104 0.021057477 
287 589 51 62 0.0210404 
502 25 66 71 0.021013211 
907 622 60 75 0.020779202 
324 1181 29 35 0.020645898 
103 4 38 38 0.020547654 
5 1187 28 41 0.02037799 
990 592 29 37 0.02032768 
