44_Aerobics_Aerobics_44_629
35
708 281 53 67 0.99167174 
552 259 50 67 0.9815762 
322 94 43 55 0.96810716 
349 261 57 66 0.9619116 
827 248 43 57 0.94752634 
170 85 57 88 0.41111296 
683 284 48 66 0.15516412 
394 134 45 66 0.1518944 
410 98 37 56 0.102926955 
274 82 22 29 0.07397102 
449 205 46 58 0.056692906 
541 193 25 31 0.05541669 
695 54 26 35 0.048773635 
725 252 44 54 0.045118794 
199 97 56 79 0.041325945 
683 146 27 35 0.04072921 
760 263 39 52 0.035340406 
385 114 46 65 0.035152942 
402 162 32 45 0.03218531 
669 297 40 57 0.031608045 
666 131 40 53 0.03133414 
804 618 73 87 0.028147666 
269 84 36 47 0.028055636 
205 69 25 37 0.028026825 
679 158 41 61 0.02538856 
506 211 43 55 0.024131319 
249 89 35 45 0.022826426 
476 209 46 57 0.022013923 
677 63 44 60 0.021813096 
656 85 48 59 0.02165352 
662 641 20 24 0.021298505 
252 300 72 89 0.02110879 
224 95 39 56 0.02082858 
425 94 28 41 0.020739399 
637 144 26 34 0.020444311 
