44_Aerobics_Aerobics_44_17
216
821 336 62 77 0.88324094 
273 326 47 53 0.8141624 
378 68 29 35 0.5874563 
487 124 34 43 0.24744631 
160 149 25 31 0.23888983 
524 124 61 74 0.22878243 
382 249 37 44 0.20116296 
645 102 29 35 0.14977731 
320 94 45 57 0.105016455 
209 197 25 30 0.10277889 
544 262 49 52 0.098734416 
481 4 29 33 0.08735662 
496 127 56 67 0.08711749 
486 251 26 34 0.08355042 
480 174 44 52 0.07703786 
486 107 24 29 0.069811024 
234 149 24 31 0.06961552 
144 16 60 72 0.06470183 
179 201 22 27 0.06252727 
415 42 26 34 0.061274733 
637 17 26 30 0.06023701 
560 6 27 29 0.05966682 
413 17 38 45 0.059334397 
203 183 23 29 0.058133658 
642 117 28 36 0.056503683 
252 83 38 50 0.055474926 
182 182 21 26 0.05498727 
730 266 100 140 0.05373548 
462 149 25 34 0.052745935 
532 140 36 44 0.05203538 
287 156 26 34 0.050313845 
505 129 26 33 0.050284736 
118 278 42 47 0.048309997 
715 237 71 106 0.047533724 
256 78 26 34 0.04713887 
331 296 39 49 0.044505395 
368 75 26 33 0.044235367 
225 199 24 32 0.043912828 
329 80 25 31 0.043460343 
506 143 27 35 0.0431036 
324 311 38 48 0.042488523 
743 142 39 49 0.041816585 
452 132 59 72 0.041624036 
250 193 39 49 0.041249156 
647 189 68 100 0.039497662 
538 252 36 44 0.038960926 
346 198 42 52 0.03886104 
344 111 69 79 0.037702672 
762 96 23 32 0.037353642 
570 268 73 72 0.036708076 
175 170 35 44 0.03663629 
345 102 47 57 0.036012378 
174 231 22 26 0.035369422 
269 90 39 51 0.035351828 
171 153 21 27 0.034856535 
4 38 76 112 0.034727447 
692 2 22 24 0.034508508 
615 4 25 27 0.03440609 
430 17 25 32 0.034294944 
427 120 129 120 0.03416109 
474 10 45 53 0.033402234 
733 160 44 56 0.033115476 
466 3 25 28 0.032816503 
507 218 40 50 0.032649465 
389 134 91 89 0.032457814 
415 73 23 29 0.032426137 
354 232 56 68 0.031961773 
673 210 61 94 0.03190859 
197 182 50 61 0.031543255 
205 228 25 30 0.031441156 
472 95 54 69 0.031226512 
509 102 25 31 0.031210864 
198 219 41 48 0.031146988 
681 186 101 137 0.031072786 
456 164 46 55 0.030971123 
133 243 80 79 0.030956227 
465 105 22 26 0.030856924 
296 142 35 47 0.03075632 
497 188 39 50 0.03059253 
415 4 25 27 0.030464998 
510 74 23 29 0.03031884 
142 127 64 83 0.030262997 
206 155 22 28 0.029930003 
501 62 39 49 0.029733477 
296 331 37 44 0.02959333 
641 89 47 59 0.029577108 
369 60 47 56 0.029382959 
323 105 120 123 0.029358048 
279 169 30 36 0.029175146 
664 5 24 25 0.02891598 
32 80 50 57 0.028893804 
487 97 105 118 0.028870178 
341 182 79 92 0.028826172 
699 328 76 89 0.028460994 
700 205 55 87 0.028253173 
323 272 40 49 0.028170398 
316 106 62 78 0.027858676 
211 166 53 66 0.027563501 
237 191 64 81 0.027207717 
460 101 35 46 0.027184455 
359 150 133 128 0.027165445 
484 0 81 78 0.02709475 
374 226 84 90 0.02694509 
145 276 32 36 0.026904324 
357 250 29 38 0.026783783 
510 240 41 50 0.026722096 
134 285 48 50 0.02668781 
442 168 88 92 0.026662333 
336 258 23 30 0.026525117 
464 123 36 46 0.026427224 
307 185 73 88 0.026341729 
402 284 45 52 0.026256094 
165 232 20 24 0.026072789 
617 127 23 30 0.026056787 
491 31 44 51 0.026054429 
368 124 67 77 0.026002413 
760 146 25 32 0.025992159 
600 290 48 54 0.025977211 
537 103 24 29 0.025958164 
399 142 45 54 0.025838662 
420 32 37 50 0.025811842 
156 135 24 29 0.025803387 
636 264 109 138 0.025800273 
748 533 348 364 0.025789246 
595 176 147 165 0.025778769 
334 178 26 33 0.025776265 
427 121 40 50 0.025771398 
449 13 69 83 0.025739625 
468 129 22 28 0.025676146 
422 61 35 47 0.025452109 
499 0 44 44 0.025376849 
309 100 28 34 0.025351226 
765 253 85 92 0.02534192 
535 76 21 26 0.025316669 
312 50 22 27 0.025306929 
585 4 23 26 0.025245247 
152 186 75 83 0.025224533 
621 104 23 29 0.025119442 
587 27 24 28 0.025095511 
510 4 26 28 0.025032632 
375 160 47 55 0.024980905 
673 283 62 80 0.024968686 
491 168 85 90 0.024926573 
233 178 23 30 0.024869062 
347 169 44 55 0.024722114 
559 224 30 36 0.024632804 
669 322 75 90 0.02455442 
617 18 25 28 0.024431026 
395 90 38 47 0.024391389 
254 179 24 31 0.024307368 
328 52 23 27 0.024253989 
88 117 81 104 0.02424352 
156 170 24 29 0.024063155 
33 151 91 110 0.024005856 
205 249 28 34 0.02394053 
488 150 59 73 0.023843555 
506 21 25 29 0.023797402 
482 55 42 52 0.023695592 
208 130 21 24 0.023670102 
285 3 25 27 0.023567736 
305 266 41 48 0.023555854 
-69 543 355 346 0.023543222 
212 135 50 63 0.02342422 
430 72 21 29 0.023321133 
-230 311 718 745 0.023180198 
461 74 21 26 0.023098396 
598 241 77 88 0.023095869 
873 323 73 92 0.023057684 
588 41 23 29 0.022976754 
756 121 37 51 0.022854146 
465 21 24 29 0.022762183 
576 300 677 740 0.022694906 
308 107 44 56 0.022650836 
154 255 23 28 0.022645293 
392 256 46 51 0.022323119 
281 118 25 33 0.022277199 
723 175 65 87 0.022213943 
425 270 39 46 0.022212459 
428 141 45 53 0.022135654 
529 272 67 71 0.022109926 
255 220 24 33 0.022080047 
100 330 29 34 0.021938777 
338 199 27 34 0.02189457 
472 199 63 73 0.021866474 
744 90 36 49 0.021851802 
89 228 64 77 0.021809855 
478 230 55 67 0.021798272 
283 306 66 72 0.021722706 
536 4 27 30 0.021694575 
390 108 58 70 0.02167581 
199 146 37 46 0.021667143 
354 175 27 33 0.021588981 
308 74 23 29 0.021408692 
514 239 77 84 0.021405833 
352 273 30 38 0.021356855 
639 75 24 30 0.021246668 
260 81 66 77 0.021184534 
455 59 38 50 0.021182904 
549 127 235 267 0.02112389 
731 108 54 76 0.021110466 
528 101 41 51 0.021109981 
179 164 103 114 0.021104425 
132 203 21 25 0.020933619 
109 286 25 30 0.020871954 
281 75 23 29 0.020807452 
555 128 31 37 0.020778403 
519 159 116 126 0.020720348 
612 94 66 80 0.020648226 
764 318 78 104 0.02056287 
338 494 88 96 0.020425089 
322 240 58 71 0.020353135 
109 250 22 27 0.020325676 
143 315 48 50 0.020275975 
21 95 98 132 0.020274742 
105 77 25 31 0.020147476 
119 316 46 49 0.020093407 
