44_Aerobics_Aerobics_44_585
87
818 209 39 51 0.93272525 
282 194 42 58 0.78651786 
238 138 41 52 0.6608649 
532 186 28 33 0.4223461 
178 205 27 34 0.33491707 
307 155 22 29 0.19618396 
593 173 24 32 0.15182488 
69 171 24 30 0.1238535 
413 180 23 31 0.12265825 
611 181 25 32 0.11726618 
126 155 24 30 0.10003343 
127 172 26 33 0.090673834 
685 227 26 32 0.08612158 
415 150 23 29 0.085244246 
181 155 21 26 0.08341737 
182 175 23 27 0.074757576 
56 156 26 33 0.07304998 
296 172 41 56 0.067712456 
589 154 24 31 0.061154664 
246 246 38 47 0.060427383 
409 180 37 52 0.058903996 
149 198 25 32 0.05888396 
153 146 22 27 0.057665724 
686 152 25 31 0.056288656 
667 150 24 31 0.05325468 
950 277 23 31 0.05259696 
637 188 20 26 0.05022754 
256 183 56 71 0.046841804 
351 156 21 27 0.044878922 
339 154 23 29 0.04460924 
520 176 47 57 0.043404922 
108 160 20 26 0.042978283 
618 191 25 31 0.042203516 
925 221 24 32 0.041947596 
130 193 28 35 0.041608475 
282 179 28 39 0.041463863 
376 208 42 51 0.039357517 
519 226 27 33 0.035695877 
839 160 20 24 0.034745276 
150 137 21 25 0.033747014 
596 168 45 58 0.033709485 
671 204 23 30 0.03258454 
150 179 22 28 0.03224716 
352 172 22 30 0.03161279 
204 153 21 30 0.03155683 
240 230 23 29 0.03041053 
789 265 83 108 0.030037785 
807 277 55 61 0.029786443 
192 445 72 110 0.029711876 
245 206 53 66 0.029323345 
109 175 22 30 0.028058294 
231 155 39 51 0.027651604 
131 134 22 27 0.02757422 
169 192 46 58 0.027541926 
522 182 22 29 0.027330881 
671 221 24 31 0.027115466 
247 149 57 71 0.027065625 
402 145 48 70 0.026957981 
251 162 32 40 0.026516186 
250 222 26 33 0.026515795 
55 374 54 68 0.026387205 
236 134 25 33 0.025883913 
521 207 41 50 0.02577507 
427 149 24 31 0.025664331 
338 172 23 31 0.025358038 
55 254 21 24 0.02535343 
53 156 47 58 0.024976516 
823 174 26 31 0.024896191 
113 158 47 60 0.024608571 
161 281 26 32 0.023900568 
258 216 61 78 0.02386805 
252 1 30 31 0.023790779 
519 198 23 30 0.023499902 
74 258 22 25 0.023494976 
214 260 60 78 0.023490148 
205 173 23 30 0.022917744 
879 134 19 25 0.022909015 
59 272 43 54 0.0222255 
159 270 50 64 0.02099274 
34 436 284 346 0.020660454 
923 209 23 29 0.020603094 
686 205 24 29 0.020525267 
295 283 75 85 0.020520743 
429 193 26 34 0.02043111 
231 204 22 28 0.020327654 
689 169 23 29 0.020172212 
179 135 20 26 0.020111134 
