44_Aerobics_Aerobics_44_919
50
565 73 53 75 0.9757185 
255 60 29 39 0.6381465 
709 -3 68 71 0.388238 
116 84 32 43 0.38097 
923 2 26 29 0.116431706 
916 57 23 30 0.11490737 
266 64 32 42 0.105452426 
78 134 28 34 0.10333858 
109 78 28 39 0.0895771 
147 99 25 33 0.07024622 
339 50 23 28 0.060760938 
232 106 22 28 0.05331301 
186 80 22 29 0.049478654 
275 53 26 34 0.045025352 
200 83 21 28 0.04495706 
207 98 21 26 0.04440506 
124 106 39 52 0.043378245 
230 121 22 27 0.04304715 
339 70 24 31 0.041316785 
141 113 37 49 0.031335946 
746 326 353 366 0.03114167 
992 170 22 33 0.030335696 
306 46 22 29 0.029202143 
644 74 25 34 0.029199999 
303 79 22 29 0.028861417 
744 123 40 48 0.027734177 
307 29 22 26 0.026956782 
285 126 26 31 0.026744787 
541 23 24 31 0.026311738 
90 85 63 77 0.026294699 
107 371 37 50 0.02546656 
251 83 35 44 0.025307294 
675 70 59 82 0.024939964 
904 51 23 30 0.024869652 
20 291 67 87 0.024779832 
563 122 689 722 0.024034 
93 115 37 49 0.023887984 
68 120 48 60 0.023550399 
221 86 49 62 0.023460103 
180 92 33 43 0.022612078 
286 29 24 28 0.022509001 
273 85 37 46 0.02203656 
143 190 48 50 0.021981498 
241 64 32 41 0.02192261 
625 56 55 72 0.021643555 
191 83 50 62 0.02150399 
-68 331 357 347 0.021350466 
-228 134 707 719 0.02105156 
234 150 24 32 0.020822108 
225 207 44 51 0.02049609 
