2_Demonstration_Demonstration_Or_Protest_2_619
505
490 149 21 26 0.43259057 
906 121 19 25 0.4183393 
797 106 18 22 0.4040904 
565 286 26 32 0.3901324 
648 185 21 26 0.3849578 
709 206 19 25 0.37478527 
431 174 20 26 0.35315725 
851 109 18 22 0.35214543 
457 112 18 23 0.33888486 
896 178 18 21 0.3209863 
870 357 20 25 0.2905758 
490 172 24 29 0.2827831 
824 152 17 21 0.28160772 
160 205 22 28 0.27511075 
781 186 18 23 0.26856783 
492 136 20 25 0.26336923 
209 149 22 27 0.25383654 
571 149 18 22 0.25129262 
799 291 19 23 0.23184787 
568 137 17 22 0.2306114 
903 110 20 25 0.22801457 
283 257 21 25 0.22764146 
855 253 17 21 0.22468595 
410 272 22 27 0.22431053 
436 160 19 24 0.21703035 
776 150 18 22 0.21275453 
515 126 18 23 0.19594795 
793 155 18 22 0.19283435 
659 184 21 28 0.19230387 
821 136 16 20 0.18132646 
660 196 21 27 0.18073013 
-3 199 29 44 0.17434236 
868 257 16 19 0.16838112 
787 182 18 23 0.1658452 
741 199 18 23 0.16565995 
825 326 20 24 0.16230164 
770 333 22 28 0.15061826 
253 248 20 26 0.14684397 
547 182 18 23 0.14663209 
325 311 24 31 0.1452833 
855 238 17 23 0.14483799 
566 226 18 22 0.14121641 
181 225 22 28 0.14057387 
565 260 20 24 0.13917004 
748 110 19 22 0.1386494 
772 133 17 21 0.13817695 
592 153 18 23 0.13815178 
868 135 16 21 0.13709669 
778 198 18 24 0.13623056 
58 145 24 33 0.13620238 
765 109 16 20 0.1338993 
420 177 20 27 0.12699461 
249 238 20 25 0.12649167 
557 186 18 23 0.124834485 
558 202 18 22 0.12476221 
336 148 20 26 0.12388798 
925 199 17 22 0.12161436 
257 83 22 27 0.12134532 
416 389 20 28 0.12077638 
432 81 17 22 0.12056314 
871 149 17 21 0.12010241 
797 127 17 21 0.11845146 
339 134 19 24 0.11612526 
744 238 20 24 0.11557715 
944 226 18 23 0.11446617 
493 231 19 23 0.11426849 
209 386 28 37 0.11289809 
445 233 18 23 0.112764634 
740 123 17 22 0.112744644 
853 124 17 21 0.112446815 
283 134 22 27 0.11215496 
25 192 25 37 0.11139919 
383 338 22 28 0.110995874 
129 195 21 28 0.11012956 
820 316 18 22 0.108093165 
595 177 17 23 0.10581438 
866 238 16 21 0.10485621 
159 221 23 29 0.10399052 
612 155 17 23 0.10320183 
539 228 18 22 0.10046073 
446 106 17 22 0.09996565 
647 135 15 20 0.09929149 
648 156 17 21 0.098771945 
359 134 19 23 0.09812511 
457 236 17 22 0.09768871 
787 354 20 25 0.09639862 
446 127 18 22 0.096254915 
302 127 20 25 0.09478793 
595 207 18 23 0.09398744 
185 276 24 29 0.09131233 
515 234 19 23 0.091312304 
489 202 20 26 0.09056741 
795 200 18 23 0.08976323 
206 208 20 25 0.08921426 
411 400 22 32 0.08921358 
385 101 22 26 0.088952936 
357 308 23 28 0.08886945 
459 203 17 22 0.08826524 
616 109 16 22 0.086711414 
358 279 21 27 0.086074635 
385 182 20 25 0.08584889 
613 129 16 21 0.08538337 
411 227 18 22 0.08524145 
955 309 18 23 0.08495066 
389 278 20 25 0.08456423 
668 227 22 28 0.084405236 
344 99 17 22 0.08352841 
56 133 23 31 0.08323922 
819 207 18 22 0.08242487 
413 103 18 23 0.08171548 
616 178 18 23 0.08155533 
894 261 16 20 0.08144931 
978 258 16 22 0.08143771 
518 324 25 32 0.081058264 
359 149 21 26 0.08099142 
540 161 16 20 0.08082098 
315 227 18 22 0.08067093 
747 185 18 22 0.078666486 
901 157 19 23 0.078432985 
492 106 16 20 0.0783332 
931 279 17 21 0.07776657 
445 202 19 23 0.07735935 
305 171 21 27 0.07731849 
225 384 27 34 0.07696166 
435 258 19 23 0.07681058 
262 94 21 27 0.07661259 
286 148 23 27 0.07623663 
260 133 22 28 0.07620233 
238 249 21 26 0.075684525 
772 309 19 24 0.07559312 
227 153 20 25 0.075229965 
924 188 17 22 0.07479596 
310 359 23 28 0.07451269 
155 183 23 27 0.07408205 
518 112 17 21 0.07391001 
31 181 24 33 0.07329482 
991 280 21 30 0.0729669 
226 356 23 30 0.07256474 
901 200 18 22 0.07231773 
516 307 25 31 0.072176464 
697 161 17 21 0.07207906 
944 284 18 22 0.071963556 
947 212 18 23 0.071757436 
311 260 18 23 0.07164562 
747 247 18 24 0.07053855 
645 260 21 25 0.07000018 
848 160 16 20 0.06968877 
549 203 17 22 0.0696387 
825 174 18 23 0.06893825 
814 285 16 21 0.068376 
729 124 17 22 0.068142205 
821 106 16 20 0.06753489 
594 256 19 23 0.06729847 
534 256 18 23 0.06682306 
205 136 22 28 0.06675547 
509 152 18 22 0.06671747 
342 84 18 24 0.065831624 
697 181 18 23 0.06574707 
897 281 16 20 0.06421825 
390 264 19 24 0.0634528 
927 337 18 22 0.06299219 
820 257 16 19 0.06256644 
432 280 19 25 0.06250709 
538 127 16 20 0.062485583 
306 158 20 26 0.062314387 
359 100 18 21 0.062004767 
359 263 20 25 0.06179151 
199 224 21 27 0.061547674 
333 280 21 26 0.061354913 
175 207 21 26 0.060492255 
543 107 17 20 0.06019648 
104 205 21 27 0.05978795 
283 206 19 23 0.059004996 
201 273 21 27 0.058316298 
880 178 18 21 0.058254976 
101 258 22 27 0.058136113 
984 198 18 24 0.057724584 
770 252 17 23 0.057420317 
413 202 19 24 0.057156224 
772 234 17 23 0.05688234 
790 338 19 24 0.056778315 
285 278 20 25 0.05605388 
51 176 23 32 0.055889107 
340 175 20 26 0.055817284 
983 187 18 23 0.055809926 
670 132 15 18 0.05555238 
995 197 17 24 0.055349056 
259 145 22 27 0.05522602 
310 207 20 26 0.054781333 
697 221 22 28 0.053782456 
7 134 21 28 0.05357362 
419 158 19 26 0.05312906 
98 226 21 25 0.05250861 
776 350 22 26 0.052475896 
415 124 18 24 0.05231754 
588 27 18 24 0.05211664 
362 327 23 31 0.052094404 
894 54 18 23 0.052072126 
411 300 23 29 0.051926784 
876 204 18 23 0.051775243 
642 276 21 26 0.05175509 
382 418 27 39 0.051705334 
231 200 19 24 0.051127456 
178 182 19 24 0.05093506 
776 286 18 22 0.05067745 
197 130 37 45 0.050457478 
690 360 21 27 0.050438236 
357 180 20 25 0.050375126 
521 250 19 23 0.0503742 
847 172 18 22 0.050349053 
583 286 23 29 0.050134778 
710 389 25 31 0.05008183 
975 307 18 26 0.04999674 
932 235 17 21 0.04997899 
820 231 17 21 0.049918264 
665 325 26 32 0.04962661 
867 105 16 20 0.04957136 
593 227 18 23 0.04938955 
187 257 21 27 0.04923779 
667 161 17 21 0.048897877 
235 182 19 24 0.048616987 
104 152 21 28 0.048509404 
877 384 20 26 0.048001673 
898 307 17 20 0.047807977 
748 157 18 22 0.047804825 
464 154 18 23 0.047675584 
430 384 19 25 0.047597803 
593 135 17 22 0.0473724 
281 361 22 28 0.04726171 
615 206 17 23 0.04709638 
505 177 19 24 0.046594955 
386 123 20 24 0.046291582 
176 325 28 35 0.04627584 
206 331 23 29 0.045919955 
664 310 24 28 0.045785774 
798 256 17 20 0.045705307 
902 233 17 20 0.045659676 
125 252 22 29 0.045318715 
719 160 18 22 0.045218408 
434 304 21 27 0.04520926 
121 395 29 37 0.045141347 
916 109 19 25 0.044958577 
538 284 21 27 0.044725772 
82 231 21 26 0.04470706 
871 339 20 24 0.04444783 
845 204 18 21 0.04426253 
715 183 17 22 0.044028427 
203 262 20 25 0.043779317 
437 359 22 26 0.043625437 
185 154 20 24 0.043589864 
288 173 21 26 0.04344854 
671 103 16 19 0.043325305 
844 309 18 23 0.042821072 
386 155 19 24 0.0427726 
467 180 18 24 0.04272982 
42 129 50 67 0.04249881 
309 379 23 29 0.04248184 
928 259 17 22 0.042391572 
594 102 17 21 0.04225534 
552 284 51 60 0.041706614 
282 381 21 28 0.041604962 
314 281 19 25 0.041549798 
718 225 19 25 0.04133681 
207 356 24 30 0.041286986 
694 132 15 19 0.041279156 
463 249 18 24 0.04111402 
211 372 46 57 0.041110538 
308 322 23 30 0.041037742 
286 303 21 26 0.041012667 
847 84 18 22 0.040962905 
491 251 19 23 0.040865857 
26 152 20 26 0.04067825 
890 386 24 30 0.04054773 
697 387 21 28 0.04032868 
83 252 23 29 0.040324822 
762 405 26 33 0.040228397 
332 263 20 24 0.039852586 
928 351 21 27 0.039820466 
421 84 17 22 0.039807886 
671 355 23 29 0.039570514 
126 334 24 32 0.03950922 
689 80 19 23 0.03919957 
151 374 27 33 0.038726255 
540 301 22 29 0.038532145 
386 302 22 28 0.03850341 
284 236 18 22 0.038490646 
218 144 33 42 0.0383963 
6 176 46 65 0.03826216 
798 230 18 22 0.0379963 
749 332 22 28 0.03796383 
597 432 26 34 0.03791313 
851 281 16 22 0.037832636 
411 364 19 24 0.037794974 
379 346 34 43 0.037782803 
80 196 22 29 0.037663475 
210 175 19 25 0.037578005 
620 230 18 24 0.037572302 
311 409 23 31 0.03742372 
638 226 21 26 0.03711765 
260 206 19 24 0.036445934 
953 331 18 23 0.03628341 
793 295 28 34 0.03611039 
971 327 18 24 0.03594085 
488 278 21 26 0.035796978 
665 252 21 26 0.035727598 
565 107 16 20 0.03548367 
893 175 30 36 0.03543978 
801 85 18 23 0.035295725 
232 305 22 29 0.034955945 
355 376 25 33 0.03484737 
566 354 31 36 0.034747448 
952 257 17 20 0.034398884 
843 333 18 24 0.03438989 
490 327 21 27 0.03426189 
369 392 55 74 0.034002785 
154 191 52 63 0.033961594 
458 332 19 25 0.03390502 
531 329 22 30 0.03365902 
48 195 22 30 0.033611182 
471 538 22 27 0.033313766 
277 408 22 31 0.03296349 
581 300 26 33 0.032886937 
592 77 18 23 0.032842513 
392 381 49 71 0.03279908 
488 308 24 30 0.032591537 
952 185 15 20 0.032545906 
264 128 56 64 0.032292005 
441 330 21 27 0.032198172 
518 283 22 26 0.032154366 
560 259 32 40 0.03206598 
126 179 33 42 0.03201263 
236 131 20 26 0.031798873 
384 201 20 25 0.031569492 
385 84 20 23 0.031381343 
750 386 22 27 0.03137459 
132 231 21 27 0.031355176 
250 114 52 65 0.031159343 
454 116 26 34 0.03102562 
950 159 17 20 0.030967599 
640 105 17 20 0.030758897 
726 108 18 22 0.030715538 
390 227 19 24 0.030635474 
75 177 24 33 0.030557873 
924 156 18 21 0.030546658 
155 363 22 30 0.030230911 
19 142 36 48 0.029876083 
975 233 18 23 0.029865436 
280 104 19 24 0.029833814 
207 132 53 68 0.029754793 
900 333 17 20 0.029674668 
138 166 53 64 0.029555136 
866 141 30 36 0.029546304 
106 178 21 28 0.029540574 
876 277 16 20 0.029487185 
464 136 64 76 0.029385135 
687 333 21 26 0.02919718 
613 254 18 24 0.029130919 
875 309 18 22 0.029096393 
290 330 21 28 0.029074341 
923 82 18 22 0.02907349 
373 260 51 63 0.029025843 
282 160 35 43 0.028817877 
178 145 37 41 0.028764345 
356 84 18 21 0.028435348 
929 309 16 20 0.028367298 
230 277 21 27 0.028008476 
764 389 20 26 0.027875684 
432 54 18 23 0.027849818 
181 133 20 24 0.027800577 
104 277 25 33 0.027716368 
360 227 19 23 0.0276454 
364 355 23 29 0.027598538 
902 80 17 22 0.027580602 
232 333 22 29 0.027342914 
671 381 20 25 0.027305806 
153 252 22 28 0.027246995 
968 550 27 33 0.027215362 
843 22 21 26 0.027189491 
819 83 17 21 0.027160978 
71 150 22 31 0.027095236 
976 155 18 22 0.026769493 
191 318 52 66 0.026694657 
319 297 43 59 0.026653372 
332 229 18 22 0.02655956 
458 357 20 25 0.026501557 
236 104 20 24 0.026399795 
548 302 64 74 0.02633561 
462 280 20 25 0.026297387 
462 310 21 26 0.026286796 
309 107 18 22 0.026227854 
462 80 18 20 0.026147068 
894 361 19 24 0.026138643 
347 293 68 81 0.026120352 
369 318 56 68 0.025976954 
874 82 17 21 0.025955006 
335 204 18 24 0.025842836 
364 349 63 91 0.0257644 
993 257 19 25 0.02564454 
0 138 35 45 0.025299108 
750 309 19 24 0.025265219 
695 101 16 20 0.025069011 
235 223 49 59 0.02492304 
513 208 18 23 0.024901887 
362 203 20 25 0.024852265 
199 300 35 44 0.024763115 
131 350 22 30 0.024758201 
156 157 20 25 0.024733132 
691 384 87 96 0.024667576 
644 302 23 29 0.024509467 
701 390 40 49 0.024405643 
463 384 22 29 0.024220059 
691 277 19 25 0.02414468 
393 246 63 74 0.024114156 
511 355 22 28 0.024080824 
56 226 21 29 0.024022095 
523 289 65 75 0.024013171 
666 281 20 26 0.023967657 
192 378 74 89 0.023832532 
146 240 67 79 0.02379575 
458 377 58 82 0.023720292 
99 293 39 52 0.023671724 
99 349 23 31 0.023658188 
93 340 38 51 0.023543587 
165 133 62 70 0.023532277 
100 321 40 54 0.023507735 
539 78 18 23 0.023474405 
181 304 26 33 0.023413554 
168 173 34 41 0.02337385 
749 354 20 26 0.023305412 
994 152 18 23 0.023200247 
863 126 29 37 0.023127468 
921 552 27 31 0.023077393 
352 123 31 40 0.02305192 
491 359 21 25 0.023030205 
455 178 66 75 0.022984106 
125 305 24 32 0.022981634 
431 354 34 43 0.022974545 
416 368 55 74 0.022920767 
337 379 25 33 0.022901338 
154 327 24 30 0.022829155 
144 299 70 80 0.02276321 
489 225 30 37 0.022747891 
725 48 21 26 0.022738215 
-2 318 33 50 0.02266764 
691 252 20 26 0.022605568 
980 129 19 24 0.022530464 
208 306 22 28 0.022500986 
74 298 29 38 0.022494314 
862 252 27 32 0.022460917 
260 357 20 25 0.022268368 
505 297 49 61 0.022182586 
818 127 28 37 0.022147126 
341 93 28 39 0.022106381 
528 250 31 39 0.022035995 
590 201 28 38 0.021984411 
252 309 23 29 0.021949196 
224 192 33 43 0.021916738 
748 279 18 22 0.021888638 
755 319 45 57 0.02182704 
82 354 23 30 0.021794422 
226 170 33 43 0.02176919 
696 403 22 31 0.021732984 
454 240 66 76 0.021732727 
305 253 29 38 0.021730475 
720 278 20 24 0.021693436 
409 422 22 32 0.021627624 
221 103 117 126 0.021615122 
993 357 18 22 0.021581981 
204 164 33 42 0.021566339 
245 453 42 48 0.02149481 
405 222 30 38 0.021453891 
430 405 19 25 0.021444565 
611 308 22 27 0.021408705 
180 261 48 61 0.021369586 
343 262 55 68 0.02131356 
691 193 43 57 0.021235673 
540 7 19 22 0.021191249 
616 281 19 24 0.021167722 
112 379 51 60 0.021158636 
768 307 31 39 0.021100001 
627 20 295 326 0.021017697 
973 390 22 29 0.02095356 
640 171 46 58 0.020931821 
423 379 33 44 0.020901332 
770 81 18 21 0.020855013 
673 84 18 22 0.020850638 
281 79 20 25 0.020848632 
254 199 32 40 0.02078475 
897 192 31 36 0.020731302 
797 45 20 25 0.02067719 
422 147 46 60 0.020661728 
587 252 30 39 0.020606399 
86 242 49 57 0.020598585 
103 133 20 25 0.020563243 
169 336 58 71 0.020551978 
945 545 39 40 0.020503603 
611 331 25 32 0.020475917 
180 353 24 30 0.020281522 
945 357 20 27 0.020271152 
742 77 18 22 0.020261282 
855 357 20 24 0.020188456 
53 317 38 51 0.020091098 
147 153 38 45 0.020087428 
251 328 23 30 0.020007214 
309 223 30 39 0.020004833 
