2_Demonstration_Political_Rally_2_204
76
331 393 18 21 0.1034907 
285 407 16 20 0.08717287 
389 389 16 20 0.07155082 
406 382 17 21 0.06325127 
241 415 15 19 0.060802635 
215 431 16 19 0.05968501 
992 431 21 32 0.055614658 
254 410 18 22 0.05269814 
204 421 16 19 0.050776977 
765 387 18 21 0.049358148 
618 -14 141 153 0.04652861 
209 385 16 19 0.042476248 
229 438 16 21 0.042342857 
570 384 17 21 0.0421719 
488 391 17 21 0.040815406 
444 384 18 21 0.04046333 
287 393 17 21 0.03960032 
650 383 16 20 0.038336396 
754 391 17 21 0.0363875 
459 385 19 22 0.034811325 
185 417 15 19 0.033278927 
333 401 18 21 0.032395218 
317 388 18 21 0.032286134 
132 416 17 21 0.03171777 
369 392 16 19 0.030978283 
100 363 21 25 0.030671267 
872 392 18 24 0.03043499 
134 363 17 22 0.030382704 
441 434 18 21 0.030319244 
696 379 16 19 0.030098306 
163 431 18 21 0.029694552 
494 405 17 20 0.029217882 
821 409 17 21 0.028757883 
719 386 17 20 0.028552879 
416 287 20 25 0.028218867 
130 432 17 20 0.027950563 
288 438 17 22 0.027535824 
176 432 16 19 0.027430767 
366 406 17 20 0.027209178 
415 363 19 22 0.026945528 
662 388 16 19 0.026505603 
157 382 17 21 0.026485806 
869 401 18 23 0.026446678 
854 387 17 20 0.02621689 
133 381 17 22 0.025766017 
238 392 16 19 0.025587829 
511 -3 159 170 0.025497215 
407 333 18 22 0.025373727 
384 403 17 20 0.024006123 
856 409 17 20 0.022881076 
876 736 24 28 0.022856046 
160 416 17 21 0.022705978 
84 410 19 22 0.02240379 
516 287 24 28 0.022302093 
488 311 19 22 0.022067543 
384 364 17 20 0.021956395 
101 417 16 22 0.02190091 
431 287 21 27 0.021884002 
518 300 23 28 0.021844028 
825 391 16 19 0.021790318 
493 436 16 20 0.021728966 
55 405 17 21 0.021604529 
438 364 16 20 0.021521535 
291 361 17 21 0.021471238 
416 409 17 19 0.021286981 
255 389 18 21 0.021162037 
441 413 17 20 0.020945782 
875 182 21 24 0.020905178 
846 364 17 22 0.020541374 
180 387 17 20 0.02048878 
750 405 17 20 0.020455217 
793 387 15 18 0.020313034 
364 359 16 21 0.020233698 
695 366 19 23 0.020197984 
310 409 18 21 0.020128112 
737 -6 145 162 0.020027362 
