2_Demonstration_Demonstrators_2_290
148
508 561 90 107 0.9964001 
413 158 74 88 0.9841135 
726 504 55 69 0.977126 
694 170 63 82 0.9736385 
172 364 78 88 0.8785872 
860 463 51 75 0.8619379 
635 475 51 62 0.22106047 
787 484 43 65 0.21524769 
842 453 26 34 0.087432116 
838 450 42 58 0.08684999 
338 124 23 31 0.08325332 
841 474 47 69 0.080372036 
880 456 39 59 0.07438463 
805 465 50 74 0.07344491 
300 453 26 35 0.07231807 
787 514 40 56 0.070934586 
394 128 64 82 0.070545115 
620 541 59 78 0.06785286 
141 292 52 57 0.06675139 
160 552 38 43 0.061532304 
921 308 21 26 0.060861833 
898 306 22 28 0.059274495 
59 528 24 30 0.058953706 
412 506 18 22 0.05765611 
956 332 20 25 0.05685746 
850 442 21 27 0.054396424 
917 328 21 26 0.05415035 
978 456 20 28 0.050070237 
931 453 20 29 0.048720617 
946 258 20 24 0.047637712 
461 512 19 24 0.046082526 
683 507 28 39 0.046038445 
931 489 21 30 0.04417764 
661 503 30 39 0.043821245 
941 456 21 27 0.04327523 
5 583 23 31 0.043230794 
284 434 48 65 0.04295549 
414 497 19 22 0.0424725 
930 286 20 24 0.039781466 
897 288 19 23 0.03902397 
921 505 27 36 0.039013363 
444 510 18 23 0.03881621 
976 437 19 26 0.03781785 
23 435 18 24 0.037584465 
973 410 19 26 0.03688189 
971 330 17 23 0.03656425 
452 573 39 47 0.03580943 
842 287 19 25 0.034919113 
670 469 68 80 0.0348167 
290 436 24 32 0.03447037 
942 407 19 25 0.034375336 
938 496 40 49 0.03432732 
19 489 25 33 0.034278996 
991 356 20 27 0.033532005 
947 311 18 22 0.033360388 
924 210 19 24 0.033351887 
921 229 19 23 0.03306138 
673 502 59 77 0.033041038 
942 486 22 29 0.03293468 
912 464 51 76 0.032873843 
993 485 22 35 0.032239385 
765 487 31 40 0.03220835 
976 476 31 50 0.032057315 
383 112 55 67 0.03157036 
980 357 19 27 0.031052941 
934 516 42 52 0.030417439 
322 674 46 65 0.030347837 
993 435 17 24 0.029880235 
695 485 25 31 0.029838346 
793 464 23 32 0.029623363 
282 407 22 28 0.02925443 
622 496 64 85 0.028888345 
931 440 20 27 0.028707372 
974 310 18 23 0.028627034 
598 505 56 78 0.028389463 
930 383 18 24 0.028191866 
511 494 19 24 0.02785014 
414 588 24 27 0.027747134 
644 554 59 75 0.026954733 
156 537 32 37 0.026814437 
10 440 19 26 0.02618229 
129 549 43 50 0.02612055 
950 352 20 26 0.026071336 
816 482 29 43 0.026059933 
803 388 72 95 0.025968054 
975 378 20 27 0.02596485 
702 148 52 65 0.025800506 
942 278 19 24 0.02565958 
292 351 122 143 0.025263049 
941 439 20 26 0.025063848 
59 433 22 29 0.024945915 
27 626 22 33 0.024761816 
928 257 19 23 0.024673557 
921 360 20 26 0.024661545 
994 415 18 25 0.024602534 
845 434 35 46 0.024540829 
864 405 22 27 0.024468394 
813 134 24 28 0.024464007 
904 329 22 28 0.024432585 
772 440 68 93 0.024304904 
215 446 46 59 0.02404155 
707 670 59 63 0.02402095 
679 143 47 57 0.023966005 
576 513 57 80 0.02389441 
75 430 24 31 0.023866624 
898 259 18 23 0.023864888 
351 127 21 27 0.02340344 
381 506 19 23 0.023383388 
900 441 20 25 0.023363486 
993 460 20 28 0.023332886 
336 107 52 66 0.02332341 
980 202 20 28 0.023221685 
791 539 39 52 0.023019675 
353 86 77 89 0.023014683 
631 559 36 46 0.0230042 
84 440 79 91 0.023001585 
700 474 64 81 0.022862526 
381 496 18 22 0.02269798 
933 412 19 24 0.02247158 
919 420 52 76 0.022390855 
543 489 61 77 0.022351233 
799 497 52 72 0.022339847 
406 489 32 40 0.022156125 
974 502 25 37 0.02207831 
654 174 57 73 0.022062996 
943 390 20 24 0.02201269 
856 407 20 26 0.021929504 
154 598 42 49 0.021870263 
771 464 23 29 0.021856941 
657 506 47 62 0.02185396 
232 378 67 79 0.021644674 
5 478 35 48 0.021467801 
763 380 86 99 0.02141784 
150 565 44 49 0.021248646 
264 379 22 28 0.021242594 
274 396 38 49 0.020945795 
688 568 42 54 0.020876957 
790 633 24 33 0.020815011 
365 503 22 27 0.02074595 
84 7 23 28 0.020689046 
906 286 72 89 0.020570913 
589 495 42 59 0.0205378 
857 347 69 93 0.020435376 
-142 641 522 544 0.020338848 
672 636 505 547 0.020335302 
885 289 52 64 0.020249695 
207 177 22 26 0.020132953 
865 434 21 27 0.020036737 
