2_Demonstration_Demonstration_Or_Protest_2_242
113
152 528 62 79 0.7447112 
256 504 32 39 0.38088754 
277 505 29 35 0.24688372 
907 412 83 89 0.17188178 
577 353 30 36 0.16906455 
3 599 26 41 0.133435 
-2 224 22 32 0.107846126 
853 374 129 158 0.08452591 
802 585 47 55 0.0713589 
798 316 84 134 0.06696357 
260 496 47 57 0.06585887 
338 126 28 36 0.06375876 
20 499 23 31 0.05968121 
547 333 172 265 0.058077026 
1 557 22 31 0.0568186 
1 543 19 27 0.054563936 
506 354 24 29 0.054498393 
812 229 78 108 0.044354286 
601 305 214 305 0.0441032 
831 469 117 120 0.039958473 
181 537 47 62 0.03936846 
121 186 102 106 0.03686612 
803 354 49 68 0.035334174 
484 354 56 70 0.033547293 
812 124 28 34 0.033032447 
229 491 56 69 0.03258489 
633 382 77 100 0.032318417 
496 354 21 27 0.032279816 
462 141 47 58 0.032264255 
332 584 43 46 0.03177344 
507 339 23 28 0.031203296 
604 388 70 103 0.030440627 
11 141 266 361 0.030192437 
156 552 35 44 0.03009914 
126 538 67 77 0.03001991 
9 507 19 27 0.02940733 
447 54 61 76 0.0292624 
301 508 24 30 0.029162668 
814 421 165 221 0.02875965 
509 376 25 34 0.028336253 
563 345 47 57 0.028229954 
220 219 298 295 0.028165514 
469 76 20 28 0.027965387 
819 320 126 164 0.027656224 
26 564 23 30 0.02751485 
257 489 29 36 0.027405992 
251 513 41 52 0.027263472 
462 68 37 47 0.027175609 
228 147 23 33 0.027007215 
328 513 25 31 0.026703617 
769 263 203 278 0.026342839 
591 8 79 69 0.025715599 
316 526 39 46 0.02562457 
137 585 50 60 0.025306182 
155 574 33 39 0.025015937 
765 389 20 26 0.02485816 
191 381 82 105 0.024837604 
2 457 19 26 0.024702456 
904 351 92 119 0.02460745 
202 448 36 45 0.024584107 
592 93 23 31 0.024466626 
165 465 42 55 0.02427691 
121 248 26 32 0.024204522 
485 58 21 28 0.02406325 
183 495 64 87 0.02404357 
499 333 37 46 0.024039872 
280 492 25 31 0.023835627 
-2 529 30 46 0.023721883 
495 336 22 27 0.023644088 
482 68 19 28 0.023558164 
363 351 23 32 0.023543574 
419 267 158 183 0.023207273 
494 376 24 32 0.023124535 
87 141 112 112 0.023106381 
245 562 59 72 0.023065517 
64 161 173 209 0.022766609 
201 465 40 52 0.022731576 
621 260 21 27 0.022705512 
685 271 156 228 0.022694742 
437 78 21 26 0.022637617 
369 163 144 133 0.022621786 
196 166 73 104 0.022566082 
799 354 24 32 0.022558583 
795 340 42 59 0.02254707 
971 245 37 57 0.022530105 
187 214 47 57 0.022418031 
993 202 20 31 0.022331756 
76 2 21 24 0.02225868 
375 291 294 302 0.02213125 
75 173 25 31 0.02212514 
778 165 38 58 0.02195713 
21 173 19 24 0.02163007 
795 503 129 135 0.021536736 
314 537 23 30 0.021521797 
609 262 43 54 0.02132528 
583 336 28 33 0.021283599 
190 558 46 62 0.021144364 
329 111 51 64 0.021124266 
422 174 285 318 0.021021757 
169 439 39 49 0.021001961 
745 330 126 182 0.020985046 
485 337 95 106 0.02092511 
620 383 22 30 0.020907355 
213 517 61 79 0.020895364 
20 584 26 36 0.020778427 
797 578 82 92 0.020713795 
-8 545 64 91 0.020691197 
760 180 68 97 0.020594398 
109 599 70 78 0.020344902 
162 251 173 203 0.020279162 
142 157 88 92 0.020262709 
200 551 29 38 0.020191647 
826 275 100 132 0.020064304 
