2_Demonstration_Demonstrators_2_666
47
916 122 42 54 0.83909357 
705 183 132 188 0.13046788 
924 198 30 43 0.09218302 
918 170 39 53 0.065919794 
717 228 77 94 0.05600162 
241 182 61 67 0.04609247 
415 134 59 90 0.046013102 
371 107 66 95 0.045144558 
-2 550 30 45 0.044507362 
237 124 74 88 0.04364953 
34 576 58 56 0.042920534 
323 404 79 98 0.04084787 
899 27 24 25 0.03590419 
622 124 208 293 0.032618556 
215 154 116 119 0.031918705 
658 434 28 32 0.028611822 
383 115 33 49 0.028354641 
160 102 226 264 0.028210081 
380 76 24 32 0.028012726 
900 124 31 41 0.027714038 
8 559 68 79 0.02499903 
974 146 24 34 0.024686916 
257 166 121 133 0.024453899 
364 79 25 32 0.02440702 
282 198 127 147 0.024340367 
-226 319 703 742 0.02425161 
393 97 47 63 0.024079204 
362 65 64 78 0.023762867 
500 190 73 88 0.023323294 
872 152 25 32 0.023274044 
307 474 78 97 0.023144143 
271 139 80 101 0.022616258 
-65 531 349 355 0.022587232 
915 0 29 28 0.022076722 
513 116 37 46 0.022058396 
896 41 25 31 0.02171206 
952 571 57 56 0.021522954 
974 128 24 33 0.021050766 
118 491 61 83 0.02089608 
315 70 60 75 0.020823946 
920 100 33 44 0.020818325 
407 104 25 33 0.020812564 
532 193 44 57 0.020812271 
992 181 21 29 0.02068132 
351 127 53 67 0.020571567 
263 91 158 183 0.020499745 
288 238 154 195 0.020446818 
