2_Demonstration_Political_Rally_2_339
359
767 494 82 108 0.97270447 
458 428 65 77 0.44831422 
415 402 25 32 0.38230678 
238 413 21 25 0.14295733 
586 408 38 46 0.14220197 
277 435 23 28 0.11766066 
178 427 22 26 0.10043623 
429 410 22 30 0.096646406 
963 413 32 62 0.09245193 
78 406 23 29 0.09070158 
137 439 18 22 0.090018526 
454 426 34 42 0.08839757 
488 437 52 61 0.0881529 
454 359 27 34 0.087672554 
720 426 22 30 0.08262045 
306 413 25 31 0.08221505 
607 414 24 32 0.08165141 
744 509 67 83 0.07448265 
635 309 19 24 0.07404266 
439 368 38 48 0.07248679 
644 410 26 32 0.069882244 
442 376 23 30 0.06871041 
874 404 23 31 0.06778163 
132 413 17 20 0.06703149 
265 435 20 26 0.06611078 
399 390 47 61 0.06493631 
55 406 25 32 0.06459354 
891 464 27 36 0.06202547 
51 432 23 31 0.061903436 
433 420 38 47 0.061696842 
26 384 63 78 0.06128425 
667 424 28 35 0.06117564 
227 429 21 26 0.060127366 
251 415 18 23 0.05992511 
781 434 64 74 0.05991116 
416 393 51 68 0.059850346 
596 311 19 24 0.05961927 
586 258 18 23 0.059609108 
99 412 19 23 0.05944958 
723 416 20 26 0.05563164 
289 413 21 27 0.053581342 
261 213 23 28 0.052303735 
277 452 23 30 0.051752232 
39 418 41 52 0.050988425 
772 383 20 25 0.05093576 
624 308 21 26 0.050547045 
412 392 23 30 0.05000954 
55 387 54 68 0.049832705 
162 414 19 23 0.04891855 
655 406 38 48 0.048725706 
301 416 40 48 0.048582755 
156 430 19 25 0.04831627 
356 427 39 54 0.0479592 
738 407 20 26 0.047801483 
614 259 19 24 0.047653113 
439 348 70 88 0.047603495 
527 468 45 55 0.047216732 
215 305 21 25 0.04675332 
331 427 24 31 0.04658837 
522 446 43 56 0.046495385 
776 466 66 93 0.046084937 
224 301 23 29 0.04510788 
372 418 38 54 0.044902246 
620 279 19 24 0.04441502 
625 473 43 52 0.0435201 
746 390 19 24 0.04311845 
591 278 18 23 0.04294715 
327 442 43 52 0.042691287 
503 429 33 41 0.042471945 
665 414 24 30 0.042226687 
684 430 23 29 0.0421376 
167 409 35 43 0.04196565 
639 329 18 24 0.04118154 
495 401 47 59 0.041107792 
475 402 47 64 0.040477704 
323 424 39 51 0.040380295 
504 366 39 50 0.040055644 
287 406 36 45 0.040053256 
561 396 56 69 0.03957476 
486 407 28 36 0.039112132 
205 413 19 23 0.03903143 
132 429 30 39 0.038990043 
824 308 23 27 0.038879532 
924 504 25 32 0.038619258 
643 385 23 28 0.038260266 
863 502 44 55 0.037997354 
767 251 18 23 0.037876297 
207 293 38 45 0.037857622 
329 411 24 32 0.03735922 
389 262 18 22 0.037146315 
666 338 17 22 0.036982056 
98 434 20 26 0.03694444 
591 334 17 21 0.036743768 
595 404 49 66 0.03669875 
483 262 19 22 0.036677632 
795 432 30 36 0.036597796 
972 411 22 35 0.036550175 
458 447 39 47 0.036487017 
642 423 28 37 0.0364696 
462 258 19 23 0.036461152 
814 380 20 26 0.03633434 
57 350 21 26 0.036325075 
443 391 65 83 0.036296573 
836 473 47 66 0.036021218 
380 403 36 49 0.036008723 
31 383 24 30 0.035851214 
245 408 30 39 0.035724822 
6 236 19 25 0.03571982 
648 434 50 60 0.035705496 
491 333 19 24 0.03568786 
714 230 18 23 0.035145476 
815 500 72 90 0.035072297 
662 410 56 68 0.03498697 
802 253 20 25 0.03484758 
669 358 18 22 0.0346883 
774 409 23 28 0.034607902 
105 383 20 24 0.03456139 
489 275 18 22 0.03443505 
275 418 48 61 0.0343729 
129 390 16 21 0.03430859 
354 449 28 41 0.034290347 
209 433 19 25 0.03414084 
412 427 25 32 0.03396929 
792 450 37 44 0.033778816 
541 335 23 28 0.0337186 
50 257 21 26 0.03371607 
543 308 23 27 0.033377092 
744 258 17 22 0.033363216 
797 380 20 25 0.033276718 
306 456 28 34 0.033119895 
734 472 61 77 0.033053305 
873 306 19 24 0.032990277 
768 431 27 32 0.032922804 
478 366 41 54 0.032839637 
818 328 23 29 0.032390945 
920 482 24 31 0.03217085 
490 360 21 27 0.0320482 
71 418 33 43 0.03187325 
818 414 63 80 0.031734534 
361 382 24 30 0.031713586 
9 412 66 92 0.03169008 
861 469 58 71 0.031661946 
457 407 29 36 0.031581864 
89 402 32 41 0.031461913 
754 438 64 72 0.031402104 
702 412 50 63 0.03039833 
48 388 23 29 0.030374711 
133 456 19 25 0.030268323 
511 329 20 24 0.030260779 
510 364 23 29 0.030237649 
617 396 62 80 0.030138504 
586 354 19 24 0.030094964 
159 390 17 21 0.030088324 
259 446 36 45 0.029949399 
312 397 53 66 0.029931422 
45 348 40 50 0.029864354 
537 437 27 35 0.029674217 
30 428 24 35 0.029665286 
745 502 32 40 0.029262228 
25 457 21 30 0.02920568 
527 398 41 56 0.029038088 
875 425 24 31 0.0290313 
180 391 55 66 0.02893408 
128 406 29 38 0.028895918 
52 279 21 26 0.0287557 
360 402 37 51 0.02874125 
871 525 27 32 0.028487235 
876 460 27 35 0.02848434 
737 314 19 23 0.028435076 
632 442 47 59 0.0283239 
56 300 20 24 0.02831125 
693 380 20 24 0.02821254 
101 359 20 25 0.028175436 
879 357 19 24 0.028078703 
56 450 23 31 0.028043961 
82 429 20 27 0.028031986 
79 388 21 27 0.028010454 
891 355 19 25 0.027976682 
305 314 19 24 0.027745606 
604 416 98 118 0.02769294 
386 278 18 22 0.027654879 
532 339 38 47 0.02757197 
5 384 110 157 0.027568985 
712 511 64 83 0.027520511 
869 480 30 38 0.027423287 
698 337 17 21 0.027305275 
614 383 21 26 0.027256954 
31 255 19 25 0.027182242 
540 351 22 28 0.027154993 
207 252 21 25 0.027106328 
568 351 20 26 0.027101861 
180 250 80 89 0.026992777 
824 166 71 90 0.026925012 
794 397 59 71 0.026793977 
644 288 18 21 0.026617065 
736 424 34 43 0.026586054 
362 312 20 25 0.026496686 
853 534 63 75 0.02649274 
293 435 61 72 0.02645181 
76 355 21 26 0.02641945 
103 457 23 29 0.02622628 
957 427 22 34 0.026214564 
610 442 41 55 0.026192348 
830 444 41 55 0.026191812 
183 261 20 23 0.026174704 
793 411 23 30 0.02613732 
347 367 54 67 0.026107565 
19 437 41 57 0.026088597 
874 391 21 28 0.026085252 
146 386 68 86 0.026076933 
978 327 21 29 0.026053919 
65 446 34 45 0.025968136 
150 262 17 20 0.02591677 
462 274 19 23 0.025904752 
769 285 18 22 0.025853204 
644 256 18 21 0.02577484 
745 486 29 37 0.025720984 
195 403 33 41 0.025682904 
77 363 60 77 0.025508324 
154 420 32 40 0.02547006 
592 276 108 128 0.025420252 
903 439 57 71 0.02528499 
29 340 65 82 0.025281662 
289 380 22 28 0.025270076 
763 452 29 37 0.025225142 
715 388 18 23 0.025207562 
17 348 41 56 0.02514525 
693 362 18 22 0.025076998 
78 410 55 66 0.025042119 
840 184 43 55 0.02477315 
726 391 50 63 0.024639614 
894 561 23 28 0.024587024 
723 357 17 22 0.024553092 
488 376 24 32 0.024477666 
770 364 18 22 0.024438653 
615 492 39 51 0.024435828 
941 430 48 74 0.024419427 
809 451 34 41 0.024381515 
669 385 20 25 0.024312707 
816 253 19 25 0.024310151 
955 484 64 102 0.024303604 
805 376 36 46 0.024295172 
813 304 40 48 0.024263056 
214 411 52 63 0.024175271 
554 447 40 57 0.024154367 
921 461 24 31 0.024149874 
271 450 59 72 0.023978055 
790 376 32 42 0.023958059 
249 418 51 63 0.023946246 
588 386 24 29 0.023944253 
970 373 32 52 0.023938889 
770 332 18 24 0.023809927 
882 551 40 46 0.023729239 
440 310 20 24 0.023604272 
281 362 62 79 0.023598336 
973 488 33 60 0.023594635 
968 443 27 45 0.023590494 
845 278 20 23 0.023556655 
875 524 44 53 0.023452265 
570 422 62 79 0.023387816 
338 257 18 21 0.023343103 
620 486 28 36 0.023333529 
572 546 64 91 0.023329612 
970 403 48 83 0.02330957 
391 422 63 78 0.023248248 
840 309 21 25 0.023229145 
0 404 24 36 0.023220915 
158 302 20 23 0.023217514 
119 415 55 68 0.023164554 
29 403 25 36 0.02311072 
236 396 50 65 0.023069639 
313 284 18 22 0.023059338 
153 286 18 22 0.023021234 
289 356 23 28 0.023011388 
90 423 33 42 0.022998918 
413 314 19 24 0.022998028 
817 361 20 25 0.022994401 
742 382 31 40 0.02295103 
683 374 35 45 0.022899034 
414 359 19 24 0.022891423 
700 235 19 23 0.022838444 
841 161 45 52 0.022836002 
740 281 17 20 0.02279318 
521 257 18 22 0.022747995 
640 384 36 46 0.022735598 
874 448 53 66 0.022604546 
64 472 40 50 0.022561127 
139 264 17 22 0.022515299 
538 406 25 33 0.022501772 
284 346 38 47 0.02245929 
174 372 98 122 0.022453161 
675 405 36 45 0.022453 
566 409 27 35 0.022444895 
174 484 24 34 0.022413384 
724 335 18 23 0.022370072 
33 280 19 26 0.022305384 
105 303 19 23 0.022219453 
22 306 20 27 0.022204584 
741 361 18 22 0.02220083 
26 355 22 28 0.022173893 
94 376 36 45 0.022163156 
904 510 63 81 0.022134943 
841 453 24 33 0.0219983 
456 306 19 23 0.021974301 
181 280 20 24 0.021964261 
458 337 22 27 0.021892048 
154 460 20 26 0.021860816 
764 480 31 39 0.021851089 
800 363 19 24 0.021809185 
134 360 18 22 0.021784293 
615 291 47 63 0.021700352 
356 282 19 23 0.02166762 
339 280 18 23 0.021634007 
547 474 41 55 0.021573681 
847 484 26 36 0.021516306 
860 413 57 74 0.021502376 
680 269 122 143 0.021492152 
411 326 20 24 0.021481168 
534 303 36 43 0.021411823 
772 308 18 22 0.021394525 
515 312 19 25 0.021380492 
843 434 22 29 0.021378746 
631 318 30 39 0.02132619 
646 358 19 24 0.021284455 
156 286 79 91 0.02122684 
329 359 19 23 0.021217514 
137 283 18 22 0.021182638 
495 312 17 22 0.021149728 
558 342 33 43 0.02113896 
666 255 18 22 0.021086307 
334 387 21 27 0.021059431 
799 332 21 26 0.02105498 
845 228 20 25 0.021020578 
228 453 24 31 0.020948792 
533 259 19 24 0.0209333 
786 406 38 50 0.020918839 
586 549 161 181 0.020903902 
177 306 20 23 0.020882148 
356 256 18 21 0.020863215 
537 279 19 23 0.02079729 
253 346 72 87 0.020746542 
590 484 120 132 0.020669015 
628 381 91 115 0.020637294 
96 470 38 46 0.02063638 
619 362 18 23 0.020634836 
178 388 18 22 0.020574594 
385 355 20 25 0.020547763 
861 390 48 61 0.020494197 
790 470 37 48 0.020460516 
256 390 94 116 0.020343145 
68 349 37 46 0.020334996 
133 332 99 124 0.020299222 
748 237 17 22 0.0202172 
742 501 323 373 0.020153878 
396 336 67 82 0.020127278 
925 437 22 28 0.020071056 
580 347 32 41 0.020066293 
573 259 19 24 0.020041278 
1 283 18 24 0.020023827 
