2_Demonstration_Demonstrators_2_170
129
928 173 73 88 0.9986755 
734 141 64 74 0.98808753 
870 193 52 64 0.9670088 
320 117 53 81 0.947764 
590 106 44 54 0.82139283 
43 111 30 39 0.19017485 
641 25 36 50 0.1856211 
460 162 42 52 0.13702573 
602 74 45 57 0.09876678 
603 100 59 74 0.09623217 
858 320 52 56 0.09492559 
240 97 22 28 0.09001227 
581 71 42 52 0.08533252 
335 335 30 39 0.08036896 
19 83 75 94 0.07982404 
717 112 44 54 0.078818426 
3 117 21 31 0.07508341 
178 102 47 58 0.074704535 
27 105 38 50 0.0716507 
428 144 39 52 0.068504654 
514 123 28 37 0.06567567 
481 189 40 52 0.058255102 
458 183 42 53 0.056029607 
529 163 41 54 0.054923538 
510 29 23 30 0.05314815 
941 335 42 51 0.050108664 
658 40 24 32 0.0485579 
632 75 28 37 0.04540175 
30 119 24 31 0.045392897 
0 95 32 50 0.04438997 
34 198 22 28 0.043019958 
591 50 24 28 0.04242231 
687 113 40 52 0.041117582 
406 455 22 28 0.040442433 
744 512 23 27 0.040363066 
28 191 36 45 0.03959274 
21 129 40 51 0.03931648 
788 78 43 63 0.039262474 
31 104 24 31 0.03908464 
538 51 22 30 0.038231682 
455 149 34 45 0.03821555 
249 100 23 29 0.037867054 
513 42 24 33 0.037420023 
567 81 23 30 0.03732264 
5 58 67 90 0.036096767 
584 44 39 45 0.035018634 
659 113 41 56 0.034589324 
630 116 33 46 0.034098133 
60 102 41 54 0.034002457 
263 593 44 56 0.03349788 
195 120 28 35 0.033263754 
75 117 23 32 0.03226214 
198 103 24 28 0.03198779 
562 96 24 32 0.031929933 
27 147 22 28 0.030967502 
538 72 24 31 0.03078965 
547 280 35 46 0.030388786 
726 117 58 70 0.029468725 
811 134 43 59 0.028717078 
219 190 61 79 0.028472861 
415 68 24 32 0.028421229 
501 157 56 74 0.028279815 
415 50 22 29 0.028229427 
537 148 29 38 0.028175464 
500 204 41 55 0.028002856 
504 116 51 65 0.02793512 
22 72 24 32 0.02675074 
434 168 30 41 0.026581137 
631 94 34 44 0.026369855 
506 144 41 56 0.026328037 
605 11 58 70 0.026224209 
563 49 21 25 0.025890013 
128 325 19 25 0.025766393 
0 104 78 106 0.025728744 
573 34 63 71 0.025623793 
435 3 23 27 0.025450803 
565 106 53 66 0.025393698 
531 128 24 32 0.025364349 
518 101 24 31 0.025259208 
682 167 42 55 0.024674477 
8 115 124 175 0.024646983 
71 103 25 34 0.024639249 
469 141 52 69 0.024573224 
24 37 73 86 0.024509165 
481 118 40 52 0.024405168 
394 457 20 26 0.024273245 
660 160 45 63 0.02420041 
304 460 18 23 0.024197811 
620 -2 22 24 0.02406017 
639 1 22 27 0.023941629 
224 176 43 58 0.023748778 
333 139 55 74 0.023669012 
908 15 60 83 0.023548486 
145 338 65 74 0.02328782 
510 168 29 38 0.023191394 
184 102 29 34 0.022869872 
819 149 27 35 0.02281042 
398 134 55 73 0.022703756 
35 123 46 59 0.02250529 
638 480 175 196 0.02242266 
558 62 51 65 0.02242103 
223 80 52 66 0.022317493 
684 133 41 55 0.022115609 
256 120 25 30 0.022051824 
795 126 25 36 0.022046508 
255 55 20 25 0.022001985 
434 127 26 36 0.021936107 
32 182 23 30 0.021813517 
898 2 25 30 0.021735651 
463 0 25 29 0.02167037 
107 200 22 31 0.021429501 
413 619 19 23 0.021423075 
141 370 42 52 0.021403499 
138 386 21 28 0.021257548 
611 43 25 32 0.020815542 
562 30 21 23 0.020801272 
706 163 62 75 0.02074957 
528 91 33 43 0.020743763 
784 110 44 63 0.020599736 
330 65 69 85 0.020598896 
558 42 36 44 0.020536227 
668 603 153 168 0.02047593 
431 68 22 30 0.020466013 
238 85 20 25 0.020388218 
567 74 86 112 0.02016888 
37 71 50 62 0.02015747 
720 107 28 34 0.020124566 
156 97 25 32 0.02010375 
736 106 29 33 0.020036235 
