2_Demonstration_Political_Rally_2_985
140
785 550 158 193 0.9997129 
553 470 59 77 0.95086586 
485 477 31 42 0.353453 
121 448 29 40 0.32904032 
184 433 31 43 0.32152 
293 443 47 72 0.30160296 
265 454 62 84 0.23659177 
984 376 28 37 0.17722344 
13 452 28 40 0.10490498 
367 454 39 52 0.10105194 
305 431 34 51 0.09706277 
65 303 29 37 0.08248179 
1 96 29 41 0.07730165 
361 393 29 40 0.07170141 
339 385 47 63 0.06917379 
367 433 34 44 0.06828603 
196 419 46 63 0.06569373 
94 422 25 34 0.0641443 
809 400 27 34 0.0640917 
243 998 95 99 0.06075748 
67 426 24 30 0.060459007 
397 357 31 42 0.05853975 
164 430 27 37 0.05832351 
189 398 26 33 0.05793727 
762 401 27 36 0.057724684 
398 430 34 45 0.057008125 
778 284 23 29 0.054822136 
319 444 47 66 0.04952906 
302 247 29 35 0.04947923 
171 416 56 76 0.04826699 
781 303 24 31 0.046203803 
472 482 32 42 0.04186299 
8 429 28 40 0.039895866 
221 404 75 95 0.0392999 
352 404 66 86 0.037027705 
463 466 57 71 0.036840804 
288 377 78 103 0.0366587 
221 269 30 37 0.036320087 
370 356 48 64 0.035510037 
340 424 30 42 0.033887777 
25 435 26 35 0.033833887 
122 740 247 340 0.033769753 
737 455 29 40 0.033361215 
270 419 60 87 0.033052072 
900 -106 417 465 0.03247533 
584 418 44 62 0.032419678 
73 364 23 30 0.03206203 
864 597 100 153 0.032016452 
345 456 63 80 0.031516157 
967 386 42 53 0.031239234 
88 365 23 29 0.030974984 
106 436 54 70 0.030823752 
0 3 28 35 0.030803084 
472 462 31 41 0.030618537 
343 364 25 33 0.030511422 
898 894 417 435 0.030237433 
735 616 81 116 0.030097928 
238 418 39 52 0.03006775 
190 378 23 30 0.029841738 
686 623 829 897 0.029739711 
153 495 29 41 0.029600639 
905 156 397 462 0.029392412 
221 250 24 30 0.029193135 
244 334 25 31 0.02908551 
374 372 28 37 0.028685458 
395 515 50 69 0.028588863 
284 340 23 29 0.028587818 
97 450 39 50 0.028481465 
683 -278 831 878 0.0283228 
181 397 42 58 0.027665403 
128 368 25 31 0.027546246 
65 454 27 33 0.027268138 
345 346 23 30 0.026806766 
646 307 26 32 0.026662208 
90 399 38 51 0.026574416 
381 531 66 93 0.026461408 
307 337 23 28 0.026445413 
0 434 52 74 0.026101405 
32 98 25 35 0.026013246 
746 397 29 38 0.026004499 
335 309 22 29 0.025837235 
148 439 39 56 0.025756303 
326 345 71 92 0.025634358 
294 341 74 92 0.025442045 
594 366 26 35 0.025269294 
246 3 31 33 0.025025962 
158 403 24 32 0.024785284 
5 403 25 33 0.024681723 
800 428 28 37 0.024666868 
749 450 67 91 0.024630379 
434 310 24 33 0.024627894 
211 404 28 37 0.024596917 
62 283 25 34 0.024405543 
261 427 104 143 0.024112351 
972 404 43 62 0.024083996 
318 481 82 113 0.023989564 
420 411 49 65 0.023942614 
270 386 54 67 0.023859426 
524 422 28 36 0.02369523 
67 408 23 30 0.023357632 
339 281 23 29 0.023212079 
583 382 43 60 0.023181899 
886 567 80 111 0.023021538 
824 398 27 34 0.022908911 
743 337 25 32 0.022632571 
805 499 91 106 0.022527494 
801 459 28 38 0.022423184 
773 486 90 108 0.022023564 
279 393 31 40 0.021961458 
272 499 41 55 0.021956004 
716 428 67 91 0.02185821 
35 61 23 29 0.021780465 
318 310 25 31 0.021752644 
742 218 21 26 0.021660354 
458 427 32 41 0.021632392 
616 307 25 32 0.02160379 
609 433 24 33 0.021530531 
587 342 23 31 0.021516247 
337 336 43 57 0.021276178 
41 125 295 381 0.021244397 
523 405 28 36 0.02120193 
784 463 52 70 0.021046478 
793 312 23 30 0.020993508 
123 401 24 31 0.02089229 
336 480 31 44 0.020859437 
741 431 27 36 0.020746121 
309 395 29 38 0.020674624 
198 297 76 101 0.020673465 
245 488 97 119 0.020485736 
457 305 30 39 0.020331945 
961 423 31 40 0.02017986 
60 1 30 30 0.020167544 
620 224 24 29 0.020138687 
351 542 73 100 0.020114636 
769 278 39 53 0.020084092 
122 308 22 26 0.020071961 
31 242 27 36 0.020067994 
86 312 24 30 0.020050969 
747 311 22 28 0.02002807 
717 216 21 25 0.020005086 
