2_Demonstration_Protesters_2_559
97
720 408 67 96 0.5330428 
691 160 45 59 0.5018882 
826 235 82 94 0.25210798 
537 132 38 53 0.08665808 
834 134 41 52 0.06568841 
617 139 38 47 0.06395804 
902 209 74 99 0.055327047 
507 162 34 48 0.054011 
856 204 91 105 0.05204658 
837 167 44 54 0.04897804 
810 255 72 97 0.043471117 
476 165 41 52 0.040098444 
338 127 29 36 0.038425084 
87 263 54 79 0.037826665 
859 140 38 49 0.037341155 
668 170 38 52 0.03681204 
859 118 37 45 0.03508473 
512 155 24 34 0.034584448 
844 186 67 80 0.034537528 
451 165 48 58 0.034205955 
196 169 59 78 0.03406145 
744 387 73 102 0.033227004 
826 132 121 139 0.032711778 
305 191 73 88 0.032693926 
405 109 43 55 0.0323378 
626 361 44 59 0.031960186 
60 255 61 77 0.031712186 
699 374 130 149 0.031711094 
841 124 28 35 0.031260643 
408 134 41 50 0.031175196 
424 162 43 58 0.03002243 
304 227 42 51 0.029687785 
413 132 60 73 0.0292726 
484 153 25 32 0.029104047 
628 217 47 58 0.028556611 
429 126 23 30 0.028369455 
280 232 43 52 0.028343389 
464 153 27 35 0.028223552 
861 165 41 52 0.027881349 
2 1 28 34 0.027696922 
584 244 63 88 0.027629279 
463 125 23 30 0.026927156 
259 136 236 279 0.026860792 
454 253 30 39 0.026772343 
527 158 36 52 0.026753942 
936 225 44 67 0.026524466 
366 136 222 287 0.026227616 
694 169 69 82 0.02606906 
779 119 42 53 0.026054941 
659 346 40 58 0.02601435 
781 272 62 88 0.025462838 
445 216 49 63 0.025244655 
325 170 50 57 0.024779936 
754 738 343 364 0.024668595 
880 196 56 67 0.024628527 
816 137 77 91 0.02462684 
100 280 65 91 0.024513919 
846 189 30 37 0.024468629 
395 81 49 59 0.024135986 
-64 735 354 356 0.023857472 
662 190 31 43 0.02385519 
605 365 44 57 0.023649966 
610 120 41 50 0.023557272 
717 366 78 94 0.023510914 
285 207 118 150 0.023488943 
164 164 44 55 0.023026219 
556 214 112 143 0.022913283 
555 142 27 38 0.022902252 
193 321 45 48 0.022883503 
312 247 24 31 0.02260152 
341 145 44 50 0.02257811 
405 287 73 99 0.022301702 
583 533 677 731 0.02226418 
-221 512 709 746 0.022213954 
915 250 48 65 0.022187207 
609 161 43 52 0.022033257 
660 145 38 51 0.021848468 
649 210 43 59 0.021832166 
482 80 40 48 0.021670349 
925 167 62 77 0.021624692 
539 278 71 93 0.021526577 
490 174 55 68 0.021455012 
384 224 114 159 0.021335768 
818 162 41 52 0.02130462 
495 182 158 208 0.021258539 
282 235 72 86 0.02111017 
134 262 60 77 0.02083039 
788 161 41 52 0.020597355 
840 275 59 72 0.020438487 
906 198 50 63 0.02042613 
353 389 43 62 0.020308128 
926 273 25 35 0.020226337 
732 335 114 139 0.020163022 
586 142 27 35 0.020137612 
516 267 67 83 0.020085173 
134 743 360 347 0.020057622 
505 133 63 79 0.020029347 
