2_Demonstration_Protesters_2_748
72
746 247 26 33 0.5863118 
300 237 24 31 0.2447832 
433 184 52 63 0.11317207 
501 244 42 54 0.0726792 
406 221 30 36 0.070107035 
127 275 23 30 0.067454755 
131 262 23 29 0.059974276 
8 223 21 31 0.05525703 
149 260 20 26 0.054962397 
292 251 21 28 0.05155236 
410 190 62 76 0.0482218 
191 254 18 22 0.047664136 
635 208 46 63 0.04745143 
335 200 23 28 0.044792052 
643 242 27 36 0.04146105 
496 231 67 89 0.04098466 
843 326 95 91 0.039064363 
438 248 28 36 0.038216542 
520 248 43 50 0.035791505 
430 220 29 36 0.03540655 
201 256 17 22 0.034884244 
289 225 42 54 0.034810856 
710 229 57 71 0.034227315 
323 603 44 48 0.034049697 
492 250 26 32 0.032677326 
259 285 17 22 0.031500507 
453 179 60 81 0.030006887 
310 202 22 26 0.029957935 
643 202 26 35 0.029418938 
388 209 69 82 0.029079769 
821 299 89 89 0.028743608 
642 223 29 38 0.028583515 
486 234 22 28 0.02835786 
535 208 22 26 0.027902422 
904 334 20 27 0.027642809 
786 275 182 161 0.026728839 
663 236 290 250 0.026593998 
154 614 29 32 0.026477842 
131 201 24 29 0.026342098 
469 211 63 85 0.0262399 
406 152 22 30 0.02575978 
202 229 20 25 0.025685674 
600 211 68 85 0.025685618 
19 224 20 27 0.025463052 
353 197 23 29 0.025372654 
590 168 159 166 0.02533933 
884 319 98 105 0.024464231 
616 249 24 32 0.024407381 
337 279 22 31 0.023011617 
669 204 69 92 0.022952514 
5 208 20 31 0.022904828 
307 274 20 26 0.022692448 
334 225 23 31 0.022201419 
525 202 37 46 0.022111103 
351 242 74 104 0.022092171 
331 272 40 56 0.021958876 
406 239 31 39 0.021952482 
535 270 28 34 0.021930154 
435 226 59 75 0.02192365 
946 205 27 31 0.021783171 
385 178 24 29 0.021760292 
737 236 46 62 0.021666355 
257 317 235 310 0.021480655 
110 259 56 65 0.021436995 
634 257 43 55 0.021380117 
7 250 20 29 0.021349415 
701 206 95 125 0.020929594 
377 170 39 47 0.020901712 
426 252 50 60 0.020732205 
739 440 27 29 0.020713074 
513 191 62 74 0.020511743 
816 324 25 31 0.020313593 
