2_Demonstration_Protesters_2_460
244
274 233 41 52 0.98159283 
640 57 41 51 0.971695 
844 67 26 34 0.9530942 
787 65 31 40 0.94344 
805 179 37 45 0.8303934 
485 237 35 42 0.82712805 
483 95 36 44 0.8048483 
74 87 26 33 0.8004473 
36 68 22 29 0.6631652 
881 201 28 34 0.4724708 
131 70 18 24 0.32343572 
743 75 26 34 0.2643527 
952 96 24 32 0.25012112 
433 69 23 29 0.2466419 
165 80 18 23 0.22844777 
174 77 18 24 0.18472765 
44 72 23 30 0.16165584 
148 186 24 29 0.14157122 
902 67 24 30 0.13866022 
684 21 28 33 0.13025576 
944 172 28 39 0.12965146 
-2 73 18 26 0.1174124 
224 228 25 33 0.11259444 
953 80 21 28 0.09643126 
594 115 34 44 0.090380974 
917 67 22 29 0.08563919 
139 188 36 46 0.08240057 
692 54 28 35 0.07527967 
281 76 17 22 0.0742332 
126 62 29 39 0.07332026 
119 211 41 57 0.07328081 
160 97 20 26 0.07236132 
921 163 36 49 0.070549004 
511 137 67 79 0.070163414 
930 201 22 30 0.06718784 
973 100 22 30 0.06620574 
187 56 19 21 0.065132886 
863 72 22 29 0.06482512 
715 71 23 31 0.063191436 
330 268 34 43 0.06213331 
909 141 39 54 0.060376354 
35 61 47 57 0.060143877 
905 119 42 54 0.058558866 
920 102 23 31 0.05846735 
265 73 19 23 0.05836689 
208 208 23 30 0.056152612 
145 245 40 56 0.055327162 
136 180 21 27 0.055207666 
890 177 27 35 0.054711424 
176 245 29 39 0.05453249 
973 77 19 26 0.05416653 
313 53 19 24 0.052290875 
129 271 41 56 0.051891312 
63 73 44 56 0.05170857 
158 150 22 26 0.05156207 
97 79 20 26 0.050690047 
175 228 26 36 0.049914178 
327 255 29 38 0.04908661 
887 57 50 60 0.048628874 
313 80 19 24 0.048469782 
434 49 33 44 0.047300365 
611 28 26 32 0.047044076 
327 202 23 29 0.046446014 
182 151 20 25 0.045840632 
535 242 27 36 0.04533527 
202 126 20 25 0.0449835 
45 61 22 27 0.04459801 
774 67 28 38 0.044440947 
310 7 23 25 0.0435251 
134 199 25 32 0.04328769 
909 51 36 46 0.04324071 
665 20 41 49 0.04286341 
72 147 22 29 0.04268239 
879 137 61 73 0.042636707 
420 76 22 28 0.042281803 
229 80 17 21 0.041667294 
314 100 19 23 0.041445903 
325 290 48 63 0.040874794 
710 56 24 30 0.0408075 
314 174 30 39 0.040318828 
5 129 22 31 0.038965624 
27 157 21 30 0.038844194 
501 243 31 38 0.03845658 
948 76 33 46 0.038062647 
207 108 19 23 0.038007207 
286 103 17 23 0.037528206 
884 313 41 47 0.03739746 
336 224 25 32 0.037132286 
469 101 27 34 0.03658073 
133 101 18 25 0.036146805 
941 191 26 36 0.036106206 
209 221 32 43 0.03600804 
209 77 18 21 0.03596248 
157 51 17 22 0.035834737 
1 147 22 34 0.03582498 
896 147 29 37 0.03570511 
313 129 20 26 0.035369392 
141 215 39 56 0.03527577 
700 256 70 83 0.03521869 
869 53 24 32 0.034984786 
901 94 25 32 0.034928445 
439 25 22 27 0.034850053 
206 180 19 24 0.03470342 
344 279 36 51 0.034677118 
735 161 38 51 0.034588587 
431 223 25 34 0.034540758 
993 54 18 24 0.03423258 
98 98 21 27 0.033989746 
182 205 22 29 0.03397389 
233 103 19 23 0.033859935 
905 83 51 65 0.033737577 
459 244 35 44 0.03325322 
90 268 39 51 0.033127602 
834 58 43 56 0.03311963 
263 58 19 24 0.032554537 
21 22 24 29 0.03227377 
432 204 26 34 0.032020472 
227 245 26 35 0.031988926 
107 223 27 37 0.031837754 
995 79 17 24 0.03180704 
113 51 53 66 0.031744998 
-1 55 19 29 0.031687092 
316 200 24 31 0.031629916 
326 179 21 26 0.03156581 
155 89 32 41 0.031357594 
538 146 48 56 0.031148713 
875 173 38 50 0.031076973 
124 155 21 25 0.030852327 
439 249 33 42 0.030803908 
437 272 35 45 0.030598875 
68 273 44 53 0.03055728 
784 10 44 49 0.030548675 
741 1 27 32 0.030238794 
119 224 56 74 0.030214475 
968 177 23 31 0.029977636 
977 56 20 26 0.029966518 
96 242 40 53 0.029820444 
387 54 21 24 0.029808708 
21 158 34 47 0.029732913 
31 94 21 28 0.029500779 
552 237 39 47 0.02946127 
518 218 59 68 0.02937907 
973 200 23 32 0.028911268 
227 210 23 29 0.028907666 
259 495 95 88 0.02885559 
414 48 20 25 0.028813234 
873 321 62 73 0.028700631 
204 154 19 23 0.028647369 
332 79 22 28 0.028544512 
904 340 39 49 0.028525671 
108 124 21 28 0.028426902 
707 161 44 56 0.02835761 
934 150 37 53 0.028220534 
976 117 23 30 0.028060816 
312 19 21 24 0.027928239 
100 115 34 45 0.027847346 
842 23 25 30 0.027827144 
820 17 27 33 0.027586663 
105 57 21 26 0.02748723 
57 149 23 29 0.027467377 
739 65 43 55 0.027296523 
234 128 20 25 0.027262164 
233 156 19 24 0.02700184 
186 131 20 25 0.026902534 
255 131 19 24 0.026561935 
404 220 34 43 0.026520083 
483 81 31 37 0.026329152 
484 29 25 28 0.026124021 
534 73 25 30 0.026082953 
994 1 20 25 0.026072606 
929 223 22 28 0.02607152 
234 177 19 24 0.026052032 
261 106 17 23 0.02584917 
315 154 20 24 0.025763346 
899 124 29 36 0.025452783 
23 126 20 28 0.02534582 
483 41 28 32 0.025274606 
19 342 43 48 0.025181001 
76 28 20 22 0.02517599 
992 100 20 28 0.0251245 
194 195 46 60 0.025112553 
156 28 21 23 0.025052246 
159 129 21 27 0.024954405 
592 105 28 34 0.024735967 
404 247 28 35 0.024735076 
71 250 41 50 0.024634572 
496 107 46 55 0.024484528 
93 152 60 74 0.024411872 
3 96 20 27 0.024396053 
185 178 19 24 0.024324698 
121 307 45 56 0.024292959 
184 26 20 23 0.024232728 
163 219 47 68 0.024102248 
17 117 32 47 0.024007594 
427 84 266 316 0.023978801 
950 56 21 27 0.02356748 
104 164 36 47 0.02336402 
234 53 18 22 0.023223495 
916 332 23 29 0.023219736 
104 143 34 44 0.023165958 
259 177 19 24 0.02312065 
264 154 19 23 0.022994226 
328 49 22 27 0.02287171 
111 152 21 27 0.022752138 
200 53 18 22 0.022638746 
436 95 21 29 0.022514122 
281 178 20 25 0.022495124 
605 135 40 50 0.022431575 
68 114 36 46 0.022360954 
713 117 39 50 0.022100162 
285 58 17 22 0.022081375 
791 2 31 32 0.022034861 
109 174 21 26 0.021984797 
743 17 26 32 0.021947568 
331 7 23 25 0.021895062 
-3 154 34 52 0.02183012 
456 53 23 29 0.021696003 
385 218 36 44 0.02152485 
437 4 19 23 0.021370672 
740 281 73 93 0.02133809 
87 285 55 67 0.021239817 
469 240 67 83 0.021054912 
463 0 19 21 0.020964406 
580 124 57 72 0.020885756 
75 53 23 28 0.020876626 
53 85 33 41 0.02077255 
870 147 39 51 0.02067034 
390 178 24 31 0.020645708 
414 0 20 23 0.020609364 
387 3 19 22 0.020573834 
431 148 23 29 0.020508632 
857 342 47 52 0.020503633 
568 318 71 80 0.020490486 
993 335 21 28 0.020424522 
19 37 48 66 0.020424044 
-2 87 32 45 0.020410445 
914 174 52 70 0.020346764 
808 1 38 41 0.020296404 
118 148 34 44 0.020243457 
769 18 29 33 0.020215845 
409 97 23 31 0.020189153 
459 201 26 35 0.020181892 
457 70 24 32 0.020170532 
745 55 25 34 0.020130161 
