2_Demonstration_Political_Rally_2_83
406
0 395 81 101 0.99946827 
597 490 99 125 0.999159 
400 311 90 111 0.9991123 
878 558 114 128 0.9967901 
293 567 106 129 0.99478453 
172 390 71 91 0.9889549 
225 266 66 81 0.98201376 
71 216 54 61 0.9817779 
109 529 124 138 0.9811715 
628 390 79 96 0.97500956 
505 211 44 53 0.9731048 
183 156 41 53 0.96854186 
886 328 80 85 0.9389143 
220 63 32 39 0.9154273 
815 140 30 38 0.90238297 
91 294 62 76 0.90023196 
329 169 40 49 0.8921434 
208 230 56 68 0.88205194 
575 293 58 61 0.879261 
890 157 41 50 0.8760886 
447 118 33 42 0.8524578 
239 122 40 49 0.847308 
476 24 26 33 0.8142113 
169 2 30 33 0.798932 
398 195 44 56 0.7910114 
474 171 42 52 0.7441819 
339 24 28 35 0.7325123 
11 113 47 58 0.71158695 
428 28 27 34 0.6906774 
565 81 24 29 0.6534751 
958 146 40 50 0.6013665 
-6 145 38 54 0.58201617 
385 154 32 40 0.5545481 
387 1 27 30 0.5487269 
890 84 24 30 0.49091315 
711 132 24 30 0.46463 
40 179 41 51 0.43257475 
303 68 32 38 0.42909855 
298 46 29 37 0.41821003 
948 80 38 49 0.41275546 
732 194 41 58 0.41205493 
384 68 27 35 0.41034323 
129 402 75 88 0.38990545 
592 128 25 31 0.3641368 
114 76 36 46 0.33023864 
116 107 40 54 0.32601228 
582 168 41 52 0.31395048 
25 2 25 28 0.3090976 
535 42 23 29 0.28941023 
869 53 22 29 0.28918523 
684 618 100 78 0.28373906 
231 15 25 31 0.27571744 
106 593 100 95 0.27404466 
77 41 23 31 0.27119923 
751 147 26 33 0.2641991 
792 121 27 34 0.26053247 
263 1 22 26 0.24026513 
480 83 25 31 0.23164503 
593 20 20 23 0.22243808 
627 238 41 48 0.21975565 
558 169 41 50 0.21662688 
290 29 25 31 0.21493362 
13 158 42 58 0.21070352 
606 434 89 119 0.20911211 
386 54 25 34 0.2041385 
56 1 25 28 0.20406432 
963 206 50 85 0.2019061 
820 69 23 28 0.18569688 
631 71 22 28 0.1850074 
658 122 26 33 0.18058726 
613 219 43 51 0.17743474 
378 232 48 61 0.17463268 
670 47 21 26 0.168335 
0 67 26 36 0.1648883 
700 126 24 31 0.16190448 
606 103 27 32 0.16125631 
750 44 20 25 0.16082115 
111 304 69 87 0.16046123 
592 141 28 34 0.15960585 
599 118 38 47 0.15947643 
772 42 19 24 0.15761356 
874 27 21 25 0.15447764 
384 92 29 36 0.15351637 
790 43 21 26 0.15077122 
276 -2 23 25 0.1442078 
752 31 18 24 0.14329493 
669 102 23 28 0.13936822 
791 27 23 27 0.13920656 
597 103 24 29 0.13787778 
783 193 31 39 0.13783607 
487 90 25 31 0.13731253 
329 91 27 34 0.13610765 
932 196 45 62 0.13558371 
790 5 23 26 0.13273196 
984 461 34 54 0.12933923 
1 53 22 31 0.12879913 
879 72 24 32 0.12687138 
138 345 78 100 0.12402507 
787 180 27 34 0.12266685 
200 410 68 84 0.121158265 
874 165 41 49 0.12080331 
822 55 22 29 0.118654706 
511 100 22 29 0.11774512 
767 33 19 24 0.11709148 
420 200 38 47 0.11549213 
605 190 43 51 0.115262024 
623 56 20 25 0.1148314 
69 0 21 24 0.11161357 
668 29 21 24 0.10983389 
258 71 25 31 0.10922619 
124 1 23 27 0.10737288 
643 126 29 35 0.10552872 
743 177 37 55 0.104029626 
712 291 41 51 0.103289306 
481 3 23 29 0.10225844 
744 79 20 25 0.09867653 
980 3 23 27 0.09768805 
964 118 40 56 0.09762337 
839 1 21 23 0.09756751 
33 17 23 29 0.09754419 
259 19 22 27 0.09577073 
915 5 24 26 0.09529671 
693 3 20 23 0.09520248 
614 30 20 23 0.09455426 
962 74 33 40 0.09414793 
797 109 23 29 0.093736075 
402 0 25 29 0.092339136 
672 77 21 26 0.09170883 
-3 249 29 44 0.09114674 
457 108 26 32 0.090119205 
691 80 19 24 0.088720925 
916 51 20 27 0.08862625 
899 21 22 24 0.08669708 
904 50 20 25 0.086649194 
567 50 21 25 0.086626835 
512 0 22 27 0.08302035 
978 18 23 29 0.08259376 
336 1 24 30 0.08154939 
67 296 56 69 0.08083528 
484 37 26 32 0.07985528 
417 25 26 31 0.079793915 
130 22 22 26 0.07964559 
900 5 24 26 0.07931074 
381 205 49 62 0.078397214 
741 97 22 27 0.07839133 
402 100 28 35 0.07743324 
741 201 63 83 0.077247776 
587 8 22 25 0.07697357 
108 0 21 23 0.07662369 
112 209 46 56 0.07550164 
124 47 23 29 0.07531533 
950 419 42 56 0.07457295 
371 260 46 62 0.07432873 
511 44 23 28 0.07110112 
42 21 23 29 0.07051427 
609 142 29 36 0.07047936 
636 59 20 26 0.07019894 
824 1 21 23 0.06875603 
693 100 21 26 0.068407774 
511 26 23 30 0.06785156 
494 169 43 53 0.0677142 
589 49 21 25 0.06677925 
0 29 19 27 0.06579736 
822 28 21 25 0.0644268 
754 195 42 55 0.06355862 
657 142 27 34 0.06288995 
950 21 21 26 0.06285098 
450 131 41 50 0.06244378 
220 367 55 70 0.061487325 
765 81 19 24 0.061143834 
77 71 23 32 0.06000422 
567 28 19 23 0.059540797 
559 295 42 48 0.059201803 
668 -1 21 22 0.058531772 
964 443 47 75 0.058349587 
141 329 59 70 0.0580327 
219 87 40 49 0.057495628 
770 124 25 31 0.05733289 
722 103 20 24 0.0572039 
752 247 65 81 0.05718844 
434 1 23 29 0.056771755 
725 77 17 22 0.056119904 
643 140 30 39 0.056029357 
542 76 22 27 0.05586113 
679 265 42 52 0.055774253 
741 3 19 23 0.055682242 
303 166 42 54 0.055545498 
467 6 22 28 0.055109706 
723 0 19 22 0.05425478 
304 -1 23 27 0.052971393 
637 0 22 25 0.052943196 
564 0 20 22 0.052495 
875 5 21 23 0.052085802 
945 109 40 53 0.05159875 
598 164 44 54 0.051500965 
991 123 24 34 0.051207166 
206 97 31 38 0.05099034 
725 49 18 23 0.05093137 
440 71 24 31 0.050910212 
105 27 21 24 0.05087836 
719 28 19 23 0.0507192 
542 0 20 23 0.050519153 
78 244 72 89 0.04873844 
265 117 40 48 0.048637424 
704 390 71 90 0.048222438 
326 81 24 32 0.047744486 
945 159 45 57 0.047359932 
774 4 20 24 0.047235973 
463 78 22 29 0.04682109 
91 529 76 95 0.046146777 
342 338 51 64 0.04551376 
109 47 22 28 0.04399492 
637 330 31 39 0.043866932 
949 5 22 26 0.04374961 
282 72 26 33 0.043704547 
778 322 47 61 0.04368536 
339 181 47 59 0.043559656 
272 166 40 52 0.043339197 
770 98 22 28 0.043157518 
801 239 46 59 0.043147422 
544 311 71 86 0.042687986 
721 209 40 55 0.04224662 
392 173 45 57 0.04223822 
305 80 40 48 0.04211288 
744 130 24 29 0.041167643 
243 183 46 56 0.041014776 
253 99 37 45 0.040936265 
640 25 21 25 0.040910065 
621 1 20 23 0.040744368 
724 626 98 91 0.04069978 
652 245 43 51 0.040605906 
542 392 79 97 0.04055831 
768 189 52 64 0.040473334 
862 178 43 51 0.04018353 
762 176 27 35 0.040091816 
968 49 25 32 0.039981835 
51 292 46 61 0.039684493 
652 407 77 101 0.039403163 
197 119 38 46 0.039149474 
579 135 56 72 0.038972426 
739 421 45 60 0.038668994 
870 125 22 27 0.038616702 
928 232 68 85 0.038280696 
6 0 22 26 0.037984647 
742 139 45 58 0.037545804 
630 115 48 60 0.03731958 
689 289 43 52 0.037043694 
-1 88 51 67 0.036842696 
878 69 45 56 0.03662746 
831 323 38 47 0.03659369 
466 179 31 40 0.036472194 
1 114 34 43 0.036375377 
918 20 22 25 0.036351215 
354 41 26 34 0.035930905 
388 14 26 31 0.035930727 
101 625 56 58 0.035885878 
699 143 25 31 0.035782583 
912 152 31 40 0.035439096 
906 148 60 72 0.035364825 
253 263 52 64 0.03531562 
543 154 25 30 0.034913808 
769 211 59 78 0.034809105 
801 76 20 25 0.0347698 
715 293 63 80 0.03442065 
951 48 23 29 0.034243118 
183 358 80 98 0.034173332 
626 193 42 51 0.03407003 
991 3 21 26 0.033896115 
273 140 33 40 0.03364594 
922 212 35 47 0.03360378 
847 127 22 28 0.03352168 
0 503 29 41 0.033490617 
238 432 55 66 0.033455648 
650 188 43 53 0.03306088 
404 221 65 79 0.03292515 
921 270 41 50 0.032919012 
640 102 24 29 0.032892704 
557 156 25 30 0.032697972 
914 364 78 96 0.032590482 
26 70 26 33 0.03226357 
32 54 21 29 0.032256305 
211 53 28 34 0.031894527 
703 120 41 54 0.031880543 
356 -1 24 26 0.031853605 
843 24 19 23 0.031579107 
777 167 47 62 0.031571336 
902 299 56 73 0.03136543 
837 147 24 33 0.03131357 
825 452 73 99 0.031306595 
403 115 30 37 0.031218736 
818 101 21 28 0.031218057 
567 432 61 83 0.031104863 
932 78 61 79 0.030854443 
436 275 67 78 0.030576838 
887 179 46 56 0.03052468 
534 170 40 50 0.03033929 
865 321 59 75 0.030174108 
694 22 20 23 0.029973581 
691 51 17 21 0.02991327 
927 80 21 26 0.029777708 
420 29 45 54 0.029757408 
593 317 64 80 0.029750952 
195 296 65 78 0.02949905 
609 348 83 108 0.0293269 
944 390 68 95 0.028895313 
723 338 55 68 0.02855723 
233 218 51 65 0.02825434 
754 334 64 86 0.028107738 
979 196 42 68 0.02803371 
514 80 22 28 0.027903898 
682 72 32 41 0.027881932 
587 80 20 26 0.027820036 
550 154 39 50 0.027572399 
809 193 38 48 0.027395066 
845 72 21 28 0.027356384 
925 98 21 27 0.027328538 
626 291 43 55 0.027293155 
180 45 25 32 0.027217574 
627 256 45 54 0.027201036 
356 541 119 136 0.026999766 
864 296 39 51 0.026994292 
158 185 59 76 0.026724782 
207 23 23 29 0.026524844 
700 444 69 91 0.026514187 
563 126 21 27 0.026206678 
274 92 28 35 0.025989704 
553 215 40 49 0.02591963 
847 172 36 49 0.025826136 
0 226 26 38 0.025812235 
799 144 27 34 0.02572351 
-8 162 53 77 0.025636725 
977 146 37 50 0.025490656 
848 101 20 27 0.025489762 
402 490 84 103 0.025094185 
524 200 36 45 0.024568027 
158 8 35 41 0.024476556 
54 533 74 99 0.024039514 
415 42 26 34 0.024024153 
423 178 40 51 0.024017716 
513 119 24 31 0.024004716 
495 226 64 83 0.02399485 
336 38 25 33 0.023993704 
467 42 23 30 0.023930548 
125 365 55 67 0.023901451 
722 203 29 38 0.023880579 
442 444 83 102 0.02382102 
478 194 63 74 0.023812728 
924 125 23 31 0.023632146 
493 318 48 63 0.02348401 
991 22 20 28 0.023355588 
747 389 68 85 0.023353681 
823 359 56 70 0.02321532 
95 433 83 101 0.023188634 
121 503 88 108 0.023161922 
716 233 65 82 0.023083866 
604 271 49 60 0.023044664 
685 251 31 40 0.022982245 
502 155 38 46 0.022977985 
831 409 70 88 0.022860998 
797 477 75 82 0.02278686 
344 583 78 93 0.022786725 
500 434 78 96 0.022781342 
38 532 45 62 0.022766354 
133 578 132 154 0.022704495 
441 104 27 33 0.022689542 
685 94 33 43 0.022638451 
984 293 37 60 0.022498114 
882 262 56 68 0.022442939 
9 329 59 78 0.022358397 
639 213 55 64 0.022282807 
993 102 22 29 0.022259468 
123 439 44 54 0.022155073 
186 72 24 31 0.02209615 
361 99 25 32 0.022093078 
99 648 35 41 0.02208555 
963 412 28 35 0.022080129 
654 160 41 51 0.021632982 
-3 261 38 55 0.021607582 
859 266 53 68 0.021481099 
751 286 67 87 0.02137712 
145 168 41 53 0.021326324 
146 437 87 103 0.021307915 
895 123 24 30 0.021299867 
-5 291 73 84 0.0212874 
206 0 23 27 0.021183016 
180 230 51 65 0.021106534 
258 53 23 30 0.021072393 
744 249 29 40 0.021056172 
919 520 71 91 0.02102264 
832 340 42 52 0.020962631 
490 219 35 42 0.02094504 
717 153 66 83 0.020916622 
302 288 64 87 0.020858334 
733 388 49 66 0.020826634 
36 327 62 77 0.020795569 
250 454 70 76 0.020704275 
-8 637 83 96 0.020595161 
595 423 70 83 0.020449853 
742 262 45 59 0.020367458 
349 152 31 38 0.02033828 
761 272 33 43 0.020282272 
990 79 21 27 0.020267578 
128 169 39 47 0.02022837 
836 304 38 49 0.020210778 
694 550 90 110 0.020156236 
651 314 41 52 0.020068768 
