2_Demonstration_Demonstrators_2_329
182
253 96 62 77 0.9987386 
859 166 40 46 0.9817873 
205 46 45 60 0.94421667 
117 32 35 45 0.8442505 
716 164 29 37 0.8153913 
935 180 34 42 0.79086226 
795 196 28 35 0.6857083 
665 149 20 27 0.59972835 
370 89 36 51 0.43565717 
794 184 25 31 0.33088306 
974 211 33 41 0.31241575 
38 0 35 43 0.27930093 
767 149 25 32 0.23359929 
688 230 29 40 0.20454156 
371 95 52 77 0.15924041 
567 107 64 90 0.14221033 
139 97 40 47 0.13857648 
735 158 24 32 0.10136219 
787 188 47 57 0.09456914 
918 152 24 32 0.08857099 
934 280 37 47 0.08552588 
17 97 35 46 0.085297816 
2 0 26 30 0.08104547 
649 153 20 26 0.08062752 
697 172 26 33 0.078872755 
595 135 42 54 0.075866714 
645 140 35 44 0.07546397 
958 349 33 45 0.074256904 
258 365 82 103 0.07225334 
593 148 23 29 0.066812746 
772 172 23 30 0.06355979 
611 175 19 25 0.0596505 
387 117 53 75 0.058034886 
598 174 18 25 0.057819035 
607 149 26 32 0.05501531 
768 201 34 41 0.049420565 
629 228 41 55 0.04857818 
585 398 29 37 0.047457278 
643 177 18 24 0.047328286 
376 79 28 35 0.04702434 
378 114 31 45 0.046514463 
702 189 35 47 0.046370924 
406 104 59 80 0.0463154 
676 220 51 68 0.045983635 
471 267 79 90 0.04563925 
561 114 43 59 0.045301985 
757 138 54 69 0.04529086 
567 129 24 32 0.044923503 
590 156 38 50 0.044795323 
771 220 24 32 0.04475517 
558 369 68 87 0.043850545 
692 156 24 33 0.04232272 
554 96 42 55 0.042088717 
566 147 19 25 0.04145568 
158 112 49 59 0.040952805 
99 0 23 29 0.039926562 
719 144 47 60 0.03973148 
155 1 25 29 0.03933848 
811 204 27 35 0.039310887 
760 300 27 36 0.03898552 
561 99 24 30 0.03779825 
48 91 41 54 0.03775594 
465 54 24 30 0.03716336 
4 19 25 31 0.03714579 
990 208 26 35 0.037032694 
610 232 40 50 0.036225118 
522 107 60 79 0.036097996 
325 87 43 53 0.03589926 
661 412 23 32 0.03582441 
769 246 33 43 0.03499275 
643 201 21 28 0.03476109 
643 401 38 49 0.03423329 
494 119 62 77 0.03420719 
395 98 42 59 0.03382488 
796 215 27 34 0.033735637 
739 194 34 43 0.033501334 
757 326 37 47 0.033291016 
792 155 23 28 0.033137422 
122 109 48 54 0.033047922 
697 200 26 32 0.032728974 
79 -2 24 27 0.032593504 
52 253 81 92 0.03247378 
617 203 20 25 0.032158583 
921 127 22 28 0.031868186 
657 132 34 45 0.031212892 
28 12 31 38 0.030835459 
587 128 27 34 0.030822491 
438 117 63 77 0.030631922 
475 100 65 81 0.030133959 
539 150 22 29 0.029615166 
767 134 24 31 0.029169405 
749 527 347 366 0.029066483 
589 122 68 97 0.02898837 
-1 33 35 50 0.028903034 
639 165 32 43 0.02877964 
671 171 20 26 0.02871285 
-1 4 54 63 0.028660553 
511 272 67 81 0.028588677 
580 224 58 71 0.028196294 
596 235 22 29 0.027818477 
0 201 36 60 0.027639683 
284 0 24 27 0.027553642 
546 205 22 28 0.027344586 
-227 328 700 736 0.02734177 
525 361 127 136 0.02720014 
536 193 38 49 0.026778312 
763 276 36 43 0.026672546 
-70 532 353 358 0.026413308 
818 180 24 31 0.026405407 
993 277 22 28 0.02628637 
528 263 45 56 0.026182119 
179 189 44 50 0.025921164 
515 144 70 94 0.025746178 
699 220 37 46 0.025734413 
466 201 80 88 0.025728794 
513 196 69 87 0.025616044 
615 80 23 28 0.025478244 
407 104 25 33 0.02547364 
559 202 19 25 0.02537985 
593 247 24 31 0.025337068 
625 150 57 72 0.024986299 
10 101 23 30 0.024965266 
668 204 21 28 0.024907596 
568 182 17 23 0.024856966 
785 298 37 48 0.024836402 
46 61 42 55 0.02477183 
0 70 26 36 0.024699068 
744 340 40 53 0.0242649 
16 65 39 51 0.024124917 
761 129 38 51 0.023970293 
966 183 23 31 0.023944654 
540 227 60 74 0.023852708 
50 425 530 537 0.023729574 
635 294 42 46 0.023656001 
784 149 38 50 0.023562435 
521 346 75 95 0.023214752 
151 21 25 32 0.023195961 
622 371 66 83 0.02312668 
480 227 80 94 0.023049202 
539 427 67 88 0.022965143 
491 443 71 85 0.022925489 
458 306 79 95 0.022894433 
437 232 89 99 0.022814652 
46 30 41 51 0.02280209 
603 171 71 99 0.02271328 
486 174 68 86 0.022647172 
695 158 47 60 0.022523716 
594 204 19 26 0.022403816 
967 236 35 46 0.02240283 
568 374 28 39 0.022304114 
642 126 23 28 0.022259114 
358 38 39 48 0.022233142 
585 392 73 84 0.021856807 
712 261 40 51 0.021856423 
550 337 62 81 0.021781811 
563 305 687 739 0.021702053 
638 197 35 45 0.021658752 
944 319 40 52 0.021604938 
632 256 45 54 0.021586299 
674 231 25 34 0.02139973 
867 389 75 97 0.021392997 
274 330 70 97 0.02131533 
886 170 28 37 0.021305539 
120 54 41 51 0.021281108 
607 193 38 48 0.021251576 
925 187 30 39 0.021251518 
4 117 34 45 0.021127444 
468 144 73 85 0.02108678 
840 341 48 55 0.021075375 
751 290 47 57 0.021063749 
606 77 37 47 0.02101233 
441 441 77 87 0.02096055 
519 409 62 80 0.020845756 
481 415 147 173 0.020830033 
670 243 27 38 0.02070468 
539 28 222 275 0.020681383 
855 360 53 59 0.020504322 
66 38 41 51 0.020484358 
558 78 40 48 0.020253858 
150 389 73 102 0.020239275 
544 465 53 75 0.02018156 
561 70 65 75 0.020043913 
