2_Demonstration_Demonstrators_2_244
229
718 149 65 88 0.99559444 
423 115 45 55 0.9300368 
251 174 25 31 0.4750912 
441 110 44 55 0.46395952 
462 175 30 38 0.23848425 
907 140 37 46 0.11948896 
537 132 25 31 0.10507201 
124 4 24 26 0.08643592 
445 129 47 60 0.08508967 
136 432 59 82 0.083143674 
541 147 25 32 0.08296933 
941 128 23 29 0.07634769 
201 177 20 25 0.074960075 
474 371 89 109 0.073184386 
311 99 24 28 0.0725329 
662 150 22 28 0.07021245 
101 241 41 54 0.06900384 
199 201 21 25 0.06845593 
558 49 22 26 0.06760389 
776 455 46 57 0.066984326 
313 179 22 26 0.065906726 
205 153 21 26 0.06365457 
164 176 19 23 0.062233686 
158 227 21 26 0.060901996 
832 110 44 62 0.06023765 
107 174 23 29 0.058520902 
126 220 24 29 0.058384493 
103 225 23 28 0.05669557 
241 180 20 26 0.056572277 
407 285 29 35 0.053856894 
724 320 29 37 0.053719267 
842 125 27 38 0.053625632 
976 13 26 32 0.053185195 
98 221 40 51 0.051272023 
181 178 19 24 0.050678566 
178 286 23 31 0.048459027 
385 152 25 32 0.047365926 
644 153 23 28 0.04712697 
841 142 26 35 0.046684064 
476 174 26 33 0.04668252 
594 170 24 30 0.04629841 
125 180 20 26 0.046037246 
106 208 24 29 0.046036918 
159 208 19 23 0.045893557 
819 485 27 36 0.045126613 
542 171 25 32 0.04490097 
466 114 37 48 0.044153668 
665 1 20 23 0.04308594 
612 174 24 29 0.04263841 
212 258 21 26 0.042318523 
214 276 22 29 0.042171065 
774 457 29 39 0.042103324 
249 197 27 33 0.041985303 
378 164 35 44 0.041924395 
176 229 21 28 0.041715838 
616 153 23 30 0.041713975 
327 175 20 26 0.041040435 
662 199 21 28 0.040411513 
113 216 41 51 0.03974086 
113 251 46 59 0.03878427 
786 443 63 77 0.037831686 
153 259 21 26 0.03715029 
187 202 19 24 0.037135035 
671 181 21 28 0.03693802 
511 153 22 30 0.036560223 
599 197 37 47 0.03655026 
362 175 22 29 0.036467124 
934 496 43 57 0.03622273 
512 4 20 24 0.035599492 
450 156 54 63 0.035298333 
555 154 25 32 0.035274655 
249 289 48 54 0.034937114 
648 201 22 28 0.034400113 
53 183 21 27 0.033116423 
556 170 23 31 0.03288491 
255 162 22 26 0.03285409 
185 156 20 26 0.032832883 
976 178 20 27 0.03282684 
251 219 32 39 0.032650206 
917 182 61 70 0.03262632 
205 130 21 25 0.03256477 
239 201 22 27 0.03256181 
926 126 35 46 0.032086737 
285 178 21 27 0.032079037 
76 204 20 27 0.03177306 
592 159 22 29 0.03143859 
750 529 351 368 0.03134779 
569 275 34 45 0.031121308 
774 198 51 66 0.031038871 
503 461 48 58 0.030879278 
306 151 19 24 0.03065723 
-58 187 725 790 0.030572295 
157 170 33 39 0.030536043 
491 279 28 31 0.030435624 
814 202 45 61 0.030337295 
98 428 95 122 0.030086368 
405 164 36 46 0.030008454 
975 152 20 27 0.029996397 
837 203 28 39 0.029976472 
821 197 30 41 0.029944597 
506 387 55 67 0.029587818 
156 438 27 33 0.029305669 
823 149 25 34 0.029088225 
905 156 56 67 0.028903231 
835 441 67 77 0.028787494 
593 203 27 34 0.02863805 
133 253 60 76 0.02863141 
121 253 25 31 0.028597342 
149 218 37 44 0.028540257 
230 152 20 25 0.028485186 
944 141 24 31 0.028367653 
72 262 58 84 0.028363418 
995 131 17 25 0.02829814 
77 298 26 38 0.02823378 
77 225 20 25 0.02818417 
111 473 385 392 0.028044077 
409 99 43 55 0.027873656 
69 396 161 215 0.027801732 
90 212 73 93 0.0277915 
312 250 25 32 0.02764841 
2 204 19 27 0.027566683 
73 176 22 29 0.027501842 
155 273 22 30 0.027259579 
388 125 25 32 0.027224803 
173 291 36 51 0.027216839 
976 275 25 35 0.027175788 
142 249 39 49 0.026819065 
743 173 76 100 0.026617644 
53 200 20 26 0.026573377 
119 176 34 45 0.026553158 
218 275 35 47 0.026474593 
29 181 21 27 0.026183397 
444 341 101 107 0.02611922 
320 246 37 45 0.026032783 
158 44 21 28 0.025948063 
490 222 24 30 0.025833456 
31 204 20 27 0.025620293 
818 177 25 35 0.02560888 
62 231 246 363 0.025529612 
229 127 21 26 0.025402004 
943 179 28 34 0.02528278 
509 101 22 28 0.025230354 
567 307 687 738 0.025029406 
100 269 26 37 0.024976198 
176 171 32 39 0.024888275 
148 449 36 46 0.024835734 
818 71 68 100 0.02475926 
328 299 24 32 0.024717875 
441 258 23 30 0.024675818 
978 132 19 26 0.024595052 
973 293 34 57 0.024428863 
182 254 20 26 0.024371885 
218 276 57 72 0.024262529 
363 157 21 26 0.02425766 
231 164 48 59 0.024218803 
26 230 21 29 0.024095487 
101 123 20 25 0.024058614 
742 5 21 24 0.02404246 
585 23 19 22 0.023988344 
253 279 32 38 0.023944642 
865 175 26 36 0.0239135 
977 246 26 36 0.023852231 
120 443 49 64 0.023708366 
818 135 40 55 0.023584906 
100 108 20 26 0.02357983 
514 128 22 29 0.023561873 
125 268 28 36 0.023549994 
75 220 35 47 0.023538357 
159 159 20 26 0.023458043 
104 155 21 25 0.023439791 
732 121 73 96 0.023382463 
822 460 58 71 0.023358492 
181 148 36 42 0.02333334 
188 20 21 24 0.023182886 
525 121 48 57 0.02318028 
948 486 29 37 0.023168206 
838 289 45 62 0.023107765 
485 103 26 34 0.02293638 
564 30 19 22 0.022918995 
-58 461 357 397 0.022749942 
330 99 24 29 0.022747423 
690 107 22 27 0.022746963 
436 376 78 97 0.022734396 
512 336 73 90 0.0227084 
267 275 43 52 0.022602523 
141 279 61 80 0.02259675 
181 194 33 40 0.022583138 
800 398 24 33 0.022532374 
796 434 24 29 0.022482892 
435 1 22 24 0.022187347 
941 201 31 39 0.022180371 
812 402 22 30 0.021999625 
815 458 26 32 0.021865861 
949 412 41 52 0.02170887 
155 4 19 21 0.02154284 
200 290 36 51 0.021537518 
973 52 20 29 0.02152563 
356 224 25 32 0.02151514 
324 267 40 49 0.021375423 
148 313 39 51 0.021336885 
967 173 34 45 0.02132001 
130 19 22 26 0.021312848 
54 248 22 30 0.021244464 
34 223 56 80 0.021174328 
159 426 49 64 0.021161323 
472 138 39 51 0.021158181 
2 42 20 31 0.021048686 
381 297 42 45 0.020974452 
513 384 31 36 0.020947738 
458 283 27 32 0.02090551 
943 25 23 26 0.020835578 
281 202 23 30 0.0208239 
548 27 18 23 0.020792156 
772 104 73 88 0.020728547 
529 153 50 64 0.020703 
196 127 36 44 0.020577312 
334 156 19 24 0.02055562 
369 315 45 53 0.020531975 
73 199 34 44 0.020475516 
70 212 57 75 0.020331237 
152 29 20 25 0.020304093 
56 232 20 26 0.020289276 
786 214 29 39 0.020288052 
771 419 63 83 0.020221027 
864 504 30 36 0.020164842 
848 178 26 33 0.020155469 
358 200 23 31 0.02011843 
867 478 32 38 0.02011633 
333 518 355 358 0.0200094 
