2_Demonstration_Demonstration_Or_Protest_2_173
301
170 315 39 50 0.99330294 
868 210 40 50 0.9871126 
583 234 41 54 0.9758188 
505 215 40 51 0.97260475 
108 248 38 47 0.964967 
848 292 48 58 0.96361494 
53 353 41 52 0.9602297 
651 210 40 50 0.95549816 
360 298 35 46 0.9421787 
676 279 42 56 0.9271442 
271 275 35 43 0.9175306 
353 231 27 33 0.90381414 
669 146 23 29 0.83423173 
460 229 32 42 0.81449425 
-4 305 27 38 0.74638104 
774 189 33 43 0.6839049 
827 160 25 31 0.6515024 
741 160 22 28 0.6087141 
173 220 22 28 0.54193115 
311 205 21 26 0.49559584 
99 206 24 29 0.47958437 
254 245 30 37 0.47819588 
940 196 32 39 0.4518173 
50 259 23 31 0.4013719 
490 157 21 27 0.39078203 
28 208 24 30 0.37261707 
57 151 25 29 0.33761495 
570 181 23 28 0.3274681 
227 204 21 26 0.3256661 
607 152 22 28 0.31496495 
254 234 25 32 0.30858356 
874 147 21 25 0.27891266 
361 198 23 27 0.24970886 
287 199 22 27 0.23063633 
27 461 30 37 0.2024581 
5 233 21 29 0.19778574 
361 189 20 24 0.19422117 
384 187 20 26 0.1662483 
182 271 30 37 0.15303369 
463 202 25 33 0.14889698 
972 296 28 45 0.1249259 
486 213 44 59 0.12430687 
208 237 23 28 0.11922975 
212 199 20 24 0.11828776 
1 127 19 27 0.11337634 
818 103 21 26 0.108212635 
22 222 23 30 0.10807736 
543 160 22 27 0.10499618 
487 174 23 28 0.09786141 
107 434 29 36 0.096619345 
287 187 22 26 0.09577694 
162 210 20 26 0.09483665 
211 187 19 24 0.09052872 
179 259 24 30 0.089776136 
634 241 40 51 0.085994124 
510 185 23 29 0.084712476 
433 181 19 23 0.08154471 
994 145 19 29 0.080849886 
968 122 21 28 0.08008419 
563 156 20 25 0.07786188 
897 148 20 26 0.07722332 
644 155 21 28 0.07659465 
861 289 59 74 0.07441819 
467 185 20 26 0.07356981 
156 149 19 24 0.07034372 
666 177 26 32 0.068586886 
637 265 37 47 0.06744348 
839 169 24 30 0.06730466 
916 133 18 23 0.06633839 
994 132 19 27 0.065988034 
468 156 19 24 0.06553562 
26 342 35 49 0.06492238 
697 128 21 26 0.06341357 
507 156 19 24 0.062775746 
30 180 20 24 0.062109064 
790 155 21 26 0.060828265 
965 217 31 47 0.06073403 
540 173 22 26 0.056040257 
262 153 20 27 0.05579293 
174 556 27 35 0.054834396 
634 173 25 31 0.054658964 
820 131 21 27 0.054202676 
941 209 37 47 0.05402838 
971 109 19 26 0.05389663 
725 158 19 24 0.05343422 
415 174 19 23 0.05340121 
946 183 27 33 0.05337125 
7 208 21 28 0.05300836 
259 210 19 25 0.052551188 
569 131 20 26 0.052156817 
100 224 37 48 0.05213678 
230 187 18 22 0.051733773 
42 462 28 35 0.051310796 
101 134 19 23 0.051234808 
7 246 21 28 0.05078647 
958 195 33 48 0.050574325 
905 136 20 24 0.050441995 
202 243 34 39 0.050128922 
335 183 18 22 0.04993617 
104 188 20 24 0.049641658 
959 123 20 25 0.048439965 
132 209 20 25 0.048335187 
896 178 25 32 0.048038274 
743 375 37 48 0.047958322 
793 133 19 25 0.04723293 
574 39 50 48 0.047218148 
234 227 22 27 0.047152437 
1 340 34 44 0.046805948 
264 587 21 26 0.046353273 
210 445 38 45 0.045737673 
356 159 18 22 0.045400955 
165 101 18 22 0.04533375 
230 614 22 28 0.045245707 
339 156 18 22 0.04504711 
821 54 23 28 0.04503882 
132 156 17 22 0.04422696 
113 487 24 30 0.04411049 
877 102 20 25 0.043679282 
917 148 20 25 0.043088738 
59 170 22 28 0.042555645 
773 126 21 25 0.04221965 
183 305 40 49 0.04190532 
991 229 25 37 0.04176828 
923 241 36 49 0.041705858 
27 254 21 27 0.041459486 
490 346 43 54 0.041248314 
255 576 39 45 0.04123721 
819 69 22 29 0.041151837 
408 303 35 44 0.04085031 
305 187 19 23 0.040572446 
346 219 43 53 0.040424623 
413 324 28 35 0.04035768 
7 182 20 26 0.04022634 
955 109 20 24 0.03991889 
263 180 18 22 0.039908398 
417 162 19 25 0.03987928 
433 157 18 24 0.039848927 
35 84 17 22 0.039698556 
418 470 67 81 0.039570536 
130 102 18 23 0.039565768 
563 227 42 55 0.03942292 
929 202 26 32 0.03926082 
746 107 21 27 0.03920768 
273 259 30 35 0.039089352 
325 204 19 25 0.03900851 
441 199 23 29 0.038909014 
518 127 20 24 0.038905367 
822 7 21 24 0.0386393 
119 449 26 35 0.038376734 
562 196 25 32 0.0380499 
52 332 33 41 0.037872463 
745 127 21 26 0.037581448 
80 209 20 27 0.037395127 
685 152 20 26 0.037104316 
714 128 20 26 0.036933858 
51 208 20 24 0.03670981 
100 55 18 22 0.036616392 
71 178 20 26 0.03641162 
258 132 21 27 0.035858717 
591 206 29 35 0.035730828 
480 262 38 46 0.035380803 
921 221 37 47 0.03531073 
178 186 18 23 0.034683693 
977 173 24 32 0.033859972 
36 96 17 23 0.033234574 
161 188 18 24 0.032674223 
101 74 20 27 0.032476954 
107 452 26 34 0.032440446 
876 321 57 72 0.031838436 
690 78 24 29 0.031660024 
77 133 21 25 0.03149612 
343 232 23 29 0.031121492 
770 5 19 23 0.031085558 
199 548 27 33 0.030693755 
230 246 33 42 0.030606985 
389 159 18 22 0.03055218 
719 174 22 28 0.029942099 
287 271 38 48 0.029866783 
229 579 39 48 0.029766759 
55 586 23 31 0.029383574 
844 101 19 24 0.0293588 
587 65 32 37 0.029226024 
358 284 31 40 0.029049447 
233 589 21 26 0.0289736 
231 574 67 82 0.028959624 
619 180 24 31 0.028942168 
282 225 23 29 0.028869823 
283 153 19 24 0.028790519 
877 75 20 25 0.028723456 
609 200 28 36 0.02848029 
171 517 57 68 0.02833766 
983 73 19 26 0.028229717 
224 602 38 45 0.02809111 
460 131 21 26 0.028030325 
34 156 17 22 0.027981063 
995 108 16 23 0.027914776 
980 149 21 29 0.027519537 
891 99 21 26 0.027494932 
772 20 20 25 0.027388558 
612 132 22 27 0.027280591 
173 104 20 25 0.027274411 
105 501 35 43 0.02725753 
872 180 25 30 0.027216839 
670 102 22 28 0.027206201 
479 237 42 55 0.027056476 
289 187 46 60 0.026904786 
771 158 21 28 0.026813904 
485 296 38 45 0.026756743 
361 90 22 31 0.026688663 
356 338 42 52 0.026420722 
986 345 35 53 0.026185619 
692 103 23 28 0.026045501 
236 560 21 25 0.025809923 
81 465 24 31 0.025771245 
220 434 32 39 0.025729451 
736 4 21 25 0.025596289 
257 101 19 25 0.025543127 
429 174 30 40 0.025474753 
108 152 17 23 0.025461668 
968 243 33 51 0.025330368 
993 171 21 29 0.025083577 
646 134 20 27 0.024823947 
431 483 79 97 0.024735875 
696 288 41 53 0.024640065 
83 52 16 21 0.024638245 
604 258 42 53 0.024526749 
741 273 38 49 0.024415117 
160 134 18 22 0.0242926 
993 75 16 23 0.02417581 
101 425 49 59 0.024170412 
23 302 24 33 0.024148675 
131 83 17 22 0.024129076 
440 238 37 48 0.024115145 
48 99 19 24 0.024047967 
593 126 21 27 0.024024623 
357 75 24 35 0.023810988 
132 128 17 21 0.023742989 
281 105 20 26 0.023659902 
510 1 24 28 0.023653843 
175 153 18 23 0.02345518 
995 1 19 22 0.023439398 
818 149 41 54 0.023306414 
500 147 31 41 0.023303805 
411 202 20 25 0.023267562 
135 50 17 20 0.02316987 
255 81 19 24 0.022977574 
305 152 20 24 0.022900378 
308 130 21 27 0.022885773 
938 246 36 50 0.022421505 
953 151 21 26 0.022310484 
584 178 23 28 0.022294031 
773 78 21 27 0.022149542 
810 410 45 52 0.02199941 
525 219 32 41 0.02186572 
55 135 21 27 0.021807043 
383 253 23 30 0.021729661 
100 472 49 60 0.021724105 
383 228 21 27 0.021644445 
365 127 20 25 0.021542422 
93 125 32 40 0.021390026 
130 579 24 32 0.021375569 
250 558 67 79 0.021370636 
428 308 25 32 0.021313949 
228 553 41 49 0.02131113 
124 231 26 32 0.021261407 
896 82 21 25 0.021238722 
337 299 38 48 0.021206336 
765 104 20 26 0.021200683 
195 278 28 34 0.021193624 
6 453 35 43 0.021160988 
646 202 32 42 0.021129787 
27 278 22 30 0.02111023 
984 318 34 54 0.021090757 
952 23 22 25 0.020957028 
603 368 53 69 0.020886024 
725 2 21 25 0.020730954 
491 1 24 27 0.020713596 
53 230 21 27 0.020703442 
230 302 28 36 0.020695226 
117 546 40 50 0.020694626 
96 522 39 48 0.02069433 
416 557 23 30 0.020671487 
422 314 35 45 0.020666564 
231 660 25 31 0.020666026 
310 221 22 28 0.020663064 
162 562 24 31 0.020641336 
835 439 46 53 0.020606738 
334 129 19 25 0.02059855 
643 103 21 26 0.020585557 
133 183 18 23 0.020561524 
282 127 20 25 0.02051119 
977 47 19 25 0.020495884 
285 717 24 26 0.020469654 
347 484 57 67 0.020407917 
251 660 24 31 0.020356229 
28 462 47 56 0.020304708 
920 72 19 25 0.020275446 
411 76 21 27 0.020231884 
196 557 67 80 0.020207852 
189 510 68 83 0.020149773 
52 594 34 48 0.020030137 
