2_Demonstration_Demonstration_Or_Protest_2_799
209
364 300 18 22 0.28765777 
466 263 17 21 0.2558968 
473 233 17 20 0.2502784 
267 287 16 21 0.17458804 
54 250 22 28 0.14808385 
188 257 17 21 0.12830491 
337 255 16 20 0.12297693 
210 253 17 20 0.113920614 
410 314 18 22 0.1125643 
230 251 16 20 0.10880672 
620 227 15 19 0.10678108 
190 228 16 20 0.105197914 
794 227 17 22 0.10310438 
646 226 15 20 0.095813386 
387 261 15 19 0.09485108 
430 224 15 19 0.0914547 
228 238 17 21 0.0903052 
310 285 16 20 0.087638885 
356 205 16 19 0.086641714 
54 236 23 27 0.08256372 
718 237 18 22 0.08169332 
640 214 16 20 0.07990173 
208 236 16 20 0.07865043 
105 309 21 25 0.077989705 
152 226 19 23 0.07699689 
4 255 26 37 0.07242016 
388 282 16 19 0.06931111 
158 307 19 23 0.06905782 
278 290 17 21 0.068651795 
180 283 17 23 0.068087 
358 261 16 20 0.06722 
135 259 18 22 0.06584392 
267 302 16 19 0.064931974 
623 214 16 20 0.06468297 
319 181 16 20 0.06370877 
342 209 15 18 0.0636365 
187 215 16 21 0.06212412 
419 231 15 18 0.06167882 
408 284 15 19 0.061309468 
256 264 16 21 0.059761923 
287 257 16 20 0.059301347 
844 290 16 20 0.057287984 
614 257 16 19 0.056929674 
162 288 16 20 0.05600267 
672 204 16 20 0.053818073 
22 253 23 28 0.05328109 
875 353 19 22 0.053255107 
278 301 16 19 0.052002147 
206 286 17 21 0.051359233 
317 261 15 18 0.0512254 
819 312 18 20 0.048914246 
394 235 15 17 0.04863933 
393 206 15 16 0.04852756 
432 215 16 20 0.048179075 
413 329 18 22 0.04811218 
337 235 15 18 0.047696177 
648 360 20 23 0.047087222 
235 285 16 20 0.046255782 
154 213 18 22 0.046049904 
669 256 16 20 0.04600503 
878 311 17 20 0.045156658 
105 233 17 22 0.044146363 
469 214 15 19 0.044103123 
152 254 17 22 0.043989085 
481 234 16 20 0.043356165 
29 206 22 25 0.043323267 
806 313 17 20 0.04316988 
382 307 17 21 0.04269918 
770 229 16 19 0.042477116 
753 209 16 19 0.04210668 
847 235 16 19 0.041657466 
358 228 15 17 0.041635085 
662 359 21 26 0.041604962 
819 330 20 24 0.04158105 
256 227 15 20 0.040752243 
827 233 18 22 0.040353205 
129 278 17 21 0.03989536 
418 258 15 19 0.03935975 
313 233 14 17 0.039224118 
438 182 16 19 0.039209392 
827 288 17 20 0.038737386 
59 274 20 25 0.03849458 
203 213 17 20 0.038398217 
439 260 15 19 0.038302153 
25 357 21 29 0.03806249 
308 306 17 20 0.037985384 
590 238 15 18 0.037279375 
20 276 23 30 0.037084285 
206 308 18 20 0.03683034 
290 235 16 19 0.036718734 
232 310 17 20 0.036656614 
720 249 17 21 0.036626033 
667 233 16 20 0.03619799 
46 309 21 25 0.03617871 
897 412 21 26 0.03600361 
290 207 15 18 0.035747323 
690 292 18 22 0.035654966 
257 211 16 19 0.035489168 
415 212 16 19 0.0353866 
330 188 15 18 0.035375778 
794 213 18 21 0.035246436 
108 255 17 21 0.034625307 
668 306 17 20 0.034454834 
674 338 18 20 0.03435804 
648 256 16 20 0.034125928 
751 229 17 19 0.03407653 
874 230 16 21 0.033911932 
311 210 15 17 0.033684514 
843 303 16 18 0.03304375 
493 281 17 22 0.032648396 
387 154 16 19 0.031878643 
951 200 19 23 0.031811986 
466 228 27 34 0.03176466 
460 184 16 19 0.031658776 
873 287 16 20 0.031551808 
927 263 17 21 0.031433985 
596 257 16 19 0.03134325 
520 237 18 22 0.030974962 
108 285 18 21 0.030968783 
414 183 15 20 0.030298231 
73 229 19 24 0.029864945 
905 282 16 19 0.02985806 
137 229 18 22 0.029854441 
6 327 21 27 0.029790882 
363 189 15 18 0.029760052 
717 304 16 19 0.029455211 
764 340 19 22 0.029353015 
922 284 16 22 0.028961265 
644 288 16 20 0.02882706 
895 259 19 23 0.028609583 
650 307 16 19 0.028539933 
878 339 18 22 0.02842697 
751 340 19 22 0.028371025 
490 308 17 21 0.028272659 
691 259 16 19 0.028162828 
2 305 24 33 0.028120097 
486 263 17 21 0.02811501 
822 255 17 21 0.027972816 
30 306 22 28 0.027240587 
285 183 16 20 0.02723419 
890 350 18 22 0.027092772 
804 332 19 25 0.026974838 
-62 525 362 355 0.026968062 
27 335 21 26 0.026912604 
342 288 15 19 0.026838038 
724 291 16 20 0.02672163 
895 229 21 24 0.026693149 
616 183 15 19 0.026617719 
967 405 21 27 0.026546106 
439 310 16 18 0.026442882 
720 209 15 18 0.026374644 
672 290 17 20 0.026350062 
465 275 17 21 0.026297366 
435 340 16 20 0.02626122 
878 260 17 20 0.025738763 
126 457 25 31 0.02565529 
540 237 17 22 0.025608642 
928 306 17 20 0.025574135 
464 308 15 18 0.025301248 
816 354 20 24 0.02485364 
29 231 21 27 0.024741821 
73 256 19 23 0.024476329 
392 185 15 18 0.024397852 
182 308 18 23 0.024395343 
237 213 16 19 0.024348442 
690 207 15 18 0.024159415 
136 211 18 22 0.023845315 
358 286 28 35 0.023819681 
798 285 15 19 0.023770789 
50 337 22 25 0.023407035 
828 200 16 20 0.023224829 
770 284 17 21 0.023116242 
515 253 19 24 0.02297275 
467 343 16 20 0.022970026 
5 235 50 62 0.022942834 
766 212 16 19 0.022915289 
460 254 28 36 0.022907117 
35 221 54 65 0.022813221 
669 188 16 21 0.022787144 
77 211 19 23 0.022720851 
76 281 17 21 0.022608802 
747 508 349 383 0.022438448 
186 249 28 36 0.02226495 
764 306 17 19 0.022126483 
874 207 17 20 0.022008058 
487 209 16 18 0.02200235 
52 261 33 42 0.021998104 
753 309 16 19 0.021856613 
263 281 27 34 0.021636318 
802 353 21 28 0.02157154 
745 283 17 21 0.021531349 
383 413 22 28 0.021355582 
203 243 29 36 0.021126704 
648 185 16 19 0.021006184 
460 351 16 20 0.02100485 
995 256 17 22 0.021002453 
389 335 17 21 0.020914357 
995 206 18 23 0.020627288 
850 258 16 20 0.0205827 
950 258 17 21 0.020548493 
925 335 16 21 0.020534322 
391 134 17 20 0.02051086 
-205 324 691 712 0.020437028 
700 160 17 21 0.020399204 
968 335 16 20 0.020329539 
487 335 17 21 0.02029283 
926 230 17 20 0.020149656 
594 207 14 18 0.020074591 
124 308 19 23 0.020054512 
