2_Demonstration_Protesters_2_179
127
517 193 30 39 0.9606026 
154 189 39 46 0.9599103 
644 158 27 34 0.48392275 
864 124 27 34 0.3939612 
842 155 25 33 0.20092176 
792 157 21 26 0.13512485 
846 168 24 31 0.13183577 
795 224 22 28 0.111695096 
484 199 23 32 0.09719792 
657 155 25 33 0.09569472 
745 150 20 26 0.09511031 
969 199 18 24 0.09131224 
696 144 23 31 0.08870565 
970 188 19 23 0.08793677 
696 135 20 25 0.08786044 
467 198 24 30 0.08310239 
929 232 23 29 0.08099501 
868 143 28 35 0.07877635 
791 173 21 27 0.07794493 
854 123 24 32 0.0756145 
713 150 21 27 0.07418184 
563 154 21 27 0.0708701 
717 176 28 35 0.068449676 
767 179 23 31 0.06563065 
741 132 21 26 0.06532184 
389 197 23 31 0.063243516 
43 358 22 29 0.06299199 
461 182 22 27 0.06294755 
482 102 19 23 0.062051415 
850 202 25 30 0.061138887 
561 177 24 33 0.060460504 
741 178 23 31 0.058906246 
715 130 20 27 0.058624692 
826 155 20 27 0.05827496 
104 235 22 29 0.058259275 
535 184 23 30 0.058257274 
820 222 26 32 0.05674403 
770 154 20 26 0.05660679 
929 248 24 33 0.054550216 
731 168 38 50 0.053363074 
522 100 19 26 0.04970452 
704 147 36 48 0.048973575 
737 149 35 48 0.04746436 
940 229 20 27 0.046089698 
817 210 21 27 0.045084126 
307 252 22 28 0.042712983 
-2 40 22 33 0.0426161 
418 129 20 25 0.04196386 
797 210 21 26 0.041215766 
835 143 46 58 0.040097196 
541 157 20 26 0.03959771 
708 170 45 61 0.039347872 
566 129 20 26 0.0375861 
494 152 20 25 0.037306145 
889 144 23 30 0.0365694 
560 197 26 36 0.03507684 
956 203 19 25 0.035045583 
644 145 45 58 0.03432513 
471 94 31 40 0.033454068 
753 161 48 66 0.032622576 
748 530 349 366 0.032197624 
643 230 24 31 0.0317469 
80 325 21 27 0.031662803 
-70 539 354 353 0.031511527 
586 178 25 32 0.030318959 
832 178 57 68 0.029607488 
436 155 19 23 0.02949233 
532 100 19 26 0.029462285 
-234 333 714 738 0.029396662 
766 195 23 31 0.028652415 
682 133 52 66 0.02795198 
4 323 21 30 0.02736073 
866 112 24 28 0.02727859 
833 208 38 47 0.027235653 
640 196 25 32 0.02705981 
586 151 20 27 0.027002122 
23 117 24 36 0.026944479 
570 307 688 740 0.026749883 
4 254 21 29 0.026679574 
824 172 20 26 0.026672559 
820 248 27 32 0.026634527 
765 154 33 45 0.026582494 
814 141 49 64 0.026469732 
84 314 23 30 0.02594958 
389 182 21 29 0.025939336 
430 132 18 24 0.025938367 
419 104 19 24 0.025580648 
811 201 36 44 0.02547474 
440 176 20 25 0.025176747 
853 163 37 47 0.024685431 
977 223 20 27 0.02455945 
132 542 364 348 0.024469253 
79 389 20 25 0.024245169 
889 132 22 28 0.024147052 
912 230 50 66 0.02409275 
818 166 33 41 0.023987468 
486 186 46 58 0.023912357 
510 155 21 25 0.023827143 
851 135 47 57 0.023116441 
521 82 18 23 0.023084262 
793 132 20 25 0.022868285 
492 249 24 31 0.02272664 
742 111 19 24 0.022675432 
337 256 22 28 0.02257443 
139 156 69 81 0.022568727 
429 101 20 25 0.022426436 
309 280 22 29 0.022345828 
919 299 21 28 0.02217667 
978 285 23 31 0.021941539 
69 90 47 51 0.021780511 
994 204 17 22 0.021718452 
803 187 60 70 0.021711726 
339 278 22 28 0.0216804 
413 119 32 41 0.021564465 
773 157 51 66 0.021512121 
459 81 55 72 0.021391114 
502 189 62 69 0.021320494 
359 258 22 28 0.020846592 
743 191 25 34 0.020822316 
484 186 22 29 0.020820426 
447 167 50 61 0.020626869 
559 120 33 43 0.020625701 
518 124 20 26 0.020414865 
691 180 39 53 0.020401433 
810 235 75 82 0.020287598 
925 275 24 31 0.020257214 
692 231 22 28 0.020139258 
