2_Demonstration_Demonstrators_2_781
137
542 148 57 77 0.9979673 
255 172 50 67 0.9493274 
463 202 41 53 0.93466437 
694 226 42 50 0.72155094 
923 223 32 38 0.675284 
392 192 30 38 0.6524157 
936 264 43 49 0.6062655 
227 125 38 49 0.3258195 
536 217 29 37 0.28620076 
852 245 24 31 0.23792146 
661 151 28 38 0.20690778 
748 215 33 44 0.19110334 
916 240 46 56 0.18834737 
846 238 22 28 0.1875006 
818 229 22 27 0.1661989 
842 355 33 41 0.14596893 
239 140 48 60 0.12500603 
747 243 35 47 0.12327015 
211 122 24 30 0.10153219 
72 127 21 25 0.09761185 
894 224 23 31 0.09137406 
99 210 37 46 0.08637834 
116 205 35 49 0.07062262 
901 199 23 30 0.07046632 
861 252 24 31 0.070132494 
716 496 80 87 0.06765649 
876 231 23 27 0.065881446 
922 273 29 37 0.0632417 
938 227 26 31 0.06305698 
211 136 38 48 0.062016744 
838 299 27 36 0.061566345 
815 247 24 31 0.061256573 
760 211 24 32 0.058679342 
206 358 26 34 0.058139373 
846 272 37 46 0.05772426 
966 277 22 29 0.05329775 
293 164 38 50 0.051704325 
972 343 35 48 0.05124297 
901 187 22 28 0.05007312 
75 205 26 34 0.04904881 
706 84 46 57 0.045833796 
971 259 21 27 0.045550603 
705 20 64 73 0.04533707 
826 308 25 33 0.04517158 
704 55 49 57 0.044613395 
147 176 24 30 0.04249344 
432 201 37 49 0.042197466 
919 211 27 33 0.039824247 
728 559 68 74 0.03953026 
64 200 53 62 0.038762644 
962 286 39 49 0.038661443 
847 330 29 36 0.038052715 
807 218 55 65 0.036952227 
354 386 44 54 0.03604245 
833 233 47 57 0.035867445 
849 340 65 87 0.035657838 
945 450 65 92 0.035464026 
803 386 38 52 0.03487625 
691 520 77 86 0.034830675 
309 162 25 31 0.03462496 
740 530 76 81 0.034262713 
700 468 65 75 0.034227524 
495 334 46 58 0.03359604 
894 213 47 59 0.03277477 
56 225 21 27 0.03255023 
948 343 38 50 0.032460626 
134 177 23 29 0.032255113 
735 262 42 58 0.03180021 
102 177 22 29 0.03126065 
966 322 37 50 0.030763587 
858 286 39 50 0.030276446 
862 277 28 35 0.030255666 
801 228 21 26 0.029931352 
688 90 42 53 0.029426161 
398 181 29 36 0.028993864 
190 342 50 62 0.028957505 
660 529 59 79 0.028883984 
957 254 34 44 0.028540473 
812 447 70 85 0.028444266 
998 232 17 23 0.028365776 
76 181 23 28 0.028215999 
798 242 36 47 0.028172042 
997 257 16 21 0.027980052 
701 203 42 52 0.02713807 
811 259 39 52 0.026878316 
390 350 55 54 0.026769863 
652 139 46 61 0.0267192 
54 206 22 27 0.026506077 
796 207 20 26 0.026309531 
764 562 66 74 0.026201472 
790 260 39 54 0.025876297 
681 459 52 66 0.025545144 
833 487 55 58 0.025421815 
744 173 37 49 0.02529055 
817 212 22 25 0.025281126 
51 181 21 26 0.025094172 
975 301 24 30 0.024914708 
79 144 22 27 0.024899682 
992 298 22 29 0.024696024 
104 250 22 32 0.024561696 
819 274 24 32 0.024369303 
713 149 26 35 0.024256434 
97 237 38 52 0.023977598 
739 467 67 75 0.023885097 
723 293 51 64 0.023708845 
533 180 51 63 0.02364915 
127 277 36 51 0.023601744 
-131 395 540 537 0.023504045 
94 175 38 50 0.023489598 
697 228 61 75 0.02307899 
595 645 61 60 0.022766843 
769 512 71 82 0.022421615 
381 416 45 56 0.02240129 
26 47 22 27 0.022348475 
831 282 50 66 0.022279533 
710 599 89 79 0.022117827 
796 399 61 84 0.021804934 
914 346 39 50 0.021686876 
710 572 51 58 0.02153973 
653 427 521 550 0.021509534 
995 286 19 26 0.021460436 
44 186 57 67 0.021311494 
68 178 39 52 0.021154897 
862 332 28 34 0.021131562 
245 129 27 34 0.021037132 
33 170 95 144 0.021030612 
364 361 70 74 0.020932827 
740 503 40 46 0.020912481 
652 484 61 83 0.020869536 
876 351 60 77 0.020786079 
377 390 45 56 0.020707088 
802 544 46 58 0.020669634 
755 650 51 56 0.02043425 
978 147 23 31 0.020372998 
710 38 34 38 0.02029961 
-31 332 125 184 0.020185662 
58 127 19 23 0.020130754 
