2_Demonstration_Protesters_2_684
468
945 475 29 39 0.72195643 
849 389 23 29 0.5329169 
870 427 22 28 0.447465 
263 307 19 24 0.36372986 
305 385 16 19 0.30209816 
818 453 21 27 0.260757 
364 367 16 20 0.22748022 
737 383 19 22 0.22640261 
200 362 17 22 0.20495583 
216 414 17 22 0.19794185 
463 366 17 22 0.19564454 
909 415 19 25 0.19016135 
488 402 17 22 0.18210365 
730 433 20 24 0.16292982 
105 496 18 23 0.15937124 
340 407 16 20 0.15766777 
363 383 15 18 0.14027973 
890 280 19 23 0.13618863 
419 411 17 22 0.13561171 
703 410 18 21 0.13512595 
338 329 16 20 0.13509415 
336 391 15 19 0.12775792 
254 531 19 25 0.123691715 
772 411 18 23 0.119227976 
413 384 17 20 0.116949886 
387 389 16 19 0.11455881 
306 412 17 21 0.11127003 
715 412 17 22 0.11015477 
893 223 20 25 0.10973085 
193 357 18 23 0.106675915 
610 413 18 21 0.10579982 
728 381 18 23 0.102411784 
536 381 16 20 0.0976782 
846 573 58 66 0.09597646 
568 335 16 21 0.09597567 
237 358 17 21 0.08858891 
441 331 16 20 0.0884544 
616 342 17 22 0.087185174 
464 379 16 20 0.086750805 
362 409 16 20 0.08636207 
224 414 19 23 0.083520435 
291 513 18 24 0.08231572 
464 412 16 21 0.079826035 
386 364 16 19 0.07738095 
620 351 17 22 0.07661478 
652 441 17 21 0.07637123 
204 382 17 20 0.07622456 
534 338 16 20 0.07602677 
517 362 16 20 0.07590786 
698 378 18 22 0.07587105 
435 412 18 22 0.07513195 
113 411 17 22 0.07367004 
156 351 18 22 0.07353541 
384 406 16 20 0.0734163 
296 383 17 21 0.07323165 
153 581 24 31 0.07291955 
306 433 17 21 0.071581945 
899 385 18 23 0.070935294 
695 368 17 21 0.07035572 
647 466 18 22 0.07030946 
518 414 16 20 0.06994376 
414 367 17 20 0.06931054 
869 305 17 22 0.068630815 
391 332 16 19 0.06847477 
570 358 17 20 0.06836983 
601 387 17 21 0.0682805 
801 456 21 27 0.067882776 
310 368 16 19 0.067820825 
493 358 16 19 0.067292064 
856 303 18 22 0.06622999 
360 337 15 18 0.06611019 
114 386 17 20 0.06605387 
767 289 18 21 0.06527418 
932 478 34 47 0.064146966 
280 309 16 20 0.06345535 
305 496 17 21 0.062959045 
336 316 15 18 0.0628064 
723 361 17 22 0.062314596 
534 365 17 21 0.0619888 
662 442 18 21 0.061312564 
338 490 17 21 0.06087346 
288 362 16 21 0.059471816 
521 341 16 19 0.059025347 
354 529 20 26 0.058544926 
207 545 19 25 0.05852032 
881 289 18 22 0.058144365 
100 463 17 21 0.058132846 
743 410 19 23 0.057941016 
520 386 15 19 0.05742915 
343 516 17 22 0.05742542 
287 531 19 24 0.057049505 
611 463 17 20 0.056969535 
233 307 17 22 0.05660375 
292 416 18 23 0.05606581 
441 385 16 19 0.05605408 
814 436 32 40 0.055975836 
595 336 16 20 0.055705085 
567 385 16 19 0.055428885 
463 336 16 19 0.05467605 
755 155 18 23 0.054359708 
546 430 16 20 0.053991944 
560 466 18 23 0.053875912 
123 410 19 24 0.053729195 
302 506 17 21 0.053694416 
572 314 16 19 0.053416777 
787 557 30 36 0.05329775 
493 334 16 19 0.053033546 
234 514 20 24 0.05258913 
202 341 17 19 0.052267265 
442 365 16 20 0.052093506 
944 493 29 39 0.05177135 
832 261 17 22 0.05158333 
291 491 17 22 0.05152644 
209 556 20 26 0.05147245 
414 238 19 23 0.051352356 
900 428 21 27 0.05133867 
133 538 19 24 0.051276494 
952 385 18 24 0.051180586 
291 430 19 24 0.05074363 
233 337 16 20 0.05062014 
127 312 16 21 0.049971882 
765 215 19 24 0.049599476 
848 361 19 22 0.04915551 
122 388 18 22 0.049100302 
254 518 20 25 0.04909351 
592 313 16 20 0.048916887 
539 417 17 20 0.04880894 
338 433 16 21 0.048747502 
315 331 16 19 0.04863759 
851 433 20 27 0.04846622 
744 478 23 29 0.048284847 
602 409 18 22 0.04796744 
338 362 14 17 0.047830164 
689 334 16 20 0.04767822 
726 305 17 21 0.04758431 
410 336 16 19 0.047563173 
594 359 16 20 0.046991006 
131 510 18 22 0.04698385 
153 284 16 20 0.046724338 
362 488 18 23 0.0465612 
205 304 16 20 0.046489555 
924 387 18 21 0.046402868 
30 312 19 23 0.046299588 
598 463 18 22 0.046176173 
978 352 19 24 0.046079047 
231 433 18 22 0.045783393 
356 519 20 24 0.045728516 
256 364 15 20 0.04567234 
420 289 16 19 0.045269325 
870 481 25 30 0.045258656 
691 225 18 22 0.04507176 
818 336 17 21 0.045010876 
209 515 18 23 0.044895202 
612 434 18 21 0.04487095 
310 312 14 17 0.04479112 
409 434 17 22 0.04435188 
725 340 17 21 0.044285078 
773 432 19 25 0.04423065 
182 303 18 22 0.0441474 
56 483 18 23 0.044062477 
548 461 18 23 0.043982163 
972 287 20 26 0.043846596 
104 361 16 20 0.04366485 
770 386 17 23 0.043631975 
651 201 17 21 0.04353753 
385 314 15 19 0.043291297 
992 325 19 27 0.04316578 
344 532 20 24 0.04305838 
851 461 20 26 0.042538233 
7 510 21 31 0.04253735 
420 464 21 25 0.042149864 
596 280 17 20 0.041867625 
863 386 18 23 0.04178925 
919 428 21 26 0.041753422 
132 333 18 22 0.04156922 
213 429 18 23 0.041231345 
801 356 16 21 0.041013073 
622 312 16 20 0.040755674 
335 465 17 21 0.04073115 
568 414 16 20 0.040690605 
859 507 35 41 0.040511146 
51 328 18 22 0.040440794 
29 360 17 20 0.040434234 
647 479 18 22 0.040357735 
81 508 17 22 0.039983906 
162 303 17 22 0.03987576 
33 411 18 22 0.039779775 
234 456 18 22 0.03972574 
189 340 18 22 0.039705615 
611 389 16 20 0.039621543 
54 533 19 24 0.038999446 
106 428 18 24 0.038968407 
437 310 17 21 0.03891592 
927 253 18 22 0.038880166 
673 289 18 21 0.03882847 
492 314 16 19 0.03872437 
438 435 18 23 0.03868212 
930 310 19 24 0.03857791 
210 487 17 22 0.03854175 
843 579 35 44 0.038500123 
81 407 16 21 0.038168836 
158 388 17 21 0.03806152 
769 303 18 20 0.03795873 
655 426 514 548 0.03792667 
792 538 27 33 0.037918635 
19 515 19 26 0.037840087 
929 234 18 23 0.03753987 
257 384 16 19 0.037445877 
487 440 16 21 0.03739971 
83 329 18 21 0.037351504 
82 392 16 19 0.037117623 
592 261 17 19 0.03706116 
185 541 19 24 0.03699774 
742 463 22 27 0.03698958 
563 432 17 22 0.03692517 
848 511 25 33 0.036873218 
470 310 14 18 0.036652375 
387 512 19 25 0.03655597 
708 405 30 37 0.036542818 
256 436 16 21 0.036433924 
392 434 16 20 0.036224924 
366 313 14 18 0.0360897 
801 440 20 25 0.03601451 
232 384 17 19 0.03599227 
689 281 18 22 0.035560012 
128 426 19 25 0.035461396 
187 288 17 20 0.03542436 
866 527 28 32 0.03542327 
763 157 18 22 0.035402194 
497 283 15 19 0.035378966 
841 263 17 22 0.035224635 
846 525 40 50 0.035166014 
644 313 16 19 0.035049785 
614 284 16 19 0.035012078 
468 435 17 20 0.03500691 
698 462 17 22 0.03500529 
894 263 19 22 0.03481452 
418 305 15 19 0.034667764 
983 334 19 25 0.034613766 
382 284 15 19 0.034553673 
51 314 18 23 0.03454206 
879 332 18 22 0.034462735 
868 458 22 27 0.034398083 
747 207 18 23 0.034374498 
775 364 16 20 0.03421671 
361 432 16 21 0.034180567 
385 530 20 25 0.034128707 
637 361 16 20 0.034046847 
182 517 18 23 0.03394238 
804 341 16 21 0.033830635 
438 290 15 19 0.033766583 
47 410 17 21 0.033750374 
363 464 17 21 0.033720292 
848 481 23 29 0.03358624 
741 335 17 20 0.033558454 
892 485 22 29 0.03355434 
535 311 15 18 0.03353691 
385 490 20 25 0.033493716 
611 485 17 21 0.033413526 
370 285 15 17 0.033410225 
792 411 19 25 0.03313757 
413 249 16 21 0.033123508 
300 379 27 32 0.033116333 
260 290 18 22 0.032924615 
289 461 17 22 0.032708798 
263 413 16 20 0.032692984 
1 483 19 27 0.032624427 
661 202 17 22 0.03252986 
235 488 18 23 0.032480434 
741 368 17 21 0.0323822 
928 284 19 24 0.032193094 
158 406 17 21 0.032146733 
813 561 62 73 0.031983156 
131 493 17 21 0.031974938 
571 284 15 19 0.03190784 
644 387 17 21 0.031680293 
519 309 15 18 0.031540684 
110 402 29 37 0.031469587 
514 433 17 21 0.031425405 
7 379 17 22 0.031221418 
672 543 20 26 0.031085504 
310 457 17 21 0.031082653 
427 479 27 34 0.03101272 
156 513 19 24 0.031007798 
106 334 16 21 0.030984268 
183 560 19 24 0.030962428 
676 333 16 19 0.030743424 
744 185 17 22 0.03073421 
414 480 26 34 0.030646238 
689 537 21 27 0.030529646 
237 535 19 26 0.030504804 
897 357 18 22 0.030439036 
78 311 19 23 0.030368084 
108 536 18 22 0.030256487 
31 430 19 25 0.030210689 
818 307 17 22 0.030206274 
51 358 16 19 0.030173382 
112 313 17 20 0.0301216 
821 355 17 21 0.02992275 
662 482 19 24 0.029912377 
944 436 21 26 0.029839005 
87 360 16 18 0.029789612 
663 463 17 21 0.029738693 
211 457 18 23 0.029706018 
643 410 16 20 0.029638292 
130 463 17 21 0.029596206 
671 386 17 21 0.029527152 
771 460 20 26 0.029424995 
929 361 18 22 0.029361332 
803 440 48 58 0.029330906 
235 288 17 21 0.029087706 
511 461 20 24 0.0290734 
153 488 18 23 0.029029997 
995 487 19 25 0.029018814 
979 405 20 27 0.028835341 
972 388 20 25 0.028724194 
929 330 19 24 0.028616328 
833 382 47 61 0.02855212 
25 483 19 25 0.02839918 
80 494 17 21 0.028385686 
29 327 18 22 0.028301995 
307 288 15 18 0.02827679 
490 456 19 24 0.028143195 
947 407 20 25 0.02810185 
823 481 22 28 0.027984496 
285 333 16 19 0.027921798 
799 285 17 21 0.027828055 
156 569 20 27 0.0277603 
873 589 57 57 0.02773029 
57 515 18 22 0.027698133 
191 382 17 21 0.027693737 
699 437 17 22 0.02766039 
995 436 18 24 0.027621381 
841 567 30 39 0.027594378 
795 481 23 29 0.027565265 
953 285 18 23 0.027511084 
743 310 17 20 0.027502596 
997 463 19 24 0.027449243 
460 358 27 36 0.02736217 
211 253 17 21 0.02733486 
782 532 51 64 0.027186844 
976 299 19 26 0.027096653 
600 484 17 21 0.027082155 
893 337 18 22 0.026945844 
5 412 19 25 0.026739072 
288 288 16 19 0.026620716 
720 284 18 22 0.02661103 
692 214 18 23 0.02658167 
603 406 28 35 0.026447427 
255 489 18 22 0.026358932 
460 486 21 28 0.026116924 
643 459 30 38 0.026034143 
993 409 18 24 0.0259865 
748 283 18 22 0.025981998 
671 408 17 21 0.025945079 
140 286 16 19 0.025757644 
797 382 18 24 0.025741704 
258 462 16 21 0.025734158 
926 455 61 74 0.025657805 
340 287 13 17 0.025634432 
952 310 18 22 0.025525048 
878 259 17 22 0.025522081 
791 509 24 31 0.025506355 
873 360 17 22 0.025483597 
675 362 16 20 0.025480632 
726 187 17 21 0.025468757 
335 399 28 35 0.025432186 
717 356 30 41 0.02534835 
925 501 26 33 0.02529008 
85 462 18 22 0.025142176 
206 291 16 20 0.025066994 
261 325 18 23 0.02504069 
152 264 19 22 0.024874102 
55 567 21 25 0.024855915 
671 305 16 20 0.02469978 
774 333 16 19 0.024653254 
697 262 18 21 0.024615467 
893 304 19 23 0.024420824 
850 288 18 22 0.02439562 
595 438 18 22 0.024347156 
300 402 29 35 0.024334978 
154 537 19 24 0.024093434 
643 331 16 20 0.023944052 
130 357 17 22 0.023745036 
802 305 17 20 0.023728112 
46 432 18 23 0.023709495 
726 205 17 22 0.02368708 
947 328 18 23 0.02367425 
993 386 18 23 0.023629175 
855 472 49 58 0.023587512 
156 433 19 24 0.023583136 
232 255 17 21 0.023577329 
665 551 21 28 0.023548827 
228 562 20 25 0.023533482 
593 513 19 23 0.023516271 
897 460 21 28 0.023496658 
468 462 18 23 0.02348092 
535 284 15 18 0.02347409 
775 122 19 23 0.023457883 
-136 430 520 541 0.023412237 
894 399 46 60 0.023401989 
586 538 21 24 0.023359178 
694 371 30 39 0.023230836 
562 478 19 24 0.023183638 
711 417 50 59 0.02313402 
895 381 30 39 0.023001304 
184 264 16 21 0.022950651 
647 433 28 36 0.02284094 
855 415 48 58 0.022794243 
698 393 52 63 0.022731207 
625 231 16 21 0.022678524 
675 233 17 21 0.022660406 
183 412 17 21 0.022658367 
571 263 16 18 0.022649387 
966 466 21 28 0.022451025 
881 228 18 22 0.022417502 
208 161 155 182 0.022392305 
544 485 19 24 0.022386659 
167 614 41 51 0.022331413 
717 261 18 23 0.022325348 
742 258 18 22 0.022290569 
29 462 20 25 0.02227802 
618 259 16 18 0.02223447 
460 288 15 18 0.022189224 
496 232 17 20 0.022130702 
646 260 16 19 0.022097228 
667 128 19 24 0.022093734 
604 424 30 38 0.02209023 
797 265 16 19 0.02204692 
28 385 16 20 0.021914992 
110 383 29 36 0.021905856 
799 226 16 19 0.02177627 
826 386 21 26 0.021773117 
721 458 20 25 0.02171373 
967 481 23 29 0.021706257 
948 362 17 22 0.021661786 
855 609 55 60 0.021633552 
847 226 17 21 0.021552477 
5 364 17 24 0.02140492 
672 257 17 20 0.021325989 
823 513 64 77 0.021298511 
993 512 21 28 0.021295836 
994 255 16 22 0.021272074 
849 338 18 22 0.021271735 
413 504 25 34 0.021111984 
183 487 17 21 0.021082537 
542 503 18 24 0.02104536 
387 463 18 22 0.021042757 
593 457 29 39 0.021020617 
24 529 19 25 0.02097006 
4 63 143 198 0.020929515 
615 345 27 35 0.02087709 
640 511 18 22 0.020856231 
824 284 17 22 0.020853877 
22 251 19 25 0.02080784 
878 490 51 62 0.020776872 
774 176 19 22 0.020556763 
716 483 22 27 0.020418683 
792 183 18 22 0.020370604 
381 503 32 41 0.020336883 
708 339 73 89 0.020331042 
340 507 30 38 0.020324307 
826 406 21 28 0.020316146 
803 213 17 21 0.020314751 
842 362 34 46 0.020287115 
615 508 20 25 0.020239083 
426 204 135 166 0.020228283 
5 428 19 27 0.02022106 
