2_Demonstration_Demonstration_Or_Protest_2_30
99
762 64 59 80 0.5306728 
437 209 25 31 0.19638452 
156 422 31 37 0.11849438 
170 407 44 52 0.08984879 
233 566 22 29 0.059379872 
310 557 27 33 0.054194134 
433 213 39 45 0.05387069 
801 620 48 49 0.04825279 
275 464 23 29 0.047518305 
390 177 23 29 0.04498927 
672 324 69 80 0.042323586 
404 174 22 28 0.042040706 
313 432 21 25 0.040290724 
408 276 32 40 0.039759964 
188 418 39 45 0.038612314 
795 138 76 93 0.037493087 
437 179 20 26 0.037449658 
598 76 18 25 0.036879178 
663 417 64 94 0.03685967 
432 76 19 24 0.03508318 
338 206 22 28 0.0346008 
49 114 43 55 0.034371696 
212 609 24 27 0.03375797 
448 303 164 207 0.03368966 
456 247 23 29 0.03362171 
181 567 19 26 0.03311386 
443 226 39 47 0.03268106 
169 325 45 58 0.032142006 
748 520 351 372 0.03207528 
225 612 23 27 0.030839335 
361 206 22 29 0.030102173 
200 410 23 30 0.030039564 
766 73 36 47 0.029690037 
278 407 22 28 0.029643998 
-66 520 358 362 0.029576765 
404 259 58 73 0.029116627 
455 205 21 26 0.028827831 
179 584 20 27 0.028604161 
386 290 80 106 0.028290428 
382 167 38 46 0.027741492 
-219 305 704 744 0.027392833 
336 533 25 30 0.027323619 
461 298 21 27 0.02710093 
280 434 22 28 0.027059168 
387 196 22 28 0.026782578 
405 194 71 89 0.02672229 
177 385 29 35 0.026053049 
753 93 99 127 0.025991859 
590 101 21 30 0.02597479 
465 182 19 24 0.025919802 
582 316 670 735 0.025879692 
229 447 77 79 0.025810627 
354 534 22 29 0.025040416 
410 257 27 32 0.024692968 
254 455 41 51 0.024512468 
676 402 48 65 0.024154196 
237 508 23 28 0.024079155 
413 159 22 26 0.023985948 
425 74 36 44 0.023687288 
122 584 21 27 0.023594549 
463 285 21 26 0.02329609 
423 231 55 65 0.023220249 
735 84 66 87 0.023017965 
551 87 78 87 0.022940252 
434 159 19 25 0.022783613 
280 207 27 31 0.022398874 
435 57 18 22 0.022232627 
310 414 22 28 0.022002175 
379 565 28 32 0.02180888 
364 493 20 26 0.021802928 
262 462 25 29 0.02179113 
215 320 66 81 0.021702237 
337 534 360 350 0.021663677 
161 587 21 26 0.021646371 
211 586 21 26 0.021535167 
443 201 36 45 0.021479376 
144 394 73 81 0.021410756 
568 147 24 30 0.021409227 
314 492 21 25 0.021227628 
390 139 61 80 0.02097929 
26 135 74 96 0.02095338 
721 114 70 90 0.020876393 
419 107 126 143 0.020824246 
437 69 95 108 0.020699402 
730 32 71 86 0.020653032 
207 577 36 41 0.02063654 
280 382 23 30 0.02059448 
284 558 24 29 0.020574724 
420 76 60 74 0.020567609 
355 509 21 27 0.020513456 
590 70 32 45 0.020252816 
174 334 75 84 0.02022807 
126 531 363 350 0.020186372 
566 126 22 29 0.020158684 
339 459 19 23 0.020141877 
417 79 21 25 0.020070596 
325 555 23 29 0.020047057 
174 402 80 80 0.020036796 
113 586 20 24 0.02003382 
