2_Demonstration_Demonstrators_2_231
93
493 414 115 168 0.9995659 
39 459 57 70 0.99803454 
922 418 49 64 0.995359 
236 461 63 73 0.99223584 
130 457 34 42 0.107170105 
10 821 42 46 0.09723893 
980 412 27 36 0.08167798 
178 617 54 65 0.07781539 
868 405 25 33 0.060413253 
12 2 63 64 0.055411596 
-3 522 40 56 0.053750657 
396 230 90 105 0.053053793 
266 476 42 49 0.05169854 
353 447 29 49 0.047453694 
4 513 27 37 0.045563295 
468 293 63 74 0.045067295 
769 4 25 27 0.040919483 
867 309 23 29 0.03917052 
227 88 129 173 0.03682121 
319 394 58 91 0.036358308 
342 182 112 135 0.03338212 
435 254 104 124 0.033145435 
147 81 64 93 0.031745683 
21 408 24 32 0.03157058 
171 503 37 47 0.03154956 
215 458 56 69 0.031072717 
276 175 111 131 0.03060875 
-4 440 39 54 0.030426683 
90 450 37 46 0.02991844 
590 183 23 30 0.029365774 
263 145 213 267 0.028392928 
942 408 52 71 0.028069321 
251 232 46 51 0.027783144 
178 475 30 39 0.027722917 
2 419 38 57 0.027688904 
0 222 18 30 0.027673084 
779 237 18 22 0.02701882 
334 427 56 86 0.026848132 
15 550 41 53 0.026822627 
870 359 20 25 0.02676466 
349 436 74 102 0.026738219 
539 83 23 27 0.026636915 
241 208 80 81 0.026605258 
24 280 23 30 0.026065342 
561 220 42 48 0.02599408 
257 607 61 73 0.025247062 
187 56 103 155 0.025006449 
332 400 30 39 0.02492971 
983 209 20 28 0.024780955 
992 221 21 30 0.024623318 
173 552 40 47 0.024391128 
591 107 20 24 0.024372645 
103 278 25 32 0.024333322 
556 196 78 81 0.02424166 
3 130 19 30 0.023983277 
897 420 50 64 0.023947403 
496 243 43 53 0.023859398 
380 313 112 143 0.02384845 
458 236 68 80 0.023731569 
277 465 61 73 0.023599721 
946 2 25 26 0.023579646 
29 28 40 54 0.02305836 
81 136 35 46 0.022960978 
854 185 17 21 0.022926128 
902 155 18 23 0.02280832 
309 312 123 162 0.022796744 
610 470 72 94 0.022740413 
416 200 92 105 0.022726681 
587 222 60 72 0.022665625 
612 243 78 90 0.022611836 
868 286 20 24 0.022167053 
557 233 79 83 0.02207624 
611 201 20 25 0.022027219 
352 482 81 116 0.02201228 
484 250 79 86 0.02196642 
817 185 15 19 0.021772958 
992 210 19 26 0.021606516 
898 176 19 22 0.021522833 
504 193 80 84 0.021360897 
506 140 78 89 0.021120409 
35 869 42 45 0.021115633 
964 412 37 53 0.021056997 
66 298 45 67 0.021045595 
868 387 23 29 0.020859778 
230 118 78 88 0.02083902 
581 226 40 47 0.020756863 
519 149 45 56 0.020679979 
869 182 18 21 0.020597529 
89 56 139 183 0.020462599 
120 307 50 62 0.020392258 
152 67 48 60 0.020125872 
770 180 16 20 0.02004718 
146 466 38 45 0.020018535 
