2_Demonstration_Demonstration_Or_Protest_2_494
42
475 269 68 87 0.99912745 
33 388 106 123 0.9984665 
287 398 26 34 0.10165657 
283 388 24 31 0.088988595 
333 587 39 45 0.08481121 
563 354 41 52 0.06325219 
59 227 21 27 0.05919695 
359 483 36 46 0.05852596 
309 455 39 52 0.057772845 
300 408 24 31 0.051500674 
251 474 44 59 0.04752213 
270 486 38 51 0.046014998 
596 428 68 80 0.04314872 
87 344 52 61 0.04162405 
62 365 84 101 0.039549902 
206 406 29 38 0.0383174 
218 370 41 54 0.036645234 
352 409 22 27 0.036264423 
381 578 36 46 0.033862602 
84 316 48 61 0.033386 
274 386 47 59 0.031014832 
289 449 65 80 0.028852824 
84 294 40 52 0.028160203 
341 410 23 27 0.027499981 
199 387 54 69 0.02748008 
241 406 61 77 0.026500888 
430 398 31 38 0.025618915 
217 412 46 57 0.025139954 
569 367 52 62 0.025045866 
226 397 30 41 0.024342021 
301 422 38 51 0.024105057 
238 377 52 68 0.023980848 
223 472 52 66 0.023953537 
535 414 65 74 0.023583684 
-1 2 22 30 0.023563392 
272 421 38 49 0.023298353 
119 406 71 85 0.02329061 
254 449 45 59 0.022867322 
590 389 61 72 0.022084031 
506 576 88 82 0.020976337 
655 368 66 69 0.020514706 
583 379 30 38 0.020127999 
