2_Demonstration_Protesters_2_131
360
457 615 19 23 0.35651886 
181 584 19 23 0.27373838 
127 620 18 23 0.23855858 
33 592 23 28 0.19868486 
316 543 17 19 0.1969299 
86 592 19 24 0.1643608 
705 539 18 21 0.15414265 
626 590 19 24 0.149633 
263 570 17 21 0.13065587 
482 559 16 20 0.13034227 
863 566 20 25 0.12639886 
412 582 18 21 0.12474901 
185 567 18 22 0.123387635 
209 616 21 26 0.123227075 
260 583 17 21 0.117692314 
236 612 19 23 0.110135116 
311 592 18 22 0.11012129 
549 562 16 20 0.107220106 
723 620 23 25 0.107179165 
634 591 19 24 0.10657538 
591 568 17 21 0.103615195 
667 566 18 22 0.10261403 
592 584 17 21 0.10134456 
383 611 19 23 0.098031834 
511 586 17 21 0.09764042 
515 569 16 19 0.09654837 
612 520 18 21 0.09429798 
546 586 17 20 0.091221355 
563 560 17 21 0.09117639 
159 587 19 23 0.089523755 
290 621 18 22 0.08768169 
252 613 17 21 0.08732509 
482 544 18 21 0.08724522 
22 638 22 28 0.08626233 
282 638 19 22 0.08611997 
140 536 17 20 0.08590107 
474 559 17 21 0.08551103 
179 511 18 22 0.08383406 
548 547 17 21 0.08288686 
512 514 16 19 0.07787624 
281 567 16 20 0.076969884 
713 582 19 22 0.07611443 
495 594 16 19 0.07456188 
716 564 19 22 0.07359289 
237 589 18 22 0.07348366 
719 504 17 22 0.07289089 
564 588 17 20 0.0723635 
149 540 17 21 0.069590464 
208 547 17 21 0.06955477 
704 31 129 165 0.06948989 
461 594 17 20 0.06799485 
443 543 16 21 0.067956895 
390 594 18 21 0.06778063 
613 531 17 22 0.06737629 
663 515 17 20 0.06653505 
651 562 18 22 0.06649289 
410 573 16 20 0.06545027 
693 566 18 22 0.06449805 
449 615 19 22 0.06449609 
307 614 19 24 0.06384107 
287 586 17 20 0.06301584 
331 540 15 20 0.06265479 
395 539 16 20 0.062393356 
182 610 20 25 0.061717406 
31 605 20 26 0.06159751 
516 541 15 19 0.061597336 
750 588 18 21 0.061297093 
25 492 17 21 0.061159376 
263 656 23 29 0.060784366 
561 546 17 21 0.060783632 
489 610 17 21 0.059881113 
486 518 18 21 0.059414897 
637 607 21 24 0.059189543 
665 539 17 21 0.05878769 
519 490 16 19 0.05854997 
81 606 19 25 0.057891294 
211 492 17 20 0.05745094 
310 561 17 19 0.056466587 
361 540 15 20 0.056084868 
367 613 17 21 0.056075122 
332 588 17 21 0.05577724 
111 611 20 25 0.0556029 
187 544 18 22 0.055516865 
98 588 18 24 0.05527469 
870 515 19 23 0.05497223 
779 490 19 25 0.054947045 
469 517 17 20 0.05483711 
515 612 17 21 0.054293375 
687 456 16 21 0.053963263 
127 515 17 21 0.053326603 
699 509 18 21 0.053205173 
6 528 20 28 0.05249822 
649 486 16 20 0.05239307 
207 558 17 21 0.052146155 
694 583 19 23 0.05113841 
472 541 17 21 0.05113396 
599 514 18 22 0.0511214 
288 517 14 18 0.050286572 
460 490 16 20 0.050286382 
61 518 18 22 0.050097983 
407 541 16 20 0.049991824 
357 568 16 19 0.049412746 
84 570 18 21 0.04935455 
493 485 17 20 0.04923367 
767 406 44 52 0.04881074 
439 558 15 20 0.04844491 
207 591 18 23 0.047890395 
394 568 17 20 0.04757192 
340 567 16 19 0.047097985 
159 613 18 24 0.046422396 
239 517 17 20 0.04478998 
259 543 16 20 0.044768244 
113 493 19 23 0.04460156 
442 590 17 20 0.044596825 
207 633 22 27 0.044472378 
59 532 20 24 0.04419345 
698 495 18 22 0.044021398 
679 461 16 20 0.043982748 
549 464 15 18 0.043885864 
288 543 16 19 0.043791614 
209 509 17 21 0.04360406 
131 586 18 23 0.04341561 
444 492 15 20 0.0433763 
413 126 18 23 0.043370504 
516 644 18 22 0.043036703 
494 464 17 20 0.04283854 
238 538 17 21 0.042729806 
165 490 17 21 0.042295285 
363 589 16 20 0.042258512 
650 544 17 22 0.0421288 
123 494 17 21 0.041961066 
44 565 19 24 0.04194859 
238 567 17 21 0.041348323 
597 539 17 21 0.041239157 
644 637 22 27 0.04115791 
617 567 17 21 0.041054808 
562 516 16 20 0.040773146 
164 514 17 20 0.04066446 
411 611 16 20 0.04037196 
156 565 18 22 0.040350433 
593 490 17 20 0.040189575 
440 515 16 19 0.040185563 
547 486 16 19 0.03982411 
265 646 18 21 0.039110284 
724 457 18 21 0.039076485 
308 636 19 22 0.03867235 
722 631 25 28 0.038198348 
788 486 20 25 0.038052246 
734 618 22 26 0.037990578 
742 568 18 21 0.03776464 
591 436 18 21 0.03765543 
107 567 19 23 0.037640963 
519 429 17 21 0.037576098 
128 629 20 26 0.03750278 
21 511 17 23 0.037470814 
561 466 16 18 0.037222903 
180 30 121 147 0.036993258 
538 611 17 20 0.03679389 
183 657 26 31 0.03644117 
673 584 19 24 0.036155492 
846 585 21 26 0.036077786 
332 486 16 21 0.03599154 
413 515 16 20 0.035955194 
366 518 16 20 0.03568362 
845 610 20 24 0.035472162 
588 614 19 23 0.03543457 
486 411 23 28 0.035198163 
315 520 15 19 0.034620643 
708 555 30 36 0.034471042 
388 519 17 20 0.03445323 
664 490 17 20 0.034440283 
562 485 16 20 0.03442923 
154 637 19 25 0.03433433 
113 81 133 166 0.034315873 
570 611 19 22 0.033950064 
768 590 20 24 0.033731956 
335 612 18 23 0.033673212 
846 540 19 23 0.033662904 
548 513 16 20 0.03357624 
490 645 18 21 0.033509124 
365 659 23 29 0.033342924 
971 286 35 57 0.03276178 
318 493 15 19 0.032703213 
405 575 29 35 0.032566756 
25 603 33 45 0.03234632 
7 518 19 25 0.032339927 
698 67 87 101 0.032234494 
75 595 34 42 0.03223171 
413 490 17 21 0.03148414 
519 332 20 24 0.03144274 
9 639 21 30 0.03098691 
178 493 17 20 0.030715043 
515 466 14 18 0.03065585 
517 657 23 29 0.030409772 
458 257 19 26 0.03034932 
952 562 23 34 0.030195624 
878 611 23 25 0.030108584 
50 607 19 24 0.03008774 
744 466 18 24 0.029788733 
874 538 18 23 0.029729199 
385 637 20 23 0.029693753 
11 485 17 22 0.029681465 
668 643 21 24 0.029658595 
75 539 18 22 0.02943028 
73 513 18 22 0.029303988 
439 339 27 33 0.02910152 
958 483 21 28 0.02907538 
472 537 29 35 0.028800052 
106 228 87 96 0.028796952 
335 469 17 20 0.028718501 
537 110 19 23 0.028691946 
741 513 17 22 0.028683608 
768 611 21 25 0.028656865 
540 445 15 18 0.028502464 
851 514 19 24 0.028216526 
112 510 18 22 0.028151149 
145 -27 251 245 0.028096389 
309 222 28 35 0.027931955 
742 538 17 23 0.02792519 
295 196 41 46 0.027918143 
511 415 20 25 0.027882287 
105 601 32 39 0.027869359 
899 558 19 23 0.027851146 
-2 592 82 90 0.027675856 
409 641 19 22 0.02766367 
156 579 30 38 0.02756 
591 462 17 20 0.027412124 
254 519 16 20 0.027223958 
720 443 19 22 0.027092729 
132 566 17 21 0.02699599 
671 612 20 23 0.026816528 
180 461 16 19 0.026739087 
899 543 18 22 0.02664562 
539 125 18 23 0.02664526 
257 486 15 18 0.0265657 
794 588 20 24 0.026565177 
902 485 18 23 0.026474278 
631 600 34 38 0.026467714 
871 587 22 26 0.026389316 
163 466 18 21 0.026340578 
232 492 15 19 0.026073754 
825 564 20 25 0.025866453 
537 643 19 23 0.025834452 
151 234 77 91 0.025689008 
776 0 92 88 0.025592275 
337 518 15 19 0.02556962 
688 557 29 37 0.025527513 
73 656 23 30 0.02551566 
669 655 26 31 0.025451774 
846 -3 68 73 0.025366547 
303 17 161 192 0.025299553 
464 635 19 24 0.025225487 
828 540 20 24 0.025192918 
256 562 29 36 0.025191976 
173 27 80 95 0.025181642 
814 9 75 96 0.025125492 
445 128 17 23 0.025091933 
252 575 29 36 0.025017807 
707 577 31 37 0.02496468 
249 177 82 94 0.024932057 
263 143 182 213 0.024916898 
564 444 15 19 0.024852442 
332 645 19 22 0.024766421 
196 657 27 32 0.02476299 
652 513 17 20 0.024727784 
712 503 28 36 0.024691936 
814 642 21 25 0.024663419 
435 461 16 19 0.024571287 
949 517 20 27 0.024476409 
146 107 80 102 0.024443367 
800 644 21 24 0.024373058 
468 402 65 83 0.024252987 
78 494 17 21 0.024210062 
395 492 15 20 0.024130719 
91 584 30 39 0.02410968 
764 33 123 160 0.02395947 
233 638 19 23 0.023956306 
591 639 24 29 0.023918178 
885 10 46 50 0.023797836 
614 489 16 19 0.023770561 
436 657 26 31 0.023576573 
298 345 64 76 0.023573866 
742 584 32 38 0.023545895 
487 428 19 23 0.023518255 
827 586 19 24 0.02340736 
838 108 114 155 0.023384396 
918 164 41 53 0.023368284 
203 237 68 82 0.023357462 
617 382 23 30 0.023347404 
310 535 29 35 0.023333866 
602 512 31 37 0.023305759 
494 253 19 25 0.023231331 
675 440 16 21 0.023164263 
976 581 21 32 0.023099395 
245 607 28 35 0.023045141 
134 529 29 35 0.022980375 
693 443 18 23 0.022956654 
119 619 34 41 0.022881875 
55 491 17 21 0.022878448 
920 37 75 90 0.02287615 
616 357 22 26 0.022734204 
174 503 30 37 0.022706432 
683 125 78 83 0.022692744 
30 563 33 41 0.022578793 
205 87 286 341 0.022498025 
847 637 21 25 0.022433093 
362 606 30 36 0.022432838 
623 611 21 24 0.02229107 
819 46 78 108 0.022278799 
79 643 20 25 0.022263879 
642 520 114 138 0.022164667 
110 539 18 22 0.022054622 
467 549 29 35 0.021975452 
894 595 21 25 0.021959608 
542 351 22 28 0.02179175 
181 561 29 36 0.021767043 
288 492 15 18 0.021764819 
867 454 27 31 0.021731978 
825 486 18 23 0.021730227 
594 253 21 24 0.021595223 
363 492 16 20 0.021579558 
693 540 83 102 0.021557886 
746 484 18 23 0.021546816 
614 638 21 25 0.0215132 
747 238 80 96 0.021505158 
954 247 25 33 0.021501107 
369 157 183 219 0.021495534 
7 563 134 137 0.021489918 
967 261 36 59 0.021400725 
232 583 32 38 0.021363433 
952 536 20 27 0.021363344 
567 108 19 24 0.021237701 
568 125 18 22 0.02120801 
327 659 23 28 0.02114351 
184 639 22 26 0.021085115 
54 659 23 28 0.0210042 
539 338 20 26 0.02095491 
139 206 79 86 0.020954901 
442 640 20 24 0.020944225 
213 96 127 155 0.020921176 
853 435 48 54 0.020904219 
928 485 60 81 0.020840168 
415 463 18 20 0.020757306 
466 462 17 19 0.020755645 
562 637 24 30 0.020739617 
648 558 29 36 0.020648748 
676 545 52 63 0.020635253 
519 314 20 25 0.020621996 
303 187 58 69 0.020560555 
311 660 22 27 0.020417709 
531 658 23 30 0.020407328 
544 554 28 35 0.020384353 
736 0 100 113 0.020347372 
432 325 53 63 0.020331064 
365 642 19 22 0.020322533 
632 10 78 91 0.020265251 
387 585 30 36 0.020172747 
92 143 158 207 0.020122005 
-13 43 174 233 0.020063888 
488 388 23 28 0.020049421 
