2_Demonstration_Political_Rally_2_319
440
617 456 35 46 0.946777 
401 462 25 31 0.65616727 
507 435 24 31 0.5473958 
592 401 22 30 0.5343081 
29 506 23 31 0.4903485 
358 468 22 26 0.4664037 
122 451 26 31 0.42314583 
54 456 24 29 0.4210334 
594 391 20 26 0.41063526 
838 563 46 60 0.39622483 
455 439 21 26 0.36455673 
384 414 19 25 0.36324248 
736 470 33 40 0.35360798 
279 461 20 26 0.32315007 
853 432 19 23 0.2993504 
669 448 25 33 0.28109342 
730 531 39 49 0.2685919 
578 525 37 48 0.22807984 
160 491 21 27 0.21606188 
537 438 23 29 0.21058983 
855 571 46 60 0.2096963 
198 403 22 27 0.20118809 
714 357 20 23 0.18978125 
801 391 17 22 0.18710677 
27 562 28 37 0.18059823 
393 463 22 27 0.17637922 
855 392 17 23 0.15772235 
849 408 18 24 0.153697 
536 408 21 26 0.15203854 
237 361 18 23 0.15164995 
824 411 20 25 0.14890143 
607 545 59 68 0.1458052 
108 455 25 30 0.14412591 
992 487 20 31 0.13874277 
871 530 41 53 0.13793637 
44 577 29 38 0.13426422 
896 416 19 24 0.13274103 
319 335 17 22 0.13166434 
0 388 18 24 0.13004862 
219 307 16 21 0.12325293 
409 364 17 20 0.12233658 
108 439 24 29 0.12130115 
279 441 19 24 0.117791265 
311 519 21 28 0.11764057 
386 428 19 24 0.11579252 
266 439 19 24 0.11520745 
280 350 18 22 0.114513315 
234 404 19 24 0.11347843 
825 356 19 22 0.11295999 
33 456 21 25 0.112070985 
498 435 22 28 0.111384556 
361 414 17 22 0.11070068 
823 430 20 24 0.10966542 
461 456 21 28 0.10849496 
509 360 19 22 0.107788876 
67 458 21 27 0.10715332 
27 491 23 31 0.10638755 
540 451 23 29 0.10481186 
306 413 18 22 0.10479134 
895 426 19 25 0.10470048 
158 384 17 21 0.10387488 
817 389 17 23 0.10347215 
818 552 47 64 0.101237856 
888 548 31 41 0.10120983 
872 433 18 24 0.10067212 
946 433 20 27 0.099622466 
224 312 17 21 0.09943403 
535 389 20 23 0.09637705 
494 410 20 25 0.09606407 
745 405 20 24 0.09599424 
202 436 23 27 0.09558038 
492 384 18 23 0.09493186 
883 578 42 55 0.09370144 
984 362 17 23 0.0936103 
365 365 17 20 0.092491835 
259 379 18 22 0.091895945 
189 335 16 20 0.09138075 
342 408 17 21 0.09021493 
180 502 25 32 0.09012801 
235 385 18 23 0.088209614 
748 316 18 23 0.088180445 
374 657 65 75 0.0878838 
684 455 22 29 0.08673162 
778 527 37 49 0.086342745 
126 411 19 24 0.086166136 
189 409 20 23 0.086148195 
187 365 16 20 0.08611268 
716 384 20 25 0.086099245 
304 466 19 24 0.08522276 
51 443 21 25 0.08343616 
715 405 20 25 0.08316805 
722 461 28 34 0.08263334 
844 458 21 27 0.082310855 
433 410 18 24 0.082027756 
409 557 26 35 0.08148669 
318 385 17 21 0.081128344 
598 358 19 24 0.081103876 
610 332 18 22 0.08104059 
230 338 17 21 0.08058126 
292 411 16 21 0.08055527 
951 412 19 25 0.08049971 
499 365 17 21 0.08031994 
108 409 21 25 0.08024636 
160 414 17 21 0.07858867 
993 361 17 23 0.07847046 
282 480 21 27 0.076930456 
868 386 18 23 0.07658719 
58 379 20 24 0.07637293 
34 439 18 22 0.07620938 
870 337 17 20 0.07616805 
741 392 18 22 0.07530233 
591 513 27 37 0.07473524 
264 334 18 22 0.07457502 
330 389 16 20 0.074197 
282 384 16 20 0.07391672 
203 392 20 24 0.073598005 
388 389 17 20 0.07323906 
463 332 20 26 0.0730975 
363 434 18 23 0.072674364 
459 513 22 29 0.07240129 
512 415 20 26 0.07216007 
187 382 19 22 0.071716174 
199 451 22 28 0.069001466 
496 482 22 29 0.068621814 
973 377 18 23 0.06782536 
365 381 17 21 0.06760289 
308 481 19 24 0.067005895 
939 538 43 54 0.06663271 
257 363 19 23 0.066361874 
255 410 18 23 0.066222884 
197 504 27 35 0.065682955 
24 481 38 50 0.06556543 
132 386 17 20 0.06457704 
717 534 33 43 0.06440092 
309 430 19 23 0.06412932 
84 363 16 21 0.06394485 
770 428 20 26 0.06391047 
717 474 36 42 0.063356526 
689 407 20 25 0.06147723 
538 356 19 22 0.061331995 
185 437 19 24 0.061049715 
871 358 16 20 0.06089321 
138 691 24 30 0.060514916 
33 452 34 45 0.059728913 
411 542 23 30 0.05888126 
699 387 19 24 0.05859347 
468 388 17 23 0.05842141 
798 357 18 22 0.057989262 
389 362 17 21 0.057488855 
414 411 19 24 0.057344858 
393 313 17 21 0.057101943 
569 533 27 36 0.056900978 
438 487 21 27 0.056681864 
784 545 40 52 0.056527786 
75 441 20 24 0.056021165 
905 332 17 22 0.05587414 
344 231 39 51 0.055779826 
267 457 19 24 0.055503864 
506 480 22 29 0.055424888 
188 459 19 24 0.055323906 
796 406 18 24 0.055145632 
563 353 21 26 0.055029422 
390 480 19 26 0.054693356 
160 503 21 28 0.05411378 
877 411 19 24 0.054086804 
695 485 25 34 0.053502005 
211 336 16 21 0.053185433 
161 432 17 23 0.05215997 
100 362 16 20 0.052152753 
718 436 22 29 0.052142937 
846 363 16 20 0.052113313 
669 332 16 21 0.052088488 
438 507 21 26 0.051628187 
717 341 18 21 0.051608425 
38 466 41 56 0.050919984 
515 385 18 23 0.050505474 
353 277 24 29 0.050079297 
465 408 19 24 0.050032884 
824 456 21 26 0.050028637 
898 389 18 22 0.049649484 
495 456 22 28 0.04930032 
151 331 16 20 0.047871657 
800 432 19 25 0.04751231 
328 335 16 21 0.047488555 
774 416 18 24 0.04714989 
343 464 19 23 0.04680112 
31 386 17 22 0.046667285 
237 541 21 28 0.04652812 
677 416 19 24 0.04552592 
134 366 16 19 0.045525767 
407 579 27 36 0.045074355 
795 340 18 22 0.044959966 
314 355 17 21 0.04488254 
31 410 18 23 0.044858243 
686 522 38 50 0.044754874 
513 336 18 22 0.044546016 
746 326 17 21 0.04450127 
178 531 23 30 0.044367917 
106 440 48 58 0.04391826 
411 439 21 25 0.043587003 
535 513 25 33 0.04351249 
155 367 16 20 0.043259617 
210 359 17 20 0.043203566 
952 359 16 20 0.043184936 
29 362 16 20 0.043056697 
329 513 20 26 0.042334255 
563 337 22 25 0.04215628 
566 411 19 24 0.041966934 
564 438 20 27 0.041830298 
499 425 42 55 0.041735627 
107 333 15 18 0.04169628 
955 390 17 21 0.041521717 
281 509 20 27 0.041392818 
341 435 18 22 0.04125558 
387 332 16 19 0.041183062 
53 367 19 23 0.041105818 
797 457 22 27 0.04102474 
55 316 18 20 0.041010916 
184 317 15 19 0.040767774 
705 360 18 21 0.040648274 
461 484 21 27 0.040620606 
366 335 15 19 0.040586725 
922 562 28 35 0.040230677 
615 437 27 34 0.040190972 
700 307 17 22 0.04016384 
597 336 20 24 0.040111817 
715 308 17 21 0.039768726 
0 531 21 28 0.039610077 
261 316 17 22 0.039431125 
742 433 22 28 0.03940112 
930 435 18 23 0.039392736 
202 531 25 32 0.039191082 
413 384 17 21 0.03912611 
107 388 18 23 0.03891963 
863 549 40 49 0.038840696 
513 614 55 67 0.03881548 
795 565 42 55 0.038783215 
386 469 32 41 0.03796733 
55 327 19 22 0.03784798 
414 330 18 22 0.037486494 
462 534 24 31 0.037368536 
136 332 15 19 0.037278872 
838 536 43 58 0.036784727 
609 358 19 25 0.03664498 
341 484 19 24 0.03632827 
47 445 49 64 0.036255684 
78 406 19 25 0.036056034 
42 506 25 33 0.035571944 
128 476 23 29 0.03556652 
928 301 19 23 0.035451356 
439 386 18 22 0.035413176 
564 452 22 29 0.03537111 
511 518 34 45 0.0353406 
843 475 25 32 0.035291456 
335 361 16 20 0.035176996 
971 410 20 26 0.03503566 
699 336 17 21 0.034967106 
482 278 18 24 0.03485774 
410 512 20 25 0.034668818 
74 386 18 23 0.03460763 
904 571 40 52 0.03436108 
687 441 21 27 0.034315657 
953 524 37 52 0.033973195 
612 414 21 27 0.033927493 
461 359 17 23 0.033825003 
583 533 55 68 0.03365077 
786 508 30 35 0.03345968 
590 351 32 40 0.033242606 
925 414 16 22 0.032938723 
7 463 18 24 0.032780427 
1 405 19 26 0.03265507 
444 457 20 26 0.03251826 
57 409 20 24 0.032367144 
539 484 23 30 0.032314826 
764 540 40 51 0.032216076 
843 504 38 50 0.032206956 
327 532 20 26 0.032096572 
200 490 25 31 0.032084282 
645 334 17 23 0.03191277 
5 432 17 23 0.03175872 
796 381 29 38 0.031737655 
975 430 20 28 0.03143501 
336 243 52 67 0.031386375 
7 515 20 27 0.031036971 
733 502 42 54 0.030987639 
171 487 47 59 0.030957885 
212 287 18 23 0.030912178 
517 583 43 56 0.03090975 
775 386 17 23 0.030754644 
540 338 21 23 0.03055218 
262 509 20 25 0.03054165 
925 385 16 21 0.03041672 
854 335 16 19 0.030359464 
55 711 25 32 0.030121362 
155 465 19 24 0.03004819 
29 527 25 32 0.029942637 
488 332 18 23 0.029615331 
380 664 38 46 0.029592523 
255 542 19 26 0.029393215 
472 282 19 22 0.029376589 
822 341 17 20 0.029372673 
158 533 23 29 0.029370654 
526 631 34 43 0.0291214 
675 623 50 59 0.028952437 
235 557 21 27 0.028480275 
68 438 32 40 0.028446387 
0 604 34 46 0.0283392 
390 506 20 26 0.028254805 
406 314 18 24 0.028238764 
313 315 17 21 0.02800214 
793 480 27 32 0.027982516 
664 312 18 25 0.027922861 
514 308 20 24 0.027792431 
866 514 29 38 0.027745156 
763 462 23 28 0.027708998 
234 590 21 29 0.027705759 
871 310 17 20 0.027585149 
147 472 51 64 0.027371751 
341 306 18 22 0.027264928 
902 525 51 60 0.027244221 
589 433 24 32 0.02721416 
263 483 20 26 0.027078882 
600 618 50 56 0.027075697 
691 496 38 49 0.02706337 
530 519 34 47 0.02680676 
648 308 18 25 0.026521947 
229 606 23 29 0.026480373 
608 383 19 25 0.026404236 
2 585 23 32 0.026302855 
871 459 20 25 0.026222892 
399 545 46 61 0.026211463 
673 357 17 22 0.026111772 
361 502 22 29 0.026004301 
538 609 58 71 0.025830345 
119 464 37 46 0.02578851 
566 385 18 23 0.025784599 
234 434 18 24 0.025701603 
995 462 17 25 0.025579529 
176 390 52 62 0.025509905 
281 563 24 31 0.025448803 
950 453 19 25 0.025416145 
561 512 36 47 0.025318027 
927 290 19 24 0.025196087 
874 405 30 39 0.025169374 
760 509 41 54 0.025084347 
775 359 18 22 0.025076393 
300 406 31 38 0.024951985 
773 334 16 22 0.024679214 
991 559 27 39 0.024673248 
982 340 16 21 0.024671393 
356 447 62 75 0.024582392 
444 363 17 21 0.024581183 
343 281 22 27 0.02457308 
979 459 19 27 0.024558209 
358 308 18 23 0.024355076 
901 588 50 59 0.024353577 
76 333 16 19 0.024296533 
250 401 30 39 0.024260223 
116 410 34 42 0.02422481 
142 283 14 18 0.024114544 
875 282 18 22 0.024084032 
110 314 14 18 0.024075154 
214 300 27 35 0.024019603 
47 471 65 82 0.023924159 
435 541 22 28 0.023799086 
299 283 71 87 0.023754923 
234 459 20 25 0.0237275 
408 474 23 29 0.023720454 
818 349 30 37 0.023682183 
73 314 16 18 0.023640526 
281 313 18 21 0.02358344 
917 335 19 24 0.02353971 
810 500 38 51 0.023476582 
25 609 25 33 0.023456959 
8 362 17 22 0.023429228 
964 563 42 53 0.023404205 
968 371 28 38 0.023365237 
28 332 17 21 0.02335216 
566 542 38 50 0.023194252 
996 412 17 22 0.023169115 
936 562 48 55 0.023032937 
404 355 29 37 0.022965567 
945 490 21 27 0.022688413 
973 494 35 52 0.022668941 
468 234 19 25 0.022631127 
342 476 30 38 0.022477651 
663 498 36 49 0.022472007 
153 377 29 37 0.022461325 
270 333 31 39 0.022355763 
870 478 24 29 0.022350693 
888 507 39 53 0.02223983 
266 453 30 40 0.022142343 
591 304 19 24 0.022104738 
257 563 20 28 0.022060316 
995 339 16 23 0.02201146 
556 342 74 91 0.02197523 
287 405 29 37 0.02196736 
665 523 39 51 0.02195786 
743 364 16 21 0.021946356 
812 381 29 38 0.021914292 
23 429 55 74 0.02184083 
744 288 17 21 0.02183317 
247 335 70 80 0.021830045 
34 544 58 82 0.021801362 
414 684 57 75 0.021757785 
302 555 24 32 0.021615071 
105 476 24 30 0.02154563 
925 360 17 21 0.021535853 
734 381 32 41 0.021311799 
927 482 24 30 0.02129041 
697 364 52 64 0.02127837 
232 513 21 28 0.02111883 
835 442 48 60 0.021051316 
464 311 20 24 0.021035835 
995 435 18 25 0.021018965 
602 593 54 58 0.020977309 
278 310 109 134 0.020945964 
707 497 39 49 0.02094007 
962 402 31 44 0.020933842 
616 314 18 23 0.020894798 
155 406 29 37 0.020866038 
680 599 46 58 0.02079428 
404 504 33 43 0.02078559 
635 541 56 73 0.020765455 
674 384 18 22 0.020753318 
139 700 40 42 0.02075006 
260 284 18 20 0.020574838 
250 462 54 69 0.020527769 
6 563 24 30 0.020493273 
478 527 34 44 0.020477418 
389 538 21 28 0.02044387 
249 296 71 87 0.020424878 
685 471 48 60 0.020299284 
948 508 23 30 0.020282038 
312 379 29 35 0.020265013 
444 425 46 57 0.020257786 
590 455 26 34 0.02021983 
336 402 29 37 0.020143809 
72 481 26 31 0.020076983 
898 255 19 24 0.020069545 
