2_Demonstration_Protesters_2_362
70
236 361 60 90 0.9776858 
808 394 77 89 0.9569175 
401 6 94 117 0.5976599 
478 435 139 155 0.4536026 
371 106 297 437 0.13130316 
975 448 33 45 0.08470839 
915 436 30 40 0.07845084 
945 548 33 41 0.06582647 
964 478 34 49 0.060571957 
450 370 213 266 0.058573946 
194 356 73 89 0.051560614 
989 453 24 33 0.05015312 
846 392 53 66 0.046641767 
401 156 172 252 0.046022512 
971 500 28 37 0.04229248 
881 508 55 69 0.041790336 
931 523 57 71 0.039604526 
230 320 75 97 0.039074637 
948 471 35 51 0.037935577 
974 438 26 35 0.035968345 
719 506 22 24 0.034878414 
445 24 83 104 0.032951437 
866 525 43 48 0.032898244 
117 336 67 83 0.032782402 
844 430 46 59 0.032107364 
157 350 74 96 0.03181501 
911 518 42 57 0.03172942 
918 515 27 34 0.031561103 
740 479 23 28 0.031200988 
434 300 96 110 0.031072646 
785 419 64 78 0.030893568 
428 320 162 187 0.030715255 
908 422 49 68 0.03011621 
418 356 77 102 0.029536212 
393 20 139 176 0.028931431 
897 441 39 53 0.028904457 
-71 520 359 363 0.028521314 
-226 280 715 767 0.02844082 
938 450 34 47 0.028322732 
476 517 154 167 0.02813033 
742 511 344 384 0.02710572 
542 504 56 65 0.027052796 
858 541 44 49 0.026988387 
891 521 34 43 0.025703141 
722 492 22 27 0.024979431 
114 252 63 78 0.024473043 
861 585 84 91 0.024424544 
905 461 54 77 0.024111098 
321 227 60 77 0.024096524 
750 44 24 31 0.024050962 
426 176 85 98 0.023532175 
781 373 136 151 0.023161324 
-19 332 111 152 0.023139717 
389 374 71 90 0.023085745 
368 10 85 102 0.022548262 
483 203 290 350 0.022449141 
572 513 50 59 0.022420319 
744 465 25 33 0.02204906 
692 352 81 86 0.02195122 
264 4 495 661 0.021823876 
598 102 18 23 0.021552678 
313 262 63 83 0.021399694 
445 505 20 26 0.02105842 
965 555 27 35 0.021042855 
335 302 23 32 0.020753043 
538 448 81 97 0.020413306 
864 385 33 42 0.020294417 
141 509 354 359 0.02012687 
549 489 85 95 0.020082168 
627 56 77 106 0.020047534 
