2_Demonstration_Demonstrators_2_689
54
351 315 76 89 0.9794201 
123 307 44 60 0.94707686 
176 256 42 57 0.9385125 
213 203 28 34 0.39622352 
513 568 53 60 0.21952328 
308 238 40 59 0.1990531 
2 244 24 35 0.15164256 
923 225 41 67 0.14842618 
879 210 47 66 0.085969865 
46 243 26 34 0.08082514 
251 222 25 32 0.075670965 
35 245 24 33 0.06104439 
275 252 42 57 0.0557842 
311 210 29 39 0.052471146 
169 224 26 35 0.044916093 
437 319 41 60 0.044796456 
35 219 23 30 0.04448276 
82 228 22 30 0.044226516 
247 238 29 39 0.04311845 
35 275 24 34 0.03829323 
51 224 23 31 0.037761554 
393 319 53 65 0.037101578 
205 201 23 30 0.036333 
529 582 50 55 0.036165997 
5 117 52 67 0.03604086 
387 277 35 42 0.03529308 
304 314 43 57 0.034485757 
84 239 26 33 0.034452297 
321 245 45 67 0.034180578 
45 284 40 53 0.034030706 
42 267 37 48 0.033038396 
382 339 73 94 0.031909388 
142 228 24 31 0.03133327 
86 269 30 38 0.03127055 
141 243 26 35 0.030224385 
154 269 55 75 0.029941127 
341 192 25 31 0.02901707 
351 189 25 33 0.028653592 
1 226 23 31 0.027699504 
243 256 47 59 0.026976038 
197 210 36 49 0.026550973 
197 258 44 57 0.025812235 
308 201 24 31 0.025215946 
29 284 38 53 0.024239168 
323 221 29 39 0.022715691 
908 189 46 65 0.022550585 
202 188 48 59 0.022485958 
413 327 30 40 0.022170696 
115 247 24 31 0.021963451 
332 31 28 32 0.021771988 
298 256 34 50 0.021603838 
106 270 28 37 0.021136874 
27 194 26 35 0.020727754 
425 350 56 92 0.020565415 
