2_Demonstration_Protesters_2_826
229
892 241 63 77 0.9983369 
704 208 46 61 0.9861566 
543 169 42 52 0.97634435 
579 72 30 36 0.9153458 
604 143 36 43 0.87136036 
628 73 31 42 0.8652626 
503 140 36 45 0.65784204 
460 72 26 32 0.35877475 
405 202 26 37 0.35574538 
513 125 27 34 0.23660791 
545 101 24 29 0.22852223 
677 168 45 60 0.22468495 
213 105 19 23 0.1998851 
432 79 21 27 0.18010324 
361 200 26 34 0.16877232 
751 278 41 53 0.16866961 
225 103 20 25 0.16831775 
516 65 21 27 0.16768707 
432 97 22 28 0.15487565 
387 197 35 45 0.15216888 
255 73 18 24 0.14995578 
53 92 27 32 0.14643645 
564 53 24 30 0.14151083 
684 77 22 29 0.13686813 
134 100 18 22 0.12775005 
205 75 18 21 0.124916844 
723 75 24 32 0.11843413 
666 175 35 46 0.1131472 
338 135 21 28 0.11271996 
315 99 16 22 0.10977495 
69 95 21 26 0.10414911 
515 107 23 29 0.09643856 
96 83 19 24 0.09036867 
502 164 38 48 0.08781034 
359 182 25 33 0.07927379 
355 94 18 24 0.07842807 
420 82 20 24 0.07737517 
536 72 21 28 0.07724829 
83 84 21 26 0.0736213 
337 99 18 22 0.06897932 
740 77 25 33 0.06858707 
239 77 17 21 0.06628097 
217 93 32 40 0.06417244 
494 148 27 35 0.060914434 
463 92 25 31 0.05926403 
458 55 23 28 0.057976972 
795 131 22 28 0.057673488 
186 110 18 22 0.057033636 
420 99 19 25 0.05641902 
311 85 17 21 0.055366978 
339 83 18 21 0.05298778 
283 77 16 22 0.052643504 
258 59 17 23 0.052520134 
176 122 18 23 0.052017115 
463 151 24 32 0.0516961 
865 97 23 30 0.05126813 
853 98 23 29 0.05060303 
482 77 19 26 0.050531782 
671 54 21 27 0.04911132 
101 95 19 23 0.04745289 
866 78 20 25 0.047234733 
154 102 17 21 0.046240825 
763 106 23 30 0.045998093 
484 99 21 28 0.045256358 
388 99 18 24 0.044305727 
201 72 31 37 0.044301596 
719 55 20 26 0.043145042 
206 60 18 21 0.042543825 
706 176 44 62 0.042390447 
422 197 31 45 0.042290647 
391 78 19 25 0.041554052 
311 131 19 23 0.041200396 
969 241 38 60 0.040929265 
354 185 49 61 0.040510625 
542 57 20 26 0.040317643 
748 96 25 31 0.040148895 
467 29 19 22 0.03934512 
34 101 20 25 0.03932508 
610 130 31 37 0.039104972 
133 124 19 23 0.03895358 
201 183 22 28 0.038799293 
970 208 36 56 0.038725056 
718 94 24 30 0.037826266 
131 179 25 30 0.037800886 
288 56 16 21 0.037137885 
41 105 44 50 0.03598709 
852 80 20 26 0.035480715 
309 52 17 20 0.03508108 
279 205 22 30 0.03506177 
162 82 17 22 0.034817904 
391 54 18 23 0.03449317 
129 94 30 37 0.034022387 
691 50 20 24 0.033493638 
285 99 17 21 0.03330491 
666 426 519 556 0.03313342 
871 157 22 27 0.032865357 
688 96 24 29 0.032719813 
412 180 25 35 0.032485515 
437 147 26 32 0.032320306 
233 71 32 39 0.032223336 
689 156 28 36 0.032220274 
203 197 21 27 0.032168515 
736 3 23 26 0.032029107 
410 213 28 39 0.031984955 
369 32 17 22 0.031966146 
52 119 26 31 0.03174269 
825 403 55 66 0.031212173 
132 86 18 22 0.031164523 
587 57 25 32 0.03109505 
438 123 23 31 0.030936973 
463 173 25 34 0.030429514 
240 55 16 21 0.030245468 
33 90 39 44 0.030166414 
907 518 74 92 0.030119022 
281 181 20 26 0.030083789 
868 54 21 26 0.02967461 
357 217 25 33 0.029603226 
821 103 21 26 0.029485494 
381 148 25 32 0.029260974 
457 192 36 47 0.029241111 
30 44 22 28 0.028758388 
445 62 45 57 0.028648581 
385 217 27 35 0.028393432 
159 127 19 23 0.028266164 
108 129 19 24 0.028110618 
36 69 57 70 0.028061729 
716 476 73 84 0.028060272 
766 52 22 27 0.027966894 
692 30 21 24 0.027872821 
695 330 55 67 0.027322933 
365 190 63 75 0.027205328 
262 178 20 25 0.027194254 
199 85 53 63 0.026965227 
52 9 20 25 0.026758805 
203 152 21 26 0.026719356 
331 92 29 38 0.02636949 
571 3 20 24 0.026307503 
857 219 42 55 0.026067313 
902 52 21 26 0.025881968 
746 55 20 27 0.025716722 
310 91 30 38 0.025700312 
751 241 42 54 0.02562746 
763 219 39 50 0.025488796 
182 101 29 37 0.025480252 
239 28 17 20 0.025475895 
281 129 19 24 0.025471812 
409 151 26 32 0.025428336 
443 54 18 23 0.025413658 
319 116 48 63 0.02537107 
359 151 23 29 0.025106916 
-3 -6 83 85 0.025077935 
113 164 57 67 0.024983495 
132 51 17 21 0.024920728 
127 155 23 28 0.024774887 
455 299 64 82 0.024755565 
433 178 23 33 0.024652796 
424 79 47 60 0.024632623 
309 148 20 25 0.02459802 
364 51 16 21 0.024565283 
51 48 21 26 0.024548993 
172 114 29 37 0.024473075 
314 30 17 21 0.024467217 
260 98 18 24 0.024418123 
491 54 19 25 0.02429488 
842 236 40 51 0.024199024 
487 30 18 23 0.02406769 
129 115 32 40 0.024044218 
283 151 20 24 0.023897447 
8 20 105 126 0.023820432 
272 198 36 49 0.023749188 
723 225 56 67 0.023712708 
31 123 22 26 0.023696233 
353 128 20 27 0.023498222 
659 116 34 45 0.023359345 
230 208 21 27 0.023309585 
689 4 21 24 0.023254875 
351 145 36 48 0.023209384 
274 170 36 46 0.023085779 
22 150 23 30 0.022915978 
187 167 51 66 0.022865674 
531 92 44 56 0.02284604 
411 538 63 94 0.022820987 
184 79 15 20 0.022666669 
569 30 21 25 0.022665976 
396 174 47 70 0.022638792 
492 173 27 34 0.022607667 
31 81 21 26 0.022468299 
387 127 21 26 0.022446813 
354 142 69 85 0.022413412 
148 95 30 38 0.022294076 
428 219 27 36 0.022263847 
488 127 23 30 0.022195939 
587 450 63 82 0.022141106 
92 86 32 39 0.02208017 
244 189 59 80 0.022051135 
151 118 31 38 0.021984223 
1 129 19 23 0.021664498 
533 152 41 53 0.021580173 
411 54 18 23 0.021397624 
107 154 22 28 0.021324284 
383 92 30 38 0.02124037 
294 123 57 72 0.021159891 
412 204 48 61 0.02112809 
102 168 38 47 0.020970073 
118 148 40 48 0.020941688 
220 60 55 69 0.02084294 
262 203 20 25 0.020794833 
765 75 22 28 0.020778583 
26 21 21 25 0.020693965 
281 219 23 33 0.020691145 
155 53 17 21 0.020641293 
128 227 20 27 0.020639164 
932 59 43 58 0.020588925 
391 275 106 146 0.020587238 
264 155 59 75 0.02056469 
7 102 18 23 0.020540409 
212 122 19 25 0.020526744 
7 3 22 27 0.020476509 
537 120 25 32 0.020441761 
324 179 54 70 0.020437287 
285 33 16 20 0.02043105 
715 157 25 32 0.02042157 
670 33 19 22 0.020399218 
249 52 31 43 0.020354813 
335 58 16 20 0.020331942 
615 4 20 24 0.020299558 
130 195 24 31 0.020247703 
639 436 51 68 0.020224564 
538 28 19 24 0.020206014 
