2_Demonstration_Demonstration_Or_Protest_2_120
454
8 491 68 74 0.99326843 
819 512 31 38 0.9824997 
713 429 22 27 0.92070544 
902 513 32 39 0.69948643 
991 479 24 33 0.64183766 
956 389 19 25 0.6099075 
664 443 23 28 0.5951444 
899 389 20 23 0.5362614 
824 439 23 28 0.52397656 
582 360 22 28 0.47721633 
800 578 36 46 0.41725475 
248 403 41 48 0.39606053 
630 501 30 35 0.31059745 
619 442 21 27 0.30822477 
824 452 24 29 0.26938704 
713 383 20 26 0.25924885 
789 477 23 31 0.2571393 
973 585 34 44 0.2541464 
750 364 19 23 0.23489985 
199 411 26 35 0.22769116 
469 257 18 23 0.22184086 
489 288 22 27 0.22100918 
933 431 19 24 0.20912144 
890 466 23 29 0.2078184 
774 305 17 22 0.20270261 
823 389 19 23 0.19687225 
718 416 21 26 0.19203407 
941 477 24 30 0.18919818 
690 539 29 37 0.18725805 
794 466 22 29 0.18724711 
641 355 18 23 0.1813474 
880 391 19 23 0.17415786 
994 377 18 25 0.16967678 
617 533 27 36 0.16352062 
709 557 37 41 0.16310981 
845 432 20 25 0.16222852 
877 405 18 23 0.15568496 
980 413 19 25 0.15119036 
921 622 36 42 0.1511614 
842 466 22 27 0.14876622 
359 281 17 21 0.14561059 
951 532 27 35 0.14253464 
858 544 36 48 0.140705 
559 303 19 24 0.1333891 
805 359 17 20 0.1298522 
510 277 19 24 0.12985194 
978 333 18 23 0.12917157 
842 386 16 20 0.122856915 
702 431 19 24 0.12225174 
695 547 37 43 0.116251156 
847 356 16 19 0.11491367 
547 463 21 27 0.11356527 
973 386 17 23 0.11288394 
817 357 16 20 0.11270886 
621 509 36 45 0.11262316 
353 328 21 27 0.11178464 
482 294 21 27 0.1101948 
878 355 16 20 0.10820358 
993 367 18 24 0.10337509 
917 385 17 22 0.10248565 
816 406 20 25 0.10177359 
747 433 19 25 0.100807495 
769 363 16 21 0.096464224 
747 379 19 25 0.09594311 
891 477 26 31 0.0957961 
853 416 18 22 0.09431362 
878 464 21 26 0.09217948 
926 478 27 32 0.08845924 
396 259 17 22 0.087950766 
926 332 19 23 0.08732674 
749 413 18 23 0.086078465 
343 128 22 28 0.08587126 
751 333 17 20 0.08541599 
892 405 20 24 0.08453462 
914 586 26 33 0.083470166 
592 282 17 20 0.082538985 
110 304 20 24 0.080584794 
871 513 23 30 0.07890971 
968 633 37 48 0.07871739 
950 403 20 26 0.07848866 
149 449 42 54 0.07848125 
239 353 21 26 0.07827902 
570 287 17 22 0.07779967 
332 587 42 56 0.07727337 
712 365 19 23 0.076298185 
228 309 18 23 0.07459827 
328 362 23 28 0.07380309 
870 434 19 24 0.073582515 
549 310 18 21 0.071926855 
850 338 15 19 0.070728175 
770 383 18 23 0.06997917 
186 398 46 59 0.06984953 
664 408 18 23 0.06957981 
928 466 21 28 0.06948684 
935 626 39 46 0.06905926 
879 484 21 27 0.06903287 
128 303 20 24 0.068787046 
982 358 18 24 0.068559505 
239 338 18 22 0.068488166 
803 386 18 22 0.06768429 
314 356 22 27 0.06605631 
772 329 17 21 0.065561414 
615 548 26 35 0.06519397 
202 283 19 25 0.06426563 
751 313 17 19 0.06376991 
725 483 23 29 0.06372581 
766 409 18 23 0.06366727 
102 350 27 33 0.061719738 
928 417 18 23 0.061333522 
950 466 23 29 0.060950663 
746 634 40 46 0.06090404 
950 285 18 21 0.060082722 
486 261 19 24 0.05970851 
702 381 19 24 0.058140416 
634 529 30 37 0.058115277 
390 365 21 28 0.0573902 
108 287 20 24 0.05730028 
571 332 20 24 0.055924393 
357 311 19 24 0.055771243 
365 261 17 21 0.055414654 
247 378 42 53 0.054833166 
106 333 21 25 0.05473851 
282 310 19 23 0.05449282 
214 303 19 23 0.05445296 
252 352 22 27 0.05407396 
648 414 19 23 0.053797726 
460 483 24 30 0.053709026 
590 305 17 20 0.05367269 
802 409 19 23 0.05290406 
712 287 17 21 0.052399937 
867 610 29 37 0.05239958 
583 337 19 23 0.05169034 
336 281 18 22 0.05113557 
162 469 40 55 0.05057743 
175 259 19 23 0.05051673 
950 512 25 32 0.05042795 
712 536 29 34 0.049865 
670 390 17 23 0.049553797 
205 336 17 23 0.049435183 
182 420 34 47 0.04935343 
269 439 44 58 0.049281012 
260 338 18 23 0.048642445 
557 459 21 27 0.048468065 
578 497 36 47 0.048424672 
22 257 19 23 0.048326924 
941 434 20 26 0.0482594 
283 284 18 20 0.048104804 
271 407 30 38 0.048074007 
979 426 21 28 0.04806478 
776 290 19 23 0.047693603 
187 336 19 24 0.047550734 
993 414 18 23 0.04740288 
624 336 17 23 0.047213364 
201 435 40 53 0.04714173 
993 463 23 30 0.046911746 
405 259 18 22 0.046857636 
233 405 29 35 0.046664886 
282 333 19 22 0.046631034 
696 417 18 24 0.04642288 
698 363 19 24 0.04635548 
733 565 26 33 0.046354253 
764 437 20 25 0.046318036 
151 333 18 22 0.046297982 
491 485 26 32 0.046285678 
819 340 15 19 0.046182137 
694 513 26 32 0.046140492 
820 489 26 30 0.04597455 
715 508 25 32 0.04577544 
329 372 25 32 0.045667384 
897 363 17 21 0.045531515 
911 524 29 37 0.045279242 
950 365 17 21 0.04498209 
91 398 38 50 0.044979803 
591 435 19 23 0.0448444 
843 476 23 30 0.043307558 
184 281 18 22 0.043047134 
775 479 31 40 0.042564828 
598 266 16 20 0.042389385 
131 328 21 25 0.04238532 
156 305 17 21 0.042132083 
351 419 41 56 0.04190357 
504 490 25 31 0.041836206 
278 382 24 30 0.041711506 
802 338 15 19 0.04166992 
743 458 20 26 0.04155147 
898 435 19 24 0.04112988 
24 276 19 24 0.04104703 
207 382 24 31 0.04092641 
313 282 18 21 0.04083573 
849 314 15 20 0.040730774 
861 572 39 52 0.040702965 
799 434 20 25 0.040633857 
331 261 16 19 0.040325634 
210 400 61 73 0.040258296 
642 437 22 27 0.040099874 
339 308 19 26 0.03968926 
668 306 18 22 0.039516915 
309 367 33 42 0.039243378 
307 338 18 23 0.03906719 
717 331 17 20 0.0390433 
652 502 34 44 0.03874232 
390 282 17 21 0.038455635 
113 494 45 58 0.038361143 
108 254 21 25 0.038345404 
722 453 22 28 0.038301982 
204 356 21 27 0.038291126 
176 374 39 51 0.038265005 
618 389 18 23 0.03813454 
623 355 18 23 0.038040537 
622 312 16 20 0.037919275 
439 288 19 23 0.037901834 
875 342 16 20 0.037807997 
972 460 22 30 0.037732594 
620 281 17 20 0.03754334 
52 198 19 23 0.037537344 
895 575 35 46 0.037535783 
360 405 26 35 0.037438318 
796 305 16 20 0.03742821 
169 510 49 74 0.036900744 
642 342 18 22 0.036769 
58 279 18 22 0.036593154 
649 427 46 58 0.036496323 
739 254 18 21 0.036428627 
183 354 23 29 0.036314886 
306 404 24 33 0.036285263 
566 438 20 25 0.036230277 
165 253 19 23 0.036112327 
705 284 18 22 0.03609192 
259 414 47 56 0.035930876 
1 396 25 38 0.035558395 
485 506 30 36 0.035441615 
735 482 23 31 0.03542666 
77 287 18 24 0.035397477 
310 308 17 22 0.035392538 
582 486 22 28 0.0353673 
3 327 21 30 0.03532729 
469 285 19 25 0.035313264 
387 305 17 22 0.03509132 
669 357 18 22 0.03504207 
868 259 17 20 0.03491179 
130 289 19 23 0.03463322 
99 327 40 49 0.034560554 
771 536 24 32 0.034199506 
147 493 46 62 0.033952054 
82 305 18 23 0.033871453 
537 284 17 20 0.03347909 
906 336 16 20 0.033468567 
927 359 18 22 0.0333215 
591 229 17 21 0.033188842 
53 258 18 23 0.033169456 
343 328 21 27 0.033111386 
360 238 17 21 0.033047672 
382 335 19 25 0.032858193 
951 554 27 35 0.03284529 
620 411 18 23 0.032759648 
243 345 36 44 0.032713693 
461 150 20 27 0.032629006 
171 451 28 38 0.032562975 
621 490 22 27 0.032453965 
180 304 17 21 0.03221244 
55 182 19 23 0.032103468 
354 275 30 37 0.031790916 
116 399 41 54 0.031759217 
900 237 18 21 0.031464957 
148 425 41 53 0.031434122 
654 528 35 46 0.03140125 
233 333 31 40 0.03133367 
475 526 43 49 0.031259835 
53 160 18 22 0.03102539 
411 485 26 32 0.030756839 
417 332 18 22 0.030740459 
406 364 20 28 0.030645404 
315 341 49 64 0.030555017 
571 264 16 20 0.030453624 
478 271 45 57 0.030292412 
158 287 17 21 0.03024962 
314 263 17 19 0.030151183 
690 483 22 28 0.030115962 
728 128 295 381 0.030046882 
436 357 19 24 0.029985253 
892 598 51 62 0.029945748 
713 304 17 21 0.029882593 
858 595 51 62 0.029202953 
109 411 56 72 0.028956978 
226 428 29 35 0.028955666 
869 233 18 21 0.028893577 
463 330 19 24 0.028803106 
818 311 16 19 0.028781548 
237 280 19 23 0.028762307 
746 288 17 20 0.028658563 
416 283 17 21 0.028647564 
85 464 57 73 0.028563397 
695 458 19 25 0.028504523 
590 412 20 26 0.028395854 
121 296 32 39 0.027980216 
727 256 17 21 0.027714469 
770 560 26 35 0.02758593 
664 487 23 29 0.027490636 
977 257 19 23 0.027312644 
588 374 22 28 0.027271321 
878 307 16 20 0.027194448 
885 553 35 46 0.027031252 
187 369 51 65 0.027013626 
196 461 44 60 0.026920933 
607 427 45 58 0.026895175 
567 343 43 57 0.026737371 
913 555 34 43 0.026728045 
287 148 19 24 0.026520144 
628 538 39 49 0.026511135 
377 401 24 34 0.026484312 
899 624 37 44 0.026426649 
143 322 32 42 0.026399577 
242 426 59 75 0.026373956 
546 332 18 23 0.0263655 
464 128 19 27 0.026363393 
555 487 53 67 0.02626564 
156 355 23 29 0.026155593 
93 415 42 59 0.026135864 
85 407 25 33 0.026110772 
566 504 28 37 0.026093138 
117 466 56 71 0.026091354 
265 310 18 22 0.026062293 
513 458 20 25 0.026003331 
147 397 40 52 0.02596663 
898 310 16 19 0.025953077 
795 288 18 21 0.025894523 
570 562 22 28 0.025863579 
947 335 18 22 0.025790606 
375 346 51 67 0.025772015 
833 523 35 44 0.025621455 
228 382 26 34 0.025576498 
166 247 33 40 0.025484994 
770 499 32 42 0.025383094 
212 449 64 78 0.025155878 
656 550 34 44 0.025152205 
466 237 17 20 0.025141135 
437 301 18 24 0.02507012 
961 596 44 60 0.02503775 
62 479 43 58 0.02496895 
951 583 36 44 0.024911309 
679 599 42 50 0.02484331 
541 354 19 23 0.02474666 
621 99 22 29 0.024741633 
285 353 21 25 0.024667028 
120 319 36 44 0.02459663 
349 307 32 43 0.024584245 
739 576 28 36 0.024581494 
89 314 62 78 0.024544459 
177 350 37 48 0.02454324 
593 535 24 32 0.024536049 
799 507 24 31 0.024402136 
900 253 16 19 0.024338806 
489 234 17 21 0.024319088 
297 420 42 54 0.024146097 
926 286 16 20 0.023997433 
199 349 34 45 0.023961067 
353 369 35 45 0.023928272 
291 439 44 59 0.023924213 
9 251 19 24 0.023896303 
32 160 141 178 0.023892794 
389 130 19 24 0.02386909 
101 273 36 45 0.02384993 
994 253 18 24 0.023813182 
183 526 56 81 0.023769312 
205 358 67 79 0.023722393 
276 343 35 42 0.023570402 
224 448 29 39 0.023512222 
254 332 32 40 0.023474475 
589 556 21 28 0.023441536 
690 560 57 65 0.023391105 
471 303 19 24 0.023367576 
764 610 28 38 0.023347713 
647 381 18 22 0.023294328 
730 534 33 42 0.023236869 
697 329 19 23 0.023236385 
199 329 32 41 0.023115015 
407 375 21 30 0.023015961 
391 250 29 38 0.023002364 
204 263 18 24 0.02296654 
30 125 17 21 0.022956356 
461 353 20 25 0.022941774 
438 333 18 22 0.022927575 
537 470 36 48 0.022849848 
258 452 28 38 0.022818934 
285 263 17 20 0.02280542 
164 232 20 24 0.022803264 
939 641 46 50 0.022761118 
638 283 17 19 0.022754857 
660 0 46 45 0.02269599 
770 298 29 37 0.022585385 
137 333 58 74 0.02254614 
33 203 18 22 0.022526728 
438 259 17 22 0.02251644 
704 572 61 74 0.022463843 
992 431 20 27 0.022460748 
337 506 25 33 0.022440623 
286 134 20 24 0.022397563 
570 484 23 30 0.022375632 
330 311 52 66 0.022333246 
951 300 18 21 0.022274515 
359 448 29 38 0.022242546 
163 404 61 76 0.022212282 
851 556 27 36 0.022145586 
262 284 17 21 0.02213242 
417 307 18 22 0.022066174 
274 327 32 38 0.022008296 
775 256 20 22 0.021789936 
668 336 18 22 0.021709194 
490 129 20 28 0.021704698 
643 310 17 20 0.02165796 
592 463 20 24 0.021649545 
113 197 116 150 0.021628248 
220 322 56 71 0.021526666 
903 207 19 22 0.021445764 
992 193 23 33 0.021407682 
915 642 41 47 0.02133531 
989 638 26 38 0.021304226 
143 535 59 76 0.021235803 
240 259 18 23 0.02121299 
292 387 53 67 0.02117124 
250 460 46 60 0.021044204 
623 484 47 58 0.021006724 
926 259 16 20 0.021003585 
543 438 19 24 0.02099887 
409 229 18 22 0.02095978 
32 236 18 22 0.020893224 
926 311 17 21 0.020885304 
175 228 19 24 0.020868482 
300 330 32 41 0.0208421 
330 392 38 50 0.020818984 
122 423 34 45 0.020637043 
585 512 52 67 0.020599432 
130 308 56 72 0.020581163 
902 289 16 19 0.020562164 
222 302 30 38 0.020551447 
180 328 32 41 0.020515596 
542 447 50 63 0.020460483 
83 253 20 24 0.020422576 
432 382 22 28 0.020415675 
465 106 19 26 0.020406088 
574 232 17 21 0.020401062 
435 532 26 33 0.02037938 
777 557 60 72 0.020351456 
339 332 52 70 0.020285264 
82 232 18 22 0.020276284 
315 179 19 23 0.020239338 
490 484 53 61 0.02016924 
187 490 65 89 0.020140896 
460 205 17 22 0.020121332 
711 209 126 144 0.02009521 
966 533 24 32 0.020077838 
657 405 29 40 0.020073647 
629 598 40 50 0.020031981 
2 284 19 26 0.020029105 
