2_Demonstration_Political_Rally_2_35
31
711 197 20 26 0.20355469 
625 204 17 22 0.100396484 
556 198 22 27 0.09868455 
32 284 24 28 0.058443334 
588 206 19 24 0.05780792 
215 494 20 24 0.040275984 
543 188 32 40 0.038027372 
666 209 21 26 0.037694592 
856 535 177 216 0.034542665 
622 188 19 24 0.032914367 
979 520 34 50 0.0325487 
634 207 19 24 0.03127194 
557 187 22 26 0.031059526 
687 183 48 60 0.029885797 
590 184 19 24 0.02773436 
323 92 93 83 0.027042216 
136 334 21 26 0.026778072 
638 183 21 25 0.024320232 
389 392 18 22 0.024273757 
699 186 20 24 0.024070257 
589 222 20 25 0.023640422 
127 495 21 25 0.0231399 
617 196 30 37 0.022653848 
151 509 18 21 0.02242677 
74 335 19 23 0.021781314 
877 0 52 43 0.021395719 
-120 356 514 554 0.020522993 
742 202 271 327 0.020405466 
335 539 18 22 0.020314058 
336 127 27 30 0.020214604 
232 284 23 26 0.020111274 
