2_Demonstration_Demonstration_Or_Protest_2_282
48
17 260 153 214 0.99741566 
293 206 233 242 0.7634293 
325 240 146 151 0.20744841 
591 320 82 104 0.09099825 
735 0 104 88 0.07610525 
519 361 52 68 0.061501414 
406 278 81 100 0.05831386 
804 19 72 74 0.05808977 
388 216 265 262 0.055092897 
351 290 85 99 0.0539781 
343 321 60 70 0.046386875 
46 154 29 40 0.040401805 
506 328 88 106 0.04001843 
426 406 72 80 0.037669383 
483 100 72 99 0.03724626 
431 358 48 59 0.03635737 
674 155 200 186 0.03576764 
475 349 73 92 0.034424834 
314 273 89 104 0.031879812 
19 161 43 67 0.031792738 
443 337 50 63 0.029731184 
461 392 76 88 0.029613262 
521 218 228 254 0.028712483 
532 318 114 140 0.028196678 
755 526 340 362 0.027930167 
382 325 32 40 0.02695089 
781 24 124 100 0.02686855 
442 227 67 86 0.026806239 
566 126 258 272 0.026457509 
451 210 152 189 0.025828043 
516 125 54 64 0.025415292 
322 64 258 296 0.025223495 
382 317 138 167 0.02506643 
442 87 87 106 0.024075221 
144 168 51 76 0.023920886 
712 -1 166 146 0.023670256 
672 18 293 279 0.023420444 
630 128 148 141 0.023088688 
357 329 32 37 0.022714993 
530 392 31 42 0.021767262 
20 169 68 87 0.021746116 
424 173 82 94 0.021640062 
-60 533 346 349 0.021252478 
594 235 98 122 0.021077627 
428 255 67 85 0.021056075 
541 238 107 126 0.02049254 
367 177 130 148 0.020296818 
476 321 42 54 0.020104213 
