2_Demonstration_Demonstrators_2_567
57
534 52 65 82 0.99980026 
696 66 53 65 0.9823699 
430 123 48 56 0.9738303 
894 36 69 101 0.92887205 
69 95 46 60 0.7513368 
631 112 47 60 0.32877624 
278 118 37 47 0.250097 
221 115 44 61 0.14965996 
237 108 46 59 0.112982914 
930 56 81 104 0.108836874 
41 146 42 57 0.097709775 
64 134 46 62 0.075096704 
245 96 36 46 0.053678073 
716 78 50 62 0.050601695 
197 89 36 52 0.049897373 
30 122 23 31 0.04751183 
244 139 32 41 0.047070995 
208 112 39 55 0.04659504 
103 39 27 34 0.040696524 
330 142 40 50 0.040054582 
53 107 48 57 0.039779674 
893 48 36 54 0.039407454 
293 135 39 50 0.038057283 
25 115 37 51 0.036444027 
49 67 76 111 0.036086187 
13 82 64 91 0.033767235 
642 87 60 78 0.032830365 
219 65 62 82 0.03219397 
295 125 29 39 0.032103404 
83 71 42 59 0.031275313 
71 0 25 27 0.030612202 
32 151 26 36 0.030476216 
101 28 26 30 0.029545426 
72 162 27 37 0.029264102 
22 90 37 55 0.029033594 
231 98 34 43 0.028382432 
10 120 68 96 0.027553078 
2 47 25 36 0.027410338 
2 119 23 34 0.026535178 
39 59 62 76 0.025104057 
828 41 59 79 0.024886157 
271 159 44 56 0.024865903 
413 312 26 32 0.024459714 
28 101 22 32 0.024161022 
108 103 62 79 0.023394067 
201 79 22 30 0.023110602 
278 104 30 39 0.0229789 
382 758 23 30 0.022971397 
908 52 43 62 0.022928039 
11 47 52 74 0.022601783 
84 128 43 60 0.022344986 
161 105 61 75 0.022015652 
127 122 70 84 0.021756943 
897 -10 75 76 0.020979092 
169 4 69 71 0.020774571 
26 68 25 36 0.020484554 
-1 52 37 59 0.020001253 
