2_Demonstration_Protesters_2_258
44
173 204 115 141 0.9992623 
807 263 107 121 0.99154 
76 157 93 116 0.983105 
593 182 120 152 0.96090806 
110 157 110 153 0.39630163 
437 168 70 110 0.077166 
574 174 87 131 0.071574345 
361 316 70 77 0.061394963 
331 232 67 81 0.049616925 
361 196 117 145 0.048915327 
344 272 115 144 0.047431618 
363 257 63 74 0.04742604 
787 216 107 122 0.044087525 
343 269 67 85 0.037632566 
358 348 78 107 0.036185663 
379 273 73 86 0.03495158 
634 229 99 112 0.034914162 
597 554 26 31 0.034052845 
654 165 121 153 0.031887967 
359 214 68 82 0.029482326 
848 288 95 101 0.027801665 
380 232 25 31 0.027233012 
402 294 69 96 0.026841827 
353 249 26 31 0.026770001 
783 164 98 106 0.026491703 
630 137 96 136 0.026457384 
366 278 28 37 0.026167814 
334 253 30 36 0.025966225 
369 330 105 163 0.025929233 
380 329 38 44 0.022854684 
778 179 23 27 0.022761784 
315 251 62 90 0.022661949 
225 154 72 85 0.022544004 
382 147 71 85 0.02252907 
549 204 82 107 0.022437017 
280 88 76 92 0.022350179 
402 258 69 80 0.021977125 
690 123 116 142 0.021110829 
364 172 69 85 0.020496957 
409 208 79 92 0.020465147 
512 199 64 84 0.020449959 
770 171 38 43 0.020347763 
378 160 40 51 0.020252723 
675 187 48 59 0.020096337 
