2_Demonstration_Protesters_2_618
83
458 257 61 75 0.9997929 
251 233 55 66 0.9989773 
319 88 47 60 0.9983765 
362 165 55 70 0.9983516 
519 168 51 64 0.9973852 
150 69 44 58 0.9952205 
936 161 45 55 0.9941288 
600 13 45 54 0.9941233 
704 46 44 56 0.99407274 
241 45 46 57 0.994042 
963 44 37 54 0.99330807 
482 17 41 53 0.9928013 
606 149 52 65 0.9917169 
-4 161 38 61 0.9895356 
845 244 61 87 0.9718555 
0 15 37 50 0.9715137 
440 189 47 55 0.9559705 
812 -1 43 44 0.9122297 
884 6 50 58 0.8866822 
827 227 61 84 0.73279315 
291 23 39 46 0.43801755 
571 218 47 57 0.23349606 
905 23 47 61 0.18160765 
84 244 35 45 0.12464414 
3 99 29 37 0.11090698 
383 -2 27 30 0.10809847 
851 467 43 57 0.10525529 
201 0 29 30 0.08731118 
662 189 42 52 0.08648484 
189 129 44 58 0.06628605 
834 7 36 43 0.06554795 
325 -2 31 34 0.058433443 
194 236 55 64 0.05078077 
97 10 50 56 0.048504736 
345 262 51 63 0.047570374 
458 -5 30 34 0.045651495 
165 21 40 46 0.04507095 
661 35 41 54 0.044942293 
531 -1 28 31 0.043600544 
536 176 56 67 0.041945744 
818 239 40 47 0.040499408 
665 429 523 560 0.040068094 
871 -3 48 47 0.039272107 
799 -1 35 36 0.037253466 
100 99 31 39 0.036934163 
764 189 39 49 0.036674198 
-155 432 535 552 0.03465528 
27 319 24 33 0.034595046 
180 -1 26 29 0.032886513 
652 171 44 54 0.032868464 
75 222 35 47 0.032282438 
53 0 26 31 0.032153983 
265 31 46 59 0.032066487 
411 175 60 75 0.031388715 
193 18 40 47 0.03100407 
665 -2 28 32 0.030640706 
15 98 37 48 0.030376391 
805 165 42 52 0.030050304 
684 0 30 35 0.030024199 
229 -1 27 30 0.029932382 
218 213 57 73 0.027327484 
67 294 39 50 0.027065536 
732 283 46 57 0.027058076 
197 37 32 42 0.024915624 
361 -2 28 31 0.02482733 
282 0 27 30 0.024315026 
570 180 56 69 0.02419412 
350 468 97 98 0.023907598 
433 238 53 71 0.022954253 
126 0 29 32 0.022592995 
780 292 43 53 0.022358334 
-34 311 704 729 0.02214314 
73 204 28 36 0.021900216 
54 304 61 76 0.02181416 
387 154 67 80 0.02181199 
964 83 41 52 0.021547314 
540 537 364 351 0.021489408 
250 -1 27 30 0.021011122 
49 18 27 35 0.020704448 
372 43 42 52 0.02067319 
38 295 50 62 0.020427193 
150 -2 25 28 0.02015263 
176 258 50 53 0.020021606 
