2_Demonstration_Demonstrators_2_306
77
127 380 23 29 0.068478085 
142 79 670 654 0.053136375 
151 414 21 28 0.05248161 
446 53 267 316 0.050286382 
130 509 29 36 0.04950407 
567 187 55 61 0.043133523 
204 360 22 27 0.043016106 
112 502 64 76 0.042226303 
134 402 23 30 0.04187236 
32 386 19 25 0.040638756 
132 488 25 30 0.04043861 
295 567 97 116 0.04031122 
155 428 20 29 0.039696895 
642 81 77 104 0.039496742 
102 404 25 31 0.03837767 
114 330 19 24 0.036952566 
376 193 41 51 0.036169205 
738 144 273 363 0.036084954 
101 529 78 97 0.03335765 
57 484 23 28 0.032858968 
100 310 16 21 0.032499004 
154 298 19 25 0.030917639 
120 575 69 90 0.030722434 
127 487 40 48 0.030329762 
55 307 17 23 0.02896453 
27 354 18 24 0.028862469 
26 339 17 24 0.028479619 
740 545 21 24 0.027509853 
311 530 53 63 0.026981797 
593 66 119 164 0.026733525 
642 487 21 27 0.026645122 
713 482 20 25 0.026381694 
1 478 20 28 0.026220752 
-193 283 726 732 0.026148811 
656 74 47 66 0.02607537 
531 457 24 32 0.02605253 
620 481 21 26 0.025994733 
-51 490 356 366 0.025723357 
208 40 324 325 0.02493745 
545 146 93 104 0.024744608 
111 357 23 28 0.024744252 
152 285 21 28 0.0245741 
38 448 141 186 0.02457036 
54 331 17 23 0.024481015 
52 513 23 30 0.024316272 
751 510 341 377 0.024300566 
533 176 68 72 0.02404327 
343 478 78 97 0.023927966 
257 363 23 28 0.023721596 
640 65 302 373 0.023684839 
583 178 34 42 0.0234605 
183 383 21 26 0.023387935 
260 265 791 701 0.023377188 
730 146 38 53 0.023266993 
715 469 20 23 0.023215309 
151 387 19 25 0.023162676 
123 365 19 26 0.0228841 
145 266 390 432 0.022841444 
449 228 70 89 0.02284046 
136 284 19 23 0.022808064 
-1 387 17 26 0.022780657 
563 197 36 42 0.022688704 
385 290 56 70 0.02266697 
132 453 21 26 0.02263343 
89 308 17 21 0.022583565 
53 286 18 23 0.022582153 
148 485 21 27 0.022483453 
72 381 21 26 0.021954948 
52 382 19 24 0.0215019 
183 484 189 183 0.021366768 
161 333 19 24 0.02132387 
292 468 424 365 0.021252578 
184 255 22 27 0.02065052 
87 551 116 136 0.020585785 
226 580 149 166 0.020494929 
25 481 20 27 0.020465266 
305 260 350 361 0.020427627 
