2_Demonstration_Demonstration_Or_Protest_2_79
177
785 601 33 40 0.22269456 
742 607 20 25 0.15983813 
567 639 19 22 0.1458048 
901 618 27 33 0.14011249 
841 582 20 26 0.13244025 
534 589 21 24 0.1148186 
746 596 20 25 0.101031266 
744 545 18 23 0.0943507 
940 595 44 56 0.08848789 
625 618 18 21 0.08564227 
637 617 17 22 0.08557307 
962 342 36 59 0.08326833 
668 557 18 22 0.0765494 
565 620 18 21 0.07437036 
749 556 19 22 0.06705724 
640 645 20 23 0.065048486 
596 595 17 21 0.064598136 
620 641 17 19 0.06457377 
718 565 18 22 0.06450321 
963 631 38 48 0.06351947 
824 586 24 31 0.06267228 
590 610 18 21 0.059193276 
898 598 55 65 0.05479079 
644 567 16 20 0.05329761 
562 593 16 20 0.052402027 
848 567 20 24 0.052272487 
794 591 28 35 0.05194804 
724 643 21 25 0.051564656 
948 616 44 54 0.05148984 
725 543 18 21 0.05133379 
967 362 38 64 0.050367795 
672 610 18 22 0.05034709 
723 614 20 25 0.049798757 
494 482 25 31 0.04918796 
667 595 18 22 0.048948012 
911 614 27 33 0.04872409 
776 609 25 29 0.048555948 
970 385 41 71 0.048389003 
696 567 18 22 0.04640303 
688 644 18 22 0.0459967 
646 586 18 22 0.045188725 
949 323 41 57 0.044467743 
690 510 17 23 0.044057336 
637 655 25 28 0.04403931 
673 547 17 21 0.043027394 
725 586 20 26 0.042763244 
786 575 55 66 0.042461623 
586 642 17 19 0.04224098 
945 592 27 34 0.041986704 
867 44 90 96 0.041886907 
441 614 18 21 0.041003976 
617 567 17 20 0.040246543 
505 455 27 31 0.03961311 
3 413 19 24 0.039451614 
743 641 20 25 0.038286105 
763 564 17 22 0.038101044 
826 545 20 25 0.037280273 
821 557 20 26 0.037279796 
616 588 16 21 0.037190683 
674 643 19 23 0.037032608 
643 539 15 18 0.036988426 
696 616 18 22 0.036704835 
802 27 123 141 0.03611628 
911 629 27 32 0.03593465 
646 520 15 19 0.035875283 
810 104 117 147 0.035868127 
766 590 21 26 0.035345234 
553 45 40 54 0.03456131 
804 125 79 88 0.034412086 
869 583 19 24 0.034167424 
620 660 21 24 0.034100316 
694 586 17 22 0.03377427 
953 633 25 32 0.033640392 
598 218 181 141 0.033155475 
869 570 18 24 0.032395944 
689 491 18 23 0.031406797 
719 654 24 29 0.031402253 
523 590 20 25 0.031374652 
954 330 25 33 0.031128338 
814 604 26 33 0.030612372 
490 462 25 29 0.030469522 
847 608 21 26 0.030435847 
800 562 20 24 0.030189363 
765 542 17 21 0.030042063 
636 113 81 93 0.029932063 
76 137 177 202 0.029808443 
4 428 19 27 0.029208038 
778 532 105 129 0.029000038 
745 433 18 22 0.028752275 
806 515 17 21 0.028588109 
922 588 23 29 0.028473288 
635 232 86 89 0.028449249 
869 512 19 24 0.02821208 
772 484 18 22 0.02806331 
411 592 19 23 0.028049752 
813 13 84 98 0.027817989 
634 160 176 156 0.027362958 
414 645 18 22 0.027297346 
724 41 62 96 0.027131062 
901 488 19 24 0.02707047 
900 586 22 27 0.026900617 
845 641 22 27 0.026877405 
840 545 19 24 0.026810037 
923 458 20 26 0.02675045 
471 640 18 20 0.026606094 
873 614 20 25 0.026407516 
899 22 84 86 0.025937822 
944 297 46 57 0.025573632 
675 509 17 21 0.02555132 
837 561 32 41 0.025394572 
636 639 32 36 0.025102185 
720 463 18 21 0.024878591 
511 505 28 33 0.024859706 
670 491 18 24 0.024834262 
866 491 21 27 0.024295904 
742 551 31 38 0.024063556 
938 47 62 78 0.023937551 
897 555 105 133 0.023919681 
632 610 30 35 0.023892514 
815 515 18 22 0.023841878 
587 659 20 25 0.023805212 
955 348 27 37 0.023799503 
654 250 97 95 0.023742188 
879 35 60 62 0.02368408 
848 535 112 134 0.023303546 
848 68 79 86 0.02322475 
843 99 69 83 0.023184502 
483 643 19 21 0.02310564 
771 517 17 21 0.022969726 
390 490 23 28 0.022944044 
883 102 119 143 0.022837995 
971 559 20 26 0.022814894 
516 657 22 26 0.022742027 
967 335 23 31 0.02272366 
817 563 49 64 0.022703301 
903 562 20 25 0.022607353 
812 555 37 48 0.022577396 
665 657 23 27 0.022531558 
696 541 16 20 0.022471651 
702 45 226 254 0.022386504 
853 484 20 26 0.02233953 
568 567 17 21 0.02224456 
897 543 64 83 0.022070369 
511 439 25 28 0.022044623 
719 519 16 21 0.022009699 
914 585 41 49 0.021806158 
689 655 23 27 0.021720408 
587 231 80 96 0.02161805 
869 430 20 25 0.02159015 
933 317 68 113 0.021562072 
885 279 50 71 0.021487268 
745 460 17 20 0.021385098 
774 466 18 21 0.021374593 
901 509 18 22 0.021370463 
878 535 18 23 0.021279033 
679 635 33 37 0.021249244 
410 656 22 27 0.021246988 
660 2 68 68 0.021227578 
516 644 18 22 0.021169545 
755 100 226 283 0.021135312 
630 2 68 67 0.020952096 
770 637 25 29 0.020940207 
-69 539 358 344 0.020932417 
544 611 18 21 0.020854898 
368 644 18 21 0.020829946 
439 639 17 19 0.02060474 
898 66 86 90 0.020563062 
979 399 26 39 0.020557981 
846 160 75 88 0.02051255 
380 645 18 21 0.02048621 
652 241 181 185 0.020398034 
989 654 25 33 0.02027764 
740 654 25 30 0.020229084 
617 543 15 18 0.020227054 
517 616 18 22 0.020219576 
698 42 62 91 0.020192344 
464 618 17 21 0.020182436 
