2_Demonstration_Demonstration_Or_Protest_2_816
219
138 278 56 72 0.997626 
859 169 44 53 0.9902609 
678 201 45 58 0.98884684 
16 165 46 57 0.98206276 
346 265 47 60 0.978921 
212 255 50 67 0.9786173 
573 119 43 52 0.97260475 
302 149 44 56 0.9663489 
790 226 41 52 0.9624884 
812 81 38 48 0.95622104 
93 64 43 52 0.9554848 
356 390 49 61 0.928638 
497 158 38 49 0.92773706 
721 2 41 50 0.7986537 
429 194 33 46 0.7375102 
178 195 47 57 0.71484613 
445 67 34 44 0.62855685 
637 145 39 50 0.60030365 
319 210 40 49 0.46108556 
547 283 39 54 0.44245282 
608 221 41 50 0.41574872 
458 274 32 38 0.3934235 
879 94 42 53 0.27515438 
119 0 28 30 0.26057506 
840 17 27 32 0.25066888 
844 4 28 32 0.21521884 
889 3 25 29 0.21437629 
868 47 36 43 0.18766443 
967 143 40 51 0.17026547 
665 273 36 48 0.16893943 
694 67 31 39 0.1565375 
778 265 48 61 0.15431125 
175 1 21 25 0.1471182 
872 -1 28 30 0.13564174 
490 3 24 29 0.123539 
161 -1 25 27 0.12350503 
310 17 28 32 0.12076335 
459 224 37 49 0.110072725 
308 1 29 32 0.10967485 
838 34 36 45 0.10863035 
628 220 41 50 0.10023159 
719 113 37 48 0.09888141 
-1 38 25 40 0.098627985 
160 73 27 36 0.09301075 
362 2 26 29 0.09252153 
329 73 29 39 0.08970909 
635 274 37 52 0.0855881 
610 350 40 52 0.08442767 
591 243 40 54 0.079349026 
480 65 31 39 0.07319913 
641 23 29 35 0.07238671 
155 85 37 49 0.07047168 
453 439 49 57 0.066961594 
970 83 39 55 0.066249005 
510 104 28 36 0.06429312 
206 503 73 79 0.062438443 
943 3 25 29 0.060038403 
298 124 42 55 0.059330925 
638 373 36 49 0.057990637 
730 412 62 72 0.05752441 
473 272 35 42 0.056328867 
864 16 37 43 0.055256013 
919 28 25 31 0.05413957 
356 16 26 31 0.051547863 
533 423 46 54 0.051542696 
1 16 34 51 0.049945332 
922 -1 24 27 0.049585223 
884 46 37 45 0.049089424 
99 508 68 85 0.04569498 
222 23 26 31 0.045319907 
910 38 34 44 0.044985775 
580 259 39 53 0.044246357 
283 157 46 56 0.043626238 
451 51 30 39 0.04352749 
964 322 45 59 0.043519504 
132 509 60 80 0.04315448 
380 2 25 27 0.042877816 
409 275 41 50 0.04276284 
654 119 38 47 0.042753838 
612 267 41 53 0.04267175 
178 175 36 45 0.041648768 
965 116 41 59 0.040508542 
582 349 42 56 0.040327955 
605 446 50 57 0.038874853 
189 144 42 53 0.038694937 
257 0 26 29 0.038354848 
106 -9 45 48 0.038133185 
325 1 25 27 0.03668626 
784 291 38 48 0.036661733 
159 503 59 80 0.036594484 
228 45 26 33 0.036495242 
977 0 24 27 0.035749853 
557 366 39 49 0.035728548 
491 16 25 32 0.035311867 
794 23 26 33 0.034771945 
208 2 20 23 0.034761935 
77 42 43 59 0.034620643 
180 383 44 67 0.03439335 
638 236 39 51 0.034240562 
248 92 35 46 0.034123916 
80 68 32 43 0.03388889 
198 46 25 31 0.033639736 
958 181 42 57 0.03359093 
882 314 41 54 0.033575546 
113 69 31 40 0.033575423 
151 52 24 31 0.033024795 
857 -9 48 52 0.032844294 
309 493 76 90 0.032734178 
209 24 22 27 0.03223384 
588 -1 28 30 0.03207242 
712 397 46 59 0.031974923 
64 418 47 55 0.03175876 
890 17 25 30 0.031182831 
321 235 52 66 0.031074302 
93 487 58 72 0.031021899 
410 20 26 31 0.030994616 
971 40 37 50 0.030862343 
910 193 44 58 0.030465908 
503 279 36 46 0.030246535 
55 0 21 25 0.03019904 
970 491 37 67 0.030186083 
728 336 39 51 0.030164424 
824 19 34 41 0.029905774 
711 265 41 51 0.029811464 
806 419 44 57 0.02968902 
310 72 28 35 0.029628709 
527 445 46 56 0.02953226 
712 345 44 56 0.029439112 
3 -1 24 30 0.029264322 
250 141 39 51 0.029181158 
815 399 43 54 0.029012557 
779 426 47 55 0.028879916 
839 -4 47 51 0.028688988 
579 102 35 43 0.028658709 
939 187 43 56 0.028601183 
328 23 25 28 0.028173199 
530 470 40 50 0.028138269 
794 72 43 54 0.028011005 
306 183 44 56 0.027424091 
750 536 346 360 0.027395923 
465 0 22 25 0.027300209 
611 389 46 57 0.02692473 
654 97 36 46 0.026805336 
22 273 44 74 0.026468065 
915 135 40 52 0.026405763 
187 45 24 31 0.026393544 
830 68 38 50 0.026227044 
992 0 22 26 0.026106885 
225 0 25 28 0.026024846 
-227 313 708 743 0.02597396 
607 137 42 53 0.025918016 
989 92 27 39 0.02561688 
469 430 39 48 0.025610363 
579 327 681 736 0.025272513 
666 -2 26 28 0.02525331 
616 487 75 91 0.025020981 
821 0 25 28 0.024687251 
914 163 42 53 0.024639359 
760 423 39 49 0.024391504 
548 440 46 56 0.024358725 
165 540 47 61 0.024314426 
472 243 38 46 0.024304606 
463 293 31 37 0.024180349 
908 88 39 53 0.02417169 
946 17 25 30 0.02414668 
975 21 26 31 0.024091989 
0 145 52 69 0.024029957 
-71 531 357 352 0.023776842 
475 87 36 47 0.02368269 
649 163 44 56 0.023651991 
201 277 53 66 0.023598088 
620 419 48 59 0.023514664 
597 117 40 51 0.023218883 
157 191 46 57 0.02315473 
794 -2 24 29 0.023065962 
940 161 45 54 0.023031468 
76 0 23 27 0.023020193 
2 67 23 37 0.022946678 
888 371 50 57 0.022924671 
653 414 45 56 0.022868743 
21 22 25 32 0.022812111 
886 339 46 58 0.022713587 
811 373 43 54 0.022588292 
632 187 39 50 0.0225383 
677 397 39 53 0.022530487 
132 544 71 86 0.022508621 
266 263 46 61 0.022425044 
23 597 67 75 0.02239313 
538 -1 24 26 0.022372842 
582 429 43 54 0.02233529 
575 287 40 52 0.022320597 
184 21 22 28 0.022232449 
298 -6 49 53 0.022132382 
405 1 23 27 0.022114612 
426 417 60 72 0.021924661 
611 199 33 41 0.021686334 
348 139 38 51 0.021680394 
822 41 35 45 0.021652378 
663 68 30 38 0.02164683 
349 61 35 47 0.021596493 
449 503 56 61 0.021422287 
869 108 37 47 0.021228002 
4 97 23 33 0.021198126 
523 495 42 52 0.021146845 
230 93 36 47 0.021072557 
272 181 42 53 0.020914406 
102 559 58 71 0.020594437 
359 283 45 56 0.020440608 
594 224 32 42 0.02038401 
708 426 60 77 0.020326432 
988 329 28 38 0.02029667 
520 163 38 49 0.02021575 
330 427 66 84 0.020203292 
81 23 26 33 0.020195408 
744 420 83 90 0.020190163 
21 2 22 26 0.020188734 
268 449 40 52 0.020151611 
642 0 26 30 0.020125825 
53 62 37 50 0.020097468 
