2_Demonstration_Demonstration_Or_Protest_2_32
233
234 1242 80 106 0.97982293 
519 1150 65 85 0.9608968 
723 1107 52 64 0.7764156 
297 1089 58 71 0.7258549 
625 1063 29 36 0.34771812 
511 707 40 51 0.33468983 
164 1082 56 71 0.33210194 
2 1251 55 92 0.2777427 
456 1071 44 58 0.19510119 
967 1101 31 43 0.16969201 
281 1058 39 50 0.16926563 
864 1098 35 44 0.16285205 
402 1165 56 80 0.14949691 
318 1103 56 71 0.14066917 
42 1037 41 60 0.13597849 
520 1099 35 43 0.13580467 
894 1134 38 48 0.13461499 
280 1077 57 68 0.13442567 
285 1029 33 43 0.12991874 
434 1157 55 71 0.12633897 
520 1057 31 38 0.124547735 
922 1138 32 43 0.12158907 
230 1079 38 51 0.11234473 
496 651 25 30 0.10926875 
864 1119 31 40 0.10773221 
511 1123 61 81 0.09650347 
241 1063 35 49 0.09405832 
297 1022 35 44 0.09134614 
831 1093 28 38 0.091104016 
717 1033 27 34 0.08950813 
957 1116 31 45 0.08771324 
722 1062 32 38 0.08098788 
880 1093 34 43 0.08077883 
643 1100 30 37 0.07740249 
679 1195 50 57 0.07676372 
696 1102 33 42 0.07674426 
441 1021 30 38 0.07346406 
3 141 31 46 0.07279779 
106 240 35 44 0.072724365 
673 1216 54 61 0.062821515 
507 651 27 32 0.06145253 
622 1154 31 40 0.0612324 
467 1149 68 82 0.0608064 
792 1131 33 44 0.06016903 
629 1091 30 39 0.058974348 
969 1049 26 36 0.058705267 
647 679 30 37 0.05793289 
436 1003 28 35 0.05731038 
522 1038 28 34 0.056213837 
421 995 29 36 0.05569984 
895 1023 29 35 0.053762298 
870 1062 29 37 0.05253437 
316 859 30 36 0.05232247 
157 1244 76 90 0.052186098 
182 1059 56 73 0.052168127 
618 1041 27 33 0.05178844 
558 1156 55 70 0.05092134 
647 657 29 35 0.050356463 
298 1065 40 49 0.049579784 
833 1158 26 35 0.049420644 
342 1064 33 41 0.04908484 
450 948 26 32 0.048855953 
586 1234 41 51 0.04869384 
975 1039 26 35 0.04820695 
556 1024 27 33 0.04641789 
750 1064 31 38 0.045365527 
489 991 27 33 0.0448655 
561 645 31 37 0.044680268 
272 1012 70 89 0.04463156 
105 1187 48 69 0.044274755 
881 1117 62 80 0.04403324 
830 1138 25 35 0.04374596 
585 987 25 32 0.043376047 
971 995 22 28 0.04330245 
649 1223 37 48 0.0428979 
170 1058 45 56 0.042426135 
272 1136 53 67 0.041801624 
921 1025 28 35 0.041632075 
558 1001 27 33 0.041120913 
671 1265 61 61 0.04103326 
883 1063 30 39 0.040929113 
243 1033 29 38 0.04071908 
344 1024 31 39 0.03998106 
787 995 25 31 0.03851764 
855 1159 29 37 0.037945397 
286 998 28 35 0.03782743 
694 1109 48 60 0.037777252 
652 1029 27 33 0.0374402 
852 931 27 34 0.037170507 
838 933 26 31 0.036579896 
578 650 28 34 0.03657386 
827 1028 23 30 0.03630533 
794 1157 33 41 0.03629884 
233 1046 63 83 0.036055684 
648 1130 31 42 0.035518188 
800 1060 27 34 0.03535784 
198 1085 46 59 0.0352884 
337 918 32 39 0.035054427 
13 1164 29 40 0.035013616 
853 1104 63 81 0.034871515 
694 1068 28 36 0.034799386 
825 1070 26 32 0.03474432 
828 1002 23 30 0.034626536 
382 1053 30 39 0.034550298 
556 1060 26 31 0.03453586 
676 1292 50 51 0.034443233 
680 1155 53 64 0.034373213 
120 1155 50 70 0.034236748 
360 1258 57 67 0.034202565 
929 1003 26 33 0.034062028 
950 1083 54 78 0.033941027 
489 963 27 34 0.033856288 
302 997 31 39 0.033639383 
25 1171 27 37 0.033531614 
795 1028 25 30 0.033316746 
698 1034 25 31 0.0331688 
870 1032 26 34 0.03268643 
315 888 31 39 0.03250603 
761 1026 26 31 0.03241796 
987 1049 26 36 0.032207403 
587 1107 27 34 0.03219563 
327 1057 54 72 0.03217491 
282 953 29 37 0.03211486 
931 1093 29 36 0.031890802 
103 976 52 64 0.031773943 
38 1125 28 36 0.0317044 
704 1177 50 58 0.031697955 
895 1003 26 33 0.031194143 
413 1129 33 43 0.030980868 
91 1146 69 96 0.03078861 
30 189 32 41 0.030694854 
425 858 27 34 0.030642513 
13 1161 48 66 0.03044709 
585 1125 33 42 0.030313205 
736 1135 55 69 0.030215237 
3 1019 32 51 0.030061772 
447 682 26 32 0.02968942 
791 1096 31 39 0.02956095 
983 1096 29 41 0.029473623 
118 1244 80 94 0.02928645 
345 996 30 40 0.029266963 
632 647 31 38 0.02924153 
691 971 25 32 0.02898242 
112 1163 35 48 0.028912662 
292 1129 58 71 0.028747272 
591 973 27 33 0.028522 
492 690 74 91 0.028471438 
579 1253 37 47 0.028388172 
1 321 106 133 0.02833483 
648 1151 46 57 0.0283252 
260 1187 64 84 0.02815908 
628 640 52 63 0.027898582 
694 991 25 31 0.02788387 
586 726 30 37 0.027359378 
727 1001 25 30 0.027124772 
318 919 33 40 0.027082155 
411 963 25 32 0.027037594 
644 1061 28 35 0.026992515 
441 888 26 31 0.026882226 
395 1256 61 70 0.026812658 
48 334 113 129 0.026758693 
618 991 24 31 0.026707899 
578 1069 24 30 0.02637054 
146 1166 79 102 0.02588583 
867 996 25 32 0.025758334 
51 1163 84 114 0.025352793 
58 1084 48 67 0.025194013 
970 1155 30 42 0.025093857 
69 1122 34 43 0.0249674 
585 1029 24 29 0.024911545 
60 287 63 76 0.024865163 
-5 1166 80 117 0.024794245 
171 1020 34 44 0.024697402 
578 1097 45 59 0.024634952 
134 1008 59 73 0.024614334 
657 1199 46 56 0.024599314 
39 1094 31 43 0.024593564 
614 1231 33 43 0.024580827 
479 1031 28 34 0.024407439 
552 895 30 37 0.024139648 
177 1173 81 102 0.024136884 
446 1133 36 46 0.024119684 
791 973 23 29 0.024099724 
400 1206 65 84 0.024096686 
792 1050 44 54 0.023948777 
281 995 44 58 0.023837645 
527 706 47 60 0.023574052 
842 1133 72 90 0.023534998 
491 896 25 31 0.023490041 
545 691 32 39 0.023324532 
934 1059 28 34 0.0232483 
26 1189 32 41 0.023113111 
29 233 150 187 0.022870526 
199 1023 32 39 0.022814825 
528 1092 51 65 0.022677757 
423 1023 29 37 0.0226637 
63 1143 55 73 0.022643434 
179 1079 86 103 0.022589328 
764 1000 24 31 0.022487434 
102 1059 34 45 0.022480851 
513 968 27 35 0.022342296 
517 1027 44 56 0.022264864 
243 1121 49 63 0.022253137 
454 661 23 30 0.022177238 
630 684 30 37 0.022111928 
517 994 26 33 0.02210164 
3 349 155 226 0.022070793 
97 244 54 71 0.022012696 
772 1134 72 88 0.021917358 
542 1099 30 38 0.021813432 
432 436 383 384 0.02180667 
567 1210 68 85 0.021623336 
864 960 26 32 0.021413915 
31 1119 46 63 0.02137693 
985 1159 30 43 0.02111662 
332 1017 49 63 0.020991975 
382 1038 27 36 0.020990511 
180 1268 105 114 0.020857107 
368 499 239 245 0.020836364 
9 671 112 141 0.02082654 
183 1215 92 115 0.020789215 
674 1313 64 61 0.020669464 
491 645 42 52 0.02062166 
804 1286 58 67 0.02059109 
140 1042 60 76 0.020417983 
-8 171 103 126 0.02033888 
564 638 48 55 0.020308645 
70 295 39 46 0.020307478 
499 1040 70 85 0.020305088 
487 929 25 33 0.020283554 
157 1139 57 78 0.020278366 
688 650 23 29 0.02022309 
515 628 24 29 0.020082422 
