2_Demonstration_Protesters_2_1033
45
112 54 88 99 0.99633694 
311 200 58 75 0.9925087 
265 408 48 58 0.53889114 
369 269 35 48 0.5155606 
420 312 35 44 0.3093956 
493 348 24 32 0.1158401 
268 182 43 57 0.0882757 
227 427 77 94 0.07670028 
385 268 53 68 0.0472909 
479 333 50 61 0.03834108 
463 500 29 32 0.03593838 
202 461 91 99 0.034519818 
411 391 36 46 0.034492478 
614 362 19 23 0.03131431 
266 342 68 80 0.030194612 
380 260 26 34 0.029926548 
486 376 23 32 0.028924352 
124 361 42 54 0.027050635 
468 351 58 71 0.026568605 
125 212 53 63 0.026541341 
545 415 20 25 0.026451128 
291 332 60 71 0.026171546 
254 377 63 74 0.02602374 
429 337 39 48 0.025533747 
324 335 40 50 0.024110291 
622 384 19 22 0.024067702 
590 143 89 109 0.024015367 
595 412 19 24 0.023916252 
238 349 67 83 0.023846248 
587 330 19 23 0.023722015 
544 437 22 27 0.023407595 
679 200 138 210 0.023044826 
560 416 18 23 0.022684941 
619 328 19 23 0.022391496 
442 292 56 70 0.022371836 
296 408 32 43 0.021820791 
407 255 25 32 0.021457888 
696 163 76 102 0.021097327 
506 353 22 29 0.021073846 
640 247 24 29 0.020925846 
637 388 17 21 0.020906202 
164 215 56 72 0.020814361 
592 388 18 22 0.020645864 
596 360 18 22 0.020571658 
268 308 62 72 0.020007882 
