2_Demonstration_Protesters_2_811
35
514 299 20 27 0.11947656 
745 245 42 48 0.09144967 
234 257 27 33 0.047464296 
869 80 24 28 0.04059057 
337 288 20 23 0.038377568 
612 363 24 29 0.034012113 
338 302 19 22 0.03196941 
507 358 20 25 0.027968 
581 366 41 50 0.02758646 
537 337 20 25 0.027343985 
544 358 22 26 0.02726097 
752 516 350 374 0.026866036 
715 494 39 44 0.026857374 
668 302 22 27 0.025512822 
134 47 22 26 0.024514351 
436 360 564 578 0.024450906 
641 252 24 31 0.023797948 
901 255 22 28 0.02354227 
734 223 48 55 0.023114482 
-53 456 360 381 0.022519024 
293 303 19 25 0.022485638 
490 361 23 29 0.022253128 
593 361 24 29 0.022208143 
826 224 22 29 0.021935923 
648 271 71 80 0.021562716 
634 242 41 54 0.021119988 
721 202 23 28 0.02110689 
991 257 21 28 0.020508692 
668 284 21 26 0.020447021 
742 226 27 32 0.020442089 
690 295 41 47 0.020429842 
384 282 23 28 0.020361165 
759 228 59 71 0.02030995 
721 224 23 28 0.020249786 
35 170 269 336 0.020087663 
