2_Demonstration_Political_Rally_2_341
196
566 330 22 27 0.2168942 
920 407 20 25 0.12573898 
465 357 19 25 0.11709238 
497 339 22 29 0.10757526 
135 338 19 25 0.07338682 
505 347 23 30 0.07020706 
872 273 21 25 0.0671844 
697 91 39 46 0.06600951 
694 260 25 32 0.06452818 
150 332 21 24 0.064518176 
510 289 40 48 0.056207072 
815 379 20 28 0.055974957 
431 331 20 25 0.055532966 
801 379 23 29 0.053557254 
510 187 19 24 0.05180559 
850 261 21 27 0.051578335 
799 332 19 24 0.050795756 
442 307 21 25 0.04918662 
414 123 23 29 0.04612674 
901 257 21 26 0.045400385 
490 301 21 27 0.044787604 
532 281 21 27 0.044363134 
289 1 24 25 0.044287868 
641 357 21 28 0.044105537 
48 378 19 25 0.044098057 
847 352 24 28 0.043366283 
924 274 23 28 0.043222312 
128 349 22 26 0.043042652 
486 207 18 22 0.04299591 
495 185 18 21 0.04186658 
531 302 23 30 0.04182321 
28 101 21 27 0.04167875 
739 278 20 25 0.041613825 
463 306 18 23 0.041346032 
848 274 20 26 0.041040197 
922 438 20 26 0.03969284 
849 338 21 26 0.039232414 
596 305 17 21 0.03863318 
643 275 21 28 0.037685115 
919 258 24 30 0.037257563 
668 380 24 32 0.03680437 
490 315 48 65 0.03628605 
186 250 19 25 0.03608175 
132 311 17 22 0.036068346 
689 119 27 33 0.035951 
874 332 21 23 0.035754934 
644 339 19 23 0.035576086 
40 131 171 217 0.03500414 
588 337 17 23 0.034683768 
133 386 25 30 0.034168735 
567 314 20 26 0.033926744 
471 213 18 20 0.033435576 
485 159 18 22 0.0329549 
797 362 20 24 0.032674808 
465 340 19 25 0.032312803 
872 232 19 22 0.032305803 
124 342 36 44 0.03176838 
591 355 20 25 0.031718537 
617 336 17 22 0.031617768 
508 100 83 89 0.03158136 
409 361 20 25 0.031541534 
716 275 22 27 0.03138853 
384 1 21 23 0.031242652 
616 355 18 24 0.031094704 
573 402 23 28 0.030833801 
821 99 20 25 0.03057102 
672 82 71 84 0.03051352 
823 257 18 24 0.029867439 
461 378 20 25 0.029833235 
467 280 18 21 0.029725417 
865 261 35 42 0.029214958 
156 316 17 22 0.029121345 
824 200 19 24 0.029075542 
723 233 20 24 0.0289471 
103 355 18 23 0.028902 
691 78 27 32 0.02882036 
207 334 17 20 0.02877265 
612 307 16 21 0.028738223 
592 156 22 28 0.028590133 
645 375 22 31 0.028306145 
925 304 19 24 0.02821033 
923 390 21 25 0.028065296 
748 336 19 24 0.027804451 
460 262 18 22 0.027717525 
846 230 19 23 0.027582895 
470 159 18 22 0.027368046 
725 48 72 91 0.026958348 
694 331 21 27 0.02693187 
949 411 20 25 0.026867323 
508 199 19 23 0.026667204 
776 258 18 23 0.026580248 
538 83 73 75 0.02652095 
822 365 20 25 0.026290214 
583 98 29 33 0.026287595 
974 407 21 27 0.026222723 
672 123 24 30 0.026174814 
486 292 37 45 0.025984714 
354 206 18 23 0.025856854 
257 31 26 27 0.025828969 
666 335 19 23 0.02557313 
927 333 18 21 0.025413796 
510 54 77 77 0.025390325 
845 308 18 22 0.025276527 
317 233 17 20 0.025089536 
566 278 18 22 0.025045762 
53 287 17 23 0.025005726 
950 359 21 25 0.024949966 
344 201 18 22 0.024885925 
651 357 52 72 0.024850126 
826 233 18 22 0.024836877 
686 381 22 29 0.024823518 
36 384 18 23 0.02472181 
822 80 19 25 0.0245729 
740 231 18 22 0.024558911 
233 334 17 20 0.024551906 
619 410 21 26 0.024133753 
187 309 17 20 0.023924557 
925 452 22 28 0.023851003 
540 331 20 27 0.023748461 
259 306 18 23 0.023712646 
947 437 21 26 0.023641821 
541 353 22 29 0.023537578 
110 339 17 21 0.023505248 
811 91 39 51 0.023441033 
432 229 18 22 0.023367511 
438 361 20 25 0.0233418 
948 334 20 23 0.023297006 
769 70 20 26 0.023232335 
719 363 19 24 0.023218408 
973 23 19 23 0.023168873 
125 317 52 63 0.023103321 
877 307 18 22 0.023095319 
517 284 25 30 0.023057867 
713 259 21 25 0.02293622 
470 225 18 23 0.022845251 
844 208 19 23 0.022832 
231 379 20 25 0.022830084 
135 400 25 30 0.022651408 
794 255 19 24 0.022608727 
414 334 21 26 0.022587294 
845 376 24 32 0.022556266 
558 338 35 45 0.022483272 
955 424 63 86 0.022398503 
408 279 19 23 0.022388516 
665 432 24 30 0.022363693 
363 181 19 23 0.022338085 
979 6 20 22 0.022329733 
55 366 18 23 0.022309545 
673 362 53 71 0.022307094 
51 333 17 22 0.022288077 
823 186 19 24 0.022256037 
766 43 63 82 0.022236316 
743 262 18 23 0.022233734 
792 73 19 24 0.022142572 
798 210 19 23 0.021997718 
794 230 18 23 0.02198905 
545 203 19 22 0.021931555 
75 432 23 27 0.021863122 
381 176 18 22 0.021762002 
185 236 18 22 0.021722706 
451 341 50 62 0.02168777 
974 378 21 27 0.021560619 
881 641 141 151 0.021544363 
891 330 18 22 0.021513205 
495 125 72 82 0.021465437 
637 349 33 45 0.02144298 
941 275 23 29 0.02143201 
302 2 23 24 0.02140516 
951 45 19 24 0.021366203 
98 348 32 39 0.021337958 
79 333 17 20 0.02117294 
537 180 20 25 0.021103961 
974 360 21 26 0.021097925 
467 182 16 19 0.021067102 
529 321 34 46 0.021066695 
683 246 50 62 0.020917295 
953 456 26 32 0.020902319 
503 177 33 42 0.020855285 
929 359 18 23 0.020823712 
818 333 19 24 0.020747315 
690 359 21 27 0.020685937 
748 359 18 25 0.020683343 
663 275 23 29 0.020595161 
331 238 17 21 0.020590669 
655 124 79 87 0.020569535 
459 297 32 39 0.020528486 
916 428 33 42 0.020482695 
825 286 18 23 0.020458145 
630 350 53 72 0.020395879 
797 360 50 64 0.020382397 
525 91 52 52 0.020272782 
81 79 23 30 0.020201728 
580 332 30 39 0.020194365 
824 306 19 23 0.020151766 
522 66 46 49 0.02005527 
367 159 19 23 0.02002989 
