2_Demonstration_Protesters_2_884
284
516 150 39 49 0.9054872 
935 450 87 121 0.66656905 
662 269 31 44 0.45294023 
890 250 26 33 0.261786 
669 98 28 35 0.20520929 
692 33 42 51 0.17275764 
894 194 23 30 0.15326625 
284 100 21 26 0.15148875 
879 253 27 34 0.14771003 
4 121 23 31 0.14320102 
364 84 21 29 0.14024758 
823 224 33 42 0.13398832 
981 173 21 31 0.13065603 
329 186 23 31 0.13001509 
413 350 30 40 0.12409402 
928 183 21 27 0.12060095 
515 221 30 37 0.118467964 
433 172 21 28 0.10910718 
817 131 20 25 0.10825518 
274 225 22 29 0.10597439 
20 166 23 29 0.105342254 
380 126 22 27 0.10199658 
841 153 20 24 0.0978924 
582 92 23 30 0.09067048 
955 135 20 26 0.08538787 
879 179 21 26 0.08484512 
8 264 34 46 0.08025287 
580 148 36 47 0.07847204 
823 244 30 38 0.0736176 
972 261 34 47 0.07240269 
555 270 34 42 0.07177966 
615 124 27 32 0.07122154 
970 339 34 53 0.06986616 
674 447 47 54 0.06983822 
977 186 29 43 0.06883043 
974 155 21 28 0.0676201 
435 160 22 29 0.06421552 
693 409 65 83 0.064185135 
673 263 40 53 0.06417362 
6 177 23 34 0.064156875 
876 158 20 25 0.063953035 
873 240 48 59 0.061502583 
846 175 21 25 0.059565645 
175 238 36 46 0.059469916 
709 24 34 41 0.059065223 
289 148 20 25 0.058872517 
820 183 21 27 0.058182836 
898 235 23 28 0.05798194 
435 202 23 29 0.057261184 
138 241 46 54 0.056877367 
2 333 24 33 0.056109414 
661 240 69 92 0.055590443 
918 199 22 28 0.05537432 
718 446 27 36 0.05504297 
993 105 18 24 0.052302178 
837 248 25 34 0.04816826 
567 92 32 39 0.047983725 
953 147 19 24 0.04742748 
973 249 23 31 0.04708143 
878 198 22 27 0.046869684 
645 249 38 52 0.046682954 
903 289 39 48 0.04624566 
820 198 23 28 0.046001736 
955 234 22 30 0.045514364 
721 196 25 31 0.044997096 
407 328 53 71 0.044849955 
739 26 24 30 0.04473826 
828 149 21 25 0.042652536 
766 245 35 45 0.04238772 
3 192 23 34 0.04221982 
917 231 20 27 0.04195045 
380 103 19 24 0.0419135 
79 262 73 87 0.041706625 
693 29 30 34 0.041366663 
947 321 26 36 0.04118276 
776 322 72 89 0.04089169 
790 301 39 50 0.040491477 
875 232 23 29 0.040275376 
330 81 21 26 0.040099747 
305 148 18 25 0.039892115 
976 39 25 34 0.039879564 
803 315 53 62 0.039541878 
7 152 23 34 0.039320376 
554 140 54 65 0.039274994 
461 202 24 31 0.039077565 
786 273 34 46 0.038822148 
259 99 21 24 0.03857738 
691 246 65 78 0.03820946 
107 240 71 83 0.03763965 
83 278 29 35 0.037381254 
285 85 21 25 0.03701255 
990 196 24 33 0.03677779 
310 128 19 25 0.036389012 
48 169 27 32 0.036232445 
909 269 39 47 0.036176495 
686 257 26 32 0.035886325 
48 156 26 31 0.03567327 
968 416 43 79 0.035635125 
82 301 70 94 0.035526514 
944 239 34 44 0.03526534 
417 180 22 29 0.035121974 
583 123 26 33 0.034685418 
307 108 19 24 0.03461413 
969 236 21 30 0.03447516 
673 211 71 88 0.034333244 
0 137 66 85 0.034316536 
158 100 25 33 0.034307007 
653 227 40 52 0.034014024 
283 127 21 27 0.034007993 
546 73 20 25 0.033936765 
233 100 18 23 0.03387806 
288 178 20 27 0.03382321 
182 143 23 30 0.03361445 
799 180 20 24 0.03349878 
563 76 20 25 0.033328466 
282 211 21 26 0.033305872 
565 171 28 36 0.033256534 
817 422 84 89 0.0328772 
827 230 49 61 0.0328485 
687 431 32 41 0.032847058 
310 184 19 26 0.032777842 
181 80 23 30 0.03254138 
685 222 43 54 0.032214403 
541 271 30 38 0.032186776 
983 104 19 24 0.032173384 
178 93 24 32 0.032091666 
155 120 26 36 0.032058347 
945 181 18 23 0.03161553 
786 244 34 46 0.03135464 
970 133 18 25 0.031194702 
737 201 25 29 0.031091973 
333 103 19 24 0.031003382 
739 276 27 33 0.030504797 
685 184 66 76 0.030433675 
558 56 19 23 0.030193362 
599 161 37 48 0.02987797 
519 388 37 56 0.02984095 
769 204 21 27 0.02974553 
618 102 22 28 0.029464323 
527 214 39 50 0.02937017 
878 182 46 57 0.029333118 
923 156 18 22 0.028938819 
769 229 21 28 0.028934088 
256 128 23 27 0.028820843 
922 403 76 125 0.028776962 
907 169 48 61 0.028723195 
0 288 37 54 0.02869756 
253 211 51 63 0.028666887 
48 279 24 31 0.028341774 
919 252 24 31 0.028292896 
361 3 26 30 0.028207771 
719 387 64 87 0.028163346 
843 136 19 25 0.028161468 
151 232 29 37 0.027777763 
843 205 24 29 0.027665785 
805 126 20 26 0.027628107 
228 257 23 30 0.027547207 
739 182 22 28 0.027514791 
845 404 68 77 0.027471049 
279 138 34 42 0.027446648 
559 199 24 31 0.027414326 
19 126 23 30 0.027378866 
570 126 25 32 0.027208246 
587 349 64 78 0.02709844 
566 152 29 37 0.026705788 
40 250 154 197 0.026636695 
990 176 23 34 0.026620723 
670 390 70 85 0.0264762 
309 83 19 23 0.026171353 
7 348 21 29 0.026162261 
797 203 20 24 0.026099129 
202 93 21 27 0.026090935 
681 102 27 34 0.025992496 
609 151 27 35 0.025875406 
946 341 39 54 0.02586894 
992 155 20 27 0.025868868 
716 258 25 30 0.025860434 
8 122 39 49 0.025848992 
715 5 25 29 0.025546584 
944 308 27 35 0.025381451 
119 268 80 96 0.02536262 
174 120 35 45 0.025355557 
413 370 27 36 0.025075914 
662 72 40 48 0.025038008 
893 268 31 39 0.025021983 
3 224 24 33 0.02499685 
306 201 20 27 0.02496855 
276 82 36 41 0.024766106 
51 126 25 31 0.024739545 
633 137 36 47 0.02454676 
231 232 22 28 0.024489546 
895 154 19 24 0.024392966 
558 252 52 65 0.024380248 
813 245 67 80 0.024355365 
818 108 19 24 0.0242362 
257 84 20 24 0.024175225 
49 289 42 55 0.023947166 
952 202 20 26 0.023868801 
145 104 53 65 0.023763642 
262 207 22 27 0.023733117 
97 116 40 49 0.023720715 
708 217 44 53 0.023643944 
923 127 19 23 0.023605281 
730 247 43 50 0.023592193 
38 186 43 54 0.023405815 
839 266 38 47 0.02330743 
3 107 22 31 0.023196232 
16 187 35 49 0.023156874 
682 136 42 50 0.023155503 
50 255 24 31 0.023091113 
742 254 26 31 0.023042938 
659 135 40 51 0.023027558 
519 97 23 31 0.02294719 
691 62 29 37 0.022863768 
778 501 84 88 0.022861307 
605 220 35 47 0.022645382 
789 3 28 29 0.022634163 
216 237 57 70 0.022570536 
29 142 59 65 0.02254034 
742 424 72 84 0.022503065 
531 186 39 50 0.022493903 
560 254 31 40 0.02231761 
272 119 36 43 0.022297489 
463 178 21 28 0.022288788 
254 50 22 27 0.02223745 
715 273 25 32 0.022167457 
870 199 65 82 0.022119606 
796 71 157 193 0.022076588 
537 256 29 38 0.022008471 
-10 168 49 69 0.022002427 
744 227 24 29 0.021992913 
562 221 27 35 0.021952307 
756 293 59 76 0.0219349 
364 119 30 38 0.021766247 
847 452 69 86 0.021611663 
693 228 23 27 0.021588486 
183 553 111 98 0.021508979 
129 97 27 34 0.021476721 
705 171 58 65 0.021437299 
899 129 19 24 0.021402722 
835 637 100 105 0.021367101 
793 323 28 38 0.021342868 
641 131 22 30 0.021329192 
99 93 44 49 0.021210065 
122 114 40 50 0.02115348 
767 268 36 47 0.02113397 
597 234 53 69 0.021071026 
170 67 52 66 0.02105793 
255 146 24 29 0.020992141 
333 150 22 28 0.020956505 
908 310 42 52 0.020941343 
293 163 50 65 0.020936113 
127 251 34 40 0.020928554 
256 93 36 40 0.020923048 
819 293 60 70 0.020911584 
64 144 44 51 0.02087211 
760 344 63 80 0.02086523 
992 256 21 28 0.02084823 
811 325 69 79 0.020845814 
-13 308 164 224 0.020783853 
821 197 62 77 0.020774435 
201 129 22 28 0.020752534 
732 313 57 71 0.02074202 
666 244 111 134 0.020686638 
732 293 41 49 0.02067872 
537 98 23 29 0.020624667 
178 50 21 25 0.020621955 
231 275 24 31 0.020621786 
760 224 36 47 0.020613734 
43 121 42 52 0.020576267 
810 303 31 39 0.020567462 
581 189 37 48 0.020558927 
922 340 69 93 0.020522635 
636 267 60 81 0.020520898 
303 120 32 41 0.02048067 
136 202 70 83 0.020360097 
936 312 52 65 0.020358471 
25 342 78 97 0.020266749 
678 111 38 46 0.02022618 
-4 178 65 89 0.020199114 
-4 261 115 164 0.020187965 
802 573 122 149 0.020134676 
806 269 39 50 0.02000662 
655 163 41 52 0.020005787 
