2_Demonstration_Demonstration_Or_Protest_2_183
88
294 326 94 119 0.9441884 
100 510 59 68 0.50449175 
-3 32 38 55 0.11440808 
853 528 34 43 0.06827842 
742 531 39 47 0.06329358 
882 507 33 43 0.05489386 
331 332 103 133 0.051496442 
240 1036 36 45 0.047579587 
853 506 33 38 0.047325615 
763 198 131 128 0.042910907 
119 31 30 36 0.042314734 
967 1046 35 44 0.042252094 
723 497 84 103 0.042178214 
847 511 56 70 0.04202913 
841 597 39 55 0.04167728 
801 1080 530 569 0.04127412 
801 -122 523 585 0.040223178 
408 349 96 127 0.039045725 
85 524 44 54 0.03732499 
770 131 132 142 0.036727827 
50 76 33 48 0.035443876 
484 -330 1066 1142 0.03525223 
66 557 62 74 0.034578286 
791 165 518 610 0.034150675 
9 500 30 43 0.03398483 
-5 2 52 71 0.03344033 
622 564 33 42 0.03292115 
866 498 55 67 0.032457497 
793 493 487 613 0.032047816 
265 839 126 133 0.03136281 
39 534 30 42 0.03127176 
507 334 36 45 0.031213358 
501 390 38 49 0.030612191 
234 962 152 172 0.030351533 
518 739 1042 1132 0.03028125 
737 455 35 42 0.030103879 
84 5 35 39 0.029961577 
775 493 33 39 0.029929593 
230 1021 58 71 0.029866707 
788 765 475 573 0.02977275 
35 504 29 41 0.028940642 
459 359 80 103 0.02851518 
156 628 102 126 0.028293379 
691 495 28 35 0.028000405 
802 496 29 35 0.027798457 
358 294 100 119 0.02745108 
98 548 70 76 0.026623668 
9 526 32 46 0.026537126 
106 12 30 34 0.02636726 
190 819 194 210 0.025381528 
188 4 30 33 0.02489709 
774 468 30 36 0.0247971 
617 492 36 43 0.02465859 
739 428 33 39 0.02450197 
619 541 36 44 0.02445023 
828 484 93 108 0.02419656 
734 250 137 135 0.024065204 
664 344 33 38 0.024041656 
140 924 206 229 0.023163809 
402 301 88 106 0.023126738 
467 313 33 40 0.022892207 
661 497 28 36 0.022855386 
429 337 36 49 0.022822397 
166 1 30 31 0.022742003 
157 708 111 129 0.0226652 
692 646 33 42 0.022655737 
721 118 224 245 0.022633841 
774 467 96 110 0.022476459 
695 467 30 37 0.022446984 
411 812 129 159 0.022441661 
691 343 33 39 0.022132577 
491 989 91 116 0.02203477 
690 306 37 44 0.021902371 
130 550 65 79 0.02166258 
488 306 52 68 0.0214123 
164 66 33 41 0.020927854 
660 307 35 42 0.020910354 
149 48 29 34 0.020831818 
752 483 61 71 0.020670697 
808 169 135 132 0.020485349 
174 902 116 140 0.02042092 
230 790 119 125 0.02040445 
610 549 56 67 0.020393128 
212 996 95 115 0.020337654 
791 485 55 65 0.02031605 
307 975 187 237 0.020313507 
734 504 37 43 0.02019107 
612 618 33 41 0.020025922 
