2_Demonstration_Demonstrators_2_470
63
23 154 272 425 0.9995603 
481 290 180 247 0.9993781 
457 146 111 147 0.99572587 
626 34 83 108 0.99569315 
399 56 75 100 0.98738664 
871 118 92 151 0.98458534 
288 19 69 96 0.8355802 
553 61 44 55 0.40970862 
60 70 112 104 0.22823521 
256 32 82 108 0.19603847 
321 20 59 78 0.055229146 
550 127 59 79 0.055162594 
577 52 62 77 0.052975077 
370 32 64 88 0.048961673 
47 82 190 253 0.04675434 
709 119 72 92 0.041425496 
242 68 61 75 0.04092159 
699 94 66 84 0.038216427 
797 3 84 75 0.036618795 
636 -3 74 79 0.036531888 
300 51 74 99 0.03534373 
704 63 34 45 0.034965523 
368 75 70 95 0.034652025 
430 90 73 96 0.03364287 
191 -5 86 81 0.03335569 
629 358 87 133 0.03195782 
150 19 78 84 0.031117067 
815 117 101 145 0.030625515 
680 51 60 76 0.030115457 
198 10 118 123 0.02938281 
58 65 70 76 0.028813392 
235 3 72 85 0.02761774 
727 107 52 67 0.026176646 
753 106 45 62 0.026142577 
842 13 31 37 0.025999181 
772 178 69 95 0.02573265 
380 19 43 54 0.025717737 
119 39 80 83 0.025427831 
746 1 26 31 0.025213977 
750 520 340 368 0.025051292 
465 117 73 94 0.02500707 
755 137 70 97 0.024758045 
549 72 61 74 0.02475004 
72 197 76 106 0.023942739 
357 106 68 92 0.023692738 
789 130 62 78 0.023517385 
836 81 47 59 0.02342579 
799 168 79 111 0.023346528 
881 117 57 97 0.023161285 
343 90 60 81 0.023108253 
187 45 72 87 0.02305006 
292 310 82 128 0.02288815 
333 40 66 93 0.022560913 
805 46 72 79 0.022470692 
687 148 63 77 0.022382716 
503 16 51 55 0.022158073 
267 -12 71 86 0.022033194 
18 364 146 237 0.021671332 
92 31 135 125 0.021011686 
621 182 64 87 0.020770546 
218 32 50 60 0.020288581 
499 140 79 102 0.02027918 
-54 419 357 413 0.020035647 
