2_Demonstration_Demonstration_Or_Protest_2_159
162
826 338 100 114 0.9963205 
265 376 55 62 0.9859676 
669 384 33 44 0.8962628 
592 362 38 50 0.6437202 
481 346 24 31 0.4856677 
382 350 24 33 0.3663294 
528 422 25 32 0.35056835 
509 76 23 30 0.30023685 
82 472 25 32 0.2925867 
201 411 22 28 0.28984332 
468 355 24 32 0.25618538 
772 333 28 37 0.22754352 
562 386 24 31 0.1938346 
331 401 26 34 0.1684911 
149 520 30 38 0.16060857 
430 188 32 41 0.1509561 
745 91 24 33 0.13186899 
910 311 91 128 0.12447606 
385 339 23 29 0.10179422 
229 385 25 32 0.09294176 
719 102 26 34 0.09024432 
949 312 66 100 0.08899774 
172 377 25 32 0.08880971 
180 362 22 28 0.0855662 
566 399 23 30 0.07564162 
715 355 24 29 0.07313075 
460 372 25 33 0.06825 
151 405 25 32 0.068208165 
322 529 25 32 0.067307875 
1 482 18 27 0.0608778 
541 389 23 28 0.055300284 
486 533 25 32 0.054998506 
727 80 49 60 0.05298043 
732 105 36 47 0.048179805 
496 515 23 30 0.047043085 
49 432 23 28 0.047001973 
847 153 23 27 0.046429858 
752 85 31 43 0.044666294 
640 359 24 32 0.042796664 
526 448 33 44 0.04184943 
566 144 23 32 0.0412865 
382 379 24 32 0.040747464 
236 401 23 31 0.040620256 
469 339 22 28 0.040112723 
742 154 22 28 0.039383087 
899 155 21 25 0.038851347 
697 154 22 28 0.038200647 
512 381 22 28 0.03815522 
431 358 24 32 0.03807358 
527 574 40 50 0.037436932 
431 376 27 35 0.036882132 
615 105 19 24 0.036612827 
520 413 25 32 0.036488447 
467 337 43 55 0.036072068 
719 79 24 30 0.03596245 
14 591 21 29 0.034266032 
643 71 21 28 0.034025963 
178 558 29 40 0.033613957 
641 122 25 31 0.033540428 
743 327 24 30 0.03323543 
131 402 26 34 0.03323105 
355 309 20 24 0.033198114 
310 338 22 27 0.03286647 
923 123 20 25 0.032865454 
412 353 23 31 0.03158016 
157 387 24 30 0.031488698 
715 332 23 29 0.031184217 
58 511 21 27 0.030465428 
641 107 21 27 0.030420119 
763 320 46 61 0.030396344 
643 335 22 28 0.03038009 
383 436 25 32 0.030312309 
611 77 20 26 0.03012795 
705 369 36 45 0.029963337 
870 152 21 26 0.029766856 
210 388 22 29 0.029352177 
186 406 22 28 0.028479485 
708 143 35 44 0.028427577 
409 101 21 25 0.028328842 
920 157 21 27 0.028174939 
715 153 22 27 0.028082926 
780 336 41 54 0.027958697 
534 170 23 30 0.027729398 
479 272 25 30 0.027655682 
17 331 40 58 0.02757422 
177 538 23 29 0.027550958 
818 153 19 23 0.027351474 
503 524 33 41 0.027321083 
222 371 46 60 0.027229577 
679 520 39 48 0.026668714 
658 521 38 48 0.026570035 
455 431 26 34 0.0264241 
847 134 21 25 0.026392283 
87 458 33 43 0.025984399 
490 375 23 29 0.025907744 
463 303 22 27 0.025791142 
707 97 54 65 0.025633713 
20 553 22 31 0.025371494 
33 430 19 26 0.02519105 
521 456 22 29 0.02511971 
410 339 22 28 0.025100473 
-67 530 358 355 0.025055636 
29 334 25 35 0.025002273 
509 355 20 27 0.024771092 
666 360 25 30 0.024727214 
559 370 47 59 0.02472096 
42 345 28 38 0.024631122 
640 380 25 35 0.02419941 
131 386 26 32 0.024177283 
872 133 20 24 0.024019776 
662 255 22 26 0.02400245 
362 541 25 32 0.02397522 
689 172 24 31 0.023909178 
598 79 19 24 0.023722125 
783 362 40 52 0.023712592 
842 151 39 44 0.023458147 
338 356 21 27 0.023214348 
725 125 55 72 0.023167953 
806 317 60 81 0.023079757 
303 514 47 63 0.02306567 
566 250 26 33 0.023064462 
303 199 28 35 0.022908242 
953 128 20 25 0.02286428 
682 131 56 69 0.022828553 
745 174 22 28 0.022610163 
596 333 24 30 0.022579823 
94 477 23 30 0.022373978 
924 106 22 31 0.02235933 
766 181 23 27 0.022232542 
-219 300 715 749 0.022085484 
899 132 20 25 0.022084251 
691 359 27 32 0.022031914 
948 351 73 121 0.021811215 
150 428 24 31 0.021663768 
82 323 23 31 0.021615835 
511 309 22 26 0.021607433 
594 99 20 24 0.021602184 
461 231 23 29 0.021444423 
509 480 24 31 0.021359544 
642 306 21 26 0.021266438 
185 435 22 29 0.021081144 
537 566 30 36 0.020997252 
159 367 46 57 0.020994067 
665 334 21 27 0.020956196 
303 329 36 45 0.02084673 
776 312 23 28 0.02081682 
740 314 22 28 0.020795856 
335 227 26 34 0.020776374 
445 191 36 45 0.020734427 
6 465 18 28 0.020725511 
764 155 20 26 0.020695575 
406 279 25 30 0.020555763 
720 173 23 28 0.02054769 
664 81 20 26 0.020506317 
620 123 22 28 0.020412872 
181 482 23 30 0.020376792 
516 228 20 25 0.020335881 
946 425 75 108 0.020320287 
120 141 261 329 0.020317275 
892 152 36 42 0.020221505 
499 599 38 51 0.02012064 
764 199 27 32 0.0200589 
