2_Demonstration_Demonstrators_2_654
348
581 163 41 48 0.9774125 
448 152 39 46 0.909347 
716 180 36 46 0.56012136 
294 143 36 44 0.4507412 
139 141 41 58 0.25008667 
710 129 25 30 0.23319921 
517 140 43 51 0.22703482 
353 139 36 47 0.21634923 
397 151 39 50 0.20027962 
133 149 27 34 0.18599813 
824 129 27 33 0.17698516 
594 109 23 28 0.1713967 
237 123 24 30 0.16468649 
357 129 26 35 0.12431499 
929 52 21 27 0.10583307 
710 143 27 35 0.101939864 
153 145 53 81 0.092143245 
940 57 23 29 0.09128463 
247 120 23 30 0.08531214 
158 130 23 30 0.080305316 
596 51 22 27 0.08026398 
974 181 20 33 0.078743964 
284 73 24 29 0.07487342 
694 174 36 47 0.07454641 
922 95 26 34 0.07384106 
850 79 19 23 0.073787704 
393 263 67 74 0.07377563 
160 105 21 25 0.0702157 
123 154 48 59 0.068143085 
946 67 22 28 0.067961276 
974 97 19 25 0.06624639 
816 200 41 50 0.06616716 
441 57 21 26 0.06385129 
927 75 23 29 0.062456496 
440 75 22 29 0.059486073 
804 80 20 25 0.05941039 
176 122 20 26 0.059314236 
819 111 51 65 0.059193008 
223 142 37 49 0.05886918 
815 84 18 23 0.058708865 
638 117 27 35 0.057642393 
975 84 19 24 0.05662962 
179 109 20 25 0.056580383 
669 49 22 27 0.055885192 
337 77 20 26 0.05455388 
953 195 25 35 0.054366667 
302 164 31 39 0.053981375 
71 103 23 30 0.05295343 
307 72 23 29 0.051827632 
820 98 22 26 0.05131054 
305 131 26 31 0.050848596 
366 54 22 26 0.050719265 
225 110 46 60 0.04876986 
693 55 20 24 0.04766015 
104 69 28 35 0.047627676 
223 16 32 35 0.047506057 
382 152 31 40 0.047466602 
923 152 24 32 0.04672793 
610 107 21 27 0.04629085 
376 50 25 30 0.046210434 
110 184 51 66 0.046025567 
84 52 25 32 0.045954112 
237 104 22 27 0.045950003 
700 120 49 62 0.045803934 
370 244 56 77 0.04505063 
822 23 19 22 0.04479426 
872 76 21 26 0.044307515 
249 159 40 52 0.044060726 
425 208 46 58 0.044051323 
732 177 28 36 0.04388795 
820 50 18 23 0.043272555 
125 101 20 25 0.043254565 
278 94 22 30 0.04307393 
948 123 21 28 0.04295225 
403 293 75 89 0.04276396 
640 153 25 33 0.042682916 
150 129 39 53 0.042665437 
255 107 22 28 0.042551927 
198 10 54 50 0.042482045 
610 119 24 29 0.041868124 
434 92 23 29 0.0418663 
796 98 23 29 0.041635457 
96 144 38 50 0.041590173 
143 168 46 67 0.04137069 
286 131 25 31 0.041323055 
706 214 42 52 0.04085091 
715 104 23 27 0.040564273 
331 140 34 46 0.040530782 
224 165 29 38 0.040278472 
661 166 34 45 0.040192015 
208 130 20 26 0.03986189 
412 123 27 34 0.038690075 
35 221 61 82 0.038639024 
844 97 22 26 0.038434017 
689 221 36 47 0.038348455 
285 27 23 27 0.03820162 
5 263 48 62 0.038088672 
109 95 23 30 0.037984893 
762 151 26 31 0.03776538 
906 130 65 84 0.03775297 
98 209 46 58 0.037566822 
847 116 58 76 0.03691653 
255 154 25 34 0.036912896 
337 96 23 29 0.036720894 
799 174 24 33 0.036662426 
411 231 65 78 0.036427613 
849 58 18 22 0.036417346 
745 531 358 365 0.03636288 
53 229 30 42 0.03620561 
411 147 64 75 0.03608434 
71 153 44 57 0.036080975 
941 175 55 74 0.035975825 
822 51 128 144 0.035965394 
208 154 24 33 0.035891317 
513 127 30 36 0.03562905 
899 23 23 27 0.035499707 
873 126 24 33 0.03537435 
950 101 22 26 0.03535424 
5 147 22 28 0.035327174 
825 8 21 22 0.03530362 
751 145 41 50 0.03513416 
90 239 46 57 0.035076655 
11 227 59 88 0.034772985 
611 225 39 48 0.034730215 
199 74 25 32 0.034644745 
818 175 26 34 0.034508348 
95 52 53 65 0.034387194 
977 31 19 23 0.033779703 
922 33 21 25 0.03363991 
453 288 72 96 0.033411924 
642 170 26 34 0.0334113 
204 97 21 27 0.03334361 
253 19 23 27 0.03321134 
395 170 63 78 0.033193313 
347 146 55 69 0.03304681 
762 177 27 36 0.032991637 
131 132 20 25 0.032920375 
716 75 20 24 0.032851715 
690 196 25 33 0.032708433 
845 74 33 41 0.032537866 
311 56 20 24 0.03253763 
184 70 23 29 0.032461386 
844 25 18 21 0.032304343 
62 101 22 28 0.03218803 
371 166 60 77 0.031925466 
358 73 22 28 0.031808637 
614 74 22 26 0.03178847 
814 97 35 44 0.031597927 
877 92 63 81 0.031490497 
979 46 17 22 0.03140409 
944 150 22 28 0.03139153 
875 56 19 24 0.03129728 
332 57 18 22 0.031180311 
483 27 23 26 0.031049944 
941 89 36 43 0.030960042 
796 203 26 36 0.030862952 
155 100 34 44 0.03077451 
771 5 22 23 0.030634882 
524 275 60 87 0.030374179 
913 60 53 67 0.03029798 
744 162 59 70 0.030239467 
560 240 41 55 0.030232212 
43 190 41 59 0.030220132 
269 209 39 49 0.030118968 
4 127 22 28 0.030042866 
437 1 24 25 0.029819127 
403 0 26 27 0.029813794 
560 316 704 739 0.029615989 
66 238 45 59 0.029545577 
980 155 19 27 0.02953765 
96 54 27 35 0.029537443 
123 73 23 28 0.029524168 
907 95 60 76 0.02951957 
715 112 65 76 0.029488564 
810 79 79 90 0.029426562 
15 280 29 38 0.029358909 
173 98 34 44 0.02930884 
898 125 108 137 0.029263495 
335 121 33 46 0.029095761 
947 26 20 23 0.028790932 
299 187 47 60 0.02868038 
253 186 40 51 0.028615216 
798 155 23 30 0.028546453 
650 113 38 46 0.028410524 
358 95 23 32 0.028346822 
938 113 37 46 0.028338524 
158 78 20 25 0.028333312 
995 80 17 23 0.028317261 
283 53 22 28 0.028299032 
379 127 25 33 0.02829342 
386 1 26 27 0.028245505 
694 105 20 24 0.028029181 
923 122 26 34 0.028021365 
696 73 18 22 0.027980663 
609 51 23 27 0.027866187 
655 147 37 47 0.027772104 
312 197 60 79 0.027568135 
593 76 19 23 0.027519882 
129 525 103 130 0.027431348 
310 95 24 29 0.027424827 
801 186 69 84 0.027377998 
898 97 24 33 0.027376931 
801 53 19 24 0.02736156 
190 62 40 51 0.027309375 
403 273 35 42 0.027186971 
178 49 26 31 0.02712803 
381 260 26 35 0.027101759 
894 5 24 27 0.027063088 
872 100 22 29 0.02684205 
194 159 40 58 0.02676881 
101 118 38 50 0.026765829 
361 3 25 26 0.026756858 
165 116 36 49 0.026721949 
898 51 20 25 0.02666817 
254 56 22 26 0.026430672 
2 194 35 57 0.026390774 
515 165 30 38 0.02622992 
569 75 18 23 0.02622485 
924 169 24 34 0.026219836 
196 87 36 48 0.026182568 
788 4 23 24 0.026107842 
593 1 25 26 0.026070176 
626 102 54 65 0.026013846 
920 159 40 52 0.025928894 
743 153 26 32 0.025889087 
600 90 52 65 0.025865516 
460 127 28 32 0.02581473 
432 127 28 34 0.025676526 
835 200 33 41 0.025570594 
25 148 21 28 0.025548646 
760 184 69 84 0.025444135 
767 98 24 29 0.025439883 
768 124 26 31 0.025280878 
379 92 25 32 0.025279395 
791 211 40 54 0.025209337 
994 107 19 25 0.02520096 
832 159 43 54 0.025144381 
343 175 61 78 0.025141887 
41 161 40 52 0.024888992 
866 141 27 38 0.024864707 
903 301 77 85 0.024849305 
61 179 62 82 0.02484461 
23 128 20 27 0.024813496 
254 5 25 27 0.024762036 
307 28 22 24 0.024655212 
528 125 31 35 0.024655158 
259 71 21 28 0.0245786 
717 28 18 20 0.024418937 
833 61 60 75 0.024369815 
128 52 25 30 0.024346069 
277 148 54 68 0.024281394 
438 267 64 76 0.024209512 
700 180 62 78 0.024205323 
498 267 58 77 0.024200402 
634 273 46 53 0.024165757 
710 102 36 45 0.024113802 
101 168 29 39 0.023967376 
885 143 61 80 0.023964021 
-11 -14 77 88 0.023928674 
872 22 21 24 0.023797015 
357 164 29 38 0.023638612 
935 144 39 51 0.023611922 
780 83 54 66 0.023592759 
918 3 20 22 0.023553556 
492 76 21 27 0.023527324 
849 159 116 130 0.023412284 
862 271 40 54 0.02333152 
852 79 61 78 0.023317963 
382 280 51 67 0.023162507 
234 78 21 27 0.023033755 
114 89 37 48 0.022983108 
865 73 34 43 0.02293971 
810 78 30 38 0.022909334 
457 74 21 25 0.022907624 
205 123 33 45 0.022904582 
967 76 30 39 0.022715382 
994 120 19 27 0.022631155 
-4 507 133 160 0.022601552 
555 207 60 74 0.022581063 
959 139 50 76 0.022569941 
566 55 21 26 0.022543203 
740 122 105 124 0.02249664 
756 309 69 90 0.022459375 
457 60 20 25 0.022425307 
443 234 60 74 0.022407385 
695 1 19 19 0.022349657 
742 54 19 24 0.022319626 
113 117 63 84 0.022281244 
792 124 24 30 0.022270283 
880 19 121 142 0.022229983 
973 113 31 44 0.02221437 
510 97 24 30 0.022185056 
506 248 44 54 0.022063272 
4 101 20 29 0.021958938 
48 142 40 51 0.021912355 
742 108 62 72 0.02179857 
564 124 26 34 0.021706242 
979 122 19 26 0.02169027 
466 100 22 28 0.021618422 
832 245 39 54 0.021605399 
173 153 29 38 0.021577796 
668 31 22 23 0.021463787 
164 82 58 73 0.021461032 
794 100 106 123 0.02143381 
-28 469 361 362 0.02140905 
436 173 57 73 0.021351902 
-6 202 51 85 0.021334194 
569 105 20 25 0.021323038 
836 217 30 41 0.021309024 
864 91 38 49 0.021212643 
487 48 21 28 0.021133116 
559 21 23 28 0.021056931 
659 180 54 67 0.020988127 
178 26 28 31 0.020972375 
716 54 19 24 0.020933619 
226 70 35 45 0.020924568 
922 39 52 66 0.020891283 
700 29 19 20 0.02088606 
122 374 341 333 0.020871408 
511 83 22 26 0.02085326 
804 233 76 92 0.020832138 
405 257 30 36 0.020808328 
893 122 24 31 0.02075919 
138 271 46 63 0.020718316 
859 185 43 55 0.02071769 
734 194 30 36 0.020669175 
362 24 23 25 0.020629434 
780 135 55 68 0.020586805 
330 27 20 21 0.020551765 
841 4 20 22 0.020531693 
537 2 24 28 0.020527625 
884 269 48 54 0.020527486 
373 63 37 45 0.020506816 
627 131 56 69 0.020502882 
409 87 35 44 0.02042955 
360 265 40 55 0.020405525 
801 65 55 69 0.020353362 
243 1 40 44 0.020297373 
740 125 26 30 0.020207338 
541 110 283 326 0.020185541 
632 251 41 52 0.020164767 
23 100 20 28 0.020132963 
108 125 21 26 0.02012081 
666 102 22 28 0.020109216 
5 66 20 31 0.020065552 
642 50 23 26 0.020047903 
500 214 53 68 0.020032031 
490 102 22 27 0.020013917 
