2_Demonstration_Demonstration_Or_Protest_2_225
502
381 312 18 22 0.3772256 
178 431 17 21 0.2491117 
873 178 19 24 0.21011199 
34 416 16 21 0.17929466 
442 427 22 28 0.14565614 
276 437 17 21 0.14425556 
816 207 19 22 0.13688949 
896 388 19 22 0.13385542 
177 418 17 20 0.12899007 
330 311 16 19 0.12858452 
445 332 17 21 0.12814973 
797 432 19 22 0.12764642 
254 406 17 21 0.12337969 
318 438 17 21 0.122923024 
282 307 14 17 0.12107872 
316 306 17 20 0.120785624 
674 306 18 21 0.12071752 
660 416 21 25 0.11828458 
456 409 25 32 0.11658604 
791 156 19 22 0.1145442 
372 313 17 20 0.11305792 
391 284 15 18 0.11151718 
591 358 20 24 0.11087014 
164 442 17 20 0.10865422 
867 481 20 25 0.10821554 
257 340 15 17 0.10653179 
353 353 18 22 0.10547537 
332 439 18 22 0.10439617 
134 415 16 19 0.102510124 
267 438 17 19 0.100397706 
879 435 18 22 0.09617713 
0 562 21 32 0.09592272 
213 465 19 22 0.09221328 
908 332 18 20 0.09172726 
288 354 17 20 0.088218346 
619 301 19 23 0.08439999 
454 423 25 31 0.08381419 
255 287 15 18 0.08347019 
213 481 20 24 0.081559666 
441 314 18 21 0.08110787 
158 455 18 21 0.080987304 
433 282 16 18 0.080099285 
210 440 16 20 0.07964346 
418 280 15 19 0.07924096 
130 432 16 19 0.078221366 
535 338 17 20 0.07766771 
849 327 17 20 0.07704749 
821 379 17 21 0.0728452 
161 382 16 20 0.07278347 
361 338 18 22 0.07122714 
916 336 17 21 0.07093956 
850 316 17 21 0.0690235 
163 410 15 20 0.06858061 
444 415 22 27 0.06825116 
852 417 16 20 0.06800022 
874 160 17 19 0.0673107 
623 380 18 24 0.06665876 
979 428 17 23 0.06532481 
216 392 16 19 0.06513261 
986 354 17 22 0.06470544 
485 280 19 23 0.06422129 
641 303 17 22 0.06356377 
460 310 17 21 0.063548245 
343 358 17 20 0.06331654 
875 125 17 20 0.06283496 
306 356 16 19 0.062790066 
77 487 24 27 0.06260187 
337 336 16 19 0.06254836 
214 407 16 20 0.062444244 
815 365 16 19 0.06217105 
288 341 15 16 0.06209368 
488 358 15 19 0.062066734 
856 364 16 20 0.061380744 
361 281 15 18 0.06083289 
101 335 17 19 0.060381517 
873 467 19 24 0.060077745 
338 285 14 17 0.059990127 
846 383 17 19 0.059614092 
110 391 17 20 0.059549954 
470 263 17 21 0.059381455 
130 389 16 18 0.05917064 
847 434 16 21 0.05893267 
317 287 16 18 0.058881048 
456 334 16 20 0.05882315 
245 288 15 19 0.058597934 
282 289 14 18 0.057432823 
161 361 16 19 0.05730808 
870 281 16 21 0.05706012 
105 409 15 19 0.056598295 
387 326 18 22 0.05658432 
945 362 17 20 0.055787936 
314 336 15 17 0.055610325 
650 360 18 21 0.0553817 
818 338 16 19 0.054831922 
982 389 17 22 0.054335967 
920 406 17 22 0.05383689 
845 149 15 19 0.05381219 
48 407 16 21 0.053553395 
437 352 18 22 0.053505037 
181 387 14 18 0.05294499 
695 354 19 24 0.052922286 
468 278 17 19 0.052755825 
261 354 15 18 0.052543554 
929 286 18 21 0.052287605 
844 133 17 21 0.05187009 
409 462 17 22 0.05180809 
335 416 17 21 0.05154984 
467 358 16 19 0.051162675 
315 415 17 21 0.051143605 
132 467 17 23 0.051078152 
898 311 16 19 0.05093531 
571 409 19 25 0.050895758 
637 383 18 23 0.050434597 
823 304 16 19 0.05017572 
490 337 17 21 0.050157335 
165 289 15 18 0.049858663 
805 359 17 20 0.049304947 
695 341 17 21 0.04892261 
234 438 16 20 0.04888166 
796 418 19 22 0.0488794 
929 304 17 20 0.04841602 
151 183 20 23 0.04841571 
980 416 18 23 0.048315085 
663 360 18 21 0.048309803 
671 335 17 20 0.048172593 
491 306 18 22 0.04809961 
855 284 17 21 0.04806448 
910 151 17 20 0.047718424 
510 225 18 23 0.047676753 
869 360 16 20 0.04766084 
82 303 16 20 0.047449034 
134 359 15 19 0.047194406 
442 457 20 24 0.047142003 
356 439 18 23 0.046956062 
978 506 19 23 0.046837248 
871 239 18 21 0.046587933 
823 288 17 22 0.04656366 
869 254 18 22 0.046556402 
872 416 17 21 0.046479236 
419 314 15 19 0.046372745 
493 431 20 25 0.046183415 
229 389 16 19 0.04592446 
154 337 15 18 0.045889128 
107 437 16 19 0.045765843 
695 427 19 25 0.04550558 
188 336 15 16 0.045442592 
950 382 17 21 0.04543238 
482 264 18 23 0.045424465 
978 494 19 25 0.045256924 
521 336 18 22 0.04478852 
898 361 18 21 0.044411212 
336 258 15 18 0.044218715 
360 260 15 18 0.04368047 
496 223 18 23 0.043160878 
416 330 16 20 0.042601686 
417 258 17 19 0.042492434 
971 459 16 22 0.042383425 
700 381 18 23 0.042317834 
985 340 16 23 0.042109467 
946 433 15 20 0.041942418 
641 215 16 19 0.04191476 
668 386 19 23 0.04187359 
260 258 14 16 0.04176714 
486 409 21 27 0.04176185 
257 395 16 20 0.04167724 
907 134 18 21 0.04150951 
229 463 16 21 0.041405518 
793 74 20 25 0.041279264 
717 229 17 21 0.041246578 
184 362 15 18 0.041168384 
791 252 18 22 0.04108866 
390 358 18 22 0.040991046 
266 304 15 18 0.040956 
207 360 14 17 0.04084448 
155 309 15 19 0.040785104 
3 639 28 36 0.04072214 
793 304 17 20 0.040633418 
749 184 16 19 0.040299796 
395 462 17 20 0.040249456 
236 409 16 19 0.03999 
796 382 18 21 0.039825752 
434 258 17 20 0.039662026 
411 438 18 24 0.03955594 
496 214 17 22 0.039450746 
828 150 17 21 0.039355986 
652 412 20 24 0.03923376 
899 287 18 21 0.039222736 
176 284 16 20 0.03918493 
855 180 15 19 0.03908913 
820 434 16 19 0.039048094 
84 415 16 19 0.038788926 
694 303 17 21 0.03875113 
287 255 15 17 0.038708474 
931 357 16 20 0.038684044 
691 158 17 21 0.038506504 
804 339 16 19 0.038374916 
858 485 19 24 0.038251065 
824 182 17 19 0.038234767 
279 483 17 21 0.03796477 
465 389 19 24 0.037817784 
105 354 16 19 0.0377942 
823 414 17 19 0.037540093 
393 411 19 24 0.03739545 
719 436 18 23 0.037320692 
508 430 20 25 0.036898896 
620 437 20 26 0.036883377 
137 311 16 20 0.036880903 
3 5 26 33 0.036790855 
770 412 17 21 0.03672784 
242 339 15 17 0.036702074 
138 334 16 20 0.036364254 
750 280 17 20 0.036298577 
694 235 18 21 0.036109142 
414 485 20 25 0.036103815 
874 308 16 19 0.036077682 
392 260 15 18 0.035926484 
924 392 16 21 0.035807263 
81 290 17 21 0.03578971 
572 391 18 22 0.03577031 
772 126 17 22 0.035327498 
688 181 17 21 0.03522292 
153 255 14 17 0.035158668 
951 339 16 19 0.035096478 
443 395 51 65 0.035089303 
773 151 16 21 0.034966074 
78 438 16 19 0.034954607 
880 389 17 20 0.03475437 
30 426 17 23 0.03462971 
390 235 15 19 0.034512974 
571 306 17 21 0.03447581 
621 253 18 22 0.034271166 
847 465 17 21 0.034177866 
609 173 18 23 0.03410586 
358 412 19 23 0.03409055 
994 390 16 21 0.034090295 
59 439 17 20 0.033982296 
823 255 18 20 0.033948172 
972 564 20 24 0.03389212 
641 229 16 19 0.033835463 
769 184 15 18 0.03375274 
226 485 17 22 0.03372597 
946 310 16 20 0.033712544 
50 393 16 20 0.033682276 
957 463 17 21 0.033674028 
902 402 19 24 0.033574324 
282 412 17 21 0.03326675 
591 303 17 20 0.033190217 
745 263 17 22 0.03305424 
642 253 17 20 0.033033147 
109 184 17 22 0.03289436 
872 112 18 21 0.03288303 
800 490 18 23 0.032668177 
407 411 18 23 0.03255894 
672 290 17 21 0.032515567 
341 386 16 20 0.032475892 
313 456 19 23 0.032470573 
121 580 26 31 0.032351617 
588 283 18 22 0.032323163 
798 132 18 20 0.032178108 
264 462 18 21 0.031594377 
872 334 16 20 0.031529173 
719 180 17 21 0.03132401 
749 416 17 21 0.03116475 
796 173 17 20 0.03109926 
618 364 19 24 0.031039545 
904 236 18 21 0.030920314 
276 573 38 46 0.03077199 
594 213 17 21 0.030761292 
723 209 16 20 0.030756678 
183 458 17 21 0.030601408 
317 258 14 18 0.030522872 
102 310 16 20 0.030455794 
851 232 16 20 0.030422706 
743 478 21 28 0.030360127 
645 430 21 27 0.030332644 
666 111 17 22 0.030201524 
133 187 21 24 0.03019048 
699 289 18 21 0.030135311 
719 157 18 22 0.030085387 
433 484 23 27 0.029986352 
108 201 17 20 0.029841904 
932 436 17 21 0.029757835 
540 91 25 32 0.029663652 
77 128 19 25 0.02956579 
588 262 19 23 0.029504234 
774 257 17 21 0.029461147 
672 253 16 20 0.029418023 
618 290 18 22 0.02941616 
773 285 16 19 0.029397711 
643 288 17 20 0.029281843 
807 208 17 20 0.029253878 
236 362 15 18 0.029240722 
140 257 16 17 0.029228799 
164 543 17 20 0.02918602 
206 340 14 17 0.029160509 
623 234 16 19 0.029120874 
743 363 16 20 0.029096307 
751 208 16 21 0.029021693 
464 234 15 18 0.02895749 
797 288 17 20 0.028928034 
778 305 17 20 0.028893456 
148 656 28 32 0.028885975 
772 432 19 23 0.028868487 
101 257 16 19 0.028863927 
309 388 15 19 0.028859116 
617 458 23 29 0.02880605 
361 457 18 21 0.02870418 
239 517 17 22 0.028577862 
479 655 29 32 0.028391037 
824 228 18 22 0.028381057 
177 547 17 21 0.028317666 
587 381 19 24 0.028304635 
748 159 17 20 0.028221164 
132 198 19 22 0.02819405 
647 339 16 21 0.028041253 
793 60 21 24 0.028006949 
776 384 17 22 0.02797782 
650 126 17 21 0.027959378 
265 482 19 22 0.027905269 
864 589 22 27 0.027871102 
543 412 19 23 0.02778023 
513 256 18 24 0.027733086 
172 424 29 34 0.027708353 
78 228 16 21 0.027543288 
771 57 21 25 0.02752725 
747 432 19 24 0.027524848 
279 462 18 21 0.027524296 
900 251 18 22 0.027422648 
544 430 19 24 0.027395645 
0 7 62 83 0.02733069 
715 308 16 20 0.02728726 
608 161 20 24 0.027263576 
286 238 15 18 0.02724381 
441 326 29 36 0.027147815 
441 235 17 19 0.02707047 
543 224 18 24 0.026999716 
101 287 16 20 0.026913825 
826 459 17 22 0.026824476 
52 458 20 23 0.02677793 
698 253 18 21 0.026773505 
946 484 18 24 0.026723305 
392 384 18 22 0.026649421 
512 309 19 24 0.02662281 
364 235 16 19 0.026539735 
131 481 19 25 0.02647083 
993 410 17 23 0.02641608 
595 341 17 20 0.026412195 
774 75 22 27 0.026362488 
541 354 16 20 0.026335998 
366 209 16 20 0.026304571 
204 257 17 20 0.026290707 
994 336 16 23 0.026230296 
541 390 16 20 0.026170956 
694 207 16 21 0.026068764 
543 212 17 23 0.02603088 
569 427 20 26 0.026030784 
669 454 21 27 0.025964703 
741 464 21 28 0.025927363 
931 486 19 25 0.02585047 
715 386 18 22 0.02579597 
391 435 18 22 0.025691494 
413 237 17 20 0.025663707 
773 98 20 24 0.025624676 
570 361 17 21 0.02561288 
283 537 18 23 0.025542395 
233 4 29 29 0.025503367 
568 334 16 19 0.025413876 
359 385 18 21 0.025331806 
153 239 15 18 0.025318585 
678 183 17 21 0.025301073 
285 567 23 27 0.025250651 
599 156 20 25 0.025201509 
103 228 17 21 0.025173036 
493 458 19 25 0.025147336 
876 198 18 22 0.025113186 
365 487 19 22 0.025102455 
156 33 165 174 0.024876356 
747 532 351 365 0.024860084 
976 536 17 22 0.024827152 
618 208 16 20 0.024734737 
827 134 16 21 0.024703762 
618 337 16 20 0.02468604 
582 408 20 23 0.024629932 
254 519 18 22 0.024619246 
716 258 17 21 0.024599157 
666 297 31 37 0.02458943 
509 414 20 25 0.02457072 
278 658 31 33 0.024522036 
410 385 18 22 0.024472535 
713 286 16 20 0.024437558 
546 262 18 23 0.024430057 
79 210 18 21 0.024390606 
856 258 17 20 0.02433345 
-67 534 358 346 0.024306571 
487 386 19 23 0.024249014 
30 542 16 20 0.02417635 
748 99 16 20 0.024085486 
232 230 15 18 0.023994884 
208 188 17 21 0.023986693 
721 457 21 27 0.023982 
995 457 18 23 0.023980817 
754 185 266 337 0.02395942 
82 462 21 25 0.02395803 
102 459 18 22 0.023914061 
589 226 16 19 0.02389133 
262 237 15 17 0.023869868 
564 227 18 23 0.023826296 
792 99 19 23 0.023798196 
314 430 29 36 0.023749838 
723 416 18 22 0.023571381 
674 236 16 20 0.02353055 
955 532 18 22 0.023517594 
747 225 17 22 0.023509573 
538 312 18 21 0.023451123 
993 431 18 24 0.023407394 
88 332 17 20 0.023406105 
185 309 15 19 0.02331308 
916 139 16 19 0.023297438 
2 18 27 39 0.023291469 
892 383 31 37 0.023267625 
528 329 29 37 0.023215655 
848 207 16 20 0.023157477 
187 486 19 23 0.023126438 
127 572 21 25 0.0230863 
902 208 17 21 0.023070524 
510 283 19 23 0.022993112 
206 279 16 21 0.022957595 
510 213 17 23 0.022953425 
953 417 16 20 0.02293724 
135 286 15 18 0.0229324 
207 511 17 22 0.02289859 
745 540 18 23 0.022897333 
249 658 30 32 0.022817615 
314 232 15 18 0.022786709 
663 123 18 21 0.022768011 
774 366 16 20 0.022719478 
188 255 16 19 0.02251921 
618 481 24 29 0.022461975 
901 324 30 35 0.022440646 
338 239 15 18 0.022396943 
543 148 18 23 0.022360826 
947 205 16 20 0.022358458 
416 356 18 22 0.022346798 
928 258 17 21 0.02233355 
901 104 18 20 0.022311702 
948 56 20 25 0.022291671 
948 185 17 20 0.02222195 
904 144 30 37 0.022158135 
463 273 31 38 0.022136252 
890 510 20 24 0.02208853 
980 282 19 24 0.02208426 
798 457 18 22 0.022083176 
993 493 17 22 0.022082752 
795 2 23 24 0.02205546 
981 346 27 39 0.021941723 
157 511 18 23 0.021940282 
978 307 18 23 0.021901932 
542 278 18 23 0.021864904 
436 512 22 29 0.021786993 
53 354 16 20 0.02176804 
562 98 20 26 0.021727089 
208 537 17 21 0.021717997 
288 517 18 22 0.02145871 
790 424 32 36 0.02145715 
138 229 17 20 0.021409972 
155 486 19 24 0.021376956 
485 421 33 43 0.02133294 
287 1 26 26 0.021324668 
390 513 19 24 0.021324627 
996 178 15 21 0.021291599 
978 229 16 21 0.021272276 
720 333 17 20 0.02111556 
127 540 17 21 0.021087773 
515 354 17 21 0.021082433 
239 304 15 20 0.021051051 
722 357 18 22 0.021022316 
288 384 16 20 0.020899959 
433 533 23 30 0.02082275 
81 386 16 20 0.020772342 
185 236 16 18 0.02074489 
922 236 17 21 0.020673564 
105 158 18 23 0.02067003 
439 385 19 21 0.020609016 
314 487 20 24 0.020588517 
539 464 22 31 0.020549137 
769 540 17 22 0.020540122 
2 544 18 25 0.020535853 
329 488 20 23 0.020511044 
82 175 17 21 0.020483488 
390 487 18 22 0.020478077 
234 536 18 22 0.02047396 
209 309 15 20 0.020428872 
185 9 117 114 0.020337937 
31 408 26 35 0.020337777 
873 428 29 37 0.020307757 
748 308 16 19 0.020232782 
2 280 18 24 0.020208785 
795 236 17 21 0.02017905 
467 211 16 19 0.020154625 
475 403 35 45 0.02011823 
360 516 20 25 0.02008375 
388 181 18 21 0.020021139 
