2_Demonstration_Political_Rally_2_451
49
850 123 123 158 0.9995938 
52 237 145 190 0.9995147 
200 93 118 154 0.99938774 
224 438 196 228 0.998181 
701 128 107 158 0.94403905 
547 274 133 166 0.64759403 
799 6 71 87 0.6160486 
840 -2 76 69 0.16160278 
42 665 108 84 0.12977743 
413 94 73 85 0.08832453 
862 -2 43 39 0.08039484 
780 15 58 76 0.070500515 
817 23 85 106 0.06476791 
949 447 50 55 0.05934771 
615 469 77 91 0.05652844 
325 490 74 80 0.05472714 
605 508 50 65 0.048964087 
589 671 49 56 0.047019202 
42 593 49 56 0.041812282 
279 516 184 191 0.039601386 
941 -3 52 47 0.03341328 
458 67 78 89 0.0331644 
350 502 41 47 0.03250229 
673 163 79 106 0.031841904 
313 616 153 134 0.030932892 
249 469 105 142 0.030869598 
373 463 52 61 0.029474344 
531 455 25 33 0.027226591 
584 479 26 34 0.026738057 
518 459 26 33 0.026625741 
472 548 70 93 0.02584524 
218 60 79 89 0.025482416 
897 0 74 71 0.024716832 
936 469 78 96 0.02318352 
527 677 41 56 0.023023514 
510 297 86 112 0.022985378 
671 11 77 101 0.02259343 
815 -2 34 37 0.0224508 
414 571 137 150 0.02229691 
544 386 129 160 0.022080636 
423 150 128 137 0.022078104 
485 587 126 143 0.021417195 
566 467 38 49 0.021320516 
334 640 81 92 0.021278972 
867 43 72 90 0.021232093 
568 433 71 87 0.020953126 
513 428 58 74 0.020845128 
368 588 109 123 0.020107863 
374 93 70 86 0.020006582 
