2_Demonstration_Political_Rally_2_137
241
228 296 78 103 0.9993629 
9 363 80 124 0.98820555 
651 271 38 49 0.95108587 
313 298 51 85 0.9126473 
961 185 42 61 0.8910776 
425 319 45 56 0.8547427 
787 280 29 34 0.7155914 
611 319 34 46 0.6818185 
567 323 34 46 0.52729213 
455 155 23 29 0.49699664 
905 275 32 42 0.40295747 
185 261 52 69 0.36697963 
765 279 28 33 0.31697062 
919 192 43 55 0.31026015 
748 333 26 34 0.26539782 
849 297 25 30 0.26394624 
498 316 37 49 0.2449004 
714 278 20 27 0.2098641 
365 332 51 65 0.18179534 
398 274 29 38 0.18090646 
533 173 23 30 0.16254601 
53 298 39 46 0.15888388 
485 323 37 50 0.15352798 
390 326 56 68 0.15034223 
337 311 59 86 0.14333361 
467 275 26 34 0.1293464 
935 192 54 68 0.124029666 
865 305 23 30 0.10597546 
580 240 39 50 0.105242394 
752 275 23 30 0.10025292 
791 232 21 26 0.099212416 
973 215 33 45 0.09613299 
847 252 22 28 0.09332143 
920 215 30 38 0.09093518 
798 260 23 27 0.079297446 
693 628 23 30 0.07854134 
355 159 20 24 0.0775746 
762 332 25 33 0.07531975 
585 155 20 26 0.069797106 
716 258 21 27 0.069483116 
590 226 27 33 0.069171734 
580 330 42 54 0.06871127 
558 251 27 35 0.06647545 
560 221 27 35 0.06638496 
5 277 21 29 0.0634808 
944 283 23 30 0.06309669 
772 298 26 32 0.062127963 
584 276 28 37 0.058677725 
133 379 60 71 0.058637273 
574 307 38 51 0.05840566 
951 296 24 31 0.057840265 
767 271 43 51 0.057462357 
896 226 24 31 0.057068303 
764 381 39 50 0.05559909 
2 306 23 36 0.05476125 
518 228 22 27 0.054324605 
970 327 24 32 0.05410511 
565 206 24 31 0.052949928 
817 254 21 27 0.05286161 
492 154 19 25 0.05046804 
845 232 21 28 0.05015153 
406 213 24 28 0.049374513 
771 353 28 35 0.0492825 
923 262 24 28 0.049214438 
590 206 24 28 0.047006946 
629 323 31 41 0.04661308 
568 152 21 26 0.0465564 
610 227 25 31 0.04569432 
620 158 21 25 0.04511943 
797 336 26 33 0.044664588 
914 295 28 34 0.044421613 
660 228 23 30 0.04393461 
821 200 21 26 0.04383781 
744 347 24 33 0.043654118 
389 154 20 26 0.043484118 
816 185 21 25 0.04330348 
211 198 22 27 0.043159183 
564 473 41 58 0.04287433 
787 346 28 35 0.042528562 
98 337 41 56 0.04236805 
900 259 21 28 0.042101607 
375 324 35 45 0.041642316 
174 242 47 62 0.04068247 
206 261 63 82 0.040421817 
479 292 36 48 0.040420573 
343 157 19 23 0.040300544 
917 122 23 29 0.040263917 
611 201 22 27 0.040085707 
795 206 21 26 0.039844852 
350 273 40 55 0.039804004 
941 259 22 28 0.0387089 
697 159 20 24 0.038615037 
531 399 60 71 0.03850858 
35 304 60 72 0.03849671 
616 250 25 33 0.038287424 
614 178 20 25 0.037923392 
10 309 42 59 0.037740838 
873 284 21 26 0.037261117 
536 448 28 36 0.036782905 
488 256 22 28 0.036655292 
386 264 48 62 0.03665084 
304 460 64 77 0.03653919 
921 184 30 39 0.036510434 
535 197 22 28 0.036490716 
532 324 35 49 0.036418892 
872 326 24 29 0.03631247 
921 105 21 25 0.036144324 
665 155 19 24 0.036044803 
410 260 25 30 0.035614327 
159 331 61 81 0.034706805 
394 291 51 66 0.03467592 
448 325 34 44 0.034611076 
560 274 25 33 0.03457985 
749 265 21 27 0.03448391 
252 275 68 91 0.03421791 
821 234 21 27 0.03406498 
618 278 25 32 0.0340077 
695 173 19 25 0.033936247 
819 283 22 28 0.03383927 
391 394 64 73 0.032833215 
117 329 41 55 0.03221153 
778 229 20 26 0.0321305 
915 325 22 28 0.031901356 
641 204 20 25 0.031866208 
903 201 24 32 0.031781815 
895 212 38 50 0.031644102 
436 278 26 34 0.031588178 
952 457 21 26 0.031584527 
642 227 23 29 0.03158416 
721 300 22 29 0.031358276 
870 131 22 26 0.031198366 
358 280 26 33 0.031068556 
977 241 25 36 0.030978981 
813 334 24 31 0.030685669 
129 246 22 29 0.03050513 
662 424 520 555 0.030465182 
215 184 20 23 0.030195676 
32 559 108 124 0.030174978 
-3 311 34 54 0.029871855 
748 307 23 28 0.02985066 
145 290 42 57 0.029767005 
83 154 22 25 0.029743707 
717 237 20 26 0.02964881 
545 281 24 31 0.02959401 
135 302 61 80 0.029574139 
867 144 24 31 0.029537113 
56 338 65 84 0.029345285 
232 157 19 23 0.029290091 
458 134 21 27 0.029278595 
511 159 18 23 0.029159278 
488 231 22 28 0.02894688 
693 281 23 31 0.028881483 
817 302 23 30 0.02826452 
160 213 42 57 0.028101591 
842 616 26 31 0.027792348 
146 257 59 79 0.02776533 
991 123 21 27 0.027724326 
599 236 52 68 0.027298233 
610 339 33 43 0.0272625 
525 425 57 70 0.02716045 
896 252 36 47 0.02708821 
481 345 29 38 0.026946576 
557 588 21 29 0.026940983 
844 206 21 26 0.02692052 
757 319 46 60 0.026832152 
814 194 33 42 0.026703944 
853 290 47 59 0.026672134 
563 342 31 40 0.02651286 
875 181 22 28 0.026342679 
972 307 22 29 0.02629907 
80 349 65 91 0.025952661 
79 252 21 27 0.025935626 
388 304 29 37 0.02582687 
616 106 19 25 0.025791297 
450 295 39 53 0.025741633 
117 360 58 75 0.025739228 
672 204 21 26 0.025581338 
895 183 24 30 0.0253725 
435 224 22 27 0.024726212 
542 162 21 26 0.024680385 
902 327 23 27 0.024676984 
768 261 21 27 0.02463213 
717 154 19 25 0.024630766 
901 294 27 34 0.02462299 
513 252 21 27 0.024569074 
235 227 63 77 0.02455195 
984 192 30 45 0.02438229 
171 222 26 34 0.024240106 
873 287 62 69 0.024008483 
172 207 25 30 0.02393473 
929 45 22 27 0.023898168 
904 129 21 27 0.023826122 
180 274 36 45 0.023748657 
640 156 19 23 0.023731861 
358 172 20 25 0.02368014 
664 176 20 24 0.02360106 
546 132 19 24 0.023516316 
407 161 20 25 0.023496527 
921 266 49 62 0.023490356 
22 309 24 34 0.023136048 
530 300 35 47 0.022962112 
454 266 47 60 0.022959895 
4 3 28 31 0.022957636 
646 180 19 23 0.022944411 
157 206 27 33 0.022813141 
698 130 20 24 0.022792842 
213 127 19 25 0.02271434 
393 209 21 27 0.022672227 
657 306 41 56 0.022629729 
521 180 20 25 0.022461744 
128 292 37 48 0.022433043 
317 242 41 50 0.022323677 
339 135 19 23 0.022215348 
556 209 52 65 0.02205565 
149 282 26 34 0.021776814 
205 191 36 48 0.021766162 
744 378 36 48 0.021762747 
227 176 18 22 0.02164618 
0 184 18 28 0.021637987 
221 236 43 54 0.02154936 
551 441 44 59 0.02141509 
119 400 59 77 0.021306844 
801 183 20 26 0.021230202 
616 284 58 70 0.021200607 
457 169 22 27 0.021197673 
538 431 34 37 0.021170903 
771 158 22 27 0.02078776 
488 203 20 26 0.020777604 
560 134 20 26 0.020748427 
331 229 23 26 0.020703565 
974 105 19 27 0.020693107 
5 260 20 30 0.020690622 
505 339 38 50 0.020677747 
535 402 35 40 0.020595096 
862 334 67 76 0.020528248 
896 578 26 33 0.020482933 
135 287 21 27 0.02045594 
446 364 40 52 0.02041542 
591 213 51 65 0.020225935 
546 378 47 57 0.02022522 
881 246 64 73 0.020044927 
