2_Demonstration_Demonstrators_2_518
183
87 252 63 85 0.9985903 
944 422 51 81 0.9941397 
391 142 48 61 0.990382 
472 150 49 57 0.9362645 
212 190 54 67 0.8741546 
547 135 40 51 0.8533249 
320 155 47 61 0.8377038 
612 414 60 68 0.8086076 
691 141 40 48 0.7641141 
972 264 41 53 0.73146933 
928 43 38 51 0.6325444 
826 80 42 54 0.59021175 
736 127 37 47 0.38755396 
758 52 32 42 0.31042048 
613 130 29 37 0.23508322 
275 267 60 71 0.22793914 
864 12 37 51 0.14689942 
751 259 49 57 0.12926337 
173 265 58 75 0.12215467 
747 50 30 39 0.1017803 
186 209 67 84 0.0965218 
0 83 27 47 0.09624461 
196 2 26 29 0.094795085 
676 141 34 46 0.08799729 
643 302 59 80 0.08326459 
711 128 41 53 0.0685022 
182 185 55 71 0.06764928 
136 260 63 76 0.06542186 
644 65 27 35 0.064227045 
797 150 29 39 0.06246799 
266 115 40 50 0.05966189 
641 269 30 37 0.058195908 
303 170 50 65 0.056804907 
636 123 26 34 0.053149257 
652 61 36 46 0.052698087 
637 151 26 36 0.052666582 
232 201 52 66 0.05198135 
163 92 40 52 0.05099901 
844 184 48 59 0.04945586 
654 223 42 53 0.0491176 
688 126 35 45 0.048409514 
755 126 31 40 0.04807405 
896 117 39 51 0.048024297 
463 148 37 47 0.04751656 
492 140 58 71 0.045006495 
682 405 29 38 0.04482789 
668 0 25 25 0.044642147 
828 102 42 54 0.04408827 
642 423 42 50 0.043818377 
636 164 35 46 0.041955914 
242 171 43 59 0.041061692 
693 71 26 33 0.04072374 
260 14 73 87 0.03940542 
353 249 50 64 0.038612857 
587 226 29 37 0.038534295 
344 144 50 64 0.03799218 
991 631 22 31 0.037806872 
76 138 91 93 0.03682937 
835 262 39 50 0.03636966 
966 285 39 49 0.03617213 
172 231 56 74 0.03603553 
320 256 62 83 0.035746474 
925 -1 23 26 0.0352274 
586 123 29 38 0.03522049 
576 138 40 50 0.034640133 
132 178 57 76 0.033606376 
796 163 39 50 0.033176817 
184 488 54 72 0.032931242 
816 275 31 39 0.032895464 
921 22 41 54 0.032577462 
714 95 28 37 0.032013573 
534 124 39 51 0.03199775 
204 40 40 51 0.031934768 
173 171 45 64 0.03180576 
893 127 57 73 0.031551894 
769 245 44 55 0.031520404 
668 128 28 37 0.031371273 
659 49 27 33 0.031308386 
874 0 27 34 0.031285677 
859 230 45 58 0.031011946 
644 24 25 29 0.030923732 
240 218 64 82 0.030643297 
910 147 58 80 0.030570518 
733 275 65 78 0.030130018 
660 399 41 53 0.030091302 
657 195 38 49 0.029631717 
448 400 46 53 0.029629974 
659 316 68 88 0.029546509 
872 592 74 83 0.02907709 
790 0 25 28 0.028776078 
268 142 41 55 0.028730188 
892 92 37 46 0.028539054 
805 142 37 49 0.028481252 
800 76 56 66 0.028414343 
788 51 22 31 0.02822844 
891 0 23 28 0.028182775 
667 283 67 84 0.02807209 
884 13 38 51 0.027687754 
614 102 24 31 0.027290782 
848 209 49 60 0.027192382 
943 116 27 36 0.02719141 
278 167 28 39 0.027152712 
753 507 343 378 0.02707672 
221 172 45 55 0.026993377 
957 273 60 84 0.026927968 
711 388 46 54 0.026820049 
582 241 38 49 0.026788417 
620 358 70 88 0.026716858 
188 290 59 76 0.026517844 
869 37 28 40 0.026471997 
815 0 27 32 0.026110414 
190 108 43 55 0.026031882 
636 35 53 64 0.026000105 
273 51 48 62 0.025703968 
637 245 50 66 0.025534024 
12 163 43 65 0.025334995 
509 90 40 53 0.025128447 
404 60 44 53 0.024900349 
704 157 36 45 0.024811212 
921 222 28 37 0.024694635 
914 126 28 37 0.024447033 
529 187 41 54 0.024368988 
661 25 26 28 0.024297843 
684 1 24 26 0.024054896 
900 64 36 46 0.023935173 
613 73 22 29 0.023877488 
882 233 41 55 0.023723682 
54 262 42 55 0.023696087 
515 294 57 81 0.023613237 
219 141 51 68 0.023516117 
719 76 24 32 0.02344915 
836 141 38 50 0.023439093 
-225 319 707 744 0.023434715 
793 69 38 48 0.023312 
639 222 37 50 0.023295645 
589 103 26 34 0.023269046 
-14 80 48 83 0.023209803 
873 627 48 54 0.02306636 
702 259 57 68 0.02288503 
693 98 28 35 0.022754924 
273 187 43 55 0.022626817 
638 194 36 48 0.022225596 
178 11 40 44 0.02215102 
940 87 38 51 0.022148194 
599 330 61 77 0.022140536 
735 91 39 51 0.022138245 
643 301 32 40 0.022127638 
270 86 46 57 0.02210738 
613 442 40 47 0.02190934 
656 305 31 38 0.021824738 
-69 537 352 350 0.021645758 
675 258 61 72 0.021612972 
535 156 44 55 0.021587463 
744 27 25 32 0.021587396 
790 424 39 51 0.021462474 
839 235 46 58 0.021447131 
267 211 48 62 0.021359092 
791 109 42 52 0.02133744 
640 101 26 33 0.021326369 
630 6 62 65 0.021263063 
544 378 56 77 0.021219287 
916 140 30 41 0.021207862 
557 95 39 52 0.021203224 
820 49 26 33 0.021168998 
994 78 22 29 0.021160109 
773 -1 24 26 0.021142922 
795 24 22 26 0.02107422 
511 68 37 50 0.020924727 
969 -4 37 48 0.020911787 
933 377 61 78 0.020892175 
151 90 67 83 0.02072304 
710 350 64 78 0.020710144 
309 149 36 47 0.020699147 
307 292 70 98 0.0206956 
667 160 37 47 0.020685358 
734 154 42 52 0.02068469 
124 131 61 78 0.020642674 
595 367 63 81 0.020510158 
617 54 23 30 0.020499054 
697 173 58 73 0.020426534 
508 1 23 25 0.020277224 
704 -3 39 39 0.020090716 
671 386 60 68 0.020087784 
