2_Demonstration_Political_Rally_2_224
46
604 115 83 106 0.99970406 
96 169 83 108 0.9987758 
777 253 69 88 0.9966425 
346 102 72 93 0.9916747 
900 266 54 78 0.94520485 
923 260 56 87 0.23723373 
964 272 36 59 0.14269643 
941 391 40 47 0.12442575 
765 548 45 58 0.08859326 
609 299 38 42 0.08545674 
235 282 90 109 0.061032515 
971 243 36 60 0.05332218 
522 -2 82 86 0.050974835 
459 314 42 48 0.046689596 
888 361 39 54 0.036601406 
196 287 45 55 0.035565827 
670 427 517 561 0.03346763 
87 142 71 96 0.03259234 
415 102 66 79 0.032505386 
479 301 49 52 0.031521093 
947 170 40 51 0.031320393 
705 313 56 70 0.028226398 
951 243 61 94 0.026262369 
326 86 64 88 0.024902714 
584 280 62 70 0.024646463 
915 366 55 73 0.024173567 
943 253 25 35 0.024162393 
901 545 43 56 0.024013808 
159 124 67 90 0.02362183 
560 239 71 84 0.023171987 
219 122 68 97 0.023154758 
961 402 28 35 0.022931224 
397 420 42 58 0.022481252 
994 207 18 24 0.022436218 
817 252 61 79 0.022253523 
291 100 60 76 0.022151558 
453 104 62 77 0.02214123 
103 114 69 96 0.022105021 
-4 431 66 102 0.02189263 
540 431 59 79 0.021573571 
966 195 23 31 0.02142955 
539 538 362 350 0.020972464 
268 137 41 52 0.020861115 
738 530 65 84 0.020779025 
140 108 63 88 0.020493181 
994 157 20 27 0.020416435 
