2_Demonstration_Protesters_2_519
55
551 120 56 70 0.99804187 
160 130 68 80 0.98779094 
792 100 54 68 0.9819005 
908 168 43 52 0.7428541 
898 172 34 43 0.16297354 
287 320 26 33 0.063446485 
21 156 26 32 0.045748997 
652 186 49 55 0.043780684 
681 191 44 51 0.038740985 
338 151 21 27 0.03857691 
918 156 33 42 0.037377022 
916 272 41 48 0.036350414 
967 592 19 24 0.035658523 
967 142 23 33 0.03510269 
566 575 73 78 0.034789048 
868 123 22 29 0.034593467 
821 245 29 35 0.033621136 
17 160 38 50 0.03275418 
977 540 22 30 0.03254055 
944 146 26 36 0.032071933 
991 415 23 32 0.030776616 
862 117 36 46 0.030598737 
-9 568 60 110 0.030511318 
305 135 20 27 0.028578391 
443 152 20 25 0.027538173 
918 173 58 70 0.026876867 
817 362 49 56 0.026506398 
738 129 27 34 0.026247041 
708 119 36 42 0.026144937 
975 72 23 31 0.02609549 
965 207 44 64 0.025604602 
809 368 72 86 0.025576279 
952 402 20 25 0.025507143 
935 203 49 65 0.025405187 
630 119 37 47 0.02512104 
823 374 29 35 0.025099609 
51 193 46 59 0.025057094 
918 289 47 52 0.02459766 
404 272 30 37 0.024131903 
823 358 27 31 0.022819733 
49 174 40 51 0.022320988 
523 574 71 85 0.02224511 
977 413 22 30 0.022154618 
844 612 22 28 0.022141583 
719 143 37 46 0.021911966 
553 592 53 59 0.021630364 
935 171 32 43 0.021628547 
411 176 21 26 0.020907661 
842 410 27 34 0.02060805 
791 266 54 65 0.020500341 
597 587 54 60 0.020470515 
661 147 39 47 0.02044616 
0 475 62 126 0.020436237 
802 239 53 65 0.020291135 
872 433 20 24 0.020123582 
