2_Demonstration_Demonstration_Or_Protest_2_441
186
792 161 35 44 0.96162647 
401 169 33 40 0.961431 
932 150 36 46 0.9440122 
110 184 41 52 0.93212616 
858 170 33 43 0.9292401 
501 168 33 42 0.86779803 
232 152 40 50 0.8610783 
615 174 34 42 0.8355049 
1 188 30 42 0.81847894 
569 175 34 44 0.76577014 
327 207 36 44 0.7393678 
301 173 30 38 0.38689494 
718 174 27 34 0.3355727 
508 106 22 28 0.23612846 
311 153 27 35 0.19271591 
287 188 30 40 0.17966643 
567 100 20 27 0.17434305 
52 176 27 34 0.16404249 
355 69 24 32 0.15134709 
461 124 27 35 0.13254577 
149 159 35 47 0.122889616 
505 156 28 36 0.113616884 
849 351 28 38 0.102033824 
312 126 25 33 0.10064307 
45 198 26 33 0.08589942 
174 161 29 41 0.08589774 
694 121 23 31 0.08403089 
204 106 25 30 0.08018479 
435 504 57 74 0.079532996 
148 127 24 32 0.07933974 
23 483 23 33 0.07797155 
346 561 66 80 0.07171077 
19 195 28 38 0.0706632 
504 579 31 38 0.069298826 
81 195 28 37 0.06864239 
589 129 22 29 0.06182396 
213 406 22 27 0.061329264 
747 54 23 31 0.06051437 
2 128 25 37 0.0601304 
570 80 22 28 0.058628738 
361 566 21 25 0.05802201 
673 173 27 33 0.056976452 
313 100 24 31 0.054135513 
44 385 21 30 0.054052427 
207 118 26 35 0.052306585 
910 601 35 41 0.050862025 
44 429 21 32 0.050454102 
491 105 22 28 0.049328443 
511 118 23 29 0.048639465 
132 122 35 48 0.048394907 
284 131 22 30 0.047878265 
432 121 27 37 0.047102336 
123 34 38 53 0.046967912 
324 126 25 32 0.046759963 
459 174 28 37 0.04626679 
325 154 26 32 0.045937948 
21 146 27 37 0.045274198 
691 104 20 28 0.045007844 
483 121 23 29 0.04478332 
683 173 30 37 0.044617634 
972 124 23 34 0.044169493 
536 170 34 46 0.044118002 
509 229 37 43 0.043992773 
34 384 22 30 0.043761287 
12 172 35 48 0.043527264 
895 144 24 33 0.043419637 
789 99 24 28 0.040285572 
900 134 24 30 0.040219255 
359 148 26 34 0.03994871 
980 349 27 48 0.039207414 
462 108 22 28 0.039186012 
717 157 26 34 0.038670797 
514 83 21 26 0.03817211 
866 159 30 36 0.03765573 
359 124 25 33 0.036871776 
160 324 26 34 0.036385566 
1 137 35 52 0.036124934 
741 175 27 34 0.03604863 
50 530 26 36 0.035944067 
411 52 27 33 0.03529623 
978 327 23 35 0.03512836 
461 143 27 35 0.034988694 
389 21 24 29 0.03484076 
720 79 20 27 0.03361891 
26 439 35 55 0.033474013 
341 201 36 46 0.033392522 
69 109 41 57 0.03318136 
812 1 24 26 0.03291402 
361 462 21 25 0.032906402 
51 84 44 55 0.032457523 
993 73 20 31 0.03225461 
993 178 24 31 0.032147348 
47 154 29 37 0.031078 
75 457 24 34 0.030748852 
182 528 24 31 0.030747088 
453 529 29 36 0.030351944 
30 407 20 26 0.0301192 
588 106 20 25 0.029951312 
436 323 27 31 0.029582938 
332 101 22 28 0.029423945 
514 569 25 31 0.029390147 
450 658 43 53 0.02938303 
920 130 26 33 0.02936799 
74 180 27 37 0.02935451 
494 559 56 71 0.029280277 
684 21 27 30 0.029182337 
845 154 36 47 0.029133875 
24 404 34 48 0.029118797 
361 173 27 34 0.029103694 
491 154 27 34 0.029008245 
124 65 26 35 0.028999945 
343 566 18 22 0.028769754 
424 167 35 44 0.028757052 
71 10 42 45 0.02849008 
650 422 526 555 0.02838086 
430 51 25 33 0.028140048 
530 228 29 37 0.028128795 
340 17 25 33 0.027594302 
701 561 20 24 0.027573707 
311 73 24 32 0.027480908 
768 2 23 26 0.027384266 
302 116 48 61 0.02710704 
126 87 39 54 0.026799895 
749 69 23 29 0.026564522 
356 54 24 33 0.026444862 
44 112 43 58 0.02642044 
691 148 25 32 0.026399568 
5 469 32 52 0.026267016 
356 99 23 30 0.025906805 
435 105 21 28 0.025816586 
669 22 29 30 0.025572378 
616 159 26 32 0.025313528 
357 581 30 36 0.025052194 
807 155 31 41 0.025028842 
39 469 37 54 0.024791082 
668 152 24 31 0.024529694 
324 171 27 34 0.024521383 
567 124 21 27 0.02431117 
539 130 21 28 0.024224486 
540 101 19 25 0.024190016 
324 327 26 30 0.02413017 
124 149 40 55 0.024081066 
258 418 20 24 0.024075873 
4 432 21 29 0.023907525 
360 543 17 21 0.023675647 
460 192 29 38 0.023583198 
-62 518 348 366 0.023546984 
48 321 29 39 0.023497527 
583 74 22 28 0.023446843 
130 30 24 32 0.023321556 
993 0 22 26 0.023286344 
431 69 23 29 0.022931334 
48 481 21 29 0.022890065 
612 127 21 27 0.022487013 
847 337 50 64 0.022441491 
338 76 23 30 0.022404304 
716 194 26 34 0.022318864 
867 513 21 26 0.022191482 
49 409 20 26 0.022136128 
38 161 49 62 0.022076344 
100 34 40 50 0.022042373 
718 94 21 26 0.021905774 
788 427 27 33 0.021886107 
947 130 27 34 0.021836575 
408 185 32 40 0.021796022 
1 456 21 34 0.021764822 
0 444 34 56 0.021237968 
339 541 17 20 0.021212652 
198 533 22 28 0.02114498 
20 19 258 298 0.021136217 
33 187 46 57 0.021131868 
-3 141 63 86 0.02100813 
868 408 21 26 0.020891925 
53 440 131 188 0.020870257 
978 0 22 26 0.02083463 
615 -3 26 28 0.02081219 
976 263 32 48 0.02075726 
388 49 23 29 0.020755688 
95 117 39 52 0.02074211 
206 559 21 27 0.020617802 
5 412 20 28 0.020608384 
-213 319 690 739 0.02038671 
300 142 45 58 0.020337824 
388 4 24 26 0.020221598 
91 19 39 48 0.020114139 
539 148 24 32 0.020053638 
