2_Demonstration_Protesters_2_456
105
309 467 116 167 0.99557143 
849 435 98 118 0.993619 
656 475 58 67 0.9855575 
763 516 41 51 0.7875765 
439 91 23 30 0.14522408 
976 484 45 74 0.1268493 
330 428 50 59 0.121692635 
326 436 72 88 0.10541188 
400 94 26 32 0.057660114 
234 407 21 27 0.054005414 
391 107 39 49 0.04756374 
401 79 23 30 0.045713577 
459 328 27 36 0.044751145 
584 559 62 82 0.04256878 
382 352 67 78 0.04256611 
430 50 21 24 0.04038003 
617 472 37 51 0.039856635 
255 406 20 27 0.039556473 
411 379 28 34 0.036092866 
351 444 74 96 0.035580695 
519 343 42 57 0.03542369 
101 386 88 110 0.03503731 
228 428 25 34 0.034187276 
21 465 56 89 0.033578716 
382 382 28 34 0.03294863 
207 398 65 84 0.0313023 
735 472 41 55 0.031076793 
956 266 39 52 0.031061543 
127 259 22 27 0.030933276 
387 68 50 61 0.030553319 
416 66 50 62 0.030470116 
357 369 73 87 0.030148506 
419 361 41 52 0.029952813 
431 484 65 93 0.029599974 
407 250 38 43 0.02912295 
418 49 22 25 0.02905927 
613 504 37 49 0.028975496 
700 206 132 127 0.02768433 
281 436 24 31 0.027584795 
100 434 83 99 0.02718647 
311 107 23 29 0.026927704 
514 469 65 86 0.026857613 
391 128 25 31 0.026821679 
334 401 84 96 0.026778001 
305 13 271 287 0.026715854 
295 432 62 81 0.026372716 
185 411 74 101 0.02607625 
225 398 39 47 0.025878249 
383 400 25 31 0.02558979 
936 482 61 82 0.02498854 
311 124 22 28 0.024720667 
3 301 57 83 0.024617175 
30 296 65 85 0.024455523 
380 77 74 88 0.024344161 
829 317 65 81 0.024303738 
-140 430 506 540 0.0242977 
433 320 43 54 0.024297226 
421 47 37 44 0.024295408 
407 372 66 81 0.024166813 
740 435 59 69 0.02415276 
260 486 62 86 0.024125703 
77 413 77 103 0.02386017 
36 437 71 109 0.023695061 
-2 477 61 87 0.023624182 
143 412 79 101 0.023451297 
315 548 90 103 0.02330744 
412 512 72 89 0.023265507 
410 400 23 29 0.023224756 
381 474 71 94 0.022960488 
472 448 41 56 0.022909759 
461 465 57 79 0.022742119 
278 412 20 27 0.022583822 
368 506 87 105 0.022542745 
231 386 56 71 0.0225081 
286 336 22 27 0.022277556 
605 524 42 60 0.02220033 
473 345 67 94 0.0221487 
34 344 71 95 0.022064582 
261 431 22 29 0.021914419 
233 428 67 88 0.021726487 
341 199 23 29 0.02170082 
84 281 20 24 0.021616975 
261 389 21 26 0.021589302 
869 518 72 87 0.021469498 
-7 296 96 144 0.021415263 
355 131 21 26 0.021404488 
410 355 29 36 0.021395579 
216 498 65 76 0.02130892 
243 397 35 45 0.021257807 
64 344 37 52 0.021206327 
64 322 36 50 0.021141853 
231 391 22 26 0.020992815 
390 144 23 29 0.020748457 
284 463 71 106 0.020737557 
115 266 36 45 0.02071588 
506 247 28 33 0.020659829 
217 260 131 154 0.020605613 
4 411 21 28 0.020495895 
397 381 43 54 0.020415066 
208 307 23 27 0.020362819 
49 402 61 88 0.020356126 
250 418 41 53 0.020330762 
477 415 40 56 0.020272564 
56 331 21 30 0.02016453 
230 467 65 84 0.020156033 
