2_Demonstration_Protesters_2_542
73
605 167 67 96 0.9961436 
13 100 62 82 0.99428284 
920 99 17 21 0.16272907 
104 126 25 33 0.10377505 
542 97 24 30 0.09699798 
637 413 70 81 0.09142368 
585 120 25 32 0.090133786 
259 289 23 28 0.08500891 
309 4 29 28 0.061286252 
111 114 34 44 0.05705816 
263 301 19 25 0.05430504 
408 272 35 53 0.051724404 
8 2 23 30 0.04405358 
228 121 23 29 0.043530386 
239 20 23 29 0.043092478 
848 84 18 23 0.041114323 
181 119 25 31 0.040999305 
766 103 22 31 0.04064806 
392 234 125 144 0.034313284 
215 347 42 44 0.03258351 
312 1 73 67 0.03165867 
413 295 25 38 0.03158509 
215 55 22 29 0.03067965 
766 76 20 28 0.030380618 
335 250 25 34 0.029548641 
92 110 46 60 0.029028954 
638 128 21 28 0.0289125 
617 6 22 25 0.02739084 
157 122 24 30 0.027270833 
97 97 35 47 0.027175447 
907 102 18 22 0.02705395 
408 262 63 80 0.026913542 
42 102 55 73 0.026447585 
310 172 76 108 0.026210286 
328 231 41 59 0.025826856 
209 104 56 64 0.025677243 
618 145 52 75 0.025482873 
466 120 26 29 0.025460273 
923 88 16 21 0.025266698 
203 123 24 30 0.025013251 
216 41 37 47 0.02468454 
434 224 79 89 0.024288017 
221 94 39 49 0.02426608 
375 47 55 77 0.024212176 
142 175 42 49 0.024022488 
430 281 25 33 0.02365034 
40 130 39 50 0.023570156 
512 320 87 118 0.02352626 
396 234 55 89 0.023512332 
226 336 25 30 0.023045417 
195 137 38 45 0.022998925 
262 130 22 27 0.022694593 
390 273 25 35 0.022166848 
251 5 23 26 0.022165887 
518 1 18 20 0.022102362 
350 220 113 143 0.021776661 
256 70 24 30 0.021750527 
203 149 23 28 0.021576814 
230 104 24 30 0.021568032 
389 79 23 32 0.0212003 
441 2 22 25 0.021082576 
338 196 73 95 0.021070909 
151 180 25 29 0.02094555 
616 119 35 47 0.02092561 
236 5 23 28 0.02085694 
410 6 19 22 0.020852897 
620 108 19 25 0.020435376 
225 9 54 69 0.020355584 
855 151 19 22 0.020266911 
167 106 50 60 0.020224964 
283 96 23 28 0.020145694 
232 27 82 92 0.020140518 
207 46 56 69 0.020128313 
