2_Demonstration_Protesters_2_738
114
244 863 126 162 0.996691 
737 1021 105 143 0.9957022 
464 95 99 122 0.9949255 
-9 1209 130 202 0.98513085 
918 1031 116 184 0.983362 
217 27 80 104 0.98186743 
308 59 57 71 0.9524369 
776 179 62 88 0.88364035 
815 80 36 45 0.44047713 
269 37 75 97 0.2976027 
703 30 41 50 0.12598386 
688 28 34 41 0.08568205 
35 767 41 54 0.08356996 
989 20 29 47 0.08109089 
22 736 50 69 0.07959618 
87 126 53 72 0.06709204 
156 772 68 83 0.06456306 
-3 88 34 52 0.063609175 
313 705 39 49 0.05995441 
751 164 63 88 0.05987691 
975 5 34 45 0.054844618 
178 701 32 40 0.05230317 
190 828 85 110 0.050250933 
462 250 42 55 0.04952079 
9 721 31 39 0.046498466 
526 828 148 154 0.04611804 
144 90 49 67 0.045942295 
884 198 40 52 0.04587955 
5 739 33 45 0.04307526 
967 90 34 48 0.04176437 
213 743 34 44 0.040751312 
4 3 35 44 0.040722203 
690 16 65 83 0.04057937 
310 200 62 72 0.04014271 
683 6 33 38 0.040110085 
50 761 50 69 0.039874088 
53 104 89 118 0.039773364 
178 0 39 43 0.039284907 
212 714 28 38 0.038686108 
27 726 31 38 0.038004354 
709 73 58 79 0.037210103 
219 834 103 146 0.03673586 
144 704 33 42 0.03567924 
1 757 49 68 0.03470003 
785 38 27 33 0.03433105 
290 805 93 127 0.0338297 
569 101 39 51 0.033214357 
769 138 65 92 0.032511316 
821 35 31 35 0.032447632 
140 781 51 63 0.031588893 
880 168 47 63 0.03125352 
804 125 62 82 0.030348621 
432 1139 30 36 0.030339073 
967 68 31 46 0.030160936 
712 53 39 51 0.029606232 
189 756 78 100 0.029565826 
827 2 29 33 0.02938617 
926 3 33 38 0.029269105 
153 682 71 86 0.029222481 
800 70 67 78 0.028934037 
539 550 24 28 0.028594652 
925 69 31 39 0.027819613 
574 702 40 45 0.027751079 
295 709 32 40 0.027632864 
260 714 27 35 0.02751822 
302 709 65 85 0.027350644 
104 112 35 50 0.027263878 
708 6 36 40 0.027246628 
316 41 46 54 0.027128426 
707 157 56 72 0.02687781 
803 172 52 70 0.026850147 
316 0 37 42 0.02665516 
189 900 114 135 0.026457053 
463 1378 39 46 0.026074048 
159 882 79 102 0.025883717 
166 735 58 72 0.025536992 
677 688 30 37 0.02520335 
859 34 30 35 0.025042828 
150 73 37 48 0.02472258 
113 1038 135 134 0.024562003 
251 748 32 43 0.024370013 
316 541 31 39 0.024125207 
70 1154 177 201 0.023815643 
84 1072 179 180 0.023658779 
855 206 37 48 0.023508495 
710 117 56 74 0.023502074 
863 176 38 49 0.023436692 
0 676 27 37 0.023250435 
329 803 65 91 0.023026062 
360 740 37 48 0.02295297 
309 766 66 87 0.022914244 
383 22 62 68 0.022645695 
489 1216 31 38 0.022612054 
798 73 31 40 0.022380495 
319 688 33 40 0.02219501 
792 196 67 89 0.022169042 
142 820 68 84 0.022075947 
543 674 119 123 0.022023883 
137 907 120 133 0.02181152 
848 904 101 130 0.021802215 
662 158 55 69 0.021791888 
522 644 106 116 0.021740356 
742 0 30 34 0.021707086 
642 121 54 67 0.02165679 
241 560 35 44 0.021443734 
108 972 131 146 0.021295251 
898 74 28 35 0.021290692 
327 708 88 104 0.021284938 
85 1070 85 89 0.021094851 
433 1383 36 44 0.021004543 
6 71 93 124 0.020553637 
682 703 28 35 0.020312283 
873 1031 113 161 0.020179778 
8 637 27 41 0.020071154 
