2_Demonstration_Demonstrators_2_314
344
608 372 39 60 0.63170844 
406 251 27 34 0.5952649 
380 381 36 45 0.5814395 
757 317 51 61 0.57539904 
254 259 24 31 0.50861853 
247 398 37 45 0.45983976 
332 339 41 53 0.42030653 
638 267 40 51 0.41870534 
207 270 22 28 0.41130513 
111 253 23 29 0.33470365 
650 254 48 59 0.30580986 
900 381 47 48 0.26637766 
2 323 21 30 0.26196977 
234 403 29 36 0.25957078 
330 371 33 41 0.25533685 
177 251 23 30 0.23244162 
178 329 29 36 0.19982004 
672 251 42 50 0.17999974 
532 251 23 30 0.165254 
517 256 23 31 0.15685502 
232 312 21 27 0.1532307 
348 330 32 39 0.15122695 
488 359 28 39 0.1412081 
701 383 53 80 0.13691582 
506 274 24 33 0.13383898 
132 305 22 26 0.13051479 
536 309 26 33 0.12895697 
163 281 18 23 0.12786895 
583 313 26 33 0.11620555 
527 405 42 53 0.114875086 
492 302 25 32 0.11333413 
6 403 25 33 0.11141896 
236 275 20 26 0.10050876 
506 301 24 32 0.09858211 
562 278 22 30 0.09743962 
408 268 25 31 0.09516873 
76 329 25 33 0.09271898 
179 276 20 26 0.087569624 
103 302 20 26 0.08443652 
6 312 20 31 0.08303652 
4 479 26 37 0.08182276 
362 396 38 49 0.0813757 
593 256 20 23 0.08105711 
285 305 20 26 0.080708414 
540 277 24 32 0.079302385 
164 257 19 24 0.07698682 
256 235 21 26 0.07697487 
19 405 24 32 0.07693022 
54 405 36 43 0.07560262 
635 347 39 56 0.07497656 
368 284 20 26 0.07344985 
360 310 24 30 0.073056 
568 311 24 32 0.07004803 
69 412 23 29 0.06913066 
360 222 28 34 0.06782534 
263 396 37 46 0.066563986 
109 282 21 26 0.0658503 
406 336 23 29 0.065704904 
563 259 21 26 0.06568141 
337 289 20 26 0.0655469 
337 301 22 28 0.06487021 
755 284 68 76 0.06333209 
881 555 86 81 0.06178026 
226 415 43 52 0.06112319 
678 390 59 91 0.06042057 
306 339 23 30 0.060370542 
501 406 45 57 0.059596226 
309 341 35 46 0.05936751 
653 345 38 52 0.058619026 
783 403 71 87 0.057892516 
158 397 33 42 0.05758859 
57 304 23 28 0.057476584 
202 381 26 33 0.057360042 
227 459 31 38 0.057284173 
176 238 22 27 0.056627538 
386 282 22 28 0.056591652 
408 237 24 30 0.055059783 
57 286 22 27 0.054731872 
515 229 22 28 0.05443425 
234 323 23 29 0.054001447 
41 469 79 90 0.053476777 
509 320 38 50 0.05314743 
152 302 22 30 0.05314098 
881 445 48 60 0.052675307 
767 300 34 40 0.052342284 
608 356 32 45 0.049852848 
23 479 125 158 0.04973929 
9 385 52 67 0.049187377 
280 281 19 23 0.04903769 
53 375 25 29 0.049006708 
535 235 23 30 0.048948508 
585 250 33 41 0.04878621 
707 380 32 47 0.048300892 
49 303 42 52 0.048222844 
248 703 46 57 0.048012126 
499 348 38 48 0.04799354 
589 278 22 28 0.04796014 
665 234 25 31 0.04776434 
253 421 30 37 0.047580503 
53 328 28 34 0.04726878 
641 291 29 37 0.04697428 
683 363 93 132 0.046948858 
304 306 19 25 0.0467274 
52 352 26 33 0.04642264 
333 539 76 81 0.046204995 
70 223 23 30 0.04616938 
253 329 22 28 0.044928387 
55 222 25 31 0.04464439 
771 280 28 34 0.044501543 
743 284 22 29 0.044416513 
417 252 35 44 0.044155642 
258 532 32 40 0.04403202 
32 292 76 92 0.04401801 
412 303 22 27 0.04377374 
67 486 75 88 0.043370616 
26 385 22 29 0.043294087 
573 307 53 63 0.04310182 
818 337 39 53 0.0419901 
435 323 35 47 0.041966602 
74 309 22 28 0.041539945 
23 307 18 24 0.041413575 
382 300 23 29 0.041151814 
3 256 20 29 0.040966723 
433 273 21 27 0.040836208 
281 233 20 25 0.04064 
277 385 28 35 0.04062898 
160 275 31 40 0.040596306 
5 276 20 27 0.040492877 
494 283 21 27 0.04026768 
864 394 57 67 0.040230915 
278 257 19 24 0.03974986 
496 286 46 60 0.03974743 
260 311 20 26 0.039692566 
690 394 36 57 0.039580125 
790 278 31 36 0.039286695 
177 384 26 34 0.039167013 
98 332 20 28 0.039092347 
212 404 23 30 0.038940202 
162 248 30 38 0.038744606 
161 236 19 23 0.038619556 
174 268 32 42 0.038544063 
353 413 38 50 0.038279556 
756 359 45 58 0.037957802 
720 293 35 45 0.037898444 
385 356 29 36 0.037888113 
181 304 23 28 0.037761346 
534 378 34 44 0.037704825 
791 71 27 33 0.03706515 
738 279 36 46 0.036772892 
532 344 38 51 0.036577277 
355 369 43 53 0.03649519 
81 254 21 25 0.036411177 
509 229 34 47 0.036266472 
739 299 27 35 0.03622132 
289 338 21 26 0.036209136 
795 265 47 54 0.035730395 
508 243 46 61 0.035628922 
489 420 43 57 0.03513384 
125 280 20 25 0.034026857 
481 358 49 62 0.033842165 
388 332 25 31 0.033329602 
15 588 159 191 0.033275228 
45 405 59 71 0.032934576 
521 306 51 65 0.032906704 
74 244 36 44 0.03280816 
713 349 28 38 0.032783378 
311 368 37 48 0.03257304 
93 371 36 48 0.03222699 
405 294 35 44 0.032191824 
221 436 51 65 0.03214152 
830 87 69 87 0.032120895 
825 389 63 78 0.031945035 
397 385 30 38 0.031840213 
655 231 44 56 0.03182673 
603 374 60 93 0.031734373 
424 583 66 92 0.031729314 
251 350 25 31 0.031553715 
0 415 36 52 0.031523764 
397 242 44 56 0.031312857 
235 388 28 34 0.03125816 
5 367 119 142 0.031170717 
571 240 57 69 0.031121738 
784 298 36 41 0.031093542 
723 362 56 78 0.030976392 
283 350 24 32 0.030907338 
490 406 30 40 0.03088044 
3 426 23 31 0.030835072 
57 424 26 34 0.030783707 
732 268 60 72 0.030752359 
642 259 28 34 0.030385124 
72 285 19 25 0.030258587 
358 442 40 50 0.030248603 
256 206 19 24 0.029960608 
105 237 22 28 0.029831346 
852 534 77 88 0.029751185 
240 203 19 23 0.029674053 
72 424 23 29 0.02961396 
48 280 38 48 0.029608706 
896 382 69 86 0.029485999 
25 282 19 25 0.029324526 
313 439 45 55 0.02929868 
525 261 49 65 0.029169675 
88 484 47 58 0.029096106 
127 238 20 24 0.02888787 
551 265 52 63 0.028473021 
165 326 54 62 0.028402368 
31 360 20 26 0.028401298 
99 354 24 33 0.028369106 
748 380 64 84 0.028273538 
125 455 36 48 0.027991993 
5 387 23 31 0.027991427 
779 323 39 47 0.02794934 
242 246 45 58 0.027934276 
191 318 39 47 0.0276041 
30 331 18 23 0.027022837 
869 404 28 36 0.027018514 
541 393 55 66 0.027017575 
442 564 67 83 0.02685948 
552 405 31 40 0.026754461 
124 398 38 46 0.026621278 
145 419 36 46 0.026590101 
208 303 21 27 0.02652662 
78 345 25 33 0.02637823 
590 345 40 57 0.026347687 
2 462 24 34 0.02633659 
813 419 74 92 0.026260886 
68 378 35 45 0.026239982 
395 257 23 29 0.026170902 
299 423 45 56 0.026170319 
406 350 24 32 0.026130294 
515 419 65 82 0.026115978 
858 398 106 136 0.026105484 
218 569 36 42 0.026022866 
167 240 47 59 0.025911111 
13 284 57 79 0.025745472 
460 279 21 27 0.025711928 
114 272 34 41 0.02557725 
219 309 50 63 0.025535777 
746 386 110 146 0.025476493 
601 324 42 52 0.025473408 
235 352 24 31 0.025407169 
145 1 161 131 0.025289752 
80 387 56 71 0.02521632 
54 251 23 27 0.025172416 
122 427 38 46 0.024993256 
494 256 20 26 0.024859004 
438 516 59 76 0.024540707 
556 342 39 51 0.024525357 
432 378 27 37 0.024477199 
430 341 39 51 0.024420092 
795 362 61 75 0.02438887 
555 378 30 40 0.02433003 
419 531 64 85 0.02415559 
33 433 76 91 0.024152389 
108 467 61 85 0.02414694 
95 239 48 59 0.024113532 
593 374 33 48 0.024054322 
887 419 37 45 0.024051214 
37 364 58 69 0.023984116 
485 394 107 137 0.023795651 
190 248 48 62 0.023755034 
496 434 49 64 0.023722468 
819 -5 78 75 0.023663 
16 413 39 52 0.023611704 
130 326 21 26 0.02350489 
332 388 38 48 0.02342524 
933 47 75 89 0.023368485 
534 398 106 143 0.02327557 
495 232 20 26 0.0232625 
447 440 55 71 0.023231242 
73 210 22 29 0.023200821 
485 325 27 36 0.023184057 
342 301 53 68 0.023174865 
783 254 45 54 0.023130896 
81 310 52 68 0.02312328 
714 415 67 88 0.023035223 
805 246 41 53 0.0229765 
25 423 24 31 0.022911385 
664 394 44 64 0.022856068 
298 301 31 42 0.022850903 
706 325 37 48 0.022847837 
659 416 63 88 0.022845754 
103 490 26 36 0.022813443 
558 327 95 127 0.022809818 
29 680 123 118 0.022798834 
833 70 52 64 0.02264282 
426 393 37 51 0.0224769 
380 529 76 88 0.022434015 
208 233 20 24 0.022419013 
264 419 42 52 0.022399204 
19 299 33 46 0.02231748 
778 367 50 61 0.022316368 
639 326 39 53 0.022279562 
159 283 68 81 0.022182481 
722 282 22 29 0.02217465 
89 286 50 62 0.02217456 
44 243 42 49 0.022121124 
556 388 66 88 0.022078602 
0 465 60 74 0.021952381 
461 257 20 26 0.02190366 
623 272 37 45 0.021895004 
175 299 38 46 0.02184726 
202 699 88 78 0.021779273 
81 444 64 82 0.021772416 
832 39 49 50 0.021748718 
693 330 27 37 0.021726102 
210 577 25 31 0.021711411 
432 470 106 139 0.021709211 
455 328 27 36 0.02170342 
151 373 34 46 0.021674814 
236 233 19 24 0.021656182 
675 341 155 200 0.021549571 
53 210 24 31 0.021501284 
204 354 26 33 0.021418052 
0 295 107 156 0.02138835 
234 256 31 40 0.021368796 
716 273 36 45 0.02136135 
27 256 20 25 0.021359157 
14 477 71 81 0.021277815 
735 304 103 128 0.021219723 
276 321 50 63 0.021140002 
2 266 33 48 0.021126874 
308 201 20 26 0.021122696 
181 720 62 58 0.021060089 
656 202 41 53 0.021007985 
250 509 55 72 0.02096019 
350 558 91 103 0.020919543 
353 199 40 49 0.020860536 
383 228 23 30 0.020686204 
298 391 40 50 0.020679248 
100 406 22 28 0.020658353 
784 81 45 56 0.020591252 
91 541 51 58 0.020583825 
561 233 20 24 0.020487085 
160 204 19 22 0.020469116 
149 263 55 71 0.02041542 
504 371 31 41 0.020361515 
698 348 55 74 0.020329574 
27 346 36 49 0.02024322 
592 397 103 146 0.020173604 
121 370 38 50 0.02015928 
445 403 103 133 0.020111436 
442 311 52 68 0.02009664 
589 621 78 83 0.020008145 
