2_Demonstration_Demonstration_Or_Protest_2_471
43
749 223 70 86 0.9991345 
172 168 94 118 0.9987085 
588 287 60 76 0.9926642 
83 153 63 89 0.9320831 
404 228 31 38 0.42447412 
129 11 44 64 0.23647471 
571 346 42 53 0.23408309 
434 269 44 62 0.15653804 
656 351 35 41 0.13791691 
342 171 39 53 0.13427241 
495 196 24 33 0.12576188 
494 139 51 86 0.10278692 
340 123 25 34 0.079628706 
862 162 39 45 0.06983997 
390 222 52 63 0.05866191 
697 164 35 47 0.049211804 
108 22 62 91 0.043179233 
465 237 21 28 0.04260906 
934 216 52 62 0.04062114 
509 149 26 39 0.04046114 
483 169 49 70 0.036106043 
494 179 24 35 0.035396278 
352 203 44 61 0.03356962 
30 165 69 84 0.03288187 
308 215 39 54 0.03278822 
388 225 30 38 0.032107953 
804 113 41 51 0.031469297 
797 583 57 63 0.030732337 
142 43 47 70 0.027661009 
95 347 46 49 0.025879977 
448 217 54 66 0.025030732 
484 114 96 126 0.024656394 
98 173 71 93 0.024466177 
326 226 27 38 0.024244456 
611 307 62 74 0.024213022 
42 100 86 112 0.023976892 
439 245 53 70 0.023575101 
557 306 57 75 0.022122813 
128 156 70 86 0.021890037 
469 259 55 75 0.020732434 
502 163 32 49 0.020507356 
400 249 63 80 0.020312985 
855 144 64 74 0.020070223 
