2_Demonstration_Political_Rally_2_746
265
360 2332 82 91 0.7985371 
783 1358 79 92 0.682088 
576 102 66 79 0.43682727 
170 2362 89 97 0.40895975 
830 365 56 71 0.26401114 
677 2340 84 100 0.23229173 
687 1111 44 52 0.1789235 
261 236 46 56 0.14391084 
761 1049 42 52 0.13024579 
517 373 50 64 0.12727024 
65 2335 50 67 0.10922846 
862 111 51 63 0.10653009 
440 1361 51 62 0.10573563 
578 373 51 64 0.1044011 
958 121 50 65 0.103569284 
487 443 58 73 0.09333897 
379 349 66 81 0.0909747 
368 1324 44 57 0.08697438 
378 1342 48 62 0.0780362 
686 1305 47 59 0.07655412 
11 411 59 86 0.0743895 
598 77 65 74 0.073696144 
876 2266 56 71 0.071128465 
696 1074 41 49 0.06887901 
739 449 51 65 0.06776108 
486 2283 56 70 0.064245686 
135 527 64 82 0.064159445 
498 1300 46 56 0.0626774 
384 322 56 70 0.062348068 
676 381 48 63 0.061718777 
610 382 49 61 0.061349556 
451 1317 45 54 0.0609979 
690 1355 48 61 0.06055725 
862 2247 53 70 0.060484488 
444 562 58 75 0.05985799 
746 381 47 60 0.05801534 
561 2290 53 66 0.056135226 
415 2348 64 77 0.055599883 
754 1372 88 111 0.055467926 
691 442 51 64 0.05445824 
434 1069 45 55 0.05438913 
893 2180 49 59 0.054315608 
438 592 59 77 0.054304235 
876 75 52 58 0.054165054 
129 1232 53 60 0.05196399 
676 1257 45 57 0.05191553 
234 2359 64 79 0.05083067 
261 308 49 60 0.050137356 
488 258 46 57 0.048339665 
439 1228 43 54 0.048248384 
464 469 87 101 0.0477695 
-3 520 80 142 0.047752712 
752 1307 55 68 0.047750436 
798 758 848 954 0.047213413 
170 551 53 69 0.045578472 
565 77 105 128 0.04517257 
823 123 46 55 0.044985842 
327 2350 65 77 0.04488004 
10 808 58 82 0.04460479 
499 309 45 60 0.044367827 
791 267 843 958 0.044318497 
761 1189 41 51 0.04425333 
401 1074 42 52 0.043710448 
176 1287 52 63 0.04351923 
241 619 51 64 0.042907175 
813 -202 844 946 0.042439178 
674 1097 71 84 0.04239991 
746 1114 40 50 0.041780483 
729 434 81 103 0.041705504 
627 1293 46 59 0.041578215 
948 16 47 55 0.041568752 
347 1302 76 96 0.04145513 
329 1311 48 59 0.041162126 
180 628 50 66 0.040751982 
455 479 56 71 0.040692598 
435 2281 62 74 0.04049172 
415 360 57 75 0.040201247 
9 250 45 66 0.040087633 
491 2353 55 71 0.038793992 
761 1243 46 59 0.038726255 
419 316 56 70 0.03855495 
439 1193 46 59 0.03854363 
372 506 57 71 0.038524263 
952 1319 45 58 0.038385987 
641 1255 46 58 0.038188588 
487 1059 43 52 0.03810389 
40 495 92 137 0.037991624 
582 1071 41 50 0.037616592 
801 73 48 55 0.03760192 
677 64 54 65 0.03652233 
547 1919 56 73 0.036318813 
751 189 44 55 0.036291298 
686 1008 37 45 0.036117967 
382 244 48 59 0.03600974 
486 117 49 61 0.035653293 
461 535 100 120 0.03549144 
807 1188 42 55 0.035245396 
814 1255 838 952 0.0351235 
581 316 47 59 0.035079595 
677 2298 64 81 0.03502582 
758 1017 39 50 0.034972765 
67 377 47 61 0.034966197 
322 -549 1708 1820 0.034831833 
940 57 44 58 0.034470413 
324 1171 41 51 0.0337593 
535 575 160 163 0.033516433 
252 673 59 74 0.033388507 
260 210 46 59 0.03325951 
193 2330 120 137 0.032947175 
243 568 50 61 0.032814477 
802 1313 63 74 0.032626417 
7 385 50 68 0.032422904 
866 189 44 54 0.032216676 
745 1596 59 74 0.032149825 
388 296 92 115 0.031985033 
176 246 45 56 0.031971473 
193 2293 57 67 0.03193183 
334 308 133 160 0.031895913 
819 433 58 77 0.03177777 
723 2356 60 76 0.031664602 
312 119 56 68 0.031622726 
803 1789 855 893 0.031572692 
493 1122 44 53 0.03153694 
516 1924 51 64 0.03151294 
629 2293 57 75 0.031222273 
674 6 53 58 0.030881805 
24 1177 46 56 0.030636152 
626 1062 39 48 0.030563213 
384 202 45 57 0.03020501 
860 236 47 61 0.029965168 
128 588 91 115 0.029848767 
-4 447 150 238 0.029750444 
302 247 42 53 0.029618222 
394 1109 41 51 0.029492393 
443 1411 58 74 0.029486565 
312 1135 41 50 0.029423714 
568 2350 52 66 0.02941798 
748 1036 65 82 0.029347721 
260 1299 45 56 0.029340178 
133 1200 45 54 0.029300742 
744 325 42 51 0.02915307 
797 1058 41 54 0.029034993 
702 321 45 56 0.029000256 
452 444 58 70 0.02895811 
244 283 83 100 0.028796937 
385 1237 40 50 0.028494 
805 2281 48 62 0.028361037 
443 241 50 61 0.028170409 
210 2242 48 58 0.028071938 
437 2248 51 63 0.02801675 
122 359 54 67 0.027990505 
804 336 108 145 0.027914727 
346 322 1602 1777 0.027824318 
83 2220 47 59 0.027733808 
634 2346 65 83 0.02767406 
711 403 139 170 0.02763257 
88 490 126 157 0.027586093 
445 1107 46 56 0.02756954 
389 1191 41 51 0.02709932 
316 192 45 56 0.027089426 
824 245 46 58 0.027055254 
800 2156 42 52 0.026922608 
823 324 48 58 0.026801623 
169 509 50 64 0.02657513 
494 1170 49 61 0.026375808 
817 2246 45 57 0.026322875 
60 205 45 62 0.026307883 
616 262 48 62 0.026255494 
561 2044 46 60 0.026135836 
633 1188 41 50 0.025995964 
492 77 49 61 0.0259872 
117 1222 87 96 0.025875978 
505 1251 47 57 0.025821349 
568 1302 46 59 0.025734328 
501 2392 63 79 0.02571437 
563 539 66 78 0.025643969 
913 2186 46 57 0.025609488 
147 615 56 70 0.025556792 
320 1272 130 159 0.025535688 
744 1299 88 113 0.02548524 
622 497 55 68 0.025428908 
142 1287 56 64 0.02542479 
689 1172 42 51 0.025400037 
303 80 56 63 0.025341013 
812 466 63 85 0.025295012 
622 426 51 63 0.02521768 
644 1113 41 50 0.025128545 
381 541 51 65 0.02510587 
357 1312 1697 1773 0.025044248 
633 1365 46 60 0.024918798 
764 2228 49 59 0.024915235 
541 538 109 124 0.024913365 
256 487 52 63 0.024887085 
385 470 156 201 0.024845812 
361 2375 77 90 0.024802716 
326 1251 40 49 0.02480102 
3 290 46 67 0.024777355 
438 1297 74 91 0.024688756 
163 647 87 111 0.024683855 
20 401 239 332 0.024660021 
147 236 50 64 0.024538606 
58 1191 39 47 0.024393087 
224 593 83 110 0.024274006 
482 1280 76 93 0.02426161 
872 15 51 55 0.024215166 
980 1314 44 57 0.024161616 
575 426 53 65 0.023980612 
776 387 130 176 0.023949148 
417 1053 73 87 0.023855831 
315 1347 51 64 0.023850953 
143 1256 92 105 0.023830496 
746 1562 59 74 0.023761723 
259 1351 52 63 0.023676125 
861 1317 50 60 0.023658557 
947 247 47 61 0.023440845 
13 845 54 77 0.023433603 
553 1969 53 68 0.023428608 
251 1253 42 51 0.023417797 
138 2356 65 78 0.023273299 
181 1868 46 57 0.023215687 
619 2 56 61 0.023173338 
252 355 53 65 0.023162797 
854 1357 56 70 0.023116184 
423 1205 77 99 0.023114316 
252 436 58 71 0.023100484 
564 492 57 68 0.022687558 
79 316 46 62 0.022661626 
440 195 46 56 0.022529356 
129 2303 52 64 0.02248918 
574 163 55 70 0.022452658 
313 415 59 74 0.022388706 
980 250 44 59 0.02235847 
50 419 55 75 0.02233199 
437 60 50 59 0.022316212 
648 2290 131 163 0.02229223 
207 1179 41 48 0.022097496 
573 254 48 61 0.022039494 
109 328 87 110 0.022038026 
309 1057 44 53 0.021958679 
696 243 46 59 0.021762343 
184 1256 52 61 0.021732239 
118 433 55 68 0.021727972 
466 399 125 152 0.021675445 
119 2228 45 57 0.021307334 
464 497 163 184 0.021273723 
319 2394 66 79 0.021262221 
207 2041 47 57 0.021235563 
365 424 59 72 0.021207698 
933 1359 48 65 0.02106681 
681 1062 72 87 0.020826397 
819 184 42 53 0.020754676 
223 2391 69 83 0.02070586 
627 1421 52 67 0.020646503 
568 1104 42 52 0.0205802 
129 307 52 67 0.020479837 
503 2049 40 51 0.020457061 
693 1702 57 83 0.02042029 
251 2289 54 66 0.020414455 
546 336 115 145 0.020371346 
978 4 47 59 0.020326115 
118 207 189 231 0.020208517 
115 279 88 113 0.02018371 
324 811 53 64 0.020164635 
642 1069 129 154 0.02007286 
325 2181 48 59 0.0200273 
