2_Demonstration_Protesters_2_817
117
173 626 25 32 0.28292 
533 91 25 33 0.18089235 
339 584 21 26 0.13437918 
294 563 21 26 0.12055754 
382 552 25 32 0.116730556 
301 580 22 26 0.11058626 
338 570 21 27 0.0839804 
456 133 146 141 0.07781199 
546 125 112 101 0.0730424 
510 214 76 91 0.07291359 
291 581 22 29 0.06117165 
304 628 23 29 0.05271057 
95 511 26 29 0.05145449 
476 72 145 160 0.048320357 
594 153 58 64 0.046648394 
307 617 22 27 0.0460095 
258 586 21 28 0.045082167 
513 179 113 105 0.045010958 
164 632 22 27 0.044435687 
333 614 20 25 0.04358378 
358 583 22 29 0.04092571 
403 546 22 27 0.040399235 
510 549 30 36 0.040336136 
616 194 29 35 0.04028808 
81 512 28 30 0.04012317 
117 637 26 30 0.040117517 
438 553 22 29 0.039786242 
567 557 23 30 0.03971462 
73 503 51 50 0.039237693 
286 631 22 29 0.03801125 
558 98 22 28 0.036940657 
635 532 71 72 0.03641497 
362 563 22 29 0.036358364 
577 138 57 62 0.03622728 
185 542 89 109 0.035908796 
518 79 48 60 0.035436142 
125 508 26 33 0.03501595 
448 146 93 99 0.034823723 
278 553 51 63 0.03408612 
128 515 125 148 0.03337674 
847 566 26 31 0.0333747 
521 95 22 29 0.033043534 
491 608 22 24 0.03246198 
528 110 38 50 0.030743277 
522 546 37 44 0.030601297 
191 454 20 29 0.030101048 
258 568 19 23 0.030056078 
371 540 47 57 0.028802667 
275 605 39 47 0.028743677 
-63 526 356 354 0.028540462 
199 656 26 32 0.028336767 
489 537 57 62 0.028311778 
186 592 21 26 0.028153941 
483 173 79 89 0.028151004 
320 554 53 62 0.02813449 
542 584 25 31 0.027531715 
532 546 23 28 0.02714129 
284 614 22 28 0.02678515 
160 488 22 30 0.026504073 
77 640 25 28 0.026473958 
123 616 23 27 0.025907725 
633 27 42 51 0.025756322 
289 546 20 25 0.02571971 
326 605 33 41 0.025659148 
463 554 23 31 0.02565851 
113 498 45 51 0.025657639 
155 505 24 33 0.025480304 
601 30 80 104 0.025390135 
475 187 41 49 0.02532385 
205 565 17 21 0.025165804 
467 183 23 27 0.02501468 
639 30 25 30 0.024940286 
156 588 83 93 0.024834082 
337 565 53 63 0.024579111 
125 490 22 28 0.024571978 
461 175 42 45 0.024548275 
482 184 22 26 0.024530726 
73 484 91 88 0.024253856 
6 489 21 26 0.023929447 
163 619 22 28 0.023790192 
99 634 39 41 0.02374785 
568 546 20 27 0.023645135 
541 104 76 86 0.0236145 
584 150 34 39 0.02346917 
200 591 19 23 0.023430578 
-201 327 707 728 0.023410458 
372 59 35 52 0.023370385 
646 557 75 83 0.023022883 
249 576 40 48 0.022996524 
637 28 58 83 0.022813944 
52 474 43 54 0.022798328 
233 584 21 26 0.022741271 
200 450 20 31 0.022478491 
549 91 39 48 0.022405226 
97 528 26 30 0.021971943 
639 540 31 34 0.021887414 
349 547 51 61 0.021638598 
674 531 40 47 0.021544384 
106 490 24 26 0.02147965 
131 588 22 27 0.021467391 
928 469 21 25 0.021401871 
95 469 121 132 0.021317335 
440 -36 245 276 0.021227177 
55 480 25 33 0.021156898 
662 538 27 33 0.02106638 
203 447 338 332 0.020935288 
230 568 19 22 0.02089499 
305 546 19 24 0.020790711 
125 490 69 88 0.020671505 
144 490 43 57 0.020653615 
602 503 120 114 0.02063449 
258 657 24 30 0.0205783 
374 573 36 43 0.020489924 
485 591 24 29 0.020402072 
578 71 91 112 0.020395169 
242 597 73 81 0.020195251 
415 587 23 27 0.020064214 
