2_Demonstration_Political_Rally_2_800
54
355 203 153 210 0.99961483 
232 134 77 87 0.3272706 
445 36 57 85 0.13054237 
280 139 68 98 0.06600597 
481 31 69 97 0.06344083 
471 35 47 76 0.051326558 
446 63 78 99 0.042809784 
527 77 117 145 0.04032119 
519 20 56 83 0.040178806 
936 1 82 86 0.03879499 
482 70 99 122 0.03795085 
331 -1 92 96 0.03769933 
699 2 48 48 0.035905663 
180 88 131 139 0.034277905 
639 133 26 33 0.034100164 
735 69 59 92 0.031297415 
460 61 34 48 0.030372944 
692 -4 77 85 0.030007709 
583 82 121 153 0.027627768 
431 0 103 120 0.027380856 
263 124 51 71 0.026695985 
26 -6 134 138 0.026414547 
312 115 64 88 0.026316252 
599 -7 43 42 0.025769956 
530 109 43 55 0.025309041 
97 -3 86 109 0.025039848 
515 20 121 145 0.02486754 
827 -2 45 41 0.024615549 
709 44 59 90 0.024539163 
860 4 158 216 0.024130475 
189 129 76 86 0.023722121 
619 135 66 82 0.023665408 
410 65 85 104 0.023390003 
481 60 29 47 0.023225812 
430 251 87 104 0.022998365 
-136 398 516 567 0.022996508 
278 130 29 41 0.022924889 
648 17 109 144 0.022806345 
710 50 100 141 0.02279742 
288 39 70 92 0.022619 
726 0 46 45 0.022314608 
152 13 150 156 0.021807933 
804 94 212 364 0.021727283 
539 39 55 83 0.021723913 
385 24 75 83 0.021667855 
918 21 84 107 0.021608848 
174 132 152 203 0.021338927 
741 77 26 37 0.020988947 
181 -13 101 101 0.020948011 
318 29 72 93 0.02081996 
56 -11 75 85 0.020698503 
285 77 66 87 0.020519162 
170 29 90 98 0.020301633 
585 -7 37 41 0.020245267 
