2_Demonstration_Protesters_2_24
126
657 1054 82 96 0.9994771 
884 1120 106 120 0.9978892 
450 1117 73 100 0.99754816 
151 795 94 111 0.9961564 
366 272 107 138 0.99551696 
506 664 57 71 0.9904975 
475 762 73 95 0.98584044 
379 592 50 60 0.9648527 
608 638 51 63 0.95694643 
816 660 55 75 0.94272697 
543 265 96 135 0.8763598 
23 410 81 107 0.42042175 
192 445 40 47 0.35920033 
866 1024 50 71 0.30959532 
696 479 36 49 0.2822056 
393 804 62 74 0.27654457 
627 657 54 65 0.22609441 
891 612 27 34 0.18769132 
861 1126 78 100 0.15155081 
833 1135 58 74 0.12503853 
0 978 35 55 0.09952524 
327 482 31 40 0.099072196 
576 861 52 65 0.097364366 
807 585 28 34 0.09512661 
867 576 27 32 0.087568104 
61 433 45 54 0.061984174 
934 604 25 32 0.06072982 
717 1006 47 65 0.059522726 
450 624 49 63 0.05675276 
627 151 94 114 0.054436456 
128 521 33 43 0.053728424 
290 715 49 63 0.053420987 
931 534 27 37 0.052656237 
947 329 23 29 0.052454703 
878 330 24 30 0.051007874 
769 604 26 33 0.05019638 
748 579 26 33 0.049992956 
770 584 26 34 0.048800487 
940 348 25 32 0.047740124 
210 143 90 107 0.04762617 
744 640 32 39 0.0471034 
803 598 29 36 0.046865232 
654 668 46 59 0.045860734 
973 587 26 35 0.04516514 
969 539 26 35 0.043776255 
937 385 24 30 0.043031868 
827 644 44 57 0.043000918 
936 588 25 32 0.042988192 
973 521 25 31 0.041836224 
175 636 45 59 0.041106176 
584 629 52 66 0.039186884 
829 978 53 73 0.038847197 
959 328 24 32 0.037126835 
731 795 53 68 0.036908425 
752 607 27 34 0.035723332 
900 666 27 34 0.03565072 
930 415 24 30 0.035480555 
738 1 37 33 0.034415413 
36 826 30 44 0.034329116 
-3 445 99 131 0.03283314 
774 547 25 31 0.030793771 
777 521 23 30 0.029776601 
574 1039 55 67 0.029176643 
-7 941 68 100 0.029161924 
61 516 32 42 0.029102152 
322 548 30 38 0.029083304 
863 511 24 30 0.028985072 
211 1126 48 56 0.028917857 
247 796 54 71 0.028807083 
907 584 23 29 0.028764775 
457 609 38 49 0.028400933 
191 469 34 44 0.028174117 
969 593 37 51 0.02812898 
245 202 80 109 0.028093059 
48 493 56 71 0.027911736 
856 1069 59 84 0.027724223 
913 546 23 30 0.027398305 
639 686 41 50 0.027114026 
513 773 71 92 0.026309414 
29 439 42 53 0.025978807 
900 641 28 35 0.02596584 
495 717 65 82 0.02596558 
971 418 24 30 0.025944121 
852 986 47 68 0.025735486 
895 325 21 27 0.02512732 
970 630 38 54 0.024999643 
963 340 27 37 0.024637619 
669 605 31 39 0.024570253 
219 633 44 60 0.024143402 
149 329 89 122 0.023488728 
1 428 55 78 0.0233659 
41 816 53 67 0.023269057 
-3 2 27 33 0.023230724 
261 699 75 96 0.02321322 
406 827 60 75 0.02299273 
539 1002 70 86 0.022876661 
841 614 28 36 0.022675136 
871 596 57 72 0.022598216 
934 641 26 33 0.022428714 
570 603 51 65 0.022422042 
87 445 29 40 0.022247827 
990 516 22 28 0.02215459 
179 599 48 64 0.022140156 
24 983 32 45 0.02188834 
767 426 26 34 0.021835867 
309 711 35 45 0.021818133 
178 339 54 72 0.021790393 
73 459 49 66 0.021763885 
939 93 28 40 0.021711923 
194 571 32 42 0.021567164 
190 661 30 39 0.021414293 
965 663 40 55 0.021400247 
909 418 24 30 0.021376299 
708 -4 55 47 0.02092721 
163 425 71 86 0.020819882 
763 628 45 60 0.020662727 
933 486 24 29 0.020614475 
139 1007 70 97 0.020565512 
863 1015 95 114 0.02048049 
746 809 62 78 0.020423964 
39 963 134 168 0.020416519 
105 419 73 96 0.020370532 
850 512 26 32 0.020353973 
874 341 26 33 0.020321045 
345 817 59 67 0.02029578 
813 553 23 29 0.020176437 
