2_Demonstration_Political_Rally_2_867
281
71 518 42 52 0.9046721 
794 425 39 48 0.795041 
178 555 45 60 0.5138121 
916 378 22 28 0.49303517 
327 534 42 63 0.47164163 
485 507 24 36 0.45417592 
613 505 22 30 0.3342525 
644 482 35 46 0.32874948 
654 500 29 36 0.2675654 
950 377 20 25 0.23846659 
949 455 28 35 0.23137967 
917 461 27 34 0.1911996 
877 403 20 26 0.17656752 
166 495 41 55 0.16956392 
915 481 29 36 0.16686402 
875 358 18 22 0.13009407 
813 389 24 28 0.12938043 
86 509 40 51 0.12733765 
815 400 27 32 0.12356626 
905 379 21 26 0.12323489 
539 467 21 27 0.11572011 
876 391 19 23 0.11552156 
63 506 37 46 0.103522226 
383 501 20 26 0.10170998 
542 476 22 29 0.10033157 
612 492 23 30 0.09944963 
918 367 21 25 0.09868594 
70 453 22 28 0.09609002 
919 500 41 53 0.09586193 
822 358 20 27 0.09468959 
847 366 19 24 0.09231879 
848 617 78 73 0.09204951 
37 411 19 24 0.08839351 
876 590 81 77 0.08525205 
903 364 20 24 0.08273005 
45 409 22 27 0.0817963 
786 513 26 32 0.08044774 
3 531 22 30 0.07966886 
409 509 20 26 0.077933334 
111 490 25 30 0.07769409 
485 491 23 32 0.07458648 
641 469 24 30 0.07399294 
953 363 21 26 0.07055324 
819 511 28 35 0.070240326 
71 442 21 26 0.06868716 
1 516 22 30 0.06726366 
832 338 19 25 0.06449343 
437 510 22 28 0.06365747 
712 533 20 26 0.0635567 
946 438 25 32 0.062280167 
915 449 51 62 0.06207324 
724 365 19 24 0.061014235 
911 512 63 72 0.06041718 
149 383 19 24 0.060373962 
161 435 21 28 0.060038496 
58 439 21 27 0.05984685 
174 484 30 39 0.058513995 
172 521 46 63 0.057922665 
921 437 23 29 0.056783557 
850 381 19 23 0.056348763 
558 482 18 24 0.05601738 
177 337 22 28 0.05503112 
184 497 42 55 0.053628914 
701 535 20 27 0.053112846 
666 551 25 31 0.053007342 
803 385 22 27 0.052396838 
795 407 28 33 0.051230457 
805 626 42 52 0.05107276 
173 431 23 30 0.04994479 
80 383 20 24 0.049679372 
948 329 23 27 0.049083102 
139 387 19 22 0.048781186 
840 331 19 24 0.04855721 
892 544 70 79 0.048003633 
1 389 19 25 0.047780402 
937 512 30 38 0.047659628 
121 487 22 29 0.04752815 
116 504 34 44 0.047407072 
905 461 21 27 0.04609349 
885 554 49 55 0.046003483 
801 360 19 25 0.04582854 
178 453 25 32 0.045528863 
475 357 557 540 0.044596743 
435 530 25 31 0.04440292 
487 523 24 33 0.043660544 
411 495 21 26 0.043624993 
769 524 35 41 0.043281842 
467 503 31 44 0.042191215 
719 457 21 26 0.042150255 
847 410 18 24 0.042031415 
784 519 37 44 0.04198945 
53 384 21 24 0.04145596 
158 425 35 46 0.041374534 
53 441 52 63 0.04090028 
125 527 24 33 0.04071789 
797 401 51 64 0.040079325 
803 585 144 112 0.039595135 
745 538 21 26 0.039094742 
600 490 18 24 0.03876442 
199 533 30 38 0.03852999 
468 490 22 28 0.03848348 
715 519 19 24 0.03845967 
106 355 19 24 0.038204636 
875 338 19 23 0.038186967 
975 358 18 24 0.038145326 
598 509 20 26 0.03759262 
977 382 17 24 0.037261233 
805 505 56 69 0.036854465 
609 492 46 58 0.03669293 
25 486 20 26 0.03632664 
161 512 26 33 0.035917003 
363 502 23 28 0.03588993 
333 515 24 31 0.035747655 
154 408 19 25 0.035561543 
899 468 54 67 0.03556122 
777 514 23 29 0.035423376 
751 595 62 71 0.03521279 
511 487 22 29 0.035033416 
816 610 44 56 0.034707 
745 461 21 27 0.03456272 
129 358 18 22 0.03449701 
72 488 28 33 0.03440528 
597 540 20 26 0.03435587 
104 383 17 22 0.034289394 
973 306 22 29 0.03422809 
928 472 42 52 0.034177214 
950 308 25 31 0.0341404 
725 436 21 27 0.0341313 
592 467 18 23 0.034037363 
741 600 46 51 0.03379131 
851 306 21 27 0.033671793 
182 414 21 27 0.033633847 
848 436 22 29 0.033462103 
562 470 18 23 0.033445388 
8 336 19 27 0.033244792 
199 461 22 27 0.03322428 
979 431 23 30 0.033166483 
993 432 18 26 0.033140138 
178 353 22 28 0.033033367 
508 504 22 30 0.033012323 
460 529 25 33 0.032963183 
492 554 24 31 0.03288707 
289 534 22 28 0.0326903 
981 411 19 26 0.032249168 
590 557 22 29 0.03205215 
994 362 16 22 0.031888276 
775 602 63 75 0.03184296 
745 488 20 27 0.0313873 
22 536 21 29 0.031126253 
169 576 48 61 0.031055655 
516 458 20 25 0.030836612 
159 363 19 23 0.030792136 
335 484 402 385 0.030792095 
0 404 18 25 0.03067801 
344 535 32 42 0.030655092 
893 364 49 60 0.030613044 
899 333 18 23 0.030488497 
948 408 21 26 0.030322697 
695 515 21 28 0.030186947 
738 405 20 26 0.029893799 
516 441 23 27 0.029857645 
738 367 18 22 0.029836103 
965 457 21 29 0.02950519 
435 495 20 25 0.029461397 
898 305 22 28 0.029423049 
596 632 22 28 0.02924183 
991 308 20 26 0.029215831 
834 604 65 70 0.029029647 
931 336 20 24 0.02852743 
201 484 25 32 0.028507838 
107 338 19 24 0.028369673 
769 366 18 22 0.028361136 
101 473 51 63 0.028305875 
126 314 20 23 0.028227149 
278 564 25 35 0.028177062 
748 513 19 25 0.028159669 
843 451 23 30 0.028100118 
136 405 19 24 0.027853254 
971 330 20 26 0.027568148 
771 383 20 24 0.027273782 
942 321 38 46 0.026962247 
866 606 37 43 0.026803317 
-62 503 353 369 0.02660495 
721 486 18 23 0.026601553 
276 582 26 37 0.026589774 
890 406 21 27 0.026502043 
874 514 22 29 0.026457665 
567 510 20 26 0.026399177 
738 434 21 27 0.026320772 
799 633 30 36 0.026234891 
907 487 22 28 0.026201783 
357 501 36 48 0.026045118 
506 555 24 30 0.026019132 
741 382 19 23 0.025958385 
693 462 20 25 0.025733778 
26 461 20 25 0.025731735 
303 550 56 80 0.025719175 
121 542 40 54 0.025704337 
213 531 38 50 0.025652848 
991 591 20 28 0.0255345 
870 350 31 39 0.025430687 
616 466 20 26 0.025385167 
918 624 34 42 0.025213173 
161 454 22 30 0.025204502 
929 432 56 70 0.025170235 
315 555 27 37 0.025043689 
187 378 20 26 0.024649711 
6 485 20 26 0.024593621 
897 509 25 31 0.024554955 
152 457 65 83 0.024536049 
891 491 56 69 0.024519905 
906 572 68 83 0.024412254 
996 383 16 23 0.024297576 
842 630 40 44 0.024241598 
929 358 52 65 0.02419138 
875 489 19 23 0.024010316 
839 608 33 41 0.023959681 
352 234 19 22 0.023940783 
889 625 41 44 0.023826696 
973 582 34 51 0.023808401 
272 553 52 67 0.023757638 
371 488 53 63 0.023597984 
772 498 68 73 0.02356631 
106 434 19 24 0.023538426 
505 528 33 43 0.023513447 
431 542 41 51 0.023451665 
902 284 22 28 0.023448516 
277 526 53 66 0.02339117 
995 487 18 25 0.023339158 
925 402 22 28 0.023271231 
613 533 21 27 0.023210954 
423 494 50 61 0.023029666 
33 431 18 23 0.023014555 
776 407 23 28 0.023004796 
842 357 30 39 0.022925446 
783 549 38 47 0.02279129 
28 511 21 28 0.022728283 
528 464 48 60 0.022594286 
20 478 32 43 0.022455432 
413 530 22 27 0.022321716 
899 435 21 26 0.022288969 
260 578 56 81 0.02216169 
397 493 50 60 0.022156907 
792 638 43 53 0.02193449 
725 408 21 26 0.021872351 
947 351 35 44 0.021868188 
104 612 28 34 0.0218471 
758 624 66 78 0.021816012 
722 450 320 303 0.02180716 
127 332 18 23 0.021806134 
155 610 26 32 0.021742057 
665 464 23 29 0.021505067 
80 409 20 23 0.021502627 
868 306 20 26 0.021452215 
285 489 22 26 0.021342339 
829 513 45 55 0.021259835 
745 561 23 28 0.021193806 
806 557 91 87 0.021168344 
748 580 129 115 0.021165993 
85 360 19 24 0.021115689 
147 400 35 45 0.021066952 
55 480 38 49 0.02103607 
895 537 29 34 0.020978523 
842 404 31 39 0.020929815 
202 541 57 72 0.020877741 
874 461 20 25 0.020858243 
692 485 21 28 0.02085385 
838 509 26 32 0.020845693 
144 377 31 40 0.020807015 
133 435 20 25 0.020725617 
871 431 21 27 0.020710647 
288 516 22 26 0.0206995 
-205 322 675 723 0.020616468 
914 579 38 43 0.02058565 
160 485 23 30 0.02042614 
923 298 72 82 0.020344714 
972 285 20 26 0.02034464 
387 534 21 28 0.020188147 
707 514 31 41 0.020177247 
106 412 18 22 0.02014784 
117 505 369 368 0.020027127 
