2_Demonstration_Demonstration_Or_Protest_2_665
136
475 452 219 285 0.99977773 
787 564 77 105 0.9884007 
383 501 189 232 0.70479345 
362 547 127 168 0.6872704 
826 498 66 107 0.6528883 
627 1171 50 63 0.21232451 
320 563 52 62 0.16173293 
962 812 53 102 0.13608631 
670 1090 35 44 0.11401195 
916 535 77 96 0.10763673 
878 518 67 99 0.08561684 
950 523 48 76 0.0771088 
589 502 114 151 0.07217467 
6 859 190 226 0.070311114 
656 1090 32 41 0.068646885 
689 1071 31 39 0.0675965 
514 1219 38 42 0.06706971 
189 392 30 40 0.06669965 
490 1214 49 52 0.06535169 
780 507 45 61 0.055661336 
897 944 88 117 0.053976394 
968 500 45 77 0.053200033 
181 64 82 111 0.05289723 
23 995 199 222 0.051456876 
490 1247 37 43 0.051065926 
788 517 28 36 0.05031623 
461 521 113 144 0.049323354 
787 470 85 119 0.04758342 
687 557 66 90 0.046348833 
628 1201 51 61 0.04397266 
557 1101 31 39 0.04318761 
720 1221 36 41 0.042700946 
652 1070 63 78 0.040824946 
711 597 39 51 0.03988516 
833 534 77 110 0.039693624 
292 494 31 36 0.038604666 
511 1157 28 35 0.03757972 
380 582 85 97 0.036496095 
994 509 27 44 0.036407277 
409 474 58 66 0.036275458 
506 440 65 82 0.035966434 
494 1203 32 39 0.035862833 
651 1073 29 36 0.0353796 
679 1217 34 41 0.035161052 
361 519 102 119 0.034596793 
941 846 81 149 0.034177117 
539 1217 37 45 0.03325983 
768 524 81 112 0.033110622 
680 1192 37 47 0.032284547 
519 1136 27 33 0.03227142 
177 392 52 75 0.03199075 
535 626 116 124 0.031938232 
161 455 49 75 0.03141191 
526 1189 68 83 0.031210834 
487 1069 31 38 0.030819887 
326 569 85 104 0.030727262 
708 1114 49 61 0.030414497 
424 488 34 40 0.030341195 
719 1095 29 38 0.029488549 
658 1034 25 32 0.029450977 
554 1120 31 38 0.02906807 
714 1196 34 42 0.029041624 
542 1200 37 44 0.028700935 
160 84 53 70 0.028537426 
498 1160 29 38 0.028263634 
366 485 82 94 0.028006349 
281 491 184 220 0.02771132 
42 363 174 232 0.027419541 
861 510 48 73 0.02741318 
501 426 102 140 0.027363237 
74 951 119 126 0.026863074 
575 1100 30 37 0.02668334 
557 1181 74 93 0.026529169 
193 92 37 51 0.026505081 
409 471 88 112 0.02645329 
738 1107 25 32 0.02638183 
615 1076 26 33 0.026300298 
52 501 177 196 0.026284393 
118 33 167 171 0.026244331 
619 1217 38 47 0.026162969 
711 548 36 46 0.025935454 
727 565 67 90 0.02585286 
684 1070 64 81 0.025837524 
60 1058 121 120 0.025801674 
641 1116 50 61 0.025782414 
622 1160 39 48 0.025758523 
168 121 31 40 0.025705626 
779 537 33 46 0.025662392 
389 484 30 35 0.025547933 
716 524 69 94 0.025473895 
487 366 27 34 0.025146933 
166 94 30 39 0.02503766 
477 1055 52 62 0.025037577 
983 840 38 84 0.02481978 
614 1091 28 36 0.02477227 
751 474 174 221 0.024581272 
790 345 75 100 0.02453655 
184 477 29 41 0.02426706 
667 1173 71 83 0.023740014 
158 626 102 134 0.02344352 
941 981 83 119 0.023028376 
318 508 31 39 0.022983892 
32 1092 158 161 0.022803325 
947 427 52 76 0.022784246 
676 1030 25 34 0.022713725 
734 1199 34 40 0.022535529 
619 1031 24 30 0.022465263 
278 483 66 83 0.022389488 
258 419 25 31 0.022340534 
872 1014 142 213 0.022322372 
172 431 54 81 0.022265758 
275 557 100 121 0.022264259 
956 458 49 80 0.022259152 
303 481 46 56 0.022213692 
113 390 111 154 0.022157496 
363 1076 27 34 0.022145519 
781 483 26 33 0.022093171 
660 994 27 33 0.02165037 
701 -102 421 491 0.021398233 
974 800 40 67 0.02138396 
994 828 31 57 0.02133715 
957 62 48 64 0.021327322 
675 1249 36 44 0.021294704 
420 504 37 46 0.021106238 
636 1230 51 62 0.021070788 
218 45 81 124 0.021058386 
996 860 27 51 0.020744717 
701 1201 68 71 0.020718575 
360 486 25 31 0.02064064 
711 1162 33 42 0.020596389 
520 449 37 45 0.02051552 
962 970 57 82 0.020461012 
316 492 28 33 0.020258807 
882 547 94 116 0.020239482 
937 512 39 55 0.020183332 
885 1121 115 139 0.02004648 
