2_Demonstration_Political_Rally_2_807
71
501 80 349 483 0.10020398 
229 99 17 21 0.05827228 
3 567 22 27 0.05012026 
355 40 30 37 0.042318523 
-2 1 22 26 0.041935015 
487 74 25 31 0.041347265 
845 655 27 31 0.04121449 
415 77 24 30 0.035771955 
346 20 47 48 0.035143618 
512 45 24 31 0.034541428 
892 640 21 24 0.032453053 
231 85 19 22 0.032168977 
257 81 18 22 0.03203298 
505 72 22 29 0.030910315 
227 184 21 26 0.030338302 
378 425 25 35 0.030273817 
288 45 23 28 0.030271169 
288 356 20 27 0.030205267 
302 44 24 29 0.02993124 
237 46 22 25 0.029171946 
863 613 21 25 0.028344054 
256 98 17 21 0.027581802 
927 637 22 23 0.027294049 
584 21 40 43 0.02633877 
311 78 22 26 0.0250565 
572 430 79 89 0.024727153 
716 644 23 27 0.024700368 
-68 533 356 350 0.024641894 
341 481 21 26 0.02460147 
410 45 26 33 0.024580916 
870 645 22 24 0.024577469 
851 644 22 25 0.024491936 
536 29 28 33 0.024352716 
474 41 39 44 0.02431772 
77 229 19 22 0.023726014 
73 569 20 24 0.023674313 
868 654 27 31 0.023569744 
472 83 39 48 0.023544714 
618 427 67 92 0.023490926 
414 101 23 30 0.02348101 
282 33 39 45 0.023339344 
667 393 514 570 0.02333198 
354 481 20 27 0.023317246 
177 178 19 25 0.02312908 
241 342 571 594 0.02297344 
331 78 21 26 0.02293817 
165 178 18 23 0.02286314 
560 299 39 50 0.022737103 
134 329 17 21 0.022717439 
386 174 22 30 0.022683898 
200 586 18 22 0.022597753 
191 585 18 21 0.022586484 
285 76 19 24 0.022448974 
26 69 22 30 0.022364207 
611 22 428 588 0.022352785 
468 276 43 53 0.02210642 
468 386 20 26 0.022012496 
821 637 20 21 0.021995127 
110 279 19 24 0.02174952 
233 327 20 26 0.021585794 
129 365 17 22 0.02139395 
26 54 23 29 0.02138284 
371 187 395 467 0.021267269 
252 49 21 25 0.021235714 
224 194 20 26 0.021074312 
657 21 42 40 0.021001644 
-220 301 707 750 0.020985762 
406 87 71 81 0.020761538 
126 213 18 22 0.020592123 
286 28 26 28 0.020534186 
235 124 18 23 0.02049759 
