2_Demonstration_Demonstration_Or_Protest_2_54
269
857 129 42 55 0.97949505 
252 150 29 38 0.90493715 
568 150 22 29 0.876413 
319 202 42 50 0.8180434 
447 137 34 43 0.80723286 
613 122 23 29 0.7398272 
726 164 34 41 0.65974534 
774 131 35 44 0.5318259 
179 169 24 31 0.5002444 
606 317 69 73 0.49138623 
104 159 26 33 0.45970657 
669 134 22 28 0.45223618 
522 144 24 30 0.42821842 
313 142 26 32 0.3929885 
109 92 22 28 0.38414702 
192 56 21 25 0.35906756 
979 224 30 45 0.33934432 
672 146 24 30 0.33675498 
329 78 19 24 0.30710337 
586 197 27 33 0.29930663 
134 227 37 44 0.2871033 
238 155 26 33 0.2866538 
128 150 25 30 0.24601585 
619 103 21 27 0.2213455 
812 186 39 46 0.20511635 
385 167 35 46 0.1974313 
164 107 21 26 0.19506764 
685 155 24 32 0.18971251 
388 155 24 30 0.16747709 
513 138 21 28 0.16493642 
723 155 28 35 0.15591015 
367 78 19 23 0.14666422 
229 221 35 45 0.13716006 
292 101 21 26 0.13014369 
331 99 21 28 0.12892206 
643 153 21 29 0.12689017 
356 173 24 31 0.12605025 
992 505 23 35 0.12367232 
201 231 26 35 0.1234286 
693 169 25 32 0.11798005 
209 129 21 27 0.108315624 
273 275 29 36 0.10257114 
637 131 20 26 0.095713645 
364 98 21 26 0.09449486 
881 233 67 84 0.09065989 
796 71 26 32 0.087647386 
231 127 21 27 0.0876138 
589 97 20 27 0.084547915 
303 102 20 26 0.08246275 
992 177 22 30 0.08152866 
609 156 23 29 0.0808881 
486 58 18 21 0.07904826 
644 175 22 29 0.078951225 
442 83 19 24 0.078159 
163 123 22 28 0.07766637 
592 183 24 31 0.07586924 
172 104 20 25 0.074121386 
173 131 20 26 0.07387985 
600 126 20 26 0.07137963 
315 78 19 24 0.0711297 
717 130 22 29 0.07072542 
122 99 20 25 0.070505485 
568 136 20 26 0.067003295 
612 170 23 28 0.06636619 
128 134 22 27 0.06444724 
639 97 19 24 0.0642675 
122 172 24 30 0.06343581 
490 72 18 23 0.06338521 
229 205 27 35 0.06146175 
382 194 26 35 0.061459098 
24 267 22 31 0.06131172 
267 163 34 44 0.061298516 
362 156 24 29 0.060997874 
269 153 27 34 0.060952384 
586 346 29 36 0.060743935 
397 180 40 53 0.059788387 
331 1 22 24 0.05806254 
204 241 30 40 0.056017682 
692 132 21 27 0.055768125 
328 124 22 28 0.05546859 
664 110 18 23 0.054852165 
583 323 48 57 0.054801993 
936 148 31 41 0.053879946 
594 84 19 24 0.053795833 
260 134 23 30 0.053030077 
310 45 19 25 0.052538883 
326 149 23 29 0.050641708 
367 57 18 23 0.0484833 
157 147 32 40 0.048209712 
203 150 21 27 0.04799138 
440 29 17 21 0.046890203 
712 205 25 31 0.046872202 
17 249 36 50 0.046430454 
565 50 19 23 0.046079196 
640 335 47 56 0.04546171 
382 74 19 24 0.045342155 
-3 401 35 60 0.04491331 
642 86 18 22 0.04408208 
323 182 40 51 0.043531455 
343 199 36 46 0.04345122 
385 114 33 41 0.042783044 
534 134 20 26 0.042702224 
617 86 19 24 0.04254007 
801 64 37 43 0.042461645 
745 99 21 28 0.04215512 
540 81 20 25 0.04201371 
303 176 39 51 0.041548125 
563 1 19 22 0.0408414 
4 127 22 32 0.04070579 
979 97 25 35 0.040678132 
233 108 18 22 0.039694976 
386 57 19 24 0.039616518 
363 123 23 29 0.03957833 
188 68 20 27 0.039566554 
972 533 26 37 0.0389226 
539 30 18 22 0.03874426 
203 74 18 23 0.038672358 
309 34 20 23 0.03857641 
231 80 18 23 0.03851361 
99 17 25 33 0.038477674 
590 152 21 26 0.03841905 
533 99 19 25 0.037935883 
885 202 46 57 0.037884828 
111 140 46 57 0.03759351 
562 75 17 22 0.037229385 
72 360 25 32 0.036992874 
930 129 23 29 0.03697801 
519 24 17 20 0.036684576 
495 132 21 28 0.036578074 
126 204 28 36 0.036557652 
486 104 19 25 0.036260642 
388 102 21 26 0.036210503 
973 26 23 31 0.035366755 
571 103 18 24 0.035035204 
748 79 21 28 0.03487466 
392 24 18 22 0.034215312 
637 341 68 85 0.033522267 
407 106 22 29 0.033329282 
528 164 34 43 0.033074707 
522 99 20 25 0.03302894 
533 192 35 43 0.0325562 
101 199 24 31 0.03249367 
554 326 60 72 0.03247667 
10 208 41 54 0.032412905 
877 125 37 50 0.03240817 
3 180 24 32 0.03203264 
199 176 23 30 0.03197502 
275 187 36 47 0.0316318 
975 112 31 44 0.03157918 
55 278 22 29 0.031461563 
463 81 18 23 0.031440053 
928 150 24 32 0.031020703 
313 0 20 23 0.031017851 
102 127 23 28 0.030892937 
575 189 46 54 0.030859394 
565 202 33 39 0.030404862 
700 202 24 30 0.030211624 
664 80 17 20 0.03013792 
-70 536 360 352 0.02998599 
976 75 21 31 0.02985717 
990 103 25 37 0.0296405 
357 0 19 23 0.02954447 
-235 328 717 738 0.029347418 
4 144 21 29 0.029179305 
613 5 21 24 0.028735014 
882 153 42 54 0.02854284 
125 85 19 24 0.028532201 
200 219 49 59 0.028396826 
396 152 36 47 0.02826086 
439 50 17 22 0.02808514 
591 47 19 23 0.027807403 
771 73 23 28 0.0277915 
978 487 21 30 0.027734749 
84 198 22 28 0.027654128 
518 80 20 26 0.027643507 
545 0 19 23 0.027606567 
698 106 18 23 0.027589483 
209 102 18 23 0.027561754 
588 220 26 32 0.027393082 
222 264 38 50 0.02723048 
85 128 21 27 0.027206717 
486 3 19 22 0.027129795 
715 284 37 50 0.027125621 
844 70 22 28 0.027034236 
404 121 25 32 0.026980782 
-1 1 25 35 0.02693604 
252 261 49 58 0.026921548 
489 26 16 19 0.026825048 
331 54 18 23 0.02669212 
51 252 24 34 0.02663135 
676 145 43 54 0.026564168 
512 5 19 22 0.026459659 
467 51 17 22 0.026287833 
10 334 19 27 0.026112376 
563 29 19 22 0.026052654 
104 48 22 26 0.025892954 
291 82 18 23 0.025882978 
661 349 27 35 0.025866512 
943 81 21 26 0.025759183 
566 349 26 33 0.025470791 
970 488 45 75 0.02541404 
899 106 22 27 0.025251573 
466 101 23 28 0.025220258 
486 169 27 35 0.025219573 
178 0 23 26 0.025112422 
209 26 20 24 0.02504156 
4 263 32 46 0.024959024 
617 49 18 21 0.024853928 
971 201 30 46 0.024767136 
510 135 43 55 0.02464488 
975 148 23 31 0.02455733 
720 106 19 25 0.024522813 
946 528 23 29 0.024499968 
747 535 349 359 0.024475964 
714 219 24 30 0.024461871 
791 84 36 45 0.024442106 
218 193 52 64 0.024386022 
281 128 22 27 0.02435809 
49 309 20 26 0.024231242 
3 200 29 40 0.0241099 
948 97 22 28 0.024016574 
691 220 31 40 0.02400128 
557 267 35 47 0.023729904 
512 190 37 45 0.023634836 
205 202 24 31 0.023492906 
232 303 24 34 0.02342844 
914 250 37 42 0.023163777 
924 100 20 26 0.023052651 
593 2 22 25 0.023018133 
567 168 23 29 0.022854894 
156 -2 22 24 0.022815585 
353 220 26 33 0.022725666 
552 138 45 57 0.022694023 
36 376 22 29 0.02257695 
768 102 24 30 0.022574855 
463 28 17 21 0.02254657 
19 179 24 31 0.02253953 
610 24 20 24 0.022191498 
180 26 21 25 0.022146303 
407 28 17 20 0.02212821 
968 551 24 34 0.022123603 
927 82 22 25 0.022103103 
940 161 33 44 0.021976283 
466 318 60 86 0.021955585 
374 177 45 62 0.021922834 
27 329 19 25 0.021821644 
597 25 20 22 0.021801278 
665 386 42 58 0.021687359 
279 2 18 23 0.021570306 
448 311 51 68 0.021566102 
12 409 38 57 0.02146782 
246 223 26 35 0.021326587 
559 215 34 42 0.021301841 
227 23 22 25 0.021205658 
793 190 40 48 0.021117665 
556 243 36 47 0.021086646 
556 312 697 731 0.02107066 
51 226 26 35 0.021039791 
163 157 46 56 0.020912657 
919 161 33 46 0.020837685 
837 144 53 69 0.020816168 
53 328 21 26 0.02073113 
677 279 54 72 0.020364922 
21 125 22 30 0.02032944 
602 345 55 67 0.0203028 
409 54 17 21 0.020253334 
74 392 27 38 0.020239187 
243 245 38 49 0.02007093 
468 3 19 22 0.020058937 
