2_Demonstration_Political_Rally_2_187
57
377 5 390 609 0.9997211 
65 873 38 49 0.4996242 
672 664 53 67 0.35952812 
232 1237 95 109 0.1903212 
646 1180 37 46 0.19007885 
220 1380 70 97 0.14785214 
67 1085 35 44 0.09311546 
266 1268 96 111 0.06998758 
228 1292 44 56 0.06306286 
583 1225 35 44 0.05654565 
813 155 509 604 0.055843253 
233 1260 48 59 0.05576068 
738 1224 43 52 0.053427946 
256 1253 56 64 0.047380492 
318 1274 90 115 0.04565916 
803 -116 519 605 0.043602385 
783 1101 540 559 0.042957235 
300 1306 47 55 0.041467104 
630 1185 33 42 0.04084439 
810 462 517 593 0.03986208 
459 1216 44 53 0.03953962 
392 1235 32 41 0.032274242 
516 822 1039 1086 0.031610444 
355 1386 35 47 0.03132567 
420 1221 39 48 0.029139616 
53 857 34 46 0.028718993 
188 1393 78 98 0.02767577 
236 1388 97 125 0.027588785 
581 1207 32 41 0.027558882 
806 803 515 575 0.02707267 
274 1369 103 127 0.026989019 
256 1406 46 64 0.026916824 
146 1408 62 85 0.02612204 
613 740 37 44 0.02578196 
47 855 64 83 0.025329534 
368 1296 61 86 0.02479567 
432 1205 36 44 0.024719777 
339 1368 59 74 0.024716543 
745 1203 35 42 0.02437354 
938 45 79 86 0.024117747 
444 78 151 175 0.023789337 
761 1225 40 50 0.02330157 
307 1382 38 49 0.022811882 
257 1312 79 90 0.022202926 
212 1207 174 167 0.02214795 
336 1255 62 79 0.022142887 
355 1263 32 42 0.022098674 
540 1236 32 42 0.021405771 
50 696 26 37 0.021269396 
498 1227 40 48 0.02113698 
580 715 79 94 0.021091303 
387 1268 32 42 0.021040067 
353 1235 32 38 0.02077627 
625 1163 72 86 0.02075374 
-4 1499 33 46 0.020631334 
769 1266 41 51 0.020564789 
617 1233 31 39 0.020176478 
