2_Demonstration_Political_Rally_2_410
270
254 499 64 84 0.99968076 
639 449 84 100 0.99808705 
3 526 59 72 0.9964407 
729 470 49 63 0.9782963 
854 419 40 51 0.96896666 
177 486 54 64 0.9653197 
464 452 37 46 0.9204736 
355 433 34 39 0.8341045 
497 489 41 51 0.7683365 
558 518 44 61 0.6481914 
17 399 42 50 0.5214506 
931 446 32 41 0.30210745 
93 494 38 53 0.19232106 
209 403 23 28 0.17507946 
108 444 35 46 0.16094527 
307 442 22 29 0.1434658 
593 420 42 56 0.14150856 
462 152 19 23 0.12472045 
494 333 22 28 0.119029835 
949 430 27 33 0.11682843 
151 406 20 24 0.11375417 
542 389 21 27 0.104568094 
766 327 25 33 0.104377344 
404 483 29 36 0.10116148 
306 388 18 23 0.10054729 
823 130 25 29 0.097926825 
354 290 18 24 0.09214744 
411 460 27 35 0.08872352 
132 352 25 31 0.08838439 
992 427 21 29 0.08681222 
747 453 47 61 0.08278231 
461 409 25 30 0.07991323 
258 431 26 29 0.07983629 
2 403 33 41 0.075620495 
282 429 26 28 0.07302115 
311 449 28 34 0.071819685 
375 436 25 31 0.070837915 
342 288 19 23 0.07018914 
543 435 23 30 0.06943852 
664 133 21 26 0.067968845 
122 504 37 51 0.06717926 
494 351 20 26 0.06696474 
922 434 27 33 0.06618424 
282 414 20 24 0.06612319 
592 451 31 40 0.06348288 
42 408 26 33 0.063463144 
515 150 20 24 0.06270487 
400 494 35 44 0.061899297 
505 351 21 25 0.06160233 
468 390 20 24 0.060661744 
473 468 52 63 0.057774533 
320 151 17 22 0.05743682 
522 494 54 72 0.056715365 
156 252 20 26 0.05631206 
333 307 18 23 0.055806577 
919 329 25 32 0.055756476 
604 324 26 33 0.055637024 
368 356 21 27 0.055241823 
893 297 24 31 0.055032134 
974 428 21 30 0.054250013 
262 412 20 24 0.053750098 
357 412 26 30 0.053099796 
714 351 26 35 0.05267339 
143 524 33 42 0.05250165 
959 631 42 47 0.051231425 
668 145 22 28 0.051125627 
233 432 22 28 0.05109484 
617 135 22 26 0.050309017 
111 435 24 29 0.05020594 
701 97 19 22 0.05005661 
592 383 25 30 0.050006986 
317 311 19 23 0.04969827 
860 361 39 55 0.04956399 
438 404 21 26 0.049334124 
367 337 19 24 0.04837037 
712 302 22 28 0.04784704 
358 298 18 23 0.04716997 
977 219 25 35 0.047094405 
194 457 46 59 0.045444097 
617 146 21 27 0.04498975 
369 151 16 20 0.044330373 
487 411 24 30 0.04417946 
767 310 24 32 0.04413924 
336 364 19 25 0.044053014 
794 441 36 48 0.043635108 
331 409 22 27 0.043498408 
207 391 20 25 0.043136988 
594 403 26 33 0.0429573 
319 135 17 21 0.042804986 
978 410 21 30 0.042686075 
514 137 19 23 0.042663697 
838 129 23 27 0.042303856 
391 301 18 23 0.042227294 
610 362 26 33 0.04177386 
430 203 24 28 0.041753784 
378 358 20 24 0.041376226 
978 152 21 33 0.04038179 
436 392 19 25 0.040341485 
383 337 19 23 0.039898314 
417 434 21 26 0.03984523 
996 359 16 23 0.03968889 
20 382 31 39 0.039580166 
698 449 61 77 0.03931139 
893 127 27 32 0.039174452 
973 450 30 41 0.038939286 
392 290 19 24 0.038414225 
328 151 16 20 0.03810446 
337 381 19 24 0.037968084 
368 133 17 20 0.0378132 
153 392 20 25 0.037587214 
926 377 24 32 0.0375198 
727 151 19 24 0.037324023 
487 501 32 42 0.03726669 
184 414 22 26 0.036870897 
410 547 36 44 0.036263444 
462 304 19 23 0.036247462 
181 425 25 31 0.036149524 
377 455 27 35 0.035972454 
485 387 19 24 0.035830144 
326 454 30 37 0.035789177 
208 432 24 29 0.03572516 
560 426 23 31 0.03568165 
3 1 25 30 0.03535573 
991 459 22 30 0.034822233 
-1 420 28 37 0.034501802 
459 432 30 36 0.034463298 
509 411 21 28 0.034198344 
606 312 26 31 0.034171 
462 334 18 22 0.03410957 
148 499 51 62 0.034015536 
504 339 21 26 0.03388136 
590 378 40 50 0.03383897 
713 107 17 22 0.03360416 
314 330 18 24 0.033461843 
227 410 19 24 0.03319511 
332 328 19 22 0.033007324 
725 127 19 23 0.03288529 
894 502 41 54 0.03271314 
238 335 18 23 0.03264576 
535 445 37 51 0.03262663 
317 407 19 23 0.03262327 
497 342 31 42 0.032544293 
182 381 21 25 0.032533854 
566 133 18 24 0.032520253 
411 149 18 22 0.032391563 
98 389 21 27 0.032027602 
308 289 17 21 0.03199837 
971 612 30 38 0.03193991 
255 338 18 22 0.031281862 
592 357 25 31 0.031244919 
562 382 19 25 0.031082552 
78 257 22 28 0.030931683 
470 361 16 22 0.030675545 
328 135 17 21 0.0303431 
442 330 18 23 0.030252168 
810 449 29 38 0.030001821 
204 285 20 24 0.029852858 
905 75 22 27 0.029833969 
886 471 37 49 0.029699188 
177 336 18 22 0.029606547 
477 432 38 48 0.029472817 
408 332 19 23 0.029454943 
177 203 20 26 0.0292299 
286 303 18 23 0.029096588 
41 445 40 53 0.029039776 
388 409 20 25 0.02894022 
340 435 26 32 0.028863927 
429 453 36 46 0.02877756 
324 469 37 48 0.028623357 
210 305 20 24 0.028315386 
358 185 18 22 0.028253179 
311 361 18 22 0.028156586 
563 415 22 28 0.028139696 
938 473 37 48 0.027627777 
-64 513 358 365 0.027593194 
415 392 18 22 0.027308382 
579 511 34 43 0.027244732 
581 467 43 58 0.027208455 
994 305 18 27 0.027104696 
947 640 31 38 0.027017461 
50 382 23 31 0.026810015 
993 416 19 27 0.026667688 
736 153 20 24 0.026627863 
293 390 17 20 0.026553692 
354 203 19 24 0.026436562 
753 101 19 23 0.026339255 
745 329 22 29 0.026337322 
542 407 23 30 0.026110109 
564 486 26 34 0.025928572 
835 469 38 49 0.025910331 
651 414 518 559 0.025905648 
411 408 18 23 0.025831109 
745 285 23 29 0.025785249 
461 289 19 23 0.025457872 
20 359 24 30 0.025448836 
463 383 32 42 0.025409268 
935 426 43 55 0.025377998 
687 197 21 27 0.025231674 
959 540 38 58 0.025034387 
487 313 21 26 0.025003599 
687 148 20 26 0.025000494 
406 308 18 24 0.024996083 
84 390 20 27 0.024991458 
149 357 19 25 0.02497409 
716 331 24 31 0.024944197 
525 480 41 54 0.024856064 
700 304 22 28 0.024850981 
287 338 17 21 0.024842318 
529 417 51 65 0.024652887 
489 500 59 69 0.024567189 
747 304 22 28 0.024536027 
845 109 20 24 0.024500964 
56 360 22 29 0.02429096 
704 333 54 73 0.024060013 
594 312 25 30 0.023911243 
725 180 19 23 0.023898168 
464 136 19 22 0.023896012 
956 283 22 29 0.023895 
287 290 18 22 0.023660313 
1 385 29 37 0.023645882 
720 343 64 82 0.02361302 
558 482 41 57 0.023603437 
925 413 23 30 0.023560014 
412 360 17 20 0.023409478 
33 413 39 48 0.023293322 
960 475 35 48 0.02323858 
105 407 21 26 0.023186637 
942 493 39 55 0.023152947 
410 107 17 21 0.023151346 
739 183 21 23 0.023110418 
278 152 19 22 0.023034312 
894 454 28 37 0.022971686 
76 402 21 26 0.02278114 
979 389 18 27 0.022656096 
358 107 18 22 0.022608716 
816 229 21 25 0.022392914 
440 288 20 23 0.022317227 
180 365 19 24 0.022305138 
153 337 20 26 0.022222139 
4 221 22 32 0.02217933 
842 148 24 29 0.022105299 
129 411 19 24 0.022047574 
262 305 17 21 0.02202818 
19 445 42 54 0.021991111 
877 304 24 31 0.021803696 
161 237 18 24 0.021793224 
742 130 19 24 0.021710835 
250 441 38 48 0.021611616 
740 323 38 54 0.021383775 
589 392 73 94 0.021309517 
266 416 49 58 0.021280585 
714 290 21 27 0.021153884 
871 325 25 35 0.020878002 
276 409 33 43 0.02080685 
646 131 19 25 0.020798573 
918 312 22 28 0.020761494 
562 447 38 51 0.02072635 
768 286 22 29 0.02070487 
385 152 17 20 0.020594912 
336 258 17 21 0.020581037 
133 337 24 31 0.020484751 
689 187 20 25 0.02047868 
944 378 21 28 0.020422103 
980 416 42 58 0.020420548 
-206 319 684 724 0.020312663 
257 287 18 23 0.02028722 
567 459 23 31 0.020219913 
667 107 18 21 0.020204356 
736 192 62 81 0.020201508 
921 469 40 51 0.020075543 
