2_Demonstration_Demonstrators_2_517
163
139 290 77 95 0.999356 
777 293 81 98 0.9981027 
463 362 63 72 0.99768984 
166 122 47 57 0.99097556 
703 125 51 67 0.9845387 
503 113 38 46 0.9736259 
259 123 42 56 0.7474037 
798 108 36 44 0.70778424 
919 117 27 34 0.6325008 
886 92 31 39 0.49917996 
105 93 29 37 0.48498905 
652 145 35 46 0.39147234 
983 79 23 33 0.20251915 
428 71 21 25 0.18626946 
789 80 25 30 0.177314 
617 364 44 53 0.16676822 
235 29 28 34 0.1648577 
585 119 24 31 0.15136546 
709 101 46 60 0.12576364 
690 70 23 30 0.12080583 
616 58 20 27 0.11847296 
564 84 21 27 0.117443405 
3 223 33 52 0.112531886 
950 54 22 27 0.110592484 
726 49 22 26 0.09859867 
119 94 27 35 0.09518283 
564 94 24 32 0.09229652 
738 55 19 25 0.0868781 
472 102 23 29 0.086144365 
221 97 26 35 0.085243955 
892 81 27 33 0.08381112 
776 83 22 28 0.08289633 
768 46 20 25 0.082538165 
2 289 83 97 0.081466675 
265 91 42 60 0.077496156 
637 2 22 25 0.06053456 
992 91 21 31 0.059620094 
948 99 23 32 0.05610359 
237 78 24 30 0.05320384 
275 72 29 37 0.05318821 
597 58 20 25 0.052463327 
462 121 24 33 0.05124644 
863 148 37 46 0.05098459 
970 51 22 28 0.050688356 
723 76 24 30 0.048443053 
306 96 27 38 0.047834355 
292 117 39 53 0.047486052 
899 18 23 26 0.047065973 
105 81 25 32 0.0469034 
476 97 34 44 0.046837438 
254 75 25 33 0.04653403 
737 77 22 29 0.04635649 
431 404 72 91 0.04598235 
81 51 24 30 0.045931716 
598 71 21 27 0.045370236 
844 135 38 49 0.045267846 
943 111 33 47 0.0434265 
771 33 20 23 0.043194436 
684 94 30 38 0.039128944 
305 78 24 33 0.038815517 
382 30 22 28 0.03880542 
622 2 22 24 0.03817428 
949 72 22 29 0.03808663 
925 55 21 27 0.037873376 
690 58 21 26 0.037724473 
884 142 37 45 0.037206035 
770 89 33 42 0.03676607 
249 41 26 33 0.036591742 
539 72 21 27 0.036147285 
968 104 34 54 0.03609033 
278 49 26 33 0.03591291 
892 110 37 44 0.035656214 
415 2 19 25 0.03523192 
461 26 18 22 0.035048604 
515 76 22 28 0.035025597 
766 129 27 33 0.0347721 
540 61 19 24 0.03471081 
523 383 51 64 0.034455627 
852 49 21 26 0.034260955 
489 83 21 26 0.034132153 
847 125 26 35 0.033825655 
898 4 24 27 0.03370116 
-1 244 68 101 0.033489138 
850 103 23 31 0.03332988 
824 51 19 24 0.032169215 
335 172 58 82 0.031357024 
722 29 21 25 0.03129436 
870 81 26 33 0.031293884 
542 23 20 24 0.03116736 
673 97 26 32 0.030810066 
638 48 20 25 0.030615903 
925 74 21 26 0.03054836 
906 94 47 59 0.030453496 
765 159 40 53 0.03005649 
763 41 31 42 0.029506199 
793 57 20 24 0.029365966 
663 129 28 36 0.029068233 
-2 93 25 40 0.029060759 
519 59 19 24 0.028928556 
416 57 21 25 0.028875532 
918 135 36 47 0.028755346 
443 121 24 31 0.02861132 
966 67 41 59 0.028578471 
564 114 33 43 0.028457753 
711 154 39 50 0.028202435 
759 140 38 52 0.027927842 
463 53 18 23 0.027874345 
732 98 30 40 0.02715099 
-225 301 710 749 0.026420109 
354 384 47 63 0.026310235 
437 59 19 24 0.026195895 
823 26 20 25 0.026155459 
696 6 21 24 0.025929293 
384 43 24 31 0.025927363 
638 125 36 47 0.025713753 
10 344 85 87 0.025599016 
562 26 19 22 0.025537746 
900 48 22 27 0.025480747 
564 57 18 21 0.025279816 
413 21 19 23 0.02520475 
-71 528 361 355 0.025067173 
691 22 21 24 0.024843205 
669 74 31 42 0.024743523 
468 79 20 26 0.024734428 
870 27 22 26 0.024706244 
245 65 51 70 0.024606287 
219 114 39 50 0.024393953 
481 25 17 21 0.02396871 
14 136 41 62 0.023723567 
972 358 22 27 0.023669804 
590 27 20 23 0.02365328 
644 74 21 27 0.02310834 
722 333 49 60 0.023012133 
638 99 25 31 0.022785189 
439 101 22 28 0.022769202 
444 31 18 21 0.022743572 
680 65 47 61 0.02273339 
360 47 25 33 0.022591686 
405 124 25 32 0.022389084 
941 133 38 53 0.02219591 
878 76 48 62 0.022168314 
80 60 36 46 0.022112109 
124 0 22 26 0.022098944 
761 260 61 81 0.022089982 
-8 200 64 92 0.022031534 
767 519 327 366 0.02200722 
2 327 28 40 0.02198944 
894 306 31 39 0.021980777 
255 0 24 25 0.021870105 
867 45 23 29 0.021863189 
538 5 22 25 0.021862406 
503 398 74 87 0.021763263 
922 48 34 44 0.021661628 
229 17 48 55 0.021295793 
152 81 22 28 0.021050505 
796 5 21 24 0.020992547 
354 0 21 24 0.020748155 
870 109 38 47 0.020724388 
279 1 23 25 0.020479864 
670 31 20 24 0.020446086 
482 8 19 23 0.020232195 
920 21 23 26 0.020199126 
127 121 29 38 0.02014305 
