2_Demonstration_Political_Rally_2_107
236
166 588 59 78 0.9729452 
228 492 26 33 0.80071926 
641 482 84 96 0.4052482 
241 565 39 49 0.4037992 
532 562 46 62 0.20224269 
967 591 24 34 0.19995 
286 494 21 26 0.19257614 
283 504 21 27 0.15451328 
769 432 21 27 0.1539266 
314 623 54 57 0.14473669 
864 507 21 27 0.13963263 
388 488 22 28 0.13872285 
849 489 25 31 0.1271164 
142 509 38 49 0.115570135 
-1 470 73 84 0.11212549 
891 595 31 41 0.10826241 
135 512 27 34 0.102213696 
921 631 41 45 0.101907715 
866 492 21 26 0.100030474 
176 516 26 34 0.09890153 
804 607 59 64 0.09141095 
256 485 21 28 0.089527726 
955 592 25 33 0.08836129 
453 298 25 31 0.08732872 
729 548 48 53 0.08210939 
615 526 133 116 0.08107295 
384 588 30 39 0.07728203 
294 613 56 57 0.069938295 
897 513 20 24 0.06663387 
895 487 18 22 0.06380066 
157 507 58 68 0.063090414 
742 542 29 34 0.061566096 
714 515 23 32 0.06005513 
921 516 19 22 0.058850344 
456 284 28 35 0.057403907 
413 530 26 35 0.05663962 
301 487 19 24 0.05345508 
5 455 54 57 0.053285345 
361 529 26 32 0.05160895 
648 591 108 93 0.051175665 
525 530 104 121 0.050795875 
700 503 40 55 0.050248086 
684 500 38 50 0.049872473 
931 489 18 21 0.049442545 
848 465 19 25 0.049306512 
588 381 538 548 0.04763031 
552 574 32 47 0.04756675 
259 470 20 24 0.046745885 
322 611 40 47 0.04642522 
899 533 22 27 0.04290717 
383 596 39 53 0.042770296 
3 123 22 31 0.042220496 
385 555 27 35 0.04214459 
178 492 21 27 0.041645516 
946 482 19 24 0.041244183 
921 401 24 31 0.041240882 
719 488 22 29 0.040145766 
870 594 52 66 0.039926995 
896 466 19 24 0.039765608 
971 535 19 23 0.03963906 
276 624 54 57 0.039156005 
792 648 32 39 0.03911209 
345 606 44 60 0.038868982 
284 464 19 23 0.038528584 
125 577 40 51 0.038428556 
210 484 34 43 0.037605803 
924 465 20 25 0.03758563 
895 432 19 25 0.036954734 
919 535 21 26 0.036881533 
542 526 59 79 0.036750015 
818 509 20 27 0.036624167 
388 463 20 24 0.036336053 
692 551 89 86 0.0362895 
502 566 81 101 0.036162075 
834 625 39 45 0.035396975 
927 557 21 25 0.03460633 
750 511 21 25 0.034562882 
514 529 62 81 0.034318306 
904 411 20 25 0.03421068 
823 490 20 26 0.034155145 
920 609 24 31 0.033903874 
209 583 63 81 0.033780504 
441 299 25 31 0.03365732 
381 534 24 31 0.03328821 
19 485 71 97 0.033269245 
823 429 19 24 0.03313958 
947 579 45 59 0.0326818 
533 532 30 38 0.032457557 
912 602 40 49 0.032099344 
819 533 21 26 0.031982753 
806 586 46 57 0.03195267 
876 465 18 22 0.03161811 
656 493 116 123 0.03159391 
413 498 69 81 0.031520512 
336 484 20 26 0.031275366 
815 588 29 34 0.031227166 
259 507 20 26 0.031004079 
749 554 74 84 0.030959062 
403 605 28 36 0.030920831 
575 545 66 90 0.030733027 
795 539 22 27 0.029980361 
115 534 57 76 0.029753493 
971 465 19 26 0.029580576 
746 589 66 80 0.029504849 
353 549 38 50 0.029419972 
201 496 65 76 0.029225238 
789 627 48 53 0.02891459 
156 489 24 30 0.028702887 
410 514 22 29 0.028433738 
880 438 18 22 0.02828552 
434 282 51 63 0.02828541 
94 631 41 47 0.028250253 
841 487 45 57 0.028160425 
189 560 66 83 0.028149854 
429 501 38 51 0.02807445 
774 416 19 25 0.027873814 
320 584 46 56 0.027853034 
203 503 34 43 0.027747754 
699 620 80 85 0.027729673 
926 390 21 28 0.02749881 
205 462 23 29 0.0274464 
886 618 44 53 0.027326774 
678 566 59 63 0.027248163 
868 360 18 22 0.027220106 
408 554 25 34 0.027183125 
767 507 20 24 0.027180487 
601 510 88 98 0.02697645 
660 454 75 92 0.026765617 
812 524 34 42 0.02667128 
173 488 32 45 0.026655871 
771 493 20 24 0.026653422 
406 590 24 32 0.02662166 
948 468 21 26 0.026559466 
827 582 43 57 0.0264318 
434 507 22 28 0.026401741 
181 511 56 69 0.026366523 
389 505 21 28 0.026333068 
795 509 18 22 0.026321469 
328 628 61 74 0.026318002 
845 563 22 26 0.026310343 
357 516 22 28 0.026185585 
435 284 27 32 0.026108557 
739 524 57 64 0.02596594 
645 328 22 27 0.025946302 
923 591 23 29 0.0258868 
337 512 22 27 0.025768762 
792 432 20 25 0.025768626 
517 577 30 42 0.02566782 
926 478 33 42 0.025398161 
234 501 61 74 0.02518434 
856 452 70 86 0.02516446 
105 652 31 38 0.02506604 
759 587 109 113 0.024961308 
351 633 30 42 0.02494633 
839 583 27 35 0.02490235 
666 532 64 69 0.024802033 
430 438 76 91 0.024689406 
766 457 20 25 0.024592202 
430 633 47 46 0.024589919 
325 553 39 50 0.024472566 
948 353 21 26 0.0244468 
794 489 19 24 0.02440191 
790 607 27 32 0.024268046 
471 592 125 138 0.02422087 
294 589 48 57 0.024121957 
743 491 19 23 0.024107667 
599 467 276 257 0.024094466 
742 504 38 48 0.024058703 
54 501 63 85 0.0240298 
904 388 79 84 0.02395424 
798 462 20 26 0.023694864 
873 586 28 35 0.023671556 
820 559 23 27 0.023491604 
734 8 271 304 0.023439692 
948 564 19 25 0.023386398 
766 537 25 30 0.023289312 
956 535 19 24 0.023217337 
915 508 34 40 0.02302397 
853 490 67 82 0.023001628 
408 491 18 24 0.022991853 
281 527 33 44 0.022878468 
718 594 58 69 0.02283564 
312 461 20 25 0.02278371 
297 551 41 50 0.022765651 
336 461 20 24 0.02276218 
754 438 18 24 0.022739522 
116 588 55 73 0.022589915 
920 426 24 29 0.022432415 
842 433 19 24 0.022369923 
664 484 36 46 0.02231001 
269 479 47 60 0.022302432 
768 578 28 35 0.022282362 
597 582 145 151 0.022257147 
-185 291 675 735 0.022242876 
952 336 20 27 0.02215629 
869 562 23 28 0.022064807 
745 625 66 77 0.022029357 
351 556 70 81 0.022002002 
919 647 34 42 0.021966245 
659 501 41 50 0.021900186 
707 482 40 55 0.021788169 
231 466 22 28 0.021729598 
367 632 68 79 0.021709953 
463 520 104 131 0.021659032 
358 462 19 24 0.021658868 
955 513 17 21 0.02165519 
547 304 18 22 0.021571308 
990 587 22 29 0.021464266 
784 604 47 54 0.02142601 
894 652 29 38 0.021372486 
591 558 26 37 0.0213594 
255 539 24 31 0.021262003 
918 550 37 45 0.021240948 
397 534 73 84 0.021210376 
794 559 23 27 0.02112377 
912 466 60 74 0.02108741 
874 528 22 28 0.020877918 
789 591 25 32 0.020775687 
98 485 81 91 0.020746024 
588 277 26 32 0.020743262 
354 583 40 52 0.02068785 
992 566 19 25 0.020687575 
578 262 45 56 0.020619646 
898 556 23 29 0.020548105 
431 534 24 31 0.020498646 
404 624 49 53 0.020477518 
302 589 31 35 0.020456402 
848 529 21 28 0.020435913 
774 385 18 23 0.020428354 
921 355 19 23 0.020384297 
903 357 18 22 0.020351725 
785 423 34 43 0.02027712 
951 526 34 41 0.020182861 
150 581 50 63 0.020089071 
562 534 26 34 0.020031696 
208 99 136 172 0.020019876 
