2_Demonstration_Political_Rally_2_286
52
806 660 88 111 0.9998016 
434 731 82 97 0.9895571 
139 332 222 258 0.91032374 
810 1091 60 68 0.24054979 
755 819 48 58 0.12128001 
501 915 38 46 0.0797073 
731 71 32 39 0.058234703 
798 1099 40 52 0.055578627 
708 779 37 48 0.052075423 
460 210 28 34 0.05104513 
705 804 55 73 0.047735102 
164 386 129 155 0.047718752 
352 432 32 43 0.0433655 
493 890 53 65 0.04308968 
279 954 55 62 0.039777525 
683 872 67 82 0.039724153 
131 850 61 80 0.03661952 
846 1106 43 51 0.03628814 
929 1116 34 46 0.034445167 
933 1067 36 47 0.03255318 
795 1075 38 47 0.029792009 
649 1023 42 49 0.029706458 
724 1037 38 48 0.029386971 
11 508 34 46 0.029245993 
293 402 91 120 0.028628208 
307 390 62 83 0.027682314 
271 351 59 71 0.026577083 
195 143 26 31 0.025573744 
107 814 128 129 0.02540969 
622 228 24 28 0.024996078 
575 886 53 65 0.02456711 
283 208 24 31 0.024445836 
48 222 26 33 0.024036894 
181 427 34 41 0.023851814 
88 341 54 71 0.023823509 
327 935 31 38 0.023494355 
645 247 22 28 0.023111118 
295 190 24 29 0.023037039 
284 352 37 44 0.022761391 
238 391 113 144 0.02273966 
640 229 23 27 0.022458695 
778 1072 100 106 0.02201504 
327 397 31 40 0.021893725 
252 185 24 30 0.021776589 
99 828 62 92 0.021687305 
164 411 73 87 0.021055056 
43 543 70 76 0.02091194 
287 400 33 40 0.020855939 
193 107 24 29 0.02079433 
286 939 34 40 0.020717705 
120 369 97 126 0.020697594 
330 429 32 42 0.020637177 
