2_Demonstration_Protesters_2_92
364
77 511 79 140 0.90838975 
244 299 31 40 0.8799344 
746 357 50 60 0.6831142 
686 337 39 47 0.6322259 
334 325 26 34 0.5817088 
47 345 47 55 0.49636072 
109 295 35 44 0.46495244 
607 431 26 33 0.43822914 
945 326 24 33 0.3690432 
764 577 45 69 0.28286567 
267 430 48 64 0.25943306 
661 440 46 61 0.25788784 
383 308 31 38 0.24947537 
829 325 40 47 0.2183278 
145 376 29 38 0.21717615 
646 301 27 33 0.21310295 
417 561 20 26 0.1555157 
185 318 32 40 0.13522393 
305 387 25 32 0.12241359 
185 282 20 26 0.12177971 
186 308 24 29 0.12176275 
282 331 25 32 0.11791267 
153 306 23 29 0.11202542 
0 395 38 70 0.10684854 
210 533 45 52 0.101203844 
455 527 22 29 0.10034023 
480 641 33 39 0.09313715 
656 301 31 38 0.093067646 
430 466 22 28 0.091881216 
220 429 68 75 0.09154162 
860 389 50 65 0.08979852 
461 605 27 32 0.084908456 
822 341 37 50 0.08365074 
468 301 20 25 0.0773155 
824 335 27 34 0.0756934 
152 282 20 26 0.07465167 
25 332 58 77 0.07159142 
836 382 55 77 0.06859645 
196 310 25 32 0.067102924 
835 376 29 40 0.06704129 
26 424 97 148 0.066286884 
330 312 25 33 0.06620694 
404 636 23 29 0.065821946 
405 303 26 32 0.064850114 
0 299 37 55 0.061004676 
611 437 35 45 0.06058712 
690 207 23 29 0.059540242 
88 347 38 48 0.059375957 
505 310 23 29 0.058487866 
308 305 23 30 0.058139898 
561 351 24 31 0.057629906 
359 562 19 25 0.05749364 
276 347 39 47 0.057260036 
20 278 25 31 0.056829568 
365 586 19 24 0.056779437 
467 247 22 28 0.055824876 
591 327 22 27 0.05535558 
293 389 41 54 0.05511529 
595 419 46 57 0.055091247 
-2 414 79 118 0.05442127 
505 324 25 31 0.053191066 
596 632 50 58 0.052445427 
598 411 21 27 0.052189898 
609 416 22 27 0.052186944 
407 614 21 27 0.051573463 
979 373 33 51 0.05132307 
381 439 21 27 0.05090971 
16 401 31 46 0.050485518 
75 426 73 85 0.04977699 
154 325 23 30 0.049092952 
290 436 43 59 0.049020257 
782 584 32 46 0.048819877 
839 400 31 44 0.04808122 
565 331 21 28 0.047436558 
191 497 70 95 0.046968345 
492 428 21 29 0.04604127 
672 202 22 28 0.04578623 
128 355 36 50 0.045760255 
443 355 20 26 0.045471482 
98 286 35 47 0.045376413 
618 358 21 27 0.045187663 
392 642 23 31 0.044691566 
613 336 20 26 0.044382546 
12 370 46 67 0.044345856 
352 465 23 32 0.044197407 
493 326 21 26 0.04365746 
945 316 21 28 0.043586276 
146 360 26 34 0.043426767 
251 180 21 27 0.04314449 
468 462 19 24 0.04308042 
334 694 22 27 0.042956572 
125 253 21 26 0.042424493 
201 278 23 28 0.04192161 
402 353 26 32 0.041428495 
493 412 20 25 0.04137246 
223 370 43 54 0.041206118 
718 501 27 34 0.040803257 
130 366 47 63 0.040614992 
658 313 51 61 0.040526263 
490 310 21 27 0.04026736 
3 384 27 41 0.04024009 
639 403 23 29 0.040105525 
930 321 32 43 0.04002599 
928 310 21 27 0.039555084 
439 719 25 27 0.039534476 
283 587 24 32 0.039352473 
148 391 37 52 0.03927227 
25 382 65 85 0.03920769 
615 376 21 26 0.03918493 
114 527 78 109 0.039081085 
616 305 21 25 0.038594678 
101 313 37 49 0.037797254 
198 438 53 59 0.03740309 
467 287 20 26 0.037316162 
418 482 21 28 0.03725879 
483 385 19 23 0.03709077 
278 295 31 42 0.037065443 
592 670 80 81 0.036958728 
93 450 71 93 0.036639143 
465 362 19 24 0.036559124 
868 381 30 39 0.036434494 
877 260 21 25 0.036280867 
376 310 49 58 0.036078483 
412 287 23 28 0.035947908 
70 334 33 40 0.035936724 
665 428 33 43 0.035838477 
384 589 19 25 0.03580228 
570 560 19 24 0.035559125 
634 455 26 36 0.03535058 
516 658 25 32 0.035238713 
470 383 19 24 0.035044037 
115 426 42 60 0.03495284 
413 586 21 27 0.03461114 
307 318 33 42 0.034516133 
300 351 35 44 0.034428068 
482 615 25 30 0.034180503 
234 285 25 32 0.03382419 
633 434 53 69 0.03354001 
389 656 22 31 0.033283785 
29 521 97 123 0.033267207 
305 437 26 36 0.033218816 
49 332 35 43 0.03307899 
614 279 19 24 0.032660633 
820 288 21 27 0.032543726 
247 413 84 107 0.032411337 
492 566 20 25 0.032289755 
897 465 41 56 0.03221974 
251 401 54 72 0.0320174 
132 487 64 85 0.03198685 
352 327 24 31 0.03192311 
141 447 65 84 0.031775482 
7 307 51 72 0.031752642 
408 226 21 27 0.03165086 
244 366 64 73 0.031528648 
610 259 19 24 0.03148992 
667 407 27 34 0.03140041 
438 729 28 34 0.031378876 
742 545 40 54 0.031297315 
358 541 20 26 0.030472683 
279 403 32 42 0.030415924 
591 311 21 27 0.03029744 
843 493 38 55 0.030124303 
468 434 18 24 0.029971482 
388 350 28 36 0.029850248 
432 303 20 26 0.029805461 
895 498 38 49 0.02952161 
508 430 20 27 0.029487649 
894 603 71 83 0.029338399 
566 541 19 24 0.029322933 
916 285 19 24 0.029296756 
465 410 18 23 0.029198188 
593 385 20 25 0.029176917 
361 637 21 27 0.0291257 
29 349 29 38 0.02905556 
465 485 18 24 0.02898475 
119 394 38 58 0.028738111 
886 403 29 39 0.028692389 
419 464 21 25 0.028499153 
334 345 25 32 0.028387949 
17 299 29 39 0.028313931 
709 487 51 65 0.028249849 
842 310 27 32 0.028216265 
666 180 23 29 0.028025687 
404 325 26 32 0.027998084 
942 455 26 34 0.027990794 
438 592 20 25 0.027970131 
434 286 18 23 0.027948579 
155 261 20 24 0.027898377 
219 401 52 67 0.027781015 
642 286 25 29 0.027733808 
442 693 22 26 0.027701471 
491 588 20 25 0.027666422 
596 533 22 27 0.02766035 
241 178 22 28 0.027619159 
823 346 59 78 0.027460795 
905 284 21 26 0.02732297 
637 387 21 27 0.027248934 
751 332 45 60 0.027222428 
388 613 21 26 0.027206197 
976 310 19 26 0.027046423 
973 331 22 31 0.027008476 
853 322 38 46 0.026967127 
441 613 21 28 0.026945353 
840 419 30 43 0.026928153 
915 477 27 36 0.026917633 
96 366 41 53 0.026825327 
510 350 26 32 0.026638199 
462 624 56 64 0.026540268 
582 704 51 51 0.026514618 
322 0 135 157 0.02647809 
453 719 24 27 0.026466964 
540 355 24 31 0.026310006 
794 204 26 33 0.0262602 
798 148 20 24 0.026249211 
484 460 19 26 0.026232488 
878 377 46 58 0.0261968 
444 531 22 27 0.026180735 
61 391 51 67 0.02617491 
80 293 37 48 0.026110444 
200 402 46 62 0.025943281 
734 559 63 88 0.02589196 
946 432 22 28 0.025858032 
854 345 42 55 0.025852026 
304 288 20 24 0.0257863 
407 690 23 26 0.025774982 
779 508 56 77 0.025731435 
701 439 57 71 0.025715385 
727 478 39 50 0.025689749 
305 734 30 32 0.02568111 
316 304 46 60 0.025615707 
259 529 25 33 0.025498683 
954 280 17 21 0.025449874 
867 349 26 34 0.025346324 
5 279 24 30 0.025325924 
188 548 68 88 0.025282945 
819 300 25 30 0.02518761 
966 455 22 31 0.025132932 
564 411 20 26 0.025081482 
579 587 25 32 0.025040219 
386 683 22 28 0.025015905 
384 452 21 27 0.024976075 
434 437 19 23 0.024932714 
899 354 25 32 0.024898252 
680 451 32 40 0.024844768 
750 521 58 77 0.024766853 
767 340 60 79 0.024749788 
978 229 20 27 0.024728341 
333 709 22 26 0.024576264 
994 434 22 31 0.02454949 
203 368 42 54 0.024511091 
289 289 21 27 0.024308996 
362 615 20 24 0.024293823 
509 596 19 23 0.024267543 
431 564 20 25 0.024258755 
625 697 58 55 0.024237623 
125 323 25 32 0.024198871 
284 437 71 90 0.024184242 
607 533 24 31 0.02416968 
540 437 19 25 0.024165912 
669 194 36 45 0.02412912 
606 710 36 38 0.024098998 
797 293 33 43 0.02390204 
663 326 30 36 0.023863045 
842 178 20 24 0.023741204 
241 476 67 92 0.023693265 
165 399 39 53 0.023542775 
3 280 36 50 0.023506207 
489 409 32 45 0.02347423 
485 359 20 26 0.023441525 
889 571 49 56 0.02331149 
136 414 54 75 0.023303546 
436 334 20 25 0.02322396 
967 493 33 50 0.023172425 
532 458 19 24 0.023136437 
541 304 20 26 0.023129443 
938 429 34 46 0.023020484 
183 260 19 24 0.022918733 
845 415 67 89 0.022902038 
469 334 18 22 0.022868954 
933 468 38 52 0.022856079 
516 613 20 25 0.02280068 
194 340 38 49 0.02271404 
639 709 33 36 0.02269536 
357 158 19 24 0.022689508 
710 519 37 54 0.02264952 
591 280 20 25 0.022636281 
408 660 23 30 0.022611203 
339 459 24 32 0.02252699 
387 565 19 24 0.022525234 
438 409 20 25 0.02250417 
920 344 35 47 0.022477508 
891 383 28 36 0.022443188 
285 689 25 33 0.02243503 
955 155 21 27 0.022395795 
412 544 20 25 0.022304786 
337 153 19 23 0.022300476 
258 401 34 44 0.022292629 
491 283 19 24 0.022278903 
441 712 41 44 0.022247132 
492 628 53 64 0.022195974 
106 497 56 87 0.022189135 
435 257 18 24 0.022187207 
646 324 23 30 0.02211956 
488 407 52 73 0.02204992 
-3 335 39 64 0.021937868 
568 276 21 27 0.021905368 
767 560 29 40 0.021874696 
614 294 32 43 0.021814581 
709 353 57 74 0.021766568 
786 464 55 73 0.021731794 
610 683 36 38 0.02167048 
716 303 23 28 0.021659233 
183 199 20 26 0.021578219 
710 333 26 34 0.021564543 
217 502 51 60 0.02156221 
901 334 21 29 0.021517316 
863 507 28 36 0.021492057 
241 582 63 79 0.021490792 
164 526 70 81 0.021467155 
794 448 42 54 0.021463223 
386 624 46 58 0.021413676 
360 305 25 33 0.021308279 
131 566 75 103 0.02127007 
520 488 21 26 0.021253848 
744 535 27 37 0.021223081 
961 348 58 87 0.021148978 
926 433 24 31 0.021147123 
411 712 24 25 0.02112661 
285 382 29 35 0.021116447 
50 278 22 27 0.021063013 
255 446 37 46 0.02102369 
416 -1 141 159 0.021008365 
995 452 21 29 0.020978652 
792 326 36 46 0.020939512 
0 2 22 27 0.020916646 
849 453 64 83 0.02090274 
282 699 42 46 0.020793788 
596 258 19 24 0.020783324 
361 665 22 28 0.020718763 
464 204 20 25 0.020707823 
735 450 40 50 0.020656476 
1 685 24 31 0.020649403 
96 399 44 65 0.020635579 
336 181 20 24 0.020632355 
520 458 20 26 0.020563656 
386 181 21 26 0.020531833 
174 649 77 89 0.020441636 
946 225 19 26 0.02043823 
44 404 33 42 0.020426473 
798 333 21 27 0.020406181 
363 733 26 31 0.020401828 
565 432 18 25 0.020268388 
257 513 26 33 0.020262832 
207 -1 138 155 0.02023808 
943 336 33 49 0.020213531 
358 174 20 25 0.020201871 
413 435 21 26 0.02018738 
432 663 22 29 0.02016241 
359 577 32 39 0.020138308 
141 350 60 71 0.020101512 
902 383 59 73 0.020089077 
50 304 25 31 0.020086708 
126 287 25 31 0.020024313 
897 521 38 46 0.020016307 
