2_Demonstration_Protesters_2_268
132
72 206 43 54 0.98223096 
166 215 40 51 0.92699575 
840 211 39 46 0.9179391 
285 242 27 34 0.91157854 
400 245 25 32 0.40468052 
387 246 27 32 0.39246765 
594 216 29 36 0.36597145 
464 257 22 28 0.15998615 
961 344 40 67 0.15058972 
739 219 30 38 0.14791597 
990 249 26 35 0.13597965 
464 227 22 28 0.1281262 
283 327 28 33 0.11846691 
214 281 38 46 0.117109686 
329 221 22 28 0.10991464 
234 236 24 30 0.10454649 
18 230 25 32 0.09927 
208 296 29 34 0.090863824 
765 203 29 35 0.0901746 
650 249 18 23 0.07818169 
698 248 20 26 0.0755381 
697 234 23 30 0.07220581 
314 209 21 27 0.06961601 
286 313 26 31 0.06592016 
691 183 21 29 0.064885974 
648 237 21 27 0.064765334 
8 228 24 31 0.063335225 
895 224 25 32 0.059479624 
379 236 44 53 0.057266474 
333 256 21 26 0.05570018 
157 195 42 54 0.055583086 
539 257 20 24 0.05502388 
594 252 25 31 0.052911192 
12 241 33 43 0.052438717 
983 223 30 44 0.050925583 
255 199 22 28 0.050282855 
355 309 19 25 0.0502237 
467 271 23 29 0.049792185 
924 255 25 32 0.04974317 
606 210 25 33 0.047587536 
538 235 21 27 0.04698304 
225 181 22 27 0.04692866 
822 216 39 47 0.046686675 
486 208 21 25 0.04574473 
659 237 21 27 0.045457885 
436 234 20 26 0.045058403 
893 203 24 29 0.04463527 
298 250 21 28 0.04321282 
329 281 20 25 0.043050665 
226 248 36 46 0.043043815 
661 249 18 23 0.041438192 
440 251 20 27 0.04107431 
611 258 23 29 0.04106982 
713 221 32 41 0.039177258 
233 200 22 28 0.037651613 
305 228 24 31 0.03685965 
972 236 43 60 0.036518782 
364 233 18 24 0.036338523 
369 254 20 25 0.035232775 
161 186 22 28 0.035154242 
571 181 20 25 0.034683518 
642 242 31 40 0.03462359 
991 209 22 30 0.03441505 
760 220 29 37 0.03358779 
519 229 21 26 0.033256486 
920 158 20 25 0.033166632 
338 103 19 25 0.032935895 
281 348 26 30 0.032841016 
536 184 20 25 0.03231852 
483 226 20 25 0.032301273 
815 178 23 29 0.031920373 
694 276 18 23 0.03165979 
-69 532 357 353 0.031530872 
661 311 20 25 0.03132706 
694 196 23 30 0.031172251 
563 203 22 27 0.031170808 
482 263 19 24 0.031088598 
519 259 18 22 0.030921489 
565 230 21 27 0.030882532 
894 183 21 27 0.0304018 
540 273 22 27 0.03038177 
925 233 23 29 0.029896688 
844 181 26 31 0.029056352 
529 253 34 42 0.028832024 
411 278 24 29 0.02855649 
890 254 24 32 0.028302956 
388 202 21 26 0.028231766 
307 327 21 26 0.028094053 
992 369 22 37 0.027871607 
584 236 52 65 0.02778851 
743 273 27 36 0.026866954 
488 49 20 24 0.026762724 
756 241 37 47 0.026513634 
540 202 21 25 0.026048033 
184 216 35 45 0.025992233 
648 312 19 22 0.025987098 
980 359 30 54 0.025940219 
738 241 37 47 0.025883548 
-223 301 725 748 0.025782598 
943 226 26 33 0.025665242 
177 181 23 28 0.025602575 
685 219 46 59 0.025540078 
281 273 23 29 0.025345465 
772 178 22 30 0.024462303 
210 179 20 24 0.023949837 
941 359 51 66 0.023925243 
482 277 18 24 0.023876958 
857 565 16 20 0.02384194 
795 226 25 33 0.023677476 
253 243 33 41 0.023663746 
616 271 21 27 0.023622708 
565 156 18 23 0.023230014 
281 206 23 29 0.023149915 
755 529 346 363 0.023054259 
407 513 15 21 0.022721527 
228 157 20 23 0.022471575 
941 321 52 73 0.022375476 
480 203 34 42 0.022323588 
584 180 21 27 0.022196893 
386 185 20 25 0.022081144 
859 219 30 39 0.021970749 
130 204 23 31 0.021919774 
466 212 20 27 0.021908194 
912 239 46 59 0.02146497 
519 280 18 22 0.020752326 
303 311 20 26 0.020728033 
269 313 50 61 0.020656468 
878 214 48 60 0.020592162 
382 271 23 29 0.02056138 
647 405 22 27 0.020334637 
540 312 23 30 0.020158105 
28 658 30 32 0.020119084 
