2_Demonstration_Demonstration_Or_Protest_2_687
767
535 512 17 20 0.4126395 
687 530 20 25 0.39519006 
699 521 20 23 0.32306913 
577 510 16 20 0.31047 
621 519 17 21 0.3018465 
698 483 17 22 0.29618222 
664 484 17 21 0.29009658 
920 280 18 24 0.25659683 
315 544 20 25 0.23766932 
281 532 19 24 0.2364119 
201 467 17 21 0.22876391 
640 521 17 20 0.22771162 
186 505 19 22 0.2276017 
157 481 18 21 0.22611028 
522 381 16 20 0.22413674 
283 519 18 22 0.22110893 
231 514 17 21 0.21939477 
416 488 15 19 0.20453331 
305 455 18 22 0.18498407 
360 515 18 22 0.18413712 
768 571 20 25 0.18081847 
692 411 16 18 0.17869118 
380 567 19 24 0.17624192 
405 536 16 20 0.1733684 
183 494 18 22 0.17303808 
10 256 18 24 0.16884999 
443 529 17 22 0.16220833 
414 517 15 18 0.15943989 
99 361 16 20 0.15728816 
595 493 16 19 0.15258747 
763 506 18 23 0.15075612 
240 438 16 20 0.15037842 
849 518 17 22 0.14732358 
256 543 17 22 0.14547187 
38 484 19 23 0.14296213 
536 488 17 20 0.14211504 
153 469 18 22 0.13923447 
766 495 16 20 0.13901912 
487 462 16 19 0.13879861 
87 507 20 23 0.13703421 
803 466 15 19 0.13679834 
572 491 15 19 0.13553186 
728 459 15 19 0.13526873 
179 544 19 24 0.13311246 
314 555 21 25 0.13071051 
753 495 17 22 0.13043173 
104 302 18 22 0.12933476 
956 469 19 24 0.12867272 
535 470 16 19 0.12837875 
205 387 15 19 0.12734029 
709 519 19 23 0.12708421 
242 540 18 21 0.12543474 
466 519 18 23 0.1252097 
526 511 17 20 0.12516077 
848 486 18 22 0.124502376 
318 355 16 19 0.12416486 
698 468 16 20 0.122142486 
922 404 19 22 0.12138723 
396 541 17 20 0.11969816 
595 456 17 20 0.11795623 
599 445 17 21 0.11679436 
542 539 17 21 0.11634723 
209 439 16 19 0.116074905 
157 402 16 20 0.11481531 
435 441 16 19 0.11362778 
311 411 17 19 0.11313206 
545 561 17 21 0.112241015 
190 384 16 19 0.11152314 
612 488 15 19 0.11123481 
854 469 17 20 0.11060949 
669 382 15 18 0.11038608 
193 333 15 19 0.11007327 
697 433 15 18 0.10566994 
777 462 15 19 0.102916256 
765 541 18 23 0.102639996 
367 438 15 19 0.10069677 
258 492 18 22 0.10051991 
775 263 17 20 0.09894291 
98 509 17 21 0.09862417 
769 379 16 20 0.0984994 
391 442 15 18 0.09830862 
652 489 16 19 0.09805807 
85 494 19 23 0.097812876 
738 458 16 20 0.09725704 
107 289 18 23 0.0970424 
533 432 15 18 0.09703034 
79 309 18 23 0.09674646 
664 469 16 20 0.096558526 
227 494 17 21 0.09605072 
165 440 17 20 0.09565794 
814 468 16 20 0.095014036 
622 354 16 18 0.094069295 
568 407 16 19 0.0938616 
494 394 15 19 0.09348369 
791 312 17 20 0.093317285 
567 391 16 20 0.09223895 
919 393 19 23 0.09104477 
161 254 15 20 0.0904172 
208 518 17 21 0.090385035 
524 464 16 20 0.08961767 
151 359 16 20 0.0894671 
83 444 18 22 0.08879297 
818 483 16 20 0.08838883 
526 433 16 19 0.08797908 
312 444 16 20 0.08789608 
496 405 15 19 0.08780092 
22 260 17 21 0.08750332 
575 363 15 19 0.087411985 
569 467 15 19 0.08736215 
176 435 17 21 0.08732092 
124 257 16 21 0.08726731 
287 379 17 20 0.087079346 
904 312 16 21 0.08707607 
212 481 17 22 0.0866644 
330 412 16 19 0.08611351 
441 457 16 19 0.08580248 
215 233 16 19 0.08555401 
815 437 16 19 0.08529595 
525 261 15 18 0.0851441 
598 410 16 19 0.08490552 
904 388 18 23 0.08360672 
804 435 16 19 0.08341809 
270 331 15 18 0.08261444 
141 362 17 20 0.08218417 
619 393 17 19 0.082168296 
338 387 15 17 0.08210399 
613 404 16 20 0.081864454 
588 364 15 19 0.081552535 
803 482 16 21 0.080973 
817 410 16 18 0.0809653 
700 387 16 19 0.08071861 
80 454 18 23 0.08054604 
244 284 15 18 0.08013052 
258 438 15 18 0.08004737 
133 388 17 21 0.079865515 
262 508 18 22 0.079050906 
677 410 15 17 0.078914866 
467 488 16 20 0.078817 
259 389 14 19 0.078794435 
311 492 17 21 0.07853703 
874 362 17 21 0.07835253 
414 274 17 20 0.07827112 
341 466 15 18 0.07824455 
680 534 18 23 0.07786675 
392 457 16 18 0.077725716 
482 514 16 20 0.077364966 
848 530 18 23 0.07690933 
285 313 16 18 0.076740555 
464 303 16 19 0.07642477 
441 489 15 19 0.076129965 
845 331 16 21 0.07569089 
132 439 17 20 0.075502105 
152 334 16 19 0.07520061 
236 416 15 18 0.075178206 
468 352 15 18 0.07396961 
742 440 16 19 0.07380405 
131 544 18 22 0.073707655 
900 330 17 19 0.07258951 
311 509 16 19 0.07258482 
843 212 18 22 0.07254837 
124 235 16 19 0.07211593 
310 391 15 18 0.07203458 
279 331 15 19 0.071444914 
898 408 16 21 0.07134438 
797 541 18 22 0.07071436 
818 360 15 19 0.07067974 
231 361 14 18 0.07057776 
412 267 16 20 0.07024031 
188 367 15 19 0.07018151 
282 368 16 20 0.07013851 
933 336 16 21 0.069372185 
325 541 19 24 0.06934072 
875 306 18 21 0.06913217 
716 489 16 20 0.068906106 
371 566 19 22 0.06874386 
951 317 17 21 0.06834074 
158 234 16 19 0.067698486 
643 340 15 19 0.06745362 
77 402 17 21 0.06744786 
338 488 16 20 0.067399904 
359 460 13 17 0.067333825 
726 410 16 19 0.06714506 
90 361 17 20 0.066738464 
523 488 17 20 0.06673751 
30 207 16 20 0.06665237 
881 436 18 21 0.06654279 
383 363 16 18 0.06600999 
468 343 16 20 0.06598896 
802 417 15 18 0.06579707 
872 264 15 20 0.06566768 
795 288 16 20 0.06536547 
534 387 16 19 0.06522049 
383 582 18 22 0.065132044 
975 357 18 23 0.06476162 
752 383 16 19 0.064750984 
486 487 15 19 0.064680606 
773 435 16 19 0.06467914 
534 353 15 19 0.06463411 
202 337 15 18 0.064594485 
824 518 17 21 0.064519964 
252 556 17 22 0.064167224 
537 343 16 20 0.06401533 
457 530 17 22 0.06392244 
360 331 15 18 0.06383302 
524 365 16 20 0.06370393 
944 330 17 21 0.06329987 
372 361 16 18 0.06318837 
795 331 15 18 0.06317901 
892 434 18 22 0.06296218 
154 513 16 21 0.06264793 
130 562 19 25 0.06255767 
460 390 14 18 0.06251713 
436 413 15 18 0.062370267 
116 258 17 22 0.06226946 
388 414 14 17 0.061995305 
231 457 17 21 0.061915178 
923 264 18 21 0.061898436 
903 231 15 20 0.061813124 
33 282 17 21 0.061526548 
384 517 15 20 0.060911953 
416 407 15 17 0.060708746 
286 489 17 21 0.06062035 
703 362 15 19 0.060582668 
615 529 17 21 0.060500868 
359 314 16 19 0.06038239 
240 560 17 22 0.060259864 
752 538 19 24 0.060033623 
60 256 17 21 0.05996203 
234 387 15 18 0.059798878 
825 392 16 19 0.05948182 
850 437 16 20 0.059464667 
516 415 15 20 0.05945315 
384 277 15 18 0.059362955 
720 363 15 19 0.05911181 
774 366 17 19 0.058787443 
414 463 15 18 0.05877124 
212 366 14 18 0.058707424 
489 355 15 18 0.058666915 
842 316 18 22 0.05850621 
338 308 15 19 0.058431797 
513 595 17 21 0.058372695 
543 594 17 21 0.05824563 
875 285 17 22 0.058081046 
740 416 16 20 0.057904493 
368 418 15 19 0.057694077 
597 387 15 20 0.057619713 
488 342 15 19 0.057614125 
341 512 16 20 0.057516772 
138 409 17 21 0.057360884 
116 233 16 20 0.05731589 
210 411 15 18 0.057251647 
876 511 18 22 0.057196237 
334 435 15 18 0.057010815 
29 326 15 20 0.056989238 
46 463 17 21 0.056909245 
848 384 17 20 0.056736123 
641 387 15 18 0.056643136 
789 263 16 20 0.05663321 
744 364 15 19 0.05648786 
489 281 15 17 0.056370635 
540 418 16 19 0.05615774 
234 610 18 22 0.055722006 
799 361 15 19 0.05544575 
909 283 17 22 0.055290263 
955 609 21 29 0.05527157 
955 478 20 27 0.05489278 
640 354 15 19 0.054825176 
80 236 17 21 0.05474683 
745 336 15 18 0.054590438 
465 467 14 18 0.054534525 
469 289 16 19 0.054524448 
894 364 17 22 0.054407064 
798 513 17 21 0.054279663 
259 314 15 19 0.05427528 
823 534 16 21 0.05418215 
877 487 19 24 0.05411888 
316 343 15 19 0.053947613 
153 394 17 21 0.053527825 
160 539 18 22 0.053487923 
644 530 18 22 0.053461924 
371 385 14 18 0.053427394 
252 286 14 18 0.053321674 
5 311 18 23 0.053023413 
382 390 15 18 0.052984357 
931 357 17 21 0.052965626 
829 339 15 19 0.05253283 
56 285 17 21 0.052468456 
260 409 14 16 0.052235316 
134 460 17 21 0.052228708 
824 289 17 21 0.05199656 
179 413 16 20 0.05178514 
488 227 13 16 0.0516579 
331 362 15 18 0.051438488 
833 212 17 20 0.05134105 
290 411 15 18 0.051322408 
540 614 17 19 0.051013034 
650 462 17 20 0.05101149 
520 336 14 18 0.05077732 
716 387 16 19 0.050598286 
564 538 17 22 0.05050602 
648 315 15 18 0.05036037 
905 262 16 21 0.05023052 
442 314 15 19 0.05016783 
156 316 16 21 0.049981903 
567 437 15 19 0.049857557 
652 234 16 19 0.049813356 
30 312 17 21 0.04975221 
74 253 17 21 0.04974195 
54 234 16 20 0.049013082 
669 435 15 18 0.048956785 
646 441 16 19 0.04864637 
775 416 17 19 0.0485831 
370 283 15 18 0.04847726 
611 461 17 21 0.048404343 
881 413 17 20 0.048088856 
210 308 16 18 0.04805789 
98 494 17 21 0.047983788 
266 364 15 18 0.047906052 
134 337 16 20 0.047721047 
776 283 16 20 0.047450677 
407 620 15 19 0.047328513 
669 315 16 19 0.047191985 
491 267 14 18 0.047105543 
411 313 16 19 0.047060315 
413 395 15 18 0.046923105 
260 257 14 18 0.04690703 
696 336 15 19 0.04668071 
726 441 15 18 0.046634085 
152 210 16 19 0.046367384 
848 411 16 19 0.046345286 
362 533 17 21 0.046295498 
855 360 16 20 0.04609948 
463 262 14 17 0.046082046 
517 313 15 18 0.04603095 
240 308 15 18 0.045983333 
994 410 17 25 0.04584325 
443 392 15 18 0.04578565 
951 361 17 20 0.045762736 
751 304 16 19 0.04574017 
619 343 15 20 0.04570821 
867 233 16 19 0.045650154 
672 367 15 19 0.045583576 
416 444 15 19 0.045537155 
292 463 17 21 0.04532267 
34 227 15 19 0.045282234 
97 610 18 22 0.04525577 
724 660 22 26 0.045060877 
946 434 17 21 0.044991452 
183 261 16 19 0.044791754 
389 487 16 18 0.04474079 
466 234 15 17 0.04429899 
286 440 15 19 0.04425759 
545 303 16 20 0.044026807 
238 263 15 18 0.04374036 
489 444 15 19 0.04358564 
3 101 19 26 0.043558333 
338 210 16 19 0.043502778 
523 186 16 19 0.04348157 
435 280 14 19 0.043436114 
335 643 18 22 0.043412793 
534 188 16 19 0.043344617 
517 566 17 22 0.043213125 
830 307 17 21 0.043196246 
362 492 15 18 0.043163545 
177 555 19 23 0.04297851 
236 337 15 17 0.04291467 
59 310 17 21 0.042783044 
32 186 15 20 0.04276754 
394 311 16 19 0.042606413 
714 531 20 25 0.042349856 
211 285 15 19 0.04233903 
257 644 18 23 0.042302024 
927 230 17 19 0.042156726 
489 609 15 19 0.041936997 
774 306 16 19 0.04173151 
675 517 17 21 0.041478325 
443 264 15 18 0.041452724 
675 332 14 18 0.041049056 
722 335 16 19 0.040918164 
775 340 14 17 0.04073005 
188 235 14 18 0.040708676 
924 305 16 21 0.040666383 
284 289 15 17 0.040435623 
494 596 17 21 0.040415015 
372 231 15 18 0.040364955 
333 292 15 18 0.0403374 
210 536 17 22 0.039991356 
337 333 15 18 0.039882828 
820 565 17 21 0.039808817 
867 461 18 24 0.03948656 
877 382 17 20 0.039479185 
438 334 15 19 0.039458297 
227 236 15 19 0.039187446 
568 617 16 20 0.039041545 
768 235 15 18 0.039034784 
493 537 18 21 0.038935672 
81 288 18 22 0.038719337 
127 278 17 21 0.038689494 
232 122 16 20 0.03861888 
409 639 16 21 0.038580116 
521 540 17 20 0.03847653 
795 137 17 21 0.038449265 
133 515 17 20 0.038183324 
356 643 18 22 0.0379459 
800 564 18 23 0.037921302 
311 307 14 16 0.03781014 
639 570 17 22 0.037761968 
79 326 16 19 0.037757445 
663 637 16 20 0.03774539 
206 616 18 21 0.037744597 
184 314 16 21 0.03755672 
643 588 17 22 0.037555173 
880 156 16 19 0.0375184 
108 204 16 20 0.0374656 
78 95 18 23 0.037396662 
362 614 16 20 0.037325926 
965 631 23 32 0.037147425 
824 233 16 20 0.03699065 
601 309 15 18 0.03687751 
465 411 15 18 0.036863904 
663 621 18 21 0.036775004 
826 253 17 20 0.036756296 
535 262 14 18 0.03670632 
470 127 14 17 0.036635462 
623 569 17 21 0.036629558 
230 112 18 22 0.03662239 
237 594 19 22 0.036617126 
803 587 18 22 0.036609076 
467 437 14 17 0.03654714 
311 254 16 18 0.03653978 
73 152 17 21 0.036492508 
467 617 16 18 0.036338557 
590 175 15 19 0.03631275 
136 486 16 21 0.03627659 
514 151 15 19 0.036220513 
275 514 30 36 0.036202334 
410 591 18 22 0.036146056 
96 597 18 23 0.036142554 
775 136 17 20 0.03608917 
487 214 14 18 0.036034964 
715 566 20 23 0.035990965 
674 160 15 18 0.035969924 
228 184 16 19 0.0359156 
664 181 15 18 0.03584798 
870 339 17 21 0.03579168 
409 361 14 16 0.035766527 
651 641 17 21 0.03574403 
188 210 14 17 0.03571757 
207 645 18 22 0.035533156 
929 430 17 22 0.0354925 
285 639 17 23 0.035461336 
854 226 17 21 0.035388507 
137 206 16 19 0.0353004 
575 258 15 17 0.035252295 
256 609 18 23 0.035203677 
386 332 16 19 0.03506996 
440 567 17 22 0.034960866 
109 335 17 20 0.03490282 
38 465 17 21 0.034855966 
641 409 15 19 0.034702715 
897 454 21 25 0.034353368 
3 232 17 22 0.034341782 
517 608 15 19 0.0343219 
384 268 15 19 0.03429254 
826 153 16 20 0.034282546 
414 236 15 18 0.03422464 
472 640 17 19 0.03420129 
107 186 16 21 0.034184836 
4 158 17 25 0.034172002 
967 467 19 25 0.03406407 
492 309 14 18 0.03402446 
803 639 20 23 0.03399324 
26 361 17 22 0.033891715 
948 236 16 19 0.0338848 
55 327 16 19 0.033736475 
48 438 17 21 0.033678204 
464 567 17 22 0.033565696 
796 385 15 19 0.03340982 
569 337 14 18 0.033330817 
752 503 27 35 0.03322995 
587 58 17 21 0.033220667 
751 259 15 19 0.03318341 
621 589 18 21 0.033149976 
265 211 16 20 0.033097025 
851 261 16 20 0.033069063 
286 560 19 23 0.03300509 
565 639 16 19 0.032972496 
544 291 16 19 0.032929715 
437 154 15 19 0.032873865 
566 229 15 18 0.03272603 
718 313 15 19 0.03260258 
928 208 16 18 0.032564227 
565 592 17 21 0.032555524 
381 235 15 18 0.03230606 
562 306 16 18 0.03229091 
599 339 14 17 0.032248728 
536 209 16 20 0.03220349 
618 282 16 19 0.03219672 
442 204 16 19 0.032191996 
265 235 16 19 0.032159176 
4 173 17 24 0.0319781 
594 618 16 19 0.031965952 
131 582 20 25 0.031906307 
617 615 17 19 0.031890847 
954 629 24 30 0.031845327 
689 154 15 19 0.03173186 
893 156 16 20 0.031669114 
597 637 17 20 0.031508826 
111 385 16 19 0.031504795 
327 558 19 23 0.0314523 
873 536 18 23 0.031383958 
947 253 16 20 0.03134743 
713 585 19 23 0.03115933 
33 125 15 21 0.031100508 
701 314 15 18 0.031075899 
621 211 14 17 0.031007325 
413 1 20 22 0.030970864 
108 463 17 21 0.030969506 
546 227 15 17 0.030923204 
543 638 19 20 0.030803166 
722 287 15 19 0.030791398 
875 181 16 20 0.030660575 
819 590 17 21 0.03065413 
924 181 16 20 0.03057471 
525 101 16 19 0.030444121 
35 436 16 21 0.030423835 
928 515 18 23 0.03032257 
464 185 15 18 0.030287363 
646 186 14 18 0.030254362 
0 210 17 22 0.030240363 
465 212 15 18 0.030211326 
642 211 14 17 0.030202387 
158 661 23 27 0.030202195 
747 290 15 19 0.030188972 
310 611 17 21 0.030116092 
159 614 18 22 0.030089913 
900 181 16 19 0.030086797 
253 593 19 24 0.03006405 
211 561 17 21 0.02992426 
208 593 17 20 0.029911341 
792 620 18 22 0.029879441 
563 290 15 18 0.029870965 
799 233 16 18 0.029869154 
614 309 15 18 0.029865194 
260 460 16 20 0.029837197 
181 592 17 20 0.029742945 
518 236 14 16 0.029632734 
337 259 14 18 0.029620413 
493 564 17 21 0.02959889 
726 259 15 18 0.029478472 
819 181 15 19 0.02944292 
312 588 19 23 0.029374378 
370 263 15 18 0.029205684 
396 642 18 22 0.029200953 
318 287 15 17 0.02918787 
483 642 17 20 0.029131189 
851 563 17 22 0.029039327 
613 639 16 20 0.029010978 
850 100 17 22 0.028987892 
337 612 17 20 0.028649716 
866 208 16 20 0.028638804 
904 208 15 18 0.028607054 
920 128 16 20 0.028587526 
752 236 16 19 0.028565345 
900 129 17 20 0.028530786 
337 592 18 23 0.02848371 
469 111 16 20 0.028394975 
996 261 17 24 0.028201824 
212 186 16 19 0.02817045 
515 136 16 19 0.028114349 
78 177 16 21 0.02805557 
208 209 15 18 0.028043669 
6 325 17 24 0.027927399 
-153 440 531 539 0.02785111 
185 283 15 18 0.027797755 
580 506 25 31 0.027658984 
185 180 16 18 0.02765259 
843 153 16 21 0.027640987 
107 409 15 19 0.027636645 
105 440 15 19 0.027602928 
287 616 17 21 0.027573096 
184 160 16 20 0.027449425 
466 155 14 17 0.027438724 
847 596 20 25 0.02736957 
994 361 17 22 0.027312139 
153 476 28 34 0.027201274 
947 206 15 18 0.027070815 
641 284 15 18 0.02704673 
773 206 16 20 0.027037334 
996 429 16 25 0.027014652 
649 616 16 20 0.02700613 
255 657 21 27 0.026895357 
84 602 30 36 0.026844118 
417 330 15 19 0.026732992 
413 563 18 21 0.026492938 
441 186 15 20 0.026462752 
694 211 16 20 0.026437152 
980 569 19 27 0.026423624 
130 309 16 20 0.02638135 
561 561 18 23 0.026373224 
442 359 14 17 0.026353654 
572 212 16 19 0.026338667 
311 239 16 19 0.026249122 
285 256 15 18 0.026228286 
59 178 17 21 0.026131324 
74 136 17 22 0.02612079 
180 613 18 22 0.025914272 
847 284 17 20 0.025892608 
611 441 17 21 0.025885412 
699 101 16 19 0.025868952 
926 107 15 20 0.025845429 
394 614 16 19 0.025779173 
440 72 18 22 0.025716199 
432 642 16 19 0.025586877 
662 234 15 18 0.025559517 
180 105 15 19 0.02550705 
772 152 15 19 0.025474582 
90 502 29 35 0.025460752 
953 184 17 21 0.025436545 
159 284 16 20 0.02542523 
636 512 27 36 0.025389785 
492 132 15 16 0.025355546 
895 401 28 34 0.025269823 
745 186 16 21 0.025249042 
573 179 15 19 0.025177583 
514 374 27 34 0.025123606 
951 136 16 20 0.025122665 
236 158 14 18 0.02504124 
111 538 17 22 0.025019983 
986 409 17 24 0.02498677 
2 4 22 26 0.024960868 
446 57 17 21 0.024948208 
387 124 17 21 0.024943825 
534 100 15 19 0.02481792 
802 180 16 19 0.024727741 
57 210 16 20 0.024680868 
698 285 14 17 0.024675187 
7 410 18 24 0.024670666 
537 661 24 28 0.024636215 
233 641 18 20 0.024591088 
6 360 19 25 0.024551785 
812 643 19 24 0.024494903 
664 593 18 21 0.024408381 
700 585 19 23 0.024392523 
2 385 18 26 0.024324622 
890 487 20 25 0.02432443 
666 661 20 25 0.024318114 
28 107 16 21 0.024313524 
696 562 19 24 0.024312146 
695 641 16 20 0.024288807 
724 210 16 21 0.024264121 
388 658 23 29 0.024257783 
597 535 16 20 0.024246106 
893 512 18 23 0.024026189 
639 155 14 17 0.023955502 
211 261 15 19 0.023926111 
437 587 18 23 0.023797242 
105 127 16 20 0.023796847 
110 561 19 23 0.023761759 
698 614 17 21 0.023754017 
982 578 23 34 0.023730863 
494 184 14 18 0.023723094 
760 489 28 33 0.023689955 
949 152 17 21 0.023651805 
622 185 14 17 0.023565963 
97 293 30 37 0.023469104 
542 156 15 18 0.023414329 
592 213 15 19 0.023411984 
524 206 15 19 0.023409948 
60 131 18 22 0.023372864 
58 413 16 21 0.023355663 
800 659 24 29 0.023295064 
336 181 15 19 0.023275923 
593 226 16 19 0.023146342 
722 233 15 20 0.023094308 
390 185 16 20 0.02305358 
671 210 14 17 0.022992771 
724 185 16 21 0.022973426 
697 232 15 19 0.022960318 
648 256 16 20 0.02290397 
299 447 29 36 0.022884592 
843 607 21 26 0.022866422 
946 414 17 21 0.022826437 
287 588 18 22 0.022801114 
997 459 16 23 0.022795783 
720 452 28 34 0.022688176 
444 235 15 18 0.022615843 
496 154 14 17 0.02257702 
260 153 15 18 0.022571472 
572 130 16 19 0.022539483 
587 164 15 18 0.022515584 
953 381 17 20 0.022499612 
358 657 23 29 0.022439003 
26 418 17 21 0.022417367 
520 284 14 18 0.022409426 
85 85 18 23 0.022397306 
264 185 16 19 0.022396823 
438 133 16 19 0.022366298 
878 129 16 19 0.022347715 
997 278 17 24 0.022307156 
948 506 21 26 0.022297036 
897 541 20 24 0.02224764 
713 105 16 20 0.02222916 
389 537 28 33 0.022188045 
929 158 16 20 0.022164065 
4 281 17 23 0.022150755 
102 105 17 21 0.022145491 
57 357 17 22 0.022029972 
457 56 16 20 0.022018211 
31 156 15 18 0.021980794 
748 201 16 20 0.021976985 
726 132 15 18 0.021940881 
206 654 24 29 0.021939054 
946 286 15 19 0.021935478 
562 661 21 25 0.021905519 
672 286 15 18 0.02185031 
981 433 17 23 0.021838646 
846 513 28 35 0.02182556 
590 593 17 20 0.021819053 
572 160 15 19 0.021818886 
995 507 19 26 0.021710996 
613 230 15 17 0.021694833 
752 566 20 24 0.021688115 
63 154 17 20 0.021678725 
625 154 14 16 0.021620708 
574 54 17 20 0.02161901 
212 105 17 21 0.021538533 
282 238 16 19 0.021467244 
59 389 17 22 0.021421917 
879 75 16 19 0.021415394 
516 82 16 20 0.021390496 
23 162 117 155 0.021266716 
976 227 17 22 0.021237973 
798 460 27 34 0.021200646 
158 593 18 23 0.021161605 
440 616 16 19 0.021142751 
390 204 15 19 0.021128591 
147 461 30 37 0.021051168 
368 559 30 37 0.021035206 
825 137 16 20 0.021015208 
850 182 16 19 0.02095229 
411 208 15 18 0.020931635 
334 229 15 18 0.020865938 
92 355 27 34 0.020861888 
589 72 17 22 0.020838534 
795 208 15 20 0.020819016 
16 254 27 35 0.020709854 
33 511 19 23 0.020696726 
669 262 15 18 0.020625059 
369 586 18 23 0.020555366 
230 659 22 26 0.020545311 
261 133 16 19 0.020528177 
641 367 112 135 0.020511229 
254 490 29 38 0.020459695 
469 659 21 26 0.020413777 
995 388 16 22 0.020388678 
411 512 27 35 0.020323722 
235 554 29 35 0.020256702 
466 591 18 22 0.020249637 
691 134 14 17 0.020248068 
647 661 21 26 0.020225998 
538 531 27 35 0.02005513 
30 380 17 22 0.02003712 
811 659 24 30 0.02002144 
748 156 15 18 0.020020438 
514 640 17 20 0.020008042 
899 303 30 38 0.020004403 
