2_Demonstration_Protesters_2_148
83
699 250 112 142 0.99849105 
396 379 80 106 0.9968359 
329 131 67 86 0.9932619 
478 190 46 55 0.99188507 
604 242 52 62 0.76173645 
668 216 56 78 0.5965095 
406 197 41 51 0.5876465 
971 182 49 83 0.57080114 
818 281 67 84 0.5680729 
404 172 40 55 0.13148458 
24 220 41 50 0.12661931 
588 257 60 73 0.12061564 
548 239 39 52 0.10981779 
232 347 29 36 0.095041335 
42 228 26 35 0.09462066 
669 242 34 45 0.0871509 
150 229 29 35 0.08658052 
131 226 29 34 0.07329 
802 4 63 58 0.07093765 
464 306 34 44 0.06318343 
617 223 46 60 0.059615895 
649 239 58 78 0.05326439 
795 17 32 34 0.052241597 
660 216 102 132 0.050835855 
10 194 63 95 0.04920442 
810 15 34 36 0.047099892 
84 202 19 24 0.04285737 
612 272 57 76 0.040916435 
180 233 24 29 0.04052212 
543 454 38 45 0.04021956 
1 239 43 55 0.038810767 
21 240 33 42 0.03804503 
648 312 40 51 0.037930254 
124 209 23 28 0.036381844 
132 217 51 59 0.035454523 
8 258 44 59 0.035015028 
610 289 35 43 0.033628993 
27 209 25 31 0.032968756 
3 226 27 37 0.032922912 
692 184 62 79 0.032185096 
104 208 19 25 0.03209698 
240 344 36 45 0.030930968 
287 444 64 87 0.029742502 
940 170 65 108 0.027218174 
49 208 21 28 0.027072983 
585 570 75 112 0.026429938 
828 1 70 66 0.026148938 
688 165 42 57 0.02590479 
985 217 44 67 0.025798652 
395 306 55 71 0.025276626 
421 307 58 70 0.025165632 
39 270 41 51 0.02474342 
131 289 134 168 0.024456289 
749 540 343 355 0.024008717 
847 308 54 63 0.023991277 
161 219 50 59 0.023914149 
586 226 45 61 0.02368245 
123 2 28 30 0.023483606 
921 331 60 72 0.023451483 
76 198 32 39 0.023294419 
417 410 74 96 0.023146164 
157 209 22 26 0.023125635 
680 205 36 46 0.022973849 
130 75 21 27 0.022799687 
838 13 37 40 0.0227592 
318 403 57 75 0.02266705 
112 200 52 63 0.022454591 
298 379 60 76 0.022364832 
590 293 29 38 0.022188354 
539 230 30 40 0.022035183 
927 1 26 29 0.021729626 
-6 267 56 86 0.021677893 
37 205 39 49 0.021368133 
785 215 51 67 0.021315632 
932 219 64 85 0.021221524 
215 327 54 63 0.021153871 
72 279 128 178 0.021011284 
1 272 28 40 0.020782003 
408 154 26 33 0.020741422 
409 347 69 88 0.020724358 
77 226 20 27 0.02034909 
558 303 687 734 0.020240294 
107 217 36 43 0.020098625 
