2_Demonstration_Political_Rally_2_545
62
112 74 73 95 0.99881434 
330 74 65 81 0.9986778 
674 188 48 64 0.99557686 
455 107 57 74 0.99552625 
192 81 52 67 0.99322057 
718 139 43 54 0.9204856 
536 153 39 49 0.8233018 
588 133 38 47 0.76599896 
910 133 75 123 0.72626567 
929 81 55 72 0.5275176 
284 124 40 50 0.3285485 
275 300 46 52 0.1815667 
942 73 39 50 0.08236013 
899 70 90 138 0.06571055 
663 143 32 41 0.059141494 
-4 167 34 63 0.054791156 
755 139 43 56 0.05159133 
831 77 46 55 0.049434766 
785 112 44 61 0.048218712 
969 34 41 67 0.047025964 
572 74 41 48 0.04619329 
0 141 34 62 0.041238625 
580 153 44 55 0.037242524 
304 79 59 72 0.03494231 
881 123 74 94 0.034460194 
804 106 45 60 0.033226456 
740 95 27 35 0.031561483 
560 85 41 48 0.031010091 
931 41 48 62 0.030825699 
946 33 60 103 0.029841552 
871 160 100 118 0.029682592 
967 10 40 57 0.029399376 
974 62 55 85 0.028918847 
849 143 77 92 0.02720399 
963 67 30 49 0.02708385 
-230 336 705 731 0.026773827 
829 105 45 57 0.02623948 
862 134 47 60 0.025945693 
669 440 515 548 0.02569463 
181 110 63 80 0.025419911 
-67 535 357 350 0.025012022 
49 591 20 27 0.024801528 
853 225 83 85 0.024694577 
405 125 27 35 0.023752859 
302 644 22 25 0.022334054 
827 175 70 83 0.0222305 
637 140 37 48 0.022143584 
767 126 29 39 0.021373434 
600 151 45 56 0.021194113 
2 130 23 35 0.021019049 
301 655 27 32 0.020975059 
684 144 43 52 0.020913867 
441 116 46 58 0.020718185 
816 98 28 36 0.020553663 
808 214 48 58 0.020506185 
992 89 26 40 0.020468773 
335 631 24 28 0.020457601 
403 283 32 39 0.020172419 
925 94 33 43 0.02016576 
536 128 27 36 0.02013753 
125 0 29 31 0.020102672 
0 199 34 59 0.020017514 
