2_Demonstration_Protesters_2_174
56
662 58 116 154 0.99870753 
502 175 52 70 0.55239266 
435 270 38 46 0.3413009 
349 317 70 109 0.13861547 
279 226 42 58 0.103095256 
131 253 285 438 0.08888757 
412 228 27 35 0.059811506 
513 196 58 73 0.05240767 
-115 316 536 607 0.052368782 
523 185 41 53 0.04727286 
481 187 66 86 0.04692737 
331 348 76 114 0.044620518 
279 302 111 212 0.044258818 
482 170 46 58 0.043376263 
543 244 64 81 0.0431971 
605 440 46 65 0.034443654 
380 339 70 93 0.03432068 
565 262 62 81 0.033611182 
741 523 348 370 0.031797376 
504 218 68 93 0.031331018 
417 247 62 82 0.030150464 
297 230 28 41 0.02996262 
429 258 30 36 0.028797464 
401 210 52 66 0.028570946 
441 150 73 84 0.027704813 
567 323 676 731 0.027599487 
340 499 345 374 0.027387 
514 370 57 81 0.02705287 
525 255 51 67 0.027046004 
261 197 72 87 0.02657403 
289 550 84 118 0.026369866 
487 175 27 36 0.025515454 
589 270 25 37 0.024697583 
219 331 149 299 0.023900693 
646 475 74 120 0.023868369 
48 369 27 36 0.023536067 
405 295 40 55 0.023074865 
505 262 44 61 0.022926616 
500 331 62 84 0.022563133 
249 241 53 63 0.022400772 
399 144 69 90 0.02238062 
629 456 69 101 0.022104982 
506 211 36 48 0.021906795 
561 268 29 39 0.021858659 
23 51 526 680 0.02175985 
540 352 55 74 0.02155498 
239 209 113 142 0.021305073 
237 261 60 68 0.020960465 
600 447 73 99 0.02060751 
312 278 80 98 0.020603145 
287 229 71 101 0.02059599 
403 192 41 52 0.020529192 
598 253 58 81 0.020524535 
472 220 65 84 0.02034276 
520 280 45 59 0.020265745 
359 263 64 78 0.020212106 
