2_Demonstration_Demonstration_Or_Protest_2_438
310
466 547 63 75 0.99263775 
453 269 48 58 0.9411978 
309 279 25 31 0.39761773 
574 344 67 82 0.36250156 
768 484 18 24 0.15610445 
7 623 60 58 0.15094404 
8 523 41 52 0.14170015 
743 484 19 24 0.13198552 
521 261 41 54 0.11207339 
563 498 37 46 0.11148861 
972 455 19 25 0.108943604 
798 482 19 24 0.10427281 
816 504 20 25 0.09660002 
-2 451 20 32 0.09421283 
663 570 39 49 0.09304804 
75 576 30 41 0.08902248 
129 492 22 27 0.08692892 
77 511 29 35 0.08558188 
696 452 25 30 0.084801696 
881 466 20 24 0.08186578 
30 605 54 59 0.08106217 
609 564 22 29 0.078206606 
724 535 22 29 0.07345483 
71 552 40 52 0.07186397 
288 466 20 23 0.07138734 
773 466 18 23 0.07046043 
109 458 19 22 0.07014987 
689 486 24 28 0.069313645 
798 467 18 23 0.06898851 
873 489 19 24 0.0687534 
662 483 21 28 0.06730341 
206 508 22 27 0.06602428 
23 516 26 35 0.06572593 
825 458 18 22 0.06314441 
698 407 21 25 0.06307333 
61 462 18 22 0.06239655 
74 458 18 23 0.062116176 
109 441 17 21 0.060772855 
72 519 42 52 0.06044354 
646 460 21 26 0.060087033 
771 510 19 23 0.059812535 
768 637 32 37 0.059161767 
875 505 19 24 0.058734525 
72 441 17 21 0.057859037 
820 493 19 23 0.056645673 
852 489 17 22 0.05650107 
337 458 21 26 0.056440584 
577 634 49 50 0.056159306 
180 547 29 38 0.056036167 
981 485 21 28 0.055923577 
148 491 19 24 0.05584734 
992 488 19 26 0.05518894 
690 502 24 30 0.05441247 
802 513 19 24 0.054112718 
598 564 25 32 0.053992826 
560 464 26 34 0.053554524 
457 308 45 56 0.05300264 
773 587 23 27 0.052173264 
768 561 21 26 0.05188363 
768 608 38 44 0.050772034 
328 485 21 27 0.050392162 
557 472 37 48 0.049645 
769 541 21 25 0.04957965 
-1 636 32 42 0.04949797 
366 613 44 50 0.049134787 
813 593 51 55 0.048558686 
843 606 26 32 0.048403386 
3 437 21 31 0.047434647 
696 439 23 28 0.047411203 
62 436 18 22 0.04712815 
55 514 24 29 0.047023635 
646 476 32 41 0.046454098 
821 588 30 36 0.045989215 
329 309 24 31 0.045795463 
57 455 29 39 0.045372818 
240 513 21 28 0.04509347 
252 510 24 28 0.04466457 
242 508 72 82 0.044644617 
185 443 152 182 0.044557303 
616 533 26 33 0.044208366 
210 492 19 24 0.043948736 
741 430 18 24 0.04372253 
124 464 18 22 0.043333173 
724 511 20 26 0.043312293 
228 467 18 22 0.043251667 
307 290 35 45 0.043023076 
616 584 24 30 0.042919595 
920 480 19 24 0.04271664 
173 609 42 45 0.04260139 
95 511 27 31 0.041751485 
822 440 18 22 0.041477654 
99 83 21 27 0.04121327 
739 508 19 24 0.041077595 
-2 608 44 56 0.040921967 
774 432 19 24 0.0408941 
888 462 21 26 0.040886946 
312 493 21 26 0.040271953 
724 486 19 23 0.040053755 
195 607 47 49 0.04002137 
216 460 17 22 0.039783563 
612 485 23 30 0.039765388 
184 462 19 24 0.039324433 
848 465 16 21 0.03906483 
394 485 51 63 0.03857436 
261 490 18 21 0.03842269 
34 428 124 148 0.03841233 
717 603 27 34 0.038338296 
48 574 45 56 0.038212355 
175 372 31 40 0.038082674 
79 488 21 26 0.037728075 
746 467 18 25 0.03772444 
20 603 39 42 0.03735649 
357 522 41 53 0.037211508 
52 148 22 30 0.03709837 
357 347 29 38 0.036848094 
659 496 36 44 0.03658463 
898 508 18 23 0.036210153 
616 508 26 33 0.036052883 
280 460 34 43 0.035633676 
10 571 49 60 0.035632264 
23 432 18 24 0.035616882 
150 552 34 44 0.035493374 
657 522 38 48 0.03530923 
301 486 37 43 0.035283227 
427 515 50 66 0.03495001 
602 602 42 47 0.034551874 
782 589 64 71 0.034333266 
87 463 65 82 0.034127936 
104 451 32 42 0.03402098 
684 563 26 32 0.033865556 
324 313 37 47 0.03386305 
310 503 25 31 0.033827014 
692 402 34 42 0.03381849 
3 514 26 35 0.033769425 
850 507 18 24 0.033723522 
281 498 64 82 0.0330825 
232 487 18 22 0.032919426 
418 308 21 28 0.03256076 
712 456 20 26 0.032484807 
578 609 45 49 0.032416627 
903 487 19 23 0.032352608 
638 587 27 35 0.03231189 
109 489 21 27 0.032105863 
27 457 18 24 0.032092664 
925 467 19 25 0.032017473 
244 504 43 52 0.031948082 
317 479 37 44 0.031799383 
680 579 28 37 0.031721957 
129 560 23 30 0.031713516 
53 529 25 31 0.031712357 
717 438 20 26 0.031579588 
47 493 75 89 0.03151047 
333 435 22 28 0.031475358 
665 466 20 26 0.031467386 
792 609 26 32 0.03138459 
257 536 30 35 0.031222627 
595 547 46 61 0.03108674 
586 254 22 28 0.030744303 
776 628 45 50 0.03068791 
892 536 19 24 0.03062889 
798 431 19 24 0.030582007 
72 480 40 50 0.03054931 
173 578 40 49 0.030510508 
28 488 20 26 0.03026233 
14 648 40 44 0.03012561 
212 437 18 24 0.02992659 
69 453 31 41 0.029881895 
798 534 19 24 0.029832339 
640 532 26 33 0.029737324 
993 441 18 24 0.02964998 
673 414 19 25 0.029622361 
746 611 26 32 0.02954637 
492 633 45 56 0.029503409 
95 530 27 33 0.029320901 
157 435 18 23 0.029283779 
736 543 21 27 0.02917041 
155 465 17 22 0.028947966 
642 441 20 26 0.028849455 
821 634 30 35 0.028596707 
458 258 35 45 0.02854218 
218 598 41 47 0.028430343 
667 483 54 65 0.028166417 
601 633 38 42 0.028137635 
233 407 20 28 0.027816538 
68 438 28 39 0.027814481 
789 589 24 30 0.027686521 
377 488 39 54 0.027674401 
248 543 50 56 0.027663145 
793 471 32 40 0.027484095 
102 479 40 50 0.027379956 
880 535 21 25 0.027374487 
118 491 36 43 0.027306791 
184 485 19 24 0.027128043 
160 78 22 30 0.027102804 
820 652 31 37 0.02700461 
232 432 18 23 0.026952457 
976 443 21 25 0.02693566 
839 594 27 33 0.026828153 
742 417 18 24 0.026373072 
926 411 18 23 0.026316341 
275 536 25 30 0.026260337 
820 564 24 28 0.026200492 
719 590 24 31 0.026188165 
947 488 19 25 0.02613334 
-55 506 343 358 0.026026007 
950 508 19 25 0.025911419 
603 521 49 60 0.025890542 
179 437 20 25 0.025671242 
234 519 42 53 0.02566389 
270 636 53 51 0.025663394 
309 504 60 75 0.025353324 
612 463 21 26 0.025302153 
762 381 67 85 0.025232619 
744 556 21 25 0.02521855 
566 256 25 32 0.02521019 
100 556 23 31 0.025115997 
28 416 18 24 0.025101116 
200 378 25 32 0.025087679 
304 465 19 24 0.024997102 
126 440 17 21 0.02493403 
847 535 20 24 0.024854092 
179 629 33 38 0.024823193 
155 603 37 42 0.024748124 
786 638 28 33 0.024662303 
363 481 37 45 0.024650544 
526 523 36 48 0.024627304 
129 451 131 164 0.024540745 
285 483 18 21 0.024418663 
877 566 20 25 0.024330143 
400 546 38 54 0.024143733 
57 485 21 25 0.02407575 
765 578 118 104 0.023830969 
303 420 35 45 0.023829026 
682 421 52 62 0.02369972 
494 336 56 71 0.023636274 
842 636 24 30 0.0235529 
514 271 29 38 0.023511881 
492 243 63 78 0.023482412 
928 437 18 23 0.023410812 
680 634 38 43 0.02336938 
50 548 42 51 0.023368709 
146 576 36 44 0.023244424 
770 455 32 42 0.023172984 
713 414 19 25 0.023117354 
205 484 33 43 0.023113467 
835 653 28 36 0.02309103 
794 562 21 25 0.023067322 
761 250 29 35 0.023020873 
368 486 21 27 0.022929749 
419 492 49 58 0.02289755 
1 507 69 85 0.02280423 
236 530 23 30 0.022592971 
952 405 19 24 0.022586001 
129 535 21 28 0.02256318 
762 575 53 65 0.022553533 
705 542 53 68 0.022553401 
663 637 29 34 0.022464454 
509 508 38 49 0.022270232 
53 479 35 45 0.022249129 
200 579 44 51 0.022231193 
119 525 36 47 0.022159273 
774 409 23 28 0.02210943 
454 527 56 71 0.022081336 
259 434 20 25 0.021953903 
50 379 26 32 0.021936363 
229 385 20 28 0.021856895 
-27 561 169 189 0.021837175 
798 270 29 35 0.02183328 
85 79 21 27 0.021819767 
30 381 20 25 0.021815635 
925 381 20 27 0.021742905 
231 408 93 122 0.02172946 
261 467 72 84 0.021721715 
684 525 37 47 0.02164601 
252 486 38 48 0.021633442 
22 447 28 42 0.021603432 
876 525 32 41 0.021494376 
381 461 23 31 0.021343483 
198 627 37 41 0.021237269 
380 486 26 35 0.02123391 
129 473 49 63 0.021180024 
953 390 20 25 0.02112897 
669 406 35 46 0.021105535 
484 137 20 26 0.021031203 
550 360 70 94 0.021011706 
714 476 32 39 0.021009896 
76 377 26 34 0.021002267 
-201 318 677 719 0.020979326 
173 526 48 60 0.020965511 
349 326 37 47 0.020945601 
201 535 23 29 0.020925537 
1 576 32 43 0.020891933 
211 620 46 49 0.020887487 
46 444 51 69 0.020877201 
784 654 29 35 0.02071972 
405 483 30 37 0.02063604 
256 627 45 46 0.02057842 
790 452 36 45 0.020574372 
653 469 49 61 0.020555804 
276 477 38 46 0.02052766 
554 264 38 48 0.020527115 
587 575 40 51 0.020509422 
4 551 30 41 0.02049054 
38 539 73 83 0.020480001 
848 439 17 20 0.020446066 
645 545 66 76 0.020234035 
669 432 20 26 0.020233743 
46 144 39 52 0.020136269 
213 470 62 83 0.02009024 
995 455 17 23 0.020079354 
