2_Demonstration_Political_Rally_2_391
30
676 266 109 141 0.99960595 
316 104 88 111 0.99809796 
26 109 82 119 0.99786574 
873 662 125 100 0.19639371 
988 219 28 42 0.0958246 
501 626 80 94 0.057941336 
992 275 25 39 0.03960607 
24 61 76 88 0.034300517 
203 95 77 102 0.033849515 
85 32 67 102 0.033481833 
917 314 49 59 0.032436088 
0 138 32 52 0.031696737 
-10 127 69 93 0.030192224 
873 276 114 170 0.029472746 
989 204 28 36 0.028966147 
233 78 72 102 0.027531764 
793 221 111 130 0.027222743 
909 325 64 86 0.02683896 
837 263 84 99 0.025728256 
294 85 77 107 0.024776224 
977 236 33 57 0.02420102 
925 324 29 36 0.024076942 
267 75 69 98 0.023674946 
960 167 34 45 0.023444137 
501 128 48 75 0.022949528 
455 633 96 126 0.022583805 
974 260 36 58 0.022534057 
334 60 72 88 0.021481127 
79 -2 91 96 0.021339297 
962 235 61 96 0.020060068 
