2_Demonstration_Demonstrators_2_196
671
433 540 16 20 0.2663552 
239 675 17 21 0.25415948 
440 590 16 19 0.21422437 
410 622 16 19 0.19585669 
624 537 20 26 0.18625823 
237 622 16 19 0.16105329 
234 683 17 20 0.16044596 
100 364 20 23 0.15982361 
384 509 16 21 0.15352856 
305 592 18 22 0.15230717 
262 430 16 21 0.15158387 
229 439 16 19 0.14881718 
232 456 15 19 0.14861631 
495 414 19 24 0.14694117 
521 565 16 21 0.14640293 
341 534 17 21 0.14390315 
230 384 17 21 0.14337394 
258 661 17 20 0.13911828 
154 491 16 19 0.13817607 
422 538 17 20 0.13577183 
234 508 16 20 0.13418885 
567 715 19 24 0.13415857 
266 651 16 19 0.1335663 
929 465 53 58 0.13310973 
674 696 19 22 0.1318376 
366 717 19 21 0.13103618 
694 619 19 23 0.1297907 
849 712 18 21 0.12837571 
675 716 20 23 0.12670822 
616 196 25 29 0.12581801 
204 690 15 18 0.12574375 
519 378 18 21 0.124619514 
83 714 18 23 0.12261068 
627 667 17 21 0.12142081 
820 510 27 33 0.120374255 
620 609 17 21 0.12020101 
617 598 18 23 0.1197895 
48 691 20 25 0.11911929 
482 572 18 22 0.11822354 
261 590 15 19 0.11810617 
720 720 18 20 0.115596645 
304 535 16 20 0.11350505 
190 670 15 18 0.11254459 
574 583 17 22 0.111365214 
107 668 16 20 0.11031804 
744 594 18 22 0.1098911 
134 691 16 19 0.10965237 
130 723 17 20 0.109255426 
291 454 16 20 0.10897555 
415 634 18 22 0.10415841 
204 671 16 19 0.103166714 
333 487 16 20 0.1011744 
337 661 17 21 0.100708574 
260 539 16 20 0.09985494 
413 439 17 21 0.09721785 
150 643 16 20 0.09644993 
507 411 20 26 0.09616658 
135 416 16 20 0.09570794 
454 382 18 21 0.095312595 
750 716 17 20 0.094884634 
746 699 17 20 0.09472541 
303 518 15 19 0.09421368 
188 587 14 18 0.09297175 
521 543 17 21 0.09272221 
518 591 17 21 0.09234857 
260 421 16 21 0.09228902 
572 570 18 21 0.09215324 
490 336 18 22 0.091525234 
162 718 16 18 0.09122808 
689 720 18 22 0.09117524 
212 640 16 19 0.09102784 
160 466 16 20 0.0909151 
233 638 15 19 0.09082833 
662 570 17 21 0.08976816 
217 466 16 20 0.08891758 
289 589 15 19 0.08872842 
367 694 19 21 0.0875575 
178 719 15 19 0.08641884 
141 639 16 20 0.08497691 
264 567 16 20 0.08315335 
391 562 16 20 0.08263768 
338 644 16 20 0.082336985 
439 568 17 21 0.082302555 
483 583 17 21 0.082272105 
366 670 17 21 0.08205979 
282 667 17 21 0.08185556 
53 673 18 22 0.081758805 
359 593 16 20 0.081570394 
290 536 17 20 0.08105221 
294 410 16 21 0.080897875 
256 490 16 19 0.08061134 
512 717 26 29 0.08022181 
332 619 16 20 0.0796436 
85 691 17 20 0.07935314 
183 645 15 18 0.07882255 
635 672 18 22 0.07860419 
101 377 19 23 0.07804682 
634 538 17 22 0.07669153 
190 620 14 17 0.076659195 
396 615 15 18 0.07656032 
257 615 15 18 0.0764734 
236 496 17 20 0.07601439 
295 516 15 18 0.07600208 
414 564 16 20 0.075720735 
780 565 18 22 0.07537118 
590 641 17 22 0.07444576 
586 409 16 20 0.07444153 
235 589 15 19 0.074303105 
239 723 18 19 0.074008785 
191 689 15 18 0.07322364 
180 490 16 19 0.07320932 
408 310 16 21 0.07316692 
179 466 16 20 0.07306942 
764 665 17 21 0.07271543 
472 567 17 21 0.07242862 
377 715 20 23 0.072016135 
286 389 15 20 0.071320415 
138 489 16 18 0.0706232 
362 612 16 19 0.07032943 
539 386 17 22 0.0702415 
286 444 17 22 0.070118725 
7 564 17 24 0.07008513 
487 354 16 20 0.07006536 
211 487 17 20 0.06995109 
460 340 16 21 0.06934923 
316 612 17 21 0.06925759 
760 738 22 26 0.06918905 
475 618 16 20 0.06897061 
256 461 16 19 0.06886642 
948 659 23 27 0.06870778 
687 693 17 21 0.06844256 
458 359 16 20 0.06833814 
462 512 17 21 0.06774919 
584 588 16 20 0.06743803 
592 694 17 20 0.06718183 
670 521 19 22 0.06669773 
206 621 16 18 0.06662322 
460 489 17 21 0.066381544 
182 541 15 18 0.06617071 
440 487 18 22 0.0660601 
585 567 17 23 0.065999 
368 512 16 19 0.065856636 
155 692 15 18 0.0653307 
339 519 15 18 0.06513393 
462 537 17 21 0.06499242 
801 696 15 19 0.06466811 
591 660 18 22 0.06464628 
415 592 16 18 0.063964725 
387 594 15 18 0.06384789 
435 306 18 23 0.063739486 
338 716 17 20 0.06354036 
389 380 16 20 0.06340858 
218 436 16 18 0.063237615 
134 361 16 19 0.06311184 
276 649 16 19 0.062985435 
623 693 18 21 0.06272929 
638 685 18 22 0.0625844 
696 558 17 22 0.06252162 
36 613 18 21 0.062352527 
256 514 16 19 0.0620094 
415 489 18 21 0.061993696 
567 545 17 21 0.061474226 
614 182 27 32 0.061352666 
232 569 15 19 0.061341405 
621 555 20 25 0.061281163 
590 715 17 21 0.061081063 
515 733 28 33 0.060975127 
645 560 18 22 0.060815416 
311 669 17 21 0.060665894 
251 718 17 20 0.060419045 
789 564 19 24 0.060245138 
303 417 17 20 0.06009578 
367 460 15 18 0.060047694 
332 335 16 19 0.059702598 
724 698 17 20 0.059509642 
261 382 15 19 0.059443425 
518 368 18 22 0.059399933 
236 539 15 18 0.059237666 
538 717 23 28 0.059121832 
440 289 17 20 0.059109744 
381 667 17 22 0.05880294 
670 531 18 22 0.058769565 
153 358 16 19 0.05875862 
465 461 18 20 0.058567476 
408 332 16 22 0.058262177 
9 672 19 25 0.0580985 
52 709 18 22 0.05779613 
598 314 20 25 0.057597667 
519 611 17 21 0.05755281 
511 694 21 25 0.057450067 
285 687 17 21 0.05697306 
338 305 16 20 0.056849483 
283 568 15 20 0.05665143 
210 715 16 19 0.056566175 
369 490 15 18 0.056521017 
152 589 17 21 0.056484256 
106 519 15 19 0.056369625 
30 229 23 27 0.056325726 
443 334 17 21 0.056186028 
440 610 17 21 0.056061544 
468 309 16 19 0.05586505 
353 539 17 21 0.055357736 
60 537 17 21 0.055193678 
473 639 18 21 0.05517181 
209 590 15 17 0.055169534 
335 388 16 20 0.055111516 
319 490 16 19 0.055100877 
545 673 18 23 0.055043582 
743 563 18 22 0.054295328 
975 530 34 47 0.05428809 
521 646 17 21 0.05402391 
257 692 17 19 0.054008402 
714 735 22 27 0.05375298 
187 512 15 17 0.05370521 
311 689 17 21 0.053358246 
541 686 20 24 0.05328209 
515 667 18 22 0.05327859 
332 695 17 19 0.052873302 
84 646 16 20 0.052757997 
180 570 15 18 0.05248348 
646 636 18 21 0.051781837 
12 363 16 23 0.051693596 
362 732 23 28 0.05144166 
100 688 16 20 0.051384915 
822 690 17 20 0.051366996 
287 492 15 19 0.05121022 
747 540 18 23 0.05049598 
596 736 21 26 0.050472923 
484 314 17 21 0.05047043 
316 359 16 19 0.050332956 
799 719 16 18 0.050267514 
560 659 18 24 0.050252467 
664 589 18 22 0.050230965 
155 505 15 18 0.049941923 
384 494 16 20 0.049896255 
493 694 20 25 0.04982643 
357 566 16 21 0.04964346 
392 255 18 21 0.04948802 
213 565 14 17 0.04903245 
919 638 18 23 0.049018256 
523 154 22 26 0.048964247 
823 720 18 20 0.048957348 
365 443 16 19 0.048917487 
992 611 22 33 0.04882331 
443 512 16 20 0.048657406 
134 674 16 20 0.0485284 
81 670 16 20 0.048401475 
541 563 16 21 0.048269432 
879 540 21 25 0.048189193 
697 543 18 23 0.04806542 
645 303 27 32 0.04804374 
539 542 17 23 0.047839954 
486 458 17 21 0.04781221 
234 734 23 28 0.04769637 
848 699 19 22 0.047691453 
756 668 17 21 0.0475794 
379 697 19 22 0.047552917 
316 340 15 18 0.04726414 
542 593 16 20 0.0467095 
410 358 17 21 0.046680875 
566 436 17 22 0.04627599 
617 713 18 21 0.046234254 
161 546 16 19 0.046129588 
413 511 17 21 0.046123084 
338 410 15 18 0.045858636 
208 511 15 18 0.045785416 
159 669 16 19 0.04568275 
28 641 16 20 0.045640122 
85 586 17 20 0.045377873 
574 408 17 22 0.045274176 
287 614 15 19 0.045256406 
234 417 17 20 0.04510834 
155 441 16 20 0.04503561 
620 415 70 87 0.0450069 
341 562 16 20 0.04498379 
180 359 15 18 0.044982843 
235 364 18 20 0.044947114 
317 643 15 20 0.04485636 
419 416 16 20 0.044801254 
595 542 17 23 0.044474635 
621 390 107 148 0.044441633 
339 592 17 20 0.04441222 
541 613 17 21 0.04439778 
135 431 17 20 0.044396825 
410 285 16 19 0.044367645 
638 517 17 20 0.044346865 
308 459 16 19 0.04432075 
621 410 17 21 0.044051852 
181 291 17 21 0.04399898 
448 363 16 19 0.043931987 
287 332 16 20 0.04380061 
334 441 16 19 0.043797474 
123 733 21 27 0.04379533 
390 538 17 21 0.04371987 
567 509 16 20 0.043703273 
51 642 16 19 0.043365847 
8 684 17 23 0.043283556 
210 543 15 19 0.043264672 
720 643 17 20 0.04322572 
104 651 16 19 0.04315693 
529 733 26 33 0.043122675 
240 340 17 18 0.04281476 
138 620 16 20 0.042698298 
471 588 16 20 0.04268713 
642 620 18 22 0.042672615 
413 460 17 20 0.042571414 
696 593 17 20 0.04221337 
621 516 19 23 0.042069465 
880 718 18 21 0.041818585 
745 612 18 21 0.041551236 
594 622 17 21 0.04148168 
162 389 15 18 0.04138875 
566 696 18 22 0.041379478 
412 714 20 25 0.041357767 
46 615 17 21 0.041353285 
108 535 16 20 0.041331008 
637 487 18 21 0.04131622 
433 672 18 22 0.04129722 
363 709 33 36 0.041094296 
464 735 22 28 0.041022982 
540 514 17 21 0.040994022 
136 512 15 18 0.040961258 
564 646 18 23 0.040844735 
310 384 16 19 0.040672936 
667 455 22 26 0.040649436 
462 694 18 22 0.04059339 
258 366 16 19 0.040439155 
719 661 17 20 0.040320136 
564 489 18 22 0.040281218 
109 467 16 20 0.0402657 
360 642 16 19 0.040217675 
767 716 17 20 0.040213056 
515 518 17 20 0.040208947 
726 591 17 21 0.040198736 
566 616 17 22 0.040195942 
818 736 21 26 0.04012848 
140 590 17 21 0.039958894 
362 362 16 21 0.039876185 
89 360 19 24 0.039833885 
461 718 18 22 0.03971151 
623 645 16 20 0.0396795 
104 719 17 20 0.0392994 
180 386 15 18 0.03917452 
623 436 17 21 0.03892759 
47 593 17 21 0.03891112 
285 362 15 18 0.038785856 
442 464 16 20 0.038739923 
287 305 15 20 0.03863928 
333 466 17 20 0.038632274 
483 644 16 20 0.03836159 
687 732 22 29 0.038357433 
307 263 17 20 0.038124494 
436 715 21 25 0.0380851 
337 359 15 20 0.03806386 
405 614 28 34 0.03789597 
135 387 15 18 0.037653886 
127 338 15 18 0.037547242 
311 566 17 21 0.03752745 
24 668 15 20 0.037486304 
133 546 17 21 0.037335712 
624 390 16 20 0.03728943 
418 669 18 23 0.037056986 
309 439 17 21 0.03703546 
672 733 23 29 0.036896486 
432 642 17 21 0.03680081 
31 722 15 19 0.036743447 
644 721 18 22 0.03643186 
366 279 18 21 0.03629862 
893 725 18 21 0.036106154 
720 621 17 21 0.036027115 
213 416 15 19 0.035989985 
599 147 40 50 0.035898153 
490 541 17 19 0.035886064 
591 433 16 18 0.035824392 
440 439 17 21 0.035758466 
800 738 20 24 0.035756018 
81 493 16 19 0.035550438 
59 384 16 20 0.035368796 
392 365 17 21 0.03535955 
720 514 18 21 0.0352647 
56 516 17 21 0.03513626 
981 693 19 25 0.035077304 
289 736 23 27 0.035058837 
609 152 23 27 0.03497665 
387 412 16 19 0.034888607 
339 291 17 21 0.034880508 
460 441 18 22 0.034868907 
73 539 16 20 0.03477817 
159 561 17 19 0.03476635 
817 159 20 25 0.034682 
492 431 18 23 0.03466775 
718 535 18 22 0.034661174 
365 384 16 20 0.034594137 
104 235 18 22 0.034445714 
25 733 19 25 0.034432907 
494 713 21 25 0.034420814 
30 409 17 24 0.034382664 
648 592 17 21 0.03434886 
714 189 44 48 0.034309477 
239 225 18 24 0.0342805 
35 597 16 20 0.03426446 
421 76 19 24 0.03421382 
542 407 17 22 0.034087915 
607 313 21 26 0.034066226 
406 262 16 20 0.03404125 
928 690 17 20 0.03389667 
565 461 18 22 0.0338392 
180 413 16 19 0.03382802 
569 387 18 23 0.033688977 
210 337 16 20 0.033662796 
4 285 19 26 0.03360536 
138 261 16 20 0.033410203 
183 438 16 19 0.033228915 
673 616 17 21 0.03321687 
435 586 29 34 0.033127297 
57 362 17 21 0.03311146 
215 389 16 19 0.033098795 
157 412 16 20 0.033085212 
641 359 20 25 0.0329769 
107 487 16 19 0.032819714 
22 362 15 21 0.03281933 
31 541 14 19 0.032634694 
157 739 20 23 0.03254268 
723 176 26 29 0.032536056 
76 414 17 21 0.032479744 
132 469 16 20 0.032467972 
541 364 18 22 0.0324454 
840 661 20 24 0.03243904 
657 302 26 32 0.03226412 
770 620 18 21 0.032145184 
769 644 17 20 0.032092594 
437 688 19 22 0.032014713 
5 636 17 22 0.03184168 
891 178 20 24 0.03180472 
103 588 16 20 0.031713706 
151 618 16 19 0.03154417 
363 414 16 19 0.031484473 
286 290 15 18 0.03147406 
160 340 16 19 0.03145754 
336 736 21 25 0.031350814 
395 310 18 22 0.031255938 
305 716 17 20 0.031179503 
641 383 18 23 0.031094939 
540 462 18 23 0.031078123 
493 666 18 22 0.031047378 
605 161 58 69 0.031007694 
770 694 17 20 0.031007178 
185 301 17 21 0.030960348 
821 566 21 26 0.030951172 
843 646 22 25 0.030862294 
285 261 15 19 0.03080032 
662 448 79 98 0.030615278 
459 289 16 19 0.03047321 
385 438 15 18 0.030442476 
385 278 16 20 0.03041586 
802 663 17 20 0.030328402 
803 648 17 21 0.030288266 
597 488 18 22 0.030268524 
537 338 18 23 0.030215781 
770 589 17 21 0.030208927 
825 663 19 23 0.030201066 
32 692 15 19 0.030079788 
2 258 19 25 0.030026974 
412 381 17 21 0.029965514 
54 564 17 21 0.029844804 
179 737 19 24 0.029786345 
949 732 23 27 0.029515624 
597 509 18 21 0.029425813 
564 729 23 31 0.029289624 
800 591 19 23 0.029286966 
993 707 18 25 0.029153408 
154 262 15 19 0.029144242 
722 202 27 29 0.029116815 
667 442 22 25 0.029095821 
106 333 17 20 0.029049236 
916 248 88 105 0.02904874 
894 735 21 25 0.02901222 
291 718 18 21 0.028969226 
715 714 30 34 0.028921198 
182 340 15 18 0.02890934 
946 613 20 25 0.028874926 
135 560 18 22 0.028843697 
924 722 18 20 0.028832106 
60 492 16 20 0.028816571 
42 232 24 27 0.028624099 
211 358 16 19 0.028567651 
609 737 21 26 0.028530762 
75 706 31 36 0.028387355 
635 182 21 26 0.02816977 
924 622 18 23 0.02811842 
108 568 16 20 0.028028727 
84 512 15 19 0.028027672 
672 411 21 24 0.027974507 
31 517 15 19 0.027974473 
492 511 17 20 0.027972143 
513 378 30 39 0.027941067 
628 428 43 52 0.027786992 
724 564 16 21 0.027679862 
609 294 69 92 0.02754875 
699 671 17 20 0.027445871 
663 638 17 22 0.027432952 
653 437 46 54 0.027348127 
460 405 18 23 0.027289689 
430 73 19 25 0.02726246 
492 387 16 20 0.027229683 
693 487 20 25 0.027226314 
25 564 15 20 0.027148223 
440 411 17 21 0.027144313 
252 336 16 20 0.02713735 
586 394 17 21 0.027090093 
9 229 19 25 0.026952261 
597 461 17 21 0.026945302 
493 283 17 21 0.026906755 
799 537 18 24 0.026849315 
385 465 15 18 0.026815178 
610 279 20 25 0.02676117 
413 691 19 23 0.026606819 
101 307 17 22 0.026565375 
338 231 19 23 0.026513198 
846 736 21 25 0.026484197 
692 126 85 104 0.026476402 
952 723 19 21 0.026459938 
543 642 16 20 0.026453478 
642 734 22 27 0.026431344 
819 586 21 27 0.026259532 
736 176 25 31 0.02618006 
75 734 21 27 0.026043957 
699 635 18 22 0.026036778 
667 669 18 21 0.025975296 
78 435 17 21 0.025934994 
515 336 18 22 0.025870465 
601 338 105 142 0.025851559 
638 328 24 30 0.025661416 
515 460 17 23 0.025633626 
263 282 15 18 0.025479695 
85 382 18 21 0.025452761 
84 616 16 18 0.025379566 
159 281 16 21 0.025150219 
873 694 18 22 0.02514776 
8 150 20 28 0.024787508 
469 319 121 148 0.02467497 
632 285 56 67 0.024658363 
555 234 76 99 0.0246226 
541 486 17 22 0.024544759 
744 712 29 34 0.024530886 
908 643 18 21 0.024428021 
299 587 29 37 0.024424588 
623 660 29 36 0.02434446 
208 311 15 19 0.024222495 
504 691 35 41 0.024194108 
591 296 51 63 0.024147928 
620 684 29 35 0.024078874 
439 260 17 21 0.024076236 
819 647 21 24 0.024070382 
22 157 20 25 0.023992619 
819 305 54 73 0.023952946 
395 330 16 23 0.023950115 
514 558 29 36 0.023931818 
154 232 16 19 0.023892421 
749 639 17 20 0.023891738 
844 705 31 35 0.02380805 
393 644 16 19 0.023775268 
771 541 17 22 0.023768049 
34 -3 85 77 0.023643618 
680 472 44 55 0.023638211 
409 624 30 37 0.0235636 
476 577 29 34 0.023481717 
813 488 55 69 0.023443578 
8 594 122 168 0.023441685 
716 151 24 28 0.023437783 
513 430 19 24 0.023383068 
801 612 18 23 0.023373067 
55 460 16 19 0.023362322 
740 436 20 27 0.02329761 
839 509 23 29 0.023187114 
28 488 15 18 0.023103638 
412 67 35 41 0.023066968 
818 525 22 30 0.023043606 
534 685 35 42 0.023001214 
741 689 29 37 0.022966731 
301 736 21 26 0.022962645 
445 373 30 37 0.0229584 
671 486 19 23 0.022942284 
640 156 21 26 0.022883995 
262 261 16 19 0.022878978 
136 232 15 19 0.02284429 
239 311 14 17 0.022828305 
251 654 28 34 0.022787878 
636 82 18 21 0.02271655 
866 485 22 28 0.022670155 
127 717 28 33 0.02266048 
780 552 32 41 0.022657597 
102 288 17 23 0.02258241 
559 209 21 26 0.0224792 
982 712 18 23 0.022454247 
638 458 21 25 0.022450604 
306 282 16 19 0.022444198 
545 440 17 22 0.022428464 
592 279 18 22 0.022345861 
562 177 20 23 0.02233047 
674 75 17 21 0.022309192 
418 532 28 35 0.02227204 
596 181 23 26 0.022245567 
463 668 18 21 0.02217675 
630 471 38 46 0.022169473 
364 334 17 20 0.022163063 
414 735 22 28 0.02214975 
182 259 15 17 0.02212867 
948 684 18 24 0.022062667 
900 690 17 21 0.02201495 
878 738 20 24 0.02197177 
742 516 19 22 0.021930518 
8 717 17 21 0.0219286 
515 489 17 21 0.021907894 
695 490 71 90 0.021870308 
691 511 18 22 0.021867719 
595 201 21 26 0.02168818 
945 647 22 27 0.021662971 
86 332 18 21 0.021658344 
362 691 32 39 0.021632448 
991 431 22 32 0.02162035 
76 686 30 37 0.021571111 
915 351 25 31 0.02154893 
669 123 18 24 0.02151503 
619 489 19 22 0.021509701 
922 735 21 26 0.021412466 
233 179 19 24 0.021411177 
888 255 148 179 0.021388428 
606 477 83 115 0.02134502 
55 412 17 21 0.02118844 
583 707 30 35 0.021163914 
609 327 21 25 0.021085845 
810 150 34 42 0.021046918 
738 586 31 37 0.02102846 
512 124 19 24 0.021020178 
956 266 42 53 0.02100442 
774 508 19 24 0.020968752 
519 110 19 23 0.020899119 
109 617 15 18 0.02075084 
718 104 18 20 0.020746248 
845 561 19 26 0.020741034 
484 329 29 37 0.020690221 
623 73 19 24 0.020667596 
454 332 29 37 0.020580504 
336 528 27 34 0.020579739 
231 36 64 78 0.020569151 
253 230 18 23 0.020566916 
287 127 19 23 0.020539029 
230 676 28 33 0.020457065 
639 409 19 23 0.020426016 
419 464 118 145 0.020422332 
660 405 43 52 0.020422217 
432 229 19 24 0.020415986 
718 219 26 32 0.020378651 
553 342 74 96 0.02037648 
599 151 20 24 0.0203751 
48 247 22 26 0.020367498 
816 263 152 176 0.020241026 
379 500 28 35 0.02021218 
30 210 20 24 0.020174548 
132 309 17 21 0.020133045 
489 488 16 21 0.02009507 
637 438 21 26 0.020067358 
385 237 17 22 0.02005565 
285 237 17 21 0.020053362 
970 659 21 28 0.020050135 
840 481 40 51 0.020044422 
0 508 16 22 0.020039808 
446 340 73 95 0.020034496 
613 588 30 38 0.020015003 
82 571 16 20 0.020013187 
