2_Demonstration_Protesters_2_563
98
101 241 80 101 0.99885094 
876 210 59 78 0.9978662 
820 313 99 114 0.9975358 
721 240 67 89 0.9969008 
391 190 66 93 0.9959643 
559 217 36 43 0.954314 
224 253 43 52 0.82604116 
669 251 52 66 0.7595903 
633 184 27 35 0.6165379 
816 182 37 46 0.60623527 
670 166 30 37 0.595516 
303 236 27 32 0.4711151 
229 209 41 51 0.34523913 
973 208 37 55 0.14045022 
506 -1 79 84 0.13345827 
4 173 65 134 0.12876481 
849 232 72 87 0.097339876 
762 198 47 60 0.09517028 
772 195 30 35 0.07267849 
331 396 72 75 0.06613504 
549 318 35 44 0.058579598 
897 219 66 91 0.057207726 
961 130 53 97 0.05442412 
828 209 55 69 0.05270599 
785 249 33 44 0.047647014 
551 299 36 43 0.046438582 
335 259 25 31 0.045891535 
578 328 38 48 0.0434035 
907 218 42 57 0.04319876 
254 171 24 30 0.040810518 
510 30 69 100 0.038769197 
178 261 25 34 0.03867896 
614 47 23 30 0.036775004 
467 -10 93 102 0.036517948 
972 234 38 54 0.035022233 
409 432 76 109 0.034641907 
559 178 28 37 0.03463428 
232 173 25 30 0.03431028 
526 76 45 63 0.03316587 
421 373 61 104 0.033132046 
42 307 62 87 0.03179516 
937 229 28 37 0.031555943 
353 249 39 50 0.031322423 
691 474 70 81 0.031159174 
484 185 38 55 0.030318867 
586 300 27 34 0.030050457 
331 267 38 48 0.028951652 
166 62 36 51 0.028755493 
615 393 63 67 0.02832436 
62 219 44 61 0.028211253 
502 187 41 54 0.027835416 
504 514 52 63 0.027533231 
611 379 44 54 0.027333278 
623 180 27 34 0.02616849 
366 444 91 105 0.02611707 
577 23 62 83 0.026066847 
961 295 43 67 0.025761373 
973 147 26 41 0.025621993 
475 295 33 43 0.025336657 
282 231 25 32 0.025208151 
534 270 37 47 0.025132604 
980 179 37 63 0.024896689 
182 274 24 32 0.024453977 
607 319 38 46 0.024390822 
527 142 41 54 0.024274988 
34 188 84 162 0.023945779 
362 204 28 37 0.02375981 
171 196 37 48 0.02368783 
534 94 28 36 0.023596032 
7 250 67 108 0.023385346 
557 285 28 35 0.023104575 
211 110 38 52 0.022354685 
910 -11 76 80 0.022330346 
314 417 77 111 0.022283213 
292 224 51 58 0.02168931 
989 226 27 40 0.021609422 
180 173 25 32 0.02159073 
532 47 27 35 0.021588584 
-228 294 712 750 0.021384418 
28 183 41 66 0.021248005 
333 311 67 79 0.021227371 
77 134 37 53 0.021180525 
15 6 62 94 0.021128397 
231 158 24 29 0.021115983 
280 172 24 29 0.020945286 
610 304 29 36 0.02093469 
610 70 23 31 0.020727316 
47 289 47 61 0.020641716 
205 249 41 55 0.020587284 
537 168 39 49 0.020559408 
-10 209 62 127 0.020387676 
582 362 63 76 0.020371296 
680 160 26 32 0.020364799 
296 464 139 169 0.020358674 
949 229 68 101 0.020349115 
634 241 54 69 0.02029714 
538 0 57 56 0.020247193 
280 254 27 34 0.0202049 
