2_Demonstration_Demonstrators_2_414
407
313 43 20 25 0.5944782 
595 103 21 24 0.51386696 
121 101 25 30 0.42629224 
289 94 21 27 0.40228626 
483 26 18 23 0.38336855 
6 90 26 34 0.37230435 
160 130 25 30 0.3573527 
176 54 18 23 0.2922408 
282 4 23 25 0.27630678 
258 55 18 22 0.2702959 
474 29 18 22 0.23429996 
133 45 19 24 0.23145121 
406 34 17 21 0.22473456 
494 104 20 25 0.20952387 
444 233 22 27 0.20039168 
235 120 21 25 0.19379745 
595 41 19 23 0.17579995 
846 110 20 24 0.17187622 
394 29 16 19 0.16346806 
407 77 18 22 0.16021438 
436 24 17 20 0.15755701 
53 115 25 31 0.15750517 
200 101 19 24 0.15650405 
337 184 19 26 0.1447053 
180 278 58 75 0.1437361 
311 35 19 23 0.13713413 
845 228 25 35 0.1335756 
443 122 20 24 0.13013433 
407 45 18 22 0.12837751 
358 29 16 20 0.12686126 
228 203 25 31 0.11865435 
442 246 23 29 0.11399127 
18 41 22 28 0.113205336 
768 99 20 22 0.1126266 
165 52 18 24 0.10904419 
132 34 18 22 0.10763929 
333 126 19 24 0.10661275 
521 27 19 20 0.10618558 
393 205 18 22 0.10090488 
413 104 21 24 0.10038124 
256 253 28 33 0.099811375 
235 53 17 21 0.098797575 
210 45 18 23 0.097063854 
98 6 24 28 0.096579485 
405 211 18 24 0.092822805 
233 220 25 31 0.08909226 
418 173 18 22 0.08889035 
676 110 17 20 0.08697406 
461 207 19 22 0.08690583 
206 35 17 20 0.085273914 
159 0 19 22 0.08496075 
407 224 18 24 0.08463902 
76 207 39 54 0.08451577 
590 84 18 22 0.08295463 
237 109 21 26 0.082073934 
284 20 19 22 0.08070069 
572 205 21 26 0.08053494 
187 200 22 27 0.080409996 
825 52 16 19 0.08003819 
341 33 17 20 0.079740465 
254 74 19 24 0.07932309 
509 108 20 24 0.0783025 
432 158 19 24 0.07753155 
303 95 20 25 0.077059306 
303 1 20 22 0.076989025 
442 49 17 21 0.07664851 
488 50 19 25 0.07416377 
340 151 19 24 0.073947944 
378 257 22 32 0.07381993 
132 77 21 26 0.07259611 
366 4 17 19 0.072317146 
265 264 48 56 0.07191079 
609 103 17 21 0.071520194 
180 1 18 21 0.070959665 
333 46 17 22 0.07054399 
696 55 18 22 0.07032352 
418 158 21 24 0.07014842 
485 204 18 22 0.070044115 
302 79 22 26 0.06957511 
537 27 19 21 0.06947195 
536 202 17 21 0.06894921 
715 53 18 21 0.06878741 
51 73 21 26 0.06866948 
518 52 18 21 0.06838784 
386 185 19 24 0.06828032 
490 6 18 22 0.06763396 
382 5 16 20 0.066013284 
315 150 19 25 0.065928966 
520 121 20 24 0.065574355 
185 174 21 25 0.06471831 
443 212 19 22 0.06466121 
435 110 20 24 0.06432315 
330 105 20 24 0.06413551 
357 46 17 20 0.06411862 
715 160 19 23 0.063179925 
488 77 20 24 0.06290874 
929 49 18 22 0.06267977 
695 204 18 23 0.06260066 
234 2 21 22 0.062514864 
430 173 17 22 0.06183171 
314 182 19 26 0.060298454 
612 44 17 21 0.06021739 
945 49 19 23 0.06017107 
396 76 18 22 0.06008039 
194 297 35 48 0.05987473 
10 243 41 58 0.05937015 
396 48 17 21 0.05936836 
355 149 18 24 0.05924065 
438 8 19 22 0.05869178 
200 158 19 25 0.058014534 
362 246 36 56 0.057608187 
172 130 20 27 0.05738292 
209 81 19 23 0.057326972 
260 3 20 22 0.057170372 
335 0 17 19 0.057151485 
286 51 17 22 0.05702528 
538 189 17 22 0.05691822 
493 150 20 24 0.056883037 
75 178 24 29 0.05688243 
207 1 19 20 0.056866538 
291 202 19 24 0.056784116 
568 2 22 22 0.0565718 
534 131 16 21 0.056525063 
179 70 19 24 0.05630396 
56 54 18 23 0.055101063 
182 157 20 25 0.05483953 
181 255 27 34 0.054639142 
482 259 18 23 0.05445431 
673 57 16 19 0.0540302 
870 22 19 22 0.05333689 
187 31 16 19 0.05318449 
537 258 17 21 0.052624803 
687 110 18 22 0.052542157 
18 83 23 29 0.052440364 
251 233 24 28 0.0521369 
127 0 18 21 0.05202578 
635 127 17 20 0.051833864 
694 69 19 23 0.051762983 
229 184 22 26 0.05163123 
238 74 19 23 0.05146941 
625 125 18 20 0.051427905 
159 27 17 21 0.051171232 
542 152 17 21 0.0507904 
877 8 20 23 0.050167195 
849 56 16 19 0.049885813 
466 47 18 24 0.049823537 
942 75 21 27 0.049330145 
510 76 18 22 0.049086012 
305 199 19 26 0.048368562 
563 59 17 19 0.04820365 
360 226 19 26 0.04803639 
640 108 17 21 0.047986574 
932 74 21 26 0.04752284 
167 48 30 37 0.04743348 
752 50 15 19 0.0472263 
792 104 17 21 0.046552904 
84 19 22 26 0.045869634 
566 72 17 21 0.045775075 
570 184 19 24 0.045760952 
5 -1 23 25 0.04568619 
512 159 20 24 0.045523975 
765 82 18 21 0.045187846 
927 33 18 21 0.04500368 
746 9 19 20 0.045001492 
674 73 16 22 0.044765078 
801 78 17 20 0.044452086 
610 35 18 20 0.044187088 
400 26 27 34 0.044094723 
105 55 17 22 0.043004043 
675 123 18 22 0.042920683 
763 53 18 22 0.042878896 
766 152 20 25 0.042850155 
545 72 16 20 0.042695086 
669 29 16 18 0.04234501 
565 155 19 22 0.042319104 
52 23 20 23 0.04218916 
71 119 22 29 0.042067423 
721 171 17 22 0.042025294 
314 129 19 24 0.041953344 
189 98 20 24 0.04188836 
207 127 19 24 0.041874528 
543 56 16 19 0.04139621 
392 226 18 24 0.04106047 
160 72 20 26 0.040958796 
468 182 17 20 0.040761024 
586 1 17 20 0.040569194 
201 203 22 27 0.040544525 
539 233 17 21 0.040473264 
23 1 20 21 0.040453877 
692 123 18 22 0.040370993 
257 270 32 40 0.040272377 
233 28 16 19 0.040209167 
409 2 16 20 0.04015295 
821 79 16 20 0.040016674 
333 79 18 22 0.039833557 
181 275 33 44 0.039787505 
792 8 19 22 0.03934043 
359 206 17 21 0.039170608 
357 134 18 22 0.039078847 
519 227 18 22 0.038935654 
490 231 19 22 0.038817074 
826 100 17 20 0.038754683 
595 152 21 24 0.038416628 
410 118 21 26 0.038255215 
482 279 19 23 0.03824548 
668 2 20 20 0.03778365 
696 179 19 24 0.037525192 
385 151 20 24 0.037237782 
584 208 20 24 0.037230436 
971 30 17 22 0.03721624 
201 175 20 25 0.037203796 
288 77 29 38 0.037169345 
915 41 67 83 0.037106056 
617 82 17 21 0.03710566 
946 102 21 26 0.037091713 
747 21 17 19 0.037069518 
461 149 19 24 0.0370488 
803 52 17 20 0.037034802 
995 55 16 23 0.036942523 
252 104 20 25 0.036859978 
715 135 17 20 0.036843795 
56 153 21 26 0.03680412 
524 259 17 20 0.03679594 
328 174 32 42 0.036750387 
460 254 21 26 0.036532786 
248 244 57 64 0.03632202 
950 36 18 21 0.03620748 
355 181 16 22 0.036193084 
389 198 31 39 0.03604851 
14 27 32 37 0.03596855 
273 255 31 37 0.0359273 
979 50 16 23 0.035644975 
899 603 28 33 0.03559569 
3 153 25 35 0.03540583 
517 177 18 22 0.035225425 
922 43 40 48 0.0351823 
458 131 17 23 0.03500013 
147 116 44 56 0.03492648 
491 186 17 22 0.034900382 
850 156 20 23 0.034761045 
82 70 20 24 0.034638174 
518 4 20 21 0.034594137 
537 106 16 21 0.034564316 
853 178 17 22 0.03446686 
520 303 19 26 0.03441333 
177 396 40 60 0.034109417 
208 192 65 79 0.03409865 
294 176 56 74 0.034045726 
568 223 21 24 0.03359383 
521 286 18 23 0.03358192 
801 126 17 20 0.0335208 
696 33 17 18 0.033454858 
564 25 19 21 0.033427585 
76 160 19 23 0.033016663 
721 28 17 18 0.03296881 
158 143 23 29 0.03294321 
945 116 24 31 0.032934446 
851 77 16 20 0.032856464 
282 151 20 26 0.032512996 
522 210 17 21 0.032305736 
8 30 23 28 0.032114577 
302 189 33 44 0.03198523 
79 198 29 38 0.031936646 
615 179 18 22 0.031810287 
648 53 16 19 0.03171329 
363 77 16 21 0.03167584 
47 153 60 72 0.03148168 
196 281 33 42 0.03135997 
363 104 17 21 0.03126264 
251 121 19 24 0.031012608 
262 26 18 21 0.030943366 
978 125 20 26 0.030928148 
750 152 18 23 0.030821621 
966 167 23 31 0.030686857 
695 0 18 18 0.030655935 
870 50 17 21 0.030642003 
103 69 20 26 0.03060844 
403 218 31 40 0.03059013 
81 181 63 82 0.030568143 
84 55 18 23 0.030314185 
614 0 19 21 0.030168567 
648 28 17 19 0.030127235 
82 3 25 29 0.029780483 
613 152 19 23 0.029775374 
411 166 32 39 0.029669536 
927 62 41 51 0.029517602 
332 147 33 45 0.029438466 
490 123 19 26 0.029362852 
462 5 18 22 0.029316757 
286 123 20 25 0.029243814 
-1 68 42 57 0.029185938 
285 194 32 42 0.029145231 
643 179 17 21 0.028999642 
155 224 26 33 0.028831879 
285 183 20 25 0.028829584 
977 100 17 23 0.028661747 
561 262 18 24 0.028459266 
59 175 21 27 0.028234733 
647 77 16 20 0.02813993 
152 97 22 28 0.028007077 
304 145 67 95 0.027883274 
284 230 23 28 0.027834978 
612 206 17 21 0.02759168 
978 76 18 25 0.02758688 
406 189 75 102 0.027523238 
643 0 20 20 0.027396735 
353 221 34 49 0.027338397 
201 252 27 34 0.027327472 
850 212 19 24 0.027260438 
404 99 274 340 0.027253954 
432 17 28 36 0.027085321 
719 5 18 18 0.027034877 
103 87 49 59 0.026801236 
922 6 18 20 0.026626244 
670 152 19 23 0.026546873 
49 150 38 48 0.026541375 
717 72 18 20 0.026384702 
650 211 16 20 0.02625724 
201 187 47 60 0.026131885 
648 227 18 23 0.026097212 
592 117 21 26 0.025853738 
438 78 18 22 0.02583707 
699 228 19 23 0.025798362 
773 204 19 22 0.025688607 
49 2 21 25 0.02562496 
39 96 46 57 0.0255941 
855 27 16 19 0.02544 
754 537 343 361 0.02541194 
384 327 40 51 0.02540447 
800 176 17 21 0.025245333 
205 224 24 31 0.025141615 
183 224 24 31 0.02498432 
718 206 17 20 0.024847426 
411 256 19 27 0.024798378 
-68 538 353 350 0.024640806 
564 274 21 26 0.024573715 
893 5 17 20 0.024567703 
387 21 28 34 0.024556398 
-232 304 719 755 0.02455364 
818 181 17 21 0.02447051 
192 250 44 58 0.024395939 
313 175 33 44 0.024144974 
202 150 69 83 0.023960609 
387 220 32 43 0.02385318 
698 157 20 25 0.023850897 
713 236 19 23 0.023667866 
773 3 18 18 0.023648877 
994 2 19 22 0.023634356 
455 205 31 40 0.023624709 
464 102 18 24 0.023320718 
246 189 69 82 0.023183104 
63 101 33 43 0.023179524 
667 209 16 20 0.023129757 
820 2 18 20 0.02309612 
866 156 20 24 0.023035944 
796 20 17 19 0.022896169 
244 146 74 90 0.022879092 
746 206 17 20 0.022730082 
437 208 32 39 0.022653606 
587 223 19 24 0.022569375 
311 142 35 46 0.022489889 
404 168 126 156 0.022435054 
339 225 21 30 0.022395123 
326 123 32 40 0.022383988 
589 180 20 23 0.022373395 
573 102 17 22 0.022349251 
231 213 55 65 0.022342872 
978 1 19 22 0.022089778 
557 174 71 88 0.022065535 
304 225 21 28 0.021915581 
824 28 15 19 0.021855716 
519 19 33 36 0.021849489 
753 100 19 22 0.021840371 
20 231 26 34 0.021834731 
399 141 53 66 0.021807978 
581 327 682 733 0.021592947 
600 97 29 35 0.021558039 
67 129 96 131 0.021528317 
516 353 20 27 0.021446476 
50 45 33 40 0.021443764 
215 259 56 74 0.021443566 
131 121 101 130 0.021206763 
662 229 17 22 0.0210714 
304 29 31 36 0.021040754 
906 5 103 161 0.020982558 
641 150 18 22 0.020967118 
778 137 159 218 0.020913819 
723 103 17 19 0.02075014 
169 57 122 131 0.020727705 
253 203 21 26 0.0207251 
308 351 27 33 0.020676512 
308 123 33 41 0.020596702 
391 191 55 68 0.020571018 
257 181 20 25 0.020566193 
388 124 19 24 0.020467933 
538 3 22 23 0.020451305 
526 190 116 148 0.020423366 
171 182 48 61 0.020409612 
228 242 38 50 0.020364823 
361 359 26 34 0.020361932 
994 585 18 23 0.020318862 
260 153 19 24 0.020316623 
273 286 35 45 0.020312902 
584 82 32 38 0.020259168 
97 45 33 40 0.02015682 
797 162 17 20 0.020075236 
352 21 28 35 0.020025305 
