2_Demonstration_Political_Rally_2_763
37
799 243 75 95 0.99942076 
666 182 60 74 0.9990784 
534 152 76 114 0.9975344 
298 111 75 102 0.99656516 
741 216 51 61 0.9833798 
442 198 46 59 0.9207547 
246 148 53 69 0.9105843 
0 30 82 144 0.47553968 
269 124 68 96 0.13981432 
948 155 69 103 0.108044736 
387 153 56 71 0.10589482 
140 167 63 74 0.08758817 
379 186 47 58 0.05774705 
159 123 40 46 0.044294517 
134 97 23 27 0.035686918 
2 169 21 35 0.03453109 
138 132 66 76 0.03378904 
365 126 67 84 0.033271063 
946 205 67 92 0.032713763 
656 422 526 556 0.03191285 
-1 112 26 42 0.029858172 
-70 534 357 353 0.029225575 
405 90 29 37 0.028249716 
-227 330 702 735 0.026613977 
129 170 44 57 0.026395418 
-2 6 23 30 0.024601068 
204 146 23 29 0.02418345 
150 177 37 44 0.023893878 
193 139 39 52 0.023081558 
457 114 41 54 0.022691723 
153 139 31 37 0.02157071 
202 135 22 28 0.021253597 
451 133 41 55 0.021200636 
634 204 56 71 0.020539852 
379 145 33 43 0.020402292 
51 429 535 537 0.020310879 
175 193 36 41 0.020052666 
