2_Demonstration_Demonstrators_2_28
371
383 427 29 36 0.9854198 
658 603 51 65 0.95147586 
172 380 30 36 0.9471752 
171 514 46 58 0.93890876 
753 428 26 34 0.83577555 
37 382 35 44 0.8205791 
596 503 32 42 0.81663 
554 550 40 52 0.7661465 
514 444 28 36 0.71066725 
887 432 33 43 0.69334376 
458 399 24 34 0.68875533 
256 376 29 37 0.64977235 
481 362 20 26 0.6424359 
260 448 27 34 0.6364808 
566 358 21 28 0.62659216 
90 481 35 44 0.5947508 
955 355 23 28 0.54515773 
606 379 22 27 0.5247546 
98 355 21 28 0.47747204 
686 442 24 31 0.46893534 
665 375 21 27 0.46075457 
298 427 25 33 0.4543314 
795 328 19 24 0.42134637 
841 517 38 46 0.40765446 
429 355 21 28 0.39846316 
584 355 21 27 0.35093948 
473 357 21 28 0.33689514 
976 473 26 40 0.33624777 
45 555 36 49 0.30066696 
867 400 23 30 0.29996854 
645 364 18 24 0.2960466 
260 362 25 32 0.272117 
437 462 26 33 0.26942134 
420 352 21 27 0.25569025 
748 352 18 23 0.2513554 
330 357 20 25 0.22488058 
689 407 21 27 0.22415288 
619 365 19 24 0.21580209 
648 378 20 25 0.21362805 
459 384 29 39 0.20778555 
722 387 20 25 0.20666254 
133 364 21 28 0.20117038 
547 360 20 26 0.19147652 
839 380 20 25 0.18357664 
379 379 23 29 0.18298736 
805 358 18 24 0.17776166 
487 379 20 26 0.17368875 
229 484 37 48 0.17147684 
452 510 28 35 0.16597198 
367 380 21 26 0.16131756 
162 376 25 32 0.16097584 
661 367 20 25 0.15875119 
739 383 20 25 0.15199848 
691 335 18 24 0.15002622 
337 512 29 38 0.14912654 
828 383 20 24 0.14861786 
539 565 42 53 0.14847188 
877 437 26 35 0.14790978 
516 386 20 26 0.14457095 
713 402 20 27 0.14385127 
47 352 25 31 0.14344646 
545 507 26 32 0.14305882 
563 376 22 28 0.14289951 
979 405 20 28 0.14101508 
190 604 47 64 0.14067015 
692 385 19 24 0.13875677 
282 334 21 26 0.1363743 
513 351 19 24 0.13385922 
843 361 19 24 0.13384786 
56 337 21 26 0.13379367 
33 353 23 30 0.13223104 
893 360 19 24 0.13094497 
699 358 18 24 0.1306327 
848 454 22 30 0.13055044 
569 337 18 24 0.12538801 
816 363 17 22 0.11886329 
749 342 19 23 0.11864256 
-4 381 22 31 0.11576696 
231 332 18 24 0.115726635 
767 387 20 25 0.110561855 
929 313 20 26 0.10334765 
540 379 21 28 0.10196861 
589 340 19 25 0.09983687 
764 409 22 30 0.097897835 
592 487 30 38 0.09750048 
329 437 25 33 0.09714972 
228 358 21 29 0.09703641 
764 357 17 21 0.09634206 
85 353 22 27 0.09373798 
798 315 21 26 0.09365505 
277 377 25 32 0.09241769 
358 474 25 34 0.08933062 
706 581 34 44 0.08884009 
388 362 18 25 0.08873905 
303 415 24 31 0.08873485 
844 337 17 23 0.088523656 
696 503 26 33 0.086753234 
846 437 22 29 0.086105645 
236 384 25 33 0.08469351 
749 413 22 29 0.083515815 
275 358 23 29 0.08198029 
439 505 28 36 0.08075308 
668 335 18 23 0.079494424 
105 338 21 26 0.07918333 
927 327 18 24 0.07826669 
614 310 22 26 0.078224026 
993 342 18 24 0.077941805 
316 357 18 23 0.07770587 
994 353 18 25 0.07755518 
676 406 22 27 0.07683425 
416 339 22 29 0.076265864 
-2 358 19 28 0.07518074 
146 412 26 33 0.075071834 
382 445 26 34 0.072578095 
768 339 17 22 0.07127828 
253 394 25 34 0.0710589 
667 310 18 22 0.07029127 
153 364 22 28 0.06993449 
214 358 20 27 0.06919499 
179 361 25 30 0.06868388 
992 440 22 32 0.06850335 
880 361 18 22 0.06503689 
261 338 21 26 0.06421621 
615 328 18 23 0.063546084 
336 287 21 26 0.06298982 
719 363 17 22 0.060423538 
214 337 18 23 0.059612915 
749 302 17 22 0.05904476 
445 384 22 28 0.058848865 
430 278 20 27 0.058841944 
540 406 23 29 0.058510438 
794 404 21 27 0.057292014 
359 363 20 24 0.05612353 
747 503 29 36 0.055965904 
26 341 18 23 0.055311684 
431 339 21 26 0.05400822 
995 381 16 23 0.053649016 
854 409 21 26 0.052918144 
7 334 18 25 0.05291762 
448 475 34 43 0.052764624 
333 450 25 31 0.052369576 
800 384 19 24 0.05187044 
822 333 18 22 0.051854923 
4 479 23 35 0.050706223 
204 382 22 29 0.050206117 
414 274 23 30 0.0498408 
648 338 17 23 0.049811278 
127 336 19 24 0.04971909 
460 340 19 23 0.048738226 
485 402 21 27 0.048492808 
531 437 25 31 0.04841195 
332 409 22 28 0.048366327 
179 393 30 36 0.048155606 
509 506 24 32 0.047947805 
806 578 42 52 0.04794428 
330 300 21 26 0.047919795 
409 258 22 28 0.04780001 
401 429 23 30 0.04774221 
721 456 22 28 0.047313873 
354 521 35 43 0.04730362 
705 499 34 43 0.047233853 
943 439 22 30 0.04718827 
596 302 22 28 0.047137156 
199 431 23 31 0.04646429 
982 435 21 31 0.046404153 
534 619 40 53 0.046260398 
394 261 20 26 0.04618683 
949 338 20 25 0.04570788 
917 410 23 30 0.04549872 
715 483 25 32 0.045096833 
58 282 22 28 0.045053534 
0 431 22 31 0.04483351 
742 448 26 35 0.044284374 
274 454 22 29 0.04399729 
314 335 18 24 0.04351907 
901 414 25 33 0.043420095 
556 509 26 33 0.0433789 
227 551 39 51 0.043285456 
305 383 20 26 0.043263838 
311 226 20 25 0.04309662 
694 487 24 30 0.04304212 
923 387 21 26 0.042955376 
236 307 19 25 0.042837508 
273 331 34 44 0.042706843 
243 501 36 45 0.042678356 
719 436 21 27 0.042672068 
133 419 32 40 0.042031217 
412 382 20 26 0.04200069 
610 282 24 29 0.041651092 
330 340 19 24 0.04107346 
544 337 19 25 0.040872417 
79 337 19 26 0.04078232 
425 452 44 56 0.04042015 
530 452 24 30 0.040252835 
787 432 25 31 0.04018096 
288 413 23 28 0.039823163 
179 337 20 24 0.039533112 
164 312 18 23 0.03950562 
562 407 21 28 0.03894702 
246 352 50 64 0.03871825 
356 286 18 22 0.038699593 
446 408 22 29 0.038688008 
682 583 46 63 0.038666163 
515 407 23 30 0.03807894 
337 384 21 26 0.037364 
438 522 36 44 0.036843814 
944 308 19 24 0.036759082 
390 275 20 26 0.036235224 
203 405 22 29 0.036140725 
286 313 19 24 0.035951708 
721 335 17 22 0.03594607 
816 286 17 22 0.035848204 
944 405 21 27 0.03561767 
909 424 32 43 0.035447836 
850 503 42 53 0.03523833 
565 432 23 29 0.035180397 
817 307 17 23 0.035075445 
611 210 23 28 0.034877308 
106 382 22 29 0.034859937 
745 289 20 26 0.03481276 
978 339 19 26 0.034745596 
54 312 20 26 0.03468259 
795 787 24 32 0.034284614 
89 546 42 51 0.03405865 
405 340 44 57 0.034029514 
821 402 21 27 0.03366084 
376 638 45 60 0.033608947 
364 458 25 34 0.033454604 
350 513 26 33 0.033417407 
594 284 26 30 0.033066716 
438 431 24 31 0.03301037 
928 358 19 24 0.032695137 
675 436 23 28 0.0325937 
449 390 43 54 0.03252599 
845 479 27 35 0.032482576 
824 435 22 29 0.0322601 
453 463 25 31 0.032213304 
563 457 23 31 0.03192113 
1 498 33 50 0.031805996 
813 130 24 27 0.031323075 
898 383 20 25 0.031211734 
64 550 41 51 0.030935822 
384 481 24 31 0.030883087 
159 333 19 24 0.030804412 
967 449 42 67 0.030795729 
693 315 18 24 0.0306583 
613 432 22 28 0.030554172 
365 432 25 32 0.030255988 
174 308 18 23 0.030156055 
529 587 51 70 0.029937128 
227 516 40 51 0.029854309 
645 405 20 25 0.029724494 
723 308 17 23 0.029644376 
104 311 20 26 0.029644163 
738 254 21 26 0.029536443 
183 432 26 32 0.02937627 
665 641 516 553 0.029323561 
228 329 30 42 0.029308472 
569 346 42 54 0.029286064 
989 478 22 35 0.029157078 
978 384 19 25 0.029152004 
114 347 46 60 0.028598102 
231 462 25 31 0.028180411 
164 569 55 77 0.0280618 
357 302 20 25 0.027981311 
758 504 35 43 0.027842965 
180 444 34 42 0.027548492 
488 497 34 44 0.027530788 
-68 727 364 356 0.027484376 
407 411 22 29 0.027463928 
636 506 27 34 0.026803704 
257 173 23 29 0.026697114 
595 399 23 29 0.026681643 
685 558 31 40 0.0266126 
643 312 17 22 0.02655607 
323 511 50 60 0.026381237 
603 299 35 44 0.026367323 
202 255 21 26 0.026305605 
899 310 17 21 0.02615128 
358 334 19 25 0.026087625 
632 522 37 48 0.025837572 
48 483 27 35 0.025740344 
255 275 24 29 0.025626782 
825 521 41 50 0.025564143 
77 764 84 78 0.025527902 
919 532 27 37 0.025510864 
465 175 21 25 0.025478475 
382 506 28 35 0.025290785 
316 309 20 25 0.025151404 
513 479 26 33 0.02506552 
903 337 17 21 0.024856843 
55 209 21 23 0.024845501 
771 309 17 22 0.024830777 
329 279 35 43 0.024816204 
490 436 22 28 0.024793008 
332 83 64 83 0.024758032 
255 306 19 24 0.024749028 
169 486 43 55 0.024694514 
-223 510 714 736 0.024690524 
512 557 37 50 0.024689559 
390 301 20 26 0.02468367 
411 300 22 29 0.02451394 
202 451 26 34 0.02445326 
675 452 23 30 0.024430834 
375 529 28 36 0.024409534 
590 431 23 28 0.024406426 
873 336 17 21 0.024308916 
256 335 35 47 0.024281677 
232 300 32 44 0.024082057 
771 287 17 22 0.024058804 
666 289 19 23 0.023958834 
102 207 18 22 0.023943327 
921 543 39 50 0.023735547 
946 378 21 27 0.023646615 
838 536 45 55 0.023639612 
129 311 19 24 0.023560239 
211 236 21 25 0.023498507 
104 404 23 30 0.023269435 
914 445 36 48 0.02325943 
675 429 43 55 0.023178857 
492 341 18 21 0.02312044 
352 546 38 49 0.022879183 
860 468 39 51 0.022679271 
413 459 23 29 0.022430398 
7 311 18 24 0.022411814 
246 440 44 54 0.022362988 
390 337 19 24 0.022300944 
251 521 37 47 0.022285724 
570 312 19 26 0.0222781 
947 450 24 33 0.02226284 
431 260 20 25 0.022245517 
49 150 21 29 0.022178235 
640 487 23 30 0.022071999 
292 58 76 95 0.0220433 
586 517 32 42 0.022019481 
534 531 40 50 0.021997942 
1 519 36 49 0.02197098 
227 237 20 24 0.021960925 
947 461 52 72 0.02191761 
386 267 35 43 0.021850599 
758 350 28 37 0.021838509 
6 462 24 33 0.021838175 
993 409 19 26 0.021802701 
271 498 36 45 0.02161504 
613 176 22 27 0.021572808 
462 423 23 30 0.02156659 
810 357 27 35 0.021455195 
642 431 21 28 0.021443069 
489 311 18 23 0.021385621 
332 257 20 23 0.021384872 
967 521 38 52 0.021306394 
586 460 25 31 0.021297904 
408 475 33 41 0.021274962 
184 257 22 27 0.021235237 
456 522 28 37 0.021218652 
238 393 31 39 0.02108765 
131 459 24 33 0.020991107 
659 527 36 45 0.020980285 
25 479 24 33 0.020925386 
737 493 48 59 0.020843469 
966 485 37 56 0.02072046 
329 230 20 26 0.020615429 
331 181 20 24 0.020579835 
249 262 39 47 0.020459745 
293 420 42 54 0.020441651 
736 475 34 42 0.020395795 
740 558 38 47 0.020293271 
970 541 39 58 0.020198273 
278 487 25 32 0.020101022 
224 343 54 67 0.020079838 
461 6 21 22 0.020025177 
