2_Demonstration_Demonstration_Or_Protest_2_200
434
64 265 45 51 0.9778111 
279 219 34 42 0.9737868 
225 192 29 35 0.9343868 
794 386 38 49 0.9316091 
950 301 36 48 0.9027574 
178 229 31 38 0.8922002 
851 324 36 46 0.862826 
18 361 44 60 0.7130789 
814 449 45 50 0.6512978 
82 125 33 45 0.41959292 
900 300 27 34 0.3865455 
359 177 23 31 0.36824778 
842 180 25 30 0.34860402 
303 172 24 30 0.34303552 
393 156 23 31 0.3277141 
657 395 47 56 0.23156212 
275 66 26 32 0.22259009 
184 152 21 26 0.21762927 
890 173 20 27 0.20748805 
289 170 23 29 0.20044404 
387 226 24 30 0.19540663 
534 177 27 33 0.18986116 
811 498 47 54 0.18971242 
22 373 65 92 0.18813501 
807 319 35 45 0.18460302 
287 160 21 26 0.17270596 
305 357 56 66 0.16623539 
515 172 27 33 0.16249517 
387 167 23 30 0.1599865 
26 131 20 29 0.15325008 
358 157 20 26 0.15209728 
4 371 31 42 0.14089285 
772 335 24 31 0.13563538 
993 72 21 31 0.13484047 
460 6 21 24 0.13326524 
950 183 23 28 0.13226151 
975 248 24 31 0.12839304 
893 155 21 28 0.12774318 
903 128 19 25 0.12744896 
925 75 20 25 0.12737687 
920 394 36 45 0.12538671 
845 150 21 25 0.121725515 
208 334 28 36 0.12136801 
355 196 23 31 0.121334895 
880 158 18 24 0.112035915 
876 165 30 40 0.10977868 
767 342 36 47 0.10771383 
846 136 20 24 0.10411098 
540 76 20 26 0.103248484 
822 469 48 54 0.10114737 
-4 324 26 37 0.10024625 
666 322 29 35 0.09932158 
673 53 19 24 0.09721553 
919 56 21 25 0.09405384 
877 20 20 24 0.09260349 
512 159 23 29 0.086381376 
668 414 43 50 0.08515183 
914 302 34 44 0.08474494 
949 280 28 36 0.079568535 
622 381 65 82 0.07892533 
922 255 26 31 0.07682228 
673 72 20 25 0.075726345 
843 193 25 31 0.07534512 
975 180 21 28 0.07475032 
312 82 20 26 0.073981695 
392 47 19 22 0.07156377 
8 128 20 29 0.06805067 
390 134 19 24 0.06740174 
212 198 25 31 0.06730371 
-2 205 20 31 0.06710213 
355 127 19 23 0.066055804 
514 161 50 56 0.065656394 
689 50 20 24 0.06498466 
721 447 38 52 0.06479848 
230 217 31 40 0.06450003 
72 80 23 28 0.064037636 
901 287 24 31 0.06323004 
541 351 22 29 0.06283011 
947 196 23 30 0.061639667 
800 308 26 33 0.060339913 
8 175 21 30 0.060325142 
177 207 26 31 0.059208993 
305 358 28 34 0.05909879 
207 181 22 29 0.058830075 
974 229 24 32 0.058795772 
684 325 24 32 0.058391765 
155 197 25 32 0.058193695 
797 324 28 38 0.05816565 
959 314 38 48 0.05672024 
390 34 18 21 0.055969104 
311 95 20 24 0.05573012 
306 374 31 38 0.055438645 
992 199 20 29 0.05520958 
979 198 23 32 0.054391347 
358 105 19 24 0.054045476 
366 78 20 25 0.05341042 
813 308 26 34 0.051475976 
922 176 21 27 0.05147133 
959 281 34 48 0.051433973 
564 71 21 27 0.051357016 
683 215 45 48 0.05054417 
535 98 19 25 0.04978228 
536 191 26 32 0.049725026 
513 2 18 20 0.04936294 
20 176 21 28 0.047107726 
7 249 25 35 0.046971697 
94 138 29 39 0.04689493 
179 133 19 25 0.04673543 
713 78 19 23 0.046544522 
788 346 41 52 0.04644808 
53 97 22 29 0.046447445 
919 157 20 26 0.046288975 
199 158 21 26 0.04627545 
541 283 25 29 0.0459296 
713 471 42 57 0.045919705 
311 326 61 74 0.045809515 
975 158 21 26 0.0455651 
31 142 21 29 0.04544088 
325 351 34 39 0.045196757 
713 28 19 23 0.044847272 
154 2 21 24 0.04469327 
21 53 18 25 0.04467874 
262 219 37 45 0.044076733 
601 356 70 88 0.04407135 
29 299 26 33 0.044026393 
85 201 24 30 0.04393479 
774 79 18 22 0.043744765 
545 58 20 24 0.043352958 
743 516 356 379 0.043118298 
747 52 19 23 0.042911056 
1 94 19 27 0.042718727 
439 353 21 25 0.042522345 
565 57 20 24 0.04215433 
342 51 18 22 0.041708574 
535 122 20 25 0.041495603 
990 279 24 30 0.0404576 
602 340 47 60 0.040415563 
330 334 27 31 0.040367987 
903 111 18 22 0.040098187 
720 47 19 23 0.039937977 
521 124 19 24 0.039893605 
355 28 17 19 0.039658286 
899 4 19 21 0.039449852 
970 447 34 51 0.039211623 
792 78 18 23 0.03915622 
922 344 35 45 0.039065007 
686 302 35 47 0.038943626 
3 5 21 26 0.03893005 
488 1 19 22 0.038920652 
186 176 22 28 0.038803127 
358 253 24 33 0.038519684 
343 127 18 24 0.038270533 
866 103 18 21 0.038073514 
8 76 19 30 0.038060647 
208 99 20 25 0.03805972 
742 348 39 49 0.037917268 
834 164 46 57 0.037896033 
563 4 18 20 0.03786489 
496 49 19 22 0.03785658 
522 101 18 22 0.03779759 
405 137 19 24 0.037684385 
874 7 21 24 0.037153736 
795 51 19 23 0.036899045 
48 147 22 29 0.036870264 
442 353 69 84 0.036834747 
124 254 26 34 0.03677387 
1 219 23 34 0.03637282 
343 155 18 23 0.03632208 
97 196 27 35 0.03625531 
495 182 22 29 0.03623282 
310 329 26 31 0.035989985 
949 158 20 26 0.035817128 
942 257 25 31 0.03571984 
851 55 17 21 0.035716925 
510 52 17 21 0.035714693 
306 54 18 23 0.035594583 
664 380 32 40 0.03549477 
160 104 18 23 0.035437662 
748 78 19 22 0.035381503 
627 343 50 60 0.035264514 
178 103 18 22 0.035075575 
260 26 21 24 0.034894615 
348 163 44 57 0.034846503 
366 272 24 32 0.034768805 
799 22 22 24 0.034708384 
657 428 46 60 0.034687344 
921 201 21 27 0.034613583 
652 349 44 55 0.034230385 
667 33 18 21 0.03421671 
20 250 25 34 0.034159612 
33 101 20 27 0.034117635 
892 21 18 21 0.034079403 
637 325 43 50 0.033986248 
443 5 19 22 0.033985924 
257 178 21 27 0.033822898 
397 443 77 80 0.033769507 
266 69 23 29 0.03373326 
338 202 23 30 0.033478264 
824 81 19 24 0.033370446 
797 6 23 24 0.033360694 
295 225 27 34 0.03331068 
153 186 20 27 0.03329214 
357 51 17 22 0.0332383 
521 26 17 20 0.033205688 
538 338 24 31 0.03314361 
452 453 28 35 0.032955438 
338 105 19 23 0.03283427 
842 4 19 21 0.032777827 
848 103 18 21 0.032728188 
863 311 30 36 0.032713808 
825 99 19 21 0.032680172 
436 176 22 29 0.032634813 
74 96 26 33 0.032570455 
777 128 19 23 0.03251037 
768 53 18 22 0.032355808 
806 347 43 52 0.032298516 
789 130 18 22 0.03227894 
403 476 48 48 0.032270078 
562 25 19 22 0.03226253 
698 33 19 21 0.032235205 
122 227 28 37 0.03211071 
380 145 40 55 0.03204106 
408 34 18 22 0.031975865 
388 207 22 28 0.03192832 
646 53 18 22 0.03187158 
61 80 20 25 0.03153187 
690 77 21 25 0.031428177 
830 133 18 23 0.03137126 
870 133 17 22 0.031356234 
436 205 21 26 0.03125272 
464 19 20 23 0.031040965 
405 46 19 23 0.03103786 
993 185 18 25 0.031012492 
589 77 19 23 0.030842751 
382 105 19 24 0.03070681 
537 160 22 27 0.030687686 
582 321 38 54 0.030661836 
-71 533 360 356 0.030634437 
543 29 17 19 0.030272638 
678 348 38 49 0.029984776 
17 416 59 85 0.02994906 
427 449 43 48 0.02969674 
117 265 34 45 0.029564692 
153 319 38 48 0.029439075 
538 289 707 749 0.029302621 
267 55 21 27 0.029169 
688 156 19 25 0.02908855 
2 148 21 31 0.028871777 
259 301 26 33 0.028856967 
749 30 18 21 0.028755005 
159 74 20 25 0.028684052 
413 101 19 23 0.028682971 
896 325 26 34 0.028587174 
22 71 19 26 0.028345399 
816 22 19 22 0.028192844 
406 168 22 29 0.028081967 
28 31 18 23 0.028014025 
928 25 21 23 0.0279834 
537 460 25 30 0.027933726 
827 151 20 24 0.027784927 
55 231 27 33 0.027777446 
920 326 26 34 0.027715508 
441 338 23 28 0.027712919 
635 400 35 46 0.027582385 
438 150 21 29 0.027522804 
908 57 18 23 0.027426677 
916 124 20 26 0.027409665 
555 312 59 81 0.027385954 
715 4 19 21 0.02730052 
191 219 35 44 0.027298898 
338 178 21 28 0.027202738 
310 312 24 30 0.027121173 
708 222 31 35 0.02698364 
864 138 50 67 0.026978435 
919 380 31 40 0.026840692 
747 1 18 20 0.026583556 
970 395 36 52 0.026563542 
459 357 24 29 0.026530847 
449 241 68 78 0.026427535 
380 78 18 23 0.026409782 
626 432 47 65 0.026407735 
332 311 22 28 0.026385495 
3 309 23 31 0.026376437 
78 3 21 24 0.026338056 
644 174 22 29 0.0262245 
540 0 17 19 0.026209818 
887 295 46 55 0.026204413 
685 265 39 48 0.026176928 
534 223 22 28 0.026086552 
845 77 18 22 0.026084343 
873 78 19 23 0.02601518 
770 365 58 77 0.025949908 
408 457 29 34 0.025943989 
458 334 23 28 0.025930429 
681 472 44 55 0.02585548 
279 324 37 48 0.025805853 
389 1 18 21 0.025743248 
794 98 17 22 0.025723413 
516 81 18 23 0.025717136 
223 360 42 54 0.025545206 
978 5 21 23 0.025529305 
280 339 58 69 0.025397783 
-225 313 718 747 0.025299784 
797 153 19 24 0.02519248 
522 449 65 81 0.0251648 
346 32 16 20 0.025147563 
260 160 20 25 0.025125127 
371 549 110 95 0.025020227 
840 129 32 39 0.02491303 
688 207 31 35 0.024900442 
491 342 61 74 0.024890464 
457 123 26 32 0.024861038 
847 26 19 21 0.02483486 
615 51 17 21 0.024823623 
922 103 19 24 0.024790104 
495 155 22 28 0.024748623 
387 374 34 43 0.024506532 
648 28 17 20 0.024493469 
139 428 36 45 0.024481755 
744 156 19 24 0.024480326 
380 428 22 29 0.024452882 
236 242 31 39 0.024392227 
713 99 20 25 0.024375837 
513 360 22 28 0.024276093 
229 99 21 27 0.024270754 
0 504 39 67 0.02424966 
435 347 34 42 0.024246307 
984 468 33 51 0.024209654 
545 340 60 84 0.024190113 
-7 460 39 63 0.024159415 
27 283 26 34 0.024156395 
459 106 23 28 0.024121098 
527 334 52 69 0.024076458 
696 1 18 19 0.024061242 
941 5 24 26 0.023859287 
514 226 21 28 0.023839256 
359 4 18 20 0.02383207 
943 19 24 28 0.023761295 
925 2 20 22 0.023725102 
485 103 19 24 0.023682177 
25 205 21 27 0.02365903 
325 304 35 46 0.02363468 
235 24 20 24 0.023600677 
766 155 19 23 0.023554605 
720 152 20 25 0.023491934 
180 78 19 24 0.023485921 
242 396 42 54 0.023475135 
817 5 21 24 0.023456236 
433 101 58 79 0.023426862 
496 254 21 26 0.023396704 
526 115 34 44 0.02338958 
135 0 19 21 0.023285145 
436 25 18 22 0.023229584 
990 258 22 29 0.023013586 
774 307 21 28 0.022985304 
412 296 68 84 0.0228855 
129 152 21 29 0.022874232 
488 30 18 21 0.02282399 
740 300 23 31 0.022723766 
748 99 19 23 0.02268105 
578 341 65 89 0.022661854 
308 131 20 24 0.022599332 
515 186 37 43 0.022592641 
584 312 24 32 0.022588447 
982 49 20 29 0.022582369 
505 255 21 26 0.022557689 
199 323 48 59 0.022446742 
444 127 20 27 0.022342132 
504 172 63 82 0.022310603 
665 0 19 20 0.02229109 
288 161 47 57 0.022174433 
281 24 24 25 0.022166217 
610 403 52 71 0.022154557 
648 301 52 65 0.022128586 
957 239 48 63 0.02208439 
770 2 19 22 0.022057028 
335 372 44 51 0.0219808 
902 40 52 62 0.02198011 
465 381 26 33 0.02197611 
126 440 37 48 0.021966709 
231 159 21 26 0.021902915 
944 443 40 53 0.021877013 
169 322 38 47 0.021825891 
739 280 24 32 0.021819187 
846 284 24 31 0.021752246 
11 113 43 63 0.021735629 
797 284 22 27 0.021653207 
242 361 41 53 0.02163492 
304 199 27 33 0.021619102 
54 270 35 41 0.02161515 
696 96 21 27 0.021594262 
0 372 60 79 0.02153147 
977 19 20 27 0.02146464 
330 79 18 24 0.021412708 
641 77 18 23 0.021359276 
403 396 72 84 0.021287413 
408 309 19 25 0.021270573 
492 78 19 22 0.021266716 
17 288 48 63 0.021202773 
120 196 33 42 0.021200513 
387 380 60 71 0.02117762 
54 478 69 81 0.021148924 
282 131 22 27 0.021135632 
504 109 57 75 0.021087902 
323 345 71 84 0.02108402 
646 305 25 31 0.021064045 
349 122 30 39 0.021054508 
686 175 23 27 0.021044765 
823 52 18 21 0.021037543 
518 123 97 127 0.021023475 
495 238 65 84 0.020980874 
716 129 20 26 0.02093497 
797 175 20 26 0.020887284 
406 1 17 20 0.020786924 
177 3 21 23 0.020727217 
388 328 20 25 0.020712292 
648 1 18 20 0.020700727 
690 243 33 38 0.020664472 
162 126 19 24 0.020663679 
92 164 37 49 0.020540131 
766 30 18 21 0.020516017 
24 226 22 31 0.020485999 
441 73 20 26 0.020457571 
233 1 20 23 0.020288935 
588 57 18 22 0.020273183 
334 227 23 29 0.020225648 
604 304 78 94 0.020223629 
284 329 23 29 0.020200053 
-3 86 29 48 0.02019195 
794 397 61 77 0.020179821 
337 251 24 31 0.02015904 
159 230 27 34 0.020158047 
362 434 22 28 0.020140022 
902 75 19 24 0.020065086 
