2_Demonstration_Protesters_2_204
78
173 205 90 117 0.9935222 
383 217 66 106 0.9922287 
612 181 81 116 0.9914136 
933 347 45 91 0.92967373 
866 45 43 49 0.10436392 
927 125 71 91 0.07969523 
563 151 95 146 0.07456463 
612 142 80 97 0.073866956 
520 638 23 27 0.06938157 
954 366 44 83 0.06603769 
375 486 40 59 0.060082294 
810 206 54 64 0.051410988 
427 212 78 103 0.041637503 
286 39 75 106 0.04140069 
908 99 72 82 0.04018751 
455 334 39 50 0.038239762 
943 320 36 51 0.0380475 
804 9 53 50 0.03707371 
211 225 82 107 0.0368866 
438 174 74 102 0.0362987 
878 113 76 82 0.032157246 
551 14 70 89 0.031867698 
754 532 346 362 0.031254727 
888 224 48 70 0.029872607 
542 363 25 32 0.02973584 
716 161 66 94 0.029385965 
676 273 78 92 0.029298976 
336 190 75 95 0.029001838 
465 142 77 99 0.028560208 
402 489 26 33 0.028207004 
507 626 40 43 0.028019011 
898 171 73 100 0.02796995 
549 213 84 109 0.027855664 
858 204 68 78 0.02783529 
511 1 57 71 0.027719337 
139 226 83 105 0.026458306 
403 187 72 107 0.026334375 
727 93 48 51 0.025308764 
824 228 70 80 0.02520315 
221 434 72 89 0.024616778 
262 23 76 91 0.024562083 
948 310 29 37 0.024396522 
489 12 61 77 0.024382256 
575 308 688 743 0.024361484 
606 19 58 78 0.024197876 
84 135 51 62 0.024126519 
893 355 59 74 0.02407763 
460 105 71 94 0.02405895 
855 40 77 81 0.024035476 
648 109 76 84 0.02401181 
0 -2 24 30 0.02380933 
654 62 42 54 0.023699177 
902 209 48 70 0.02346509 
408 152 77 96 0.023226622 
859 20 49 51 0.023215137 
790 68 113 125 0.023133984 
142 186 70 90 0.022955842 
474 32 49 58 0.022846155 
476 57 45 64 0.022830673 
914 152 56 66 0.022708166 
560 445 38 49 0.022483645 
549 123 83 110 0.022439703 
968 373 61 87 0.022059847 
693 105 72 83 0.022045253 
357 482 74 87 0.022015842 
925 367 36 57 0.021860126 
521 204 66 84 0.02161952 
-208 329 684 712 0.021331698 
650 144 56 68 0.021226805 
861 79 62 76 0.021044537 
518 139 80 100 0.020874351 
121 384 134 136 0.020650057 
754 -8 86 79 0.020647928 
988 346 36 55 0.020643594 
529 374 41 50 0.020479152 
755 13 52 48 0.020435564 
805 118 41 54 0.020086301 
745 102 72 82 0.020068951 
