2_Demonstration_Demonstration_Or_Protest_2_771
99
465 130 102 137 0.998365 
670 465 29 37 0.23687863 
794 494 25 29 0.11726549 
903 127 24 31 0.09845694 
132 451 28 33 0.088611566 
743 172 25 31 0.07461123 
628 138 88 102 0.07367361 
144 455 25 33 0.0641892 
203 488 27 33 0.059087623 
750 156 23 29 0.056941498 
744 153 37 48 0.05582369 
230 490 29 33 0.052632097 
762 177 20 26 0.051642526 
368 461 23 28 0.05140795 
797 391 21 25 0.048719965 
125 443 53 64 0.04611377 
678 470 34 41 0.045896422 
354 3 25 27 0.044168364 
141 467 43 54 0.040561907 
724 337 20 25 0.039982475 
248 488 30 32 0.03734539 
211 359 21 27 0.03734068 
181 459 22 28 0.036794096 
172 475 40 50 0.036281135 
847 461 21 27 0.03465471 
187 276 18 23 0.03359717 
737 304 20 26 0.0326204 
105 360 24 30 0.03247802 
798 183 18 22 0.03221274 
795 464 19 24 0.03143345 
742 140 78 86 0.030446742 
-3 470 66 74 0.03029801 
504 441 47 47 0.030018842 
768 492 23 27 0.029244293 
226 212 17 21 0.029172037 
771 462 19 22 0.02876096 
279 482 29 32 0.028064055 
204 277 17 22 0.027781721 
726 175 22 28 0.027731987 
202 463 22 27 0.027621415 
195 473 56 62 0.027494473 
798 5 24 27 0.027269391 
139 73 99 110 0.027239628 
730 310 19 24 0.026983434 
895 391 22 27 0.026207017 
351 200 33 37 0.025893427 
147 435 24 31 0.02554051 
508 481 30 36 0.025524324 
769 359 20 24 0.025405267 
616 486 24 29 0.025392473 
171 455 38 49 0.025390279 
61 181 19 25 0.025375767 
716 488 23 29 0.02531248 
762 160 20 25 0.025145017 
226 228 18 23 0.025082255 
500 112 110 141 0.025077492 
174 410 21 27 0.024916636 
766 196 19 24 0.024833482 
849 486 23 29 0.024738833 
229 464 23 26 0.024723168 
745 490 23 27 0.024629053 
892 312 21 24 0.024371255 
915 127 21 28 0.024320917 
160 410 23 29 0.024294617 
868 200 21 26 0.023585472 
212 262 18 22 0.02322987 
868 481 32 36 0.022887312 
173 118 74 83 0.02280138 
719 462 20 24 0.02261024 
219 207 17 21 0.022463895 
643 458 22 27 0.022196654 
104 435 23 28 0.02211361 
826 460 19 23 0.022099705 
47 482 28 32 0.022084765 
340 3 25 27 0.022057204 
763 29 25 30 0.021829411 
820 455 34 42 0.021823563 
284 311 19 24 0.02166426 
105 461 23 27 0.021576734 
533 453 26 30 0.021534614 
761 61 191 214 0.021350466 
99 479 22 28 0.021248745 
639 437 22 27 0.021156417 
893 354 19 23 0.021094428 
212 176 18 22 0.02106789 
310 132 80 108 0.020963442 
844 457 39 45 0.020924758 
178 433 22 28 0.020824015 
774 389 21 27 0.020765502 
868 464 27 29 0.02075231 
977 1 24 25 0.020736018 
929 390 17 22 0.020720502 
265 235 19 24 0.020646086 
743 463 19 23 0.020629937 
262 208 18 22 0.020416496 
593 25 28 34 0.020385781 
752 31 21 25 0.020375872 
205 127 21 26 0.02019955 
771 335 20 25 0.020167245 
