2_Demonstration_Political_Rally_2_90
96
538 269 55 75 0.9855635 
791 377 21 27 0.7018591 
709 307 29 35 0.09824063 
876 390 17 22 0.0850528 
876 405 17 21 0.08125952 
795 368 21 26 0.07460117 
292 359 19 22 0.07218491 
880 437 18 21 0.07130986 
722 429 21 26 0.070082 
846 408 17 22 0.0672567 
1 324 20 30 0.06054659 
740 442 20 26 0.0556528 
303 363 18 22 0.053968593 
904 386 17 22 0.050117854 
892 440 18 23 0.04818849 
847 392 17 21 0.045335244 
342 307 19 23 0.044262048 
781 383 19 25 0.0427948 
208 385 17 21 0.041815475 
238 262 18 21 0.0410365 
743 452 21 27 0.04062838 
157 358 15 18 0.039597183 
440 530 23 29 0.039402682 
313 382 18 21 0.039321568 
917 379 17 22 0.036997624 
899 410 17 21 0.03694149 
306 440 19 23 0.036917746 
917 366 17 21 0.03678815 
280 386 18 23 0.03677998 
344 414 18 21 0.034232385 
718 418 20 25 0.033428434 
950 378 19 24 0.03338739 
774 412 19 25 0.032181654 
908 363 17 21 0.032164633 
952 368 17 22 0.032019943 
211 339 18 21 0.031717673 
797 465 20 24 0.03163881 
954 429 21 28 0.031357896 
877 366 16 21 0.029799966 
151 232 18 22 0.02968 
737 447 35 47 0.029614383 
955 327 19 25 0.029416487 
22 312 17 24 0.02934601 
970 413 21 26 0.028852127 
63 311 18 23 0.02834049 
767 483 20 25 0.028339485 
178 308 17 21 0.027856965 
311 408 18 20 0.027828023 
497 203 45 49 0.027522914 
208 360 17 20 0.027387891 
30 331 17 22 0.027340574 
905 334 17 21 0.027309697 
922 415 17 21 0.027278956 
332 385 17 22 0.02705312 
230 382 16 19 0.027037164 
824 382 17 22 0.0269214 
186 337 15 19 0.026800232 
160 306 17 20 0.026732435 
37 356 17 21 0.026101539 
767 333 18 22 0.025974834 
7 313 20 30 0.025910508 
157 342 16 20 0.025546359 
262 360 15 19 0.025494663 
51 263 19 23 0.025475623 
267 389 16 19 0.025033467 
229 338 16 19 0.024990046 
917 335 16 19 0.024653077 
895 456 20 25 0.024536286 
59 278 20 24 0.024281643 
103 341 17 21 0.024150057 
767 360 20 25 0.024053436 
939 475 26 34 0.023971459 
952 416 20 25 0.023772454 
877 431 28 35 0.02327552 
311 337 16 19 0.023179825 
993 461 20 29 0.023112383 
253 490 21 26 0.022968132 
768 466 20 25 0.022955468 
748 416 18 23 0.022796785 
180 409 18 24 0.022712052 
851 531 23 29 0.022552531 
851 432 18 22 0.022474593 
722 468 75 97 0.022172842 
689 294 55 67 0.021872038 
55 330 17 21 0.021848312 
667 203 30 38 0.021661088 
921 432 18 22 0.021485554 
333 363 17 21 0.021368379 
106 357 17 19 0.021156283 
530 209 25 30 0.02104714 
159 280 17 20 0.02071614 
134 361 16 19 0.020666247 
284 338 18 20 0.020480484 
72 287 17 21 0.020339414 
769 430 19 23 0.02017568 
162 385 18 20 0.020023666 
