2_Demonstration_Protesters_2_351
164
228 112 31 42 0.27152726 
644 106 26 33 0.255157 
1 60 23 36 0.23552556 
375 -1 51 43 0.16579032 
431 57 43 52 0.15921359 
101 199 41 52 0.14536229 
598 95 22 27 0.14016162 
623 271 31 42 0.11019981 
837 290 49 64 0.102471635 
385 557 51 59 0.08155085 
587 297 25 33 0.08122353 
899 12 45 49 0.08037411 
350 5 56 55 0.0763217 
558 101 24 31 0.07539315 
345 32 48 58 0.07471382 
402 1 33 35 0.06973189 
584 286 25 30 0.06916364 
609 100 19 26 0.068615906 
-2 249 22 34 0.066573985 
504 310 37 52 0.06469718 
524 315 40 56 0.06399093 
449 48 41 52 0.053654987 
638 54 25 30 0.051591437 
504 135 42 53 0.049020812 
571 207 24 30 0.047594633 
456 -2 30 30 0.04664516 
561 282 26 32 0.046227943 
242 349 45 56 0.045892783 
564 253 25 30 0.04584432 
534 308 24 34 0.044422466 
623 262 22 28 0.042621296 
357 -1 39 36 0.042136658 
30 481 20 28 0.04093147 
570 225 23 28 0.03879579 
562 78 23 28 0.03820981 
615 74 22 31 0.038009316 
541 100 27 36 0.037809838 
208 104 54 68 0.03780081 
304 303 74 79 0.037606724 
476 12 49 55 0.037570648 
427 -5 44 40 0.037397254 
93 5 55 62 0.03738648 
20 52 24 32 0.037293088 
592 82 23 29 0.03699674 
521 116 47 60 0.035986047 
534 346 25 35 0.03560976 
262 3 53 54 0.03547558 
560 295 27 34 0.035209313 
-43 123 256 343 0.03505718 
615 48 25 34 0.03500361 
647 205 21 26 0.03494927 
238 264 39 48 0.0344094 
751 534 347 364 0.0341443 
223 -2 75 69 0.03335433 
0 30 51 67 0.033195958 
583 256 22 28 0.033094138 
570 27 66 69 0.032804944 
547 65 59 73 0.032757938 
118 205 25 35 0.03261849 
639 67 25 31 0.03229205 
547 2 73 69 0.032172803 
657 -2 81 74 0.03165896 
404 38 45 57 0.031619105 
555 107 39 50 0.03153211 
4 295 23 34 0.031021204 
447 116 43 52 0.030871913 
28 0 60 61 0.0306642 
766 70 29 35 0.030187033 
541 -2 31 35 0.030102609 
473 -3 46 46 0.029931223 
550 255 71 89 0.028773904 
633 261 22 27 0.028559204 
539 286 70 86 0.028515818 
446 77 43 54 0.028193772 
572 178 23 29 0.027764458 
497 27 46 59 0.02767741 
119 217 29 39 0.027591916 
545 284 21 27 0.027458502 
10 57 36 48 0.02739643 
385 396 48 61 0.027265023 
563 296 697 755 0.027228037 
22 68 22 30 0.02716031 
183 0 83 73 0.026985062 
849 145 21 28 0.026867928 
499 -4 45 50 0.026827667 
2 505 20 29 0.02652483 
503 314 66 89 0.02640203 
77 30 40 48 0.02616896 
492 327 26 32 0.02615816 
656 106 22 28 0.026138399 
388 517 66 85 0.02612003 
533 6 50 57 0.025710236 
618 37 54 65 0.025666974 
572 63 56 67 0.025530789 
14 9 44 51 0.025316069 
274 -2 35 36 0.025216635 
54 251 26 30 0.025027085 
476 56 39 52 0.025015296 
721 258 21 26 0.023909511 
557 37 47 53 0.0238932 
47 115 107 152 0.023855539 
579 313 37 52 0.023776349 
330 15 49 53 0.023757486 
457 136 68 82 0.02375136 
557 190 51 62 0.023542205 
794 258 20 26 0.023269594 
920 4 30 32 0.023130817 
554 159 54 68 0.023054076 
535 457 43 48 0.02297222 
361 45 62 80 0.022910133 
480 41 32 44 0.022803282 
457 122 26 32 0.022779666 
217 255 46 56 0.02264529 
97 33 31 42 0.02264152 
631 93 46 56 0.022487512 
395 127 75 97 0.022480492 
584 228 21 26 0.022389123 
438 -9 61 56 0.022368815 
513 283 21 25 0.022346979 
329 523 363 358 0.022302033 
608 285 35 46 0.022241976 
571 251 38 46 0.022191418 
613 498 49 44 0.021975337 
86 81 84 100 0.02192719 
587 404 56 72 0.021782883 
204 95 40 51 0.021665962 
118 134 43 59 0.0216601 
918 -3 61 66 0.021615624 
537 126 57 74 0.02160272 
613 229 20 24 0.021577947 
558 477 28 34 0.02157579 
43 39 43 48 0.021561155 
538 536 363 348 0.021548945 
395 67 68 87 0.02148877 
541 279 35 48 0.021448934 
82 194 44 53 0.02143436 
540 74 24 30 0.02143082 
-7 165 164 210 0.021377519 
543 256 20 26 0.021122914 
221 223 44 56 0.021013662 
417 93 68 83 0.020993292 
321 45 68 82 0.020966075 
494 151 25 31 0.020960052 
456 151 24 29 0.020845719 
614 490 28 31 0.02078963 
601 55 50 63 0.020771537 
852 207 59 81 0.020771066 
714 279 23 29 0.02076208 
508 261 75 92 0.020748412 
66 0 43 47 0.020704245 
590 47 27 32 0.020675652 
61 182 74 94 0.020652624 
441 251 22 30 0.020560522 
51 51 25 30 0.020494834 
536 318 59 83 0.02048029 
346 60 119 146 0.02039679 
519 341 64 82 0.020347605 
322 5 117 112 0.020300683 
444 86 72 85 0.020245202 
863 3 69 77 0.020187955 
446 188 39 49 0.020172022 
898 30 64 88 0.020159697 
-40 24 242 274 0.02012009 
828 247 77 104 0.020018777 
