2_Demonstration_Demonstrators_2_378
326
99 451 65 86 0.9996061 
88 292 45 53 0.9954205 
267 355 45 52 0.9826822 
807 482 60 72 0.9826506 
674 328 45 53 0.9820723 
608 326 50 62 0.9801348 
223 499 63 74 0.9784606 
197 402 59 66 0.97307974 
940 402 54 59 0.97253215 
597 417 42 51 0.97229767 
501 420 40 47 0.9687176 
156 264 34 42 0.9686216 
308 274 35 43 0.9562119 
539 257 30 39 0.9535202 
221 245 32 40 0.9522236 
508 304 34 41 0.949006 
328 462 44 53 0.90277576 
435 307 33 41 0.87908816 
358 227 28 35 0.85344577 
641 492 73 81 0.85150015 
500 521 61 61 0.84230304 
275 222 29 36 0.7774546 
552 375 41 48 0.7737431 
482 210 29 35 0.72007877 
511 364 38 48 0.707416 
758 420 42 54 0.6802623 
443 466 47 52 0.64761424 
-4 308 32 52 0.6340515 
106 137 20 26 0.6315825 
329 222 26 33 0.612808 
735 282 27 35 0.60338396 
11 213 34 42 0.5281932 
384 330 34 42 0.46595162 
417 196 24 30 0.44899237 
766 319 38 46 0.38504788 
713 401 41 53 0.379168 
753 351 44 53 0.3728792 
277 204 25 32 0.36710566 
195 184 23 29 0.36149135 
390 228 26 32 0.34755534 
649 255 35 43 0.3451524 
307 170 21 25 0.33780494 
206 138 20 25 0.32291198 
11 129 23 30 0.32013196 
427 199 23 29 0.31249136 
868 348 26 33 0.3020523 
158 203 25 32 0.30176762 
336 205 23 28 0.299154 
891 207 21 27 0.2832654 
739 370 43 53 0.24395342 
650 439 45 59 0.24290013 
158 171 23 29 0.2197248 
579 237 28 34 0.21744078 
681 489 60 75 0.21297121 
915 355 22 29 0.177538 
949 231 23 28 0.17572899 
342 186 20 26 0.17530335 
101 223 29 36 0.17509136 
554 247 32 40 0.1735283 
897 416 33 43 0.17051882 
398 246 29 36 0.16634193 
868 333 30 36 0.1539577 
960 151 21 26 0.14541799 
104 207 26 32 0.14088857 
916 401 54 64 0.13761915 
379 277 27 34 0.12628464 
234 181 20 25 0.121151954 
94 245 38 49 0.12042465 
263 209 22 30 0.12023233 
380 295 34 42 0.12022256 
184 195 25 31 0.10808573 
864 306 29 34 0.107646115 
616 249 27 33 0.107352726 
529 390 47 55 0.10355231 
904 135 21 27 0.103132635 
27 277 29 40 0.101011604 
154 222 27 34 0.099246316 
52 184 23 29 0.09867316 
905 359 23 29 0.0961573 
730 394 47 59 0.09561222 
253 513 55 64 0.09239474 
7 207 26 33 0.09049289 
836 394 36 44 0.084410906 
280 282 29 37 0.08398029 
620 234 25 31 0.07888405 
360 207 23 29 0.07877694 
776 392 44 58 0.07851163 
233 158 19 24 0.07714932 
929 205 21 26 0.07639211 
305 205 21 28 0.075950086 
310 225 24 32 0.074555136 
264 221 25 33 0.07412057 
430 188 22 27 0.07337012 
353 186 20 24 0.072418295 
51 196 25 31 0.071657725 
902 146 20 26 0.07063092 
428 280 30 36 0.07023893 
259 155 19 24 0.06956328 
469 206 24 31 0.06888014 
863 393 35 44 0.06869899 
924 175 19 25 0.06794825 
284 186 20 26 0.0675465 
689 0 28 28 0.066519044 
871 445 39 50 0.064368136 
177 369 40 50 0.06426713 
8 143 23 31 0.06414792 
332 392 39 48 0.062151387 
918 25 28 34 0.060980443 
994 225 19 25 0.06061736 
896 484 31 39 0.05916627 
507 206 25 31 0.05762362 
926 302 21 26 0.05760707 
385 210 21 25 0.05656503 
866 376 34 43 0.056446694 
626 425 50 63 0.056269772 
233 197 24 30 0.055043705 
484 442 45 51 0.054775737 
133 101 19 25 0.054531533 
841 222 22 28 0.054055206 
992 212 19 24 0.053840507 
785 325 29 38 0.053808816 
284 155 19 23 0.053426906 
362 278 29 36 0.052674644 
840 177 25 30 0.052618466 
884 534 35 42 0.052212633 
953 133 18 23 0.052191317 
509 225 25 31 0.05197658 
292 530 43 52 0.05163316 
24 147 21 27 0.050517168 
924 101 21 26 0.050442073 
438 223 23 30 0.050375525 
128 154 18 23 0.050255407 
234 383 56 71 0.049673546 
4 379 28 41 0.049375914 
858 337 49 61 0.049375545 
974 130 17 22 0.048386756 
54 126 19 23 0.047201805 
739 510 43 55 0.0470526 
715 374 42 51 0.04663388 
843 208 23 28 0.04621977 
826 227 22 28 0.04572378 
901 380 24 32 0.045555778 
516 419 44 52 0.04552332 
638 464 58 71 0.04519888 
818 397 38 48 0.04514861 
463 182 21 27 0.04460557 
47 159 20 26 0.044269953 
279 241 29 36 0.04422599 
148 319 31 41 0.043028645 
429 491 52 56 0.04288494 
742 258 23 27 0.042425178 
920 159 18 23 0.042219862 
726 284 24 30 0.041490212 
979 307 22 28 0.04123785 
147 289 36 48 0.040872883 
607 274 27 34 0.04049801 
852 300 51 63 0.040235557 
435 251 27 34 0.04013386 
789 233 21 27 0.040085923 
995 128 16 22 0.039818987 
287 354 41 49 0.039593086 
397 511 44 52 0.0395346 
389 182 20 23 0.039417107 
106 174 22 27 0.038887683 
310 258 27 35 0.038721282 
127 133 18 24 0.038598634 
720 493 51 66 0.038281698 
974 46 27 37 0.037588865 
538 233 25 32 0.03756099 
55 103 20 26 0.03753372 
360 295 29 37 0.03751982 
179 155 19 24 0.037435293 
326 346 37 45 0.03691615 
553 319 30 40 0.036822625 
442 318 37 45 0.036350347 
889 344 49 62 0.036269806 
911 14 54 62 0.03625383 
27 182 23 27 0.03458886 
848 376 36 45 0.03400334 
825 128 23 29 0.033725537 
489 181 22 28 0.033630177 
593 274 27 34 0.03307337 
943 213 20 25 0.032946065 
746 356 31 40 0.03250238 
777 306 37 46 0.03214263 
928 226 22 27 0.032003395 
812 348 25 34 0.031945154 
925 202 33 42 0.031943664 
945 340 21 25 0.031938933 
471 498 60 69 0.031931274 
918 129 18 23 0.031511236 
77 203 23 29 0.03147302 
981 335 21 27 0.031344634 
512 185 22 27 0.03133183 
2 177 22 29 0.031318765 
786 341 40 49 0.031315025 
154 132 17 22 0.031187829 
399 328 29 39 0.031181553 
325 326 36 44 0.031074787 
624 304 44 56 0.030799696 
389 156 19 22 0.030655462 
900 19 38 45 0.030617084 
994 184 17 22 0.030587958 
15 237 36 47 0.030526813 
923 340 20 25 0.030452052 
245 417 47 58 0.03017436 
182 132 19 24 0.029890783 
941 351 23 29 0.029859481 
995 104 17 24 0.029804109 
79 102 20 25 0.02974099 
942 102 21 25 0.029465044 
925 280 23 30 0.029431479 
81 248 28 36 0.02922074 
692 275 25 32 0.029126467 
980 102 19 26 0.028856952 
706 501 42 53 0.028782759 
971 232 20 26 0.028777806 
868 422 39 48 0.028572064 
483 324 32 41 0.02837524 
896 73 24 32 0.028339548 
824 278 22 27 0.028300446 
281 133 20 24 0.02812761 
851 359 25 30 0.027972635 
917 93 34 45 0.027692005 
133 179 20 25 0.02764154 
789 382 30 37 0.027549062 
944 244 24 30 0.027289744 
906 52 62 81 0.027232269 
978 68 24 32 0.02717843 
258 183 20 25 0.02716511 
742 320 40 51 0.027083885 
401 303 35 43 0.026916146 
130 201 21 26 0.02689668 
994 386 21 27 0.02677718 
313 131 18 23 0.0267058 
720 254 21 27 0.026548041 
855 41 42 52 0.026448874 
940 23 28 33 0.026289335 
975 1 22 26 0.026281165 
703 448 49 59 0.026260093 
917 380 27 33 0.026231319 
25 106 19 26 0.026188899 
663 -2 65 62 0.02594482 
675 350 49 59 0.02591157 
928 25 61 71 0.02584804 
720 289 37 48 0.025821272 
692 257 23 29 0.025765778 
414 188 45 56 0.025748033 
979 206 20 26 0.02574552 
806 329 34 46 0.025736406 
977 356 22 28 0.02573318 
461 154 21 26 0.025585424 
128 229 23 30 0.025472121 
894 334 22 27 0.025465036 
259 131 19 24 0.02523581 
591 204 22 28 0.02519324 
827 209 22 27 0.025104942 
944 71 25 29 0.025079139 
218 475 56 72 0.024839088 
829 176 23 29 0.024721248 
792 246 22 28 0.02460426 
893 222 20 25 0.024466023 
845 277 23 28 0.02428822 
996 153 17 22 0.024084859 
436 155 19 25 0.024021693 
928 255 23 28 0.024013573 
-4 279 36 54 0.024006251 
977 24 25 31 0.02386731 
24 295 29 42 0.023854107 
451 141 40 52 0.023783417 
922 79 22 27 0.02372868 
617 206 22 31 0.023675954 
899 469 49 63 0.02362079 
697 -2 39 40 0.023396334 
771 256 22 28 0.023378648 
107 105 19 25 0.023255065 
669 0 26 27 0.022953233 
44 275 27 36 0.022888185 
623 533 54 59 0.02287594 
993 74 19 28 0.0228757 
777 227 21 27 0.022871653 
0 117 42 54 0.02286055 
865 23 28 33 0.022808203 
149 105 19 24 0.022780145 
320 284 35 44 0.022768544 
48 253 25 34 0.022765234 
920 169 30 40 0.022653554 
404 367 37 49 0.022623627 
677 446 48 61 0.022530045 
921 4 23 26 0.022509012 
330 251 28 37 0.022472112 
210 106 18 23 0.022450171 
852 308 27 33 0.022429433 
75 179 22 29 0.022364717 
84 131 19 23 0.022279335 
869 284 25 29 0.022275064 
935 58 44 54 0.0221419 
928 221 35 45 0.022089323 
946 127 32 43 0.022019938 
494 449 64 74 0.021978332 
4 245 26 34 0.02190316 
204 435 67 84 0.02180145 
794 151 20 26 0.021754853 
179 104 20 24 0.021728093 
-3 339 28 42 0.021632945 
885 498 36 46 0.021587512 
579 476 33 43 0.021492226 
2 397 27 40 0.021308273 
831 451 50 62 0.021280602 
772 0 23 25 0.021261552 
853 492 59 71 0.021178761 
827 150 23 29 0.021108806 
903 371 55 70 0.021101762 
992 331 19 25 0.021079978 
871 188 49 61 0.020972354 
796 101 21 25 0.020952284 
822 250 21 27 0.020850457 
948 2 24 26 0.020793391 
892 308 22 27 0.020787625 
774 4 65 70 0.02074615 
995 1 18 25 0.02068665 
804 23 61 74 0.020594297 
943 43 31 36 0.020458482 
466 220 26 32 0.02028179 
705 476 41 49 0.020243041 
127 95 31 42 0.020237796 
