2_Demonstration_Demonstration_Or_Protest_2_367
107
391 248 66 83 0.9977931 
503 236 62 72 0.8345792 
783 353 45 47 0.596505 
120 260 27 32 0.59570134 
256 274 38 46 0.44217002 
43 277 22 28 0.24138553 
186 304 24 31 0.24026547 
849 352 50 57 0.13545606 
108 465 23 30 0.118574895 
308 302 26 32 0.11541696 
110 258 22 28 0.109708615 
44 259 22 26 0.094922185 
953 340 62 89 0.08907493 
329 230 24 31 0.08420432 
85 255 18 23 0.08291206 
35 260 21 27 0.081781894 
108 328 22 25 0.07129395 
199 277 21 28 0.06051787 
83 280 19 23 0.059078317 
337 256 23 32 0.054176804 
861 265 39 49 0.053738106 
525 250 38 46 0.051298592 
659 253 26 33 0.049142793 
765 362 44 51 0.0478854 
508 262 38 44 0.044868086 
238 279 24 32 0.043685764 
342 273 21 28 0.043684307 
459 227 38 51 0.040765535 
101 233 19 24 0.03996548 
634 251 30 37 0.039360717 
467 247 26 36 0.0378166 
714 189 20 25 0.03768252 
183 285 23 28 0.037520178 
676 498 60 82 0.03550267 
202 263 19 26 0.035136867 
0 278 22 31 0.034797333 
160 282 20 26 0.03472379 
28 352 23 32 0.034043677 
84 238 17 22 0.033803113 
258 257 29 37 0.03355023 
188 261 20 26 0.03345557 
302 283 22 28 0.03313096 
4 579 24 40 0.032871015 
468 220 57 72 0.032645892 
806 353 32 40 0.0318998 
28 263 42 52 0.03122847 
128 235 21 25 0.030907273 
304 200 25 33 0.030661482 
54 236 20 25 0.030539017 
821 348 64 74 0.029768873 
178 293 47 58 0.029350298 
666 526 23 33 0.02884613 
867 288 34 42 0.028555948 
110 249 44 53 0.028263355 
80 247 29 38 0.027346931 
2 409 21 33 0.027313381 
870 448 53 76 0.027177729 
353 276 24 33 0.02588063 
271 213 47 60 0.025769752 
0 259 20 26 0.02551625 
28 231 18 25 0.02549379 
752 208 20 25 0.025447354 
291 290 48 58 0.025349908 
300 213 40 51 0.025159946 
271 289 37 44 0.025129527 
378 689 21 26 0.02492202 
20 338 36 54 0.024906676 
713 199 21 26 0.024699181 
212 223 20 28 0.024547681 
121 334 21 26 0.024528507 
278 183 19 24 0.024146274 
152 488 19 23 0.024077866 
110 273 21 27 0.024021178 
841 431 59 80 0.023708878 
103 312 21 26 0.023571271 
267 180 19 24 0.023512617 
227 232 19 25 0.023306072 
865 427 27 36 0.02325099 
981 384 35 56 0.023185572 
858 420 43 58 0.023167122 
764 384 44 56 0.023135956 
3 566 22 35 0.023056988 
333 304 23 30 0.022703264 
330 154 21 28 0.022513386 
628 258 42 52 0.022493187 
158 232 18 24 0.022462126 
25 204 18 27 0.022335337 
647 514 22 28 0.02214977 
620 200 21 26 0.022018533 
-3 289 32 51 0.021978969 
846 226 89 94 0.021910906 
266 249 40 53 0.021686947 
841 327 29 35 0.021570645 
51 328 22 29 0.021506961 
868 257 29 34 0.021493347 
621 254 25 32 0.02140132 
853 322 52 64 0.021353878 
81 308 19 24 0.021291444 
280 191 39 46 0.02129125 
652 264 39 50 0.021228157 
128 206 18 23 0.021169886 
158 306 21 27 0.020743512 
708 365 37 50 0.020594442 
207 205 19 27 0.02055067 
661 513 39 53 0.020400139 
846 287 40 49 0.020358013 
27 333 23 32 0.020239135 
