2_Demonstration_Protesters_2_12
197
824 325 55 68 0.97367454 
926 331 51 58 0.93783534 
292 284 44 57 0.7318255 
48 310 47 54 0.71398157 
634 354 41 53 0.7053576 
370 324 40 47 0.563017 
19 349 42 52 0.48869833 
164 307 46 60 0.47441798 
301 306 44 59 0.41906908 
685 282 36 45 0.39467704 
484 312 41 51 0.37704822 
766 344 37 48 0.3372814 
34 334 52 65 0.33094814 
263 504 30 40 0.28739727 
635 323 39 51 0.27742112 
427 349 29 39 0.273673 
375 345 36 41 0.21407497 
590 325 27 35 0.20361891 
147 521 30 37 0.19827238 
678 592 40 46 0.19700286 
774 283 27 34 0.17243172 
405 273 22 29 0.15223704 
616 606 26 31 0.15212217 
465 579 30 37 0.14597991 
507 277 23 30 0.105699606 
407 349 41 50 0.103347376 
186 313 45 57 0.10075046 
596 310 26 33 0.09619951 
657 317 38 51 0.09521061 
645 314 24 30 0.09485642 
325 318 38 52 0.08766049 
768 289 39 49 0.08742786 
789 338 43 55 0.08619905 
539 566 24 30 0.08404243 
504 331 28 35 0.0816062 
210 284 25 31 0.08046296 
155 342 36 46 0.07911147 
710 323 38 53 0.07798838 
378 312 25 31 0.075597845 
680 313 38 53 0.07549989 
381 317 52 67 0.073081434 
57 336 43 55 0.0715305 
348 502 30 35 0.06912554 
394 275 22 27 0.06572385 
392 493 39 43 0.06463339 
464 281 21 28 0.060653217 
132 510 32 38 0.060065717 
666 588 31 40 0.059730634 
219 345 34 45 0.056827374 
1 225 20 31 0.055441078 
559 409 36 45 0.05500315 
157 329 28 37 0.054057404 
614 593 23 28 0.052698117 
594 564 26 31 0.052542318 
91 319 34 45 0.04903229 
919 327 38 46 0.04850289 
378 378 29 36 0.04656629 
180 446 49 57 0.046546593 
435 275 22 29 0.046125516 
618 346 39 50 0.04545511 
489 348 31 40 0.04530081 
494 283 22 27 0.045115214 
641 584 22 28 0.04445895 
366 308 22 28 0.044380788 
655 374 31 40 0.043943252 
180 285 24 31 0.04313323 
175 281 38 53 0.04222581 
457 273 38 51 0.041578367 
510 263 20 24 0.040898085 
6 353 28 37 0.040671404 
589 352 27 35 0.040633954 
539 278 19 26 0.04014227 
129 355 24 31 0.03913352 
402 325 26 34 0.03892247 
715 397 35 47 0.03879037 
765 329 33 43 0.038711697 
466 258 20 25 0.037701737 
254 517 38 47 0.03753315 
390 261 47 62 0.03673004 
985 320 32 44 0.035654552 
959 328 39 50 0.03530712 
34 277 22 29 0.034988392 
544 264 17 24 0.034741003 
899 323 37 51 0.03461911 
579 313 48 59 0.03458657 
663 300 38 49 0.034485307 
218 323 37 48 0.03422202 
361 307 38 49 0.03415603 
101 345 33 46 0.03394984 
431 267 35 46 0.03379489 
258 487 30 38 0.033528958 
611 332 26 36 0.033520445 
751 560 49 61 0.033360504 
124 485 28 34 0.03315474 
489 264 52 69 0.032927267 
992 310 22 29 0.03290071 
593 578 25 32 0.03277577 
437 336 25 33 0.032756463 
840 150 19 26 0.032458615 
45 368 29 38 0.03236988 
737 323 36 49 0.03190974 
204 343 33 41 0.031898357 
593 374 26 33 0.031015158 
165 517 39 47 0.03076528 
124 280 22 27 0.030734982 
592 579 50 62 0.03043335 
172 463 43 53 0.030209439 
640 569 22 28 0.03020728 
822 278 24 30 0.030108301 
415 371 28 36 0.030024497 
710 283 24 32 0.029824208 
592 640 27 31 0.029175697 
484 660 28 31 0.029046578 
488 372 26 33 0.028944274 
133 527 28 35 0.028877245 
23 325 47 56 0.028704915 
210 258 22 27 0.028346272 
744 529 354 368 0.028297903 
852 609 44 53 0.027833298 
200 302 30 40 0.02765967 
516 561 25 30 0.027070617 
413 309 23 28 0.027031751 
141 543 39 47 0.026850004 
48 254 21 26 0.026593732 
494 295 43 55 0.026514582 
905 311 24 31 0.026257556 
816 273 38 49 0.026106715 
47 280 25 30 0.02599849 
685 340 37 52 0.025898507 
531 270 32 44 0.025841184 
229 376 35 47 0.025465436 
178 252 21 28 0.025449023 
787 653 29 35 0.02532337 
515 581 25 30 0.025256203 
256 201 23 30 0.0252024 
246 398 38 47 0.025194352 
-67 502 366 372 0.025178982 
147 202 21 26 0.025111655 
159 306 27 34 0.024653852 
597 623 43 49 0.024572557 
202 402 28 37 0.02450073 
22 386 38 52 0.024177946 
156 488 52 65 0.024153125 
458 284 58 73 0.023698688 
393 263 21 27 0.023655891 
290 280 30 38 0.02359794 
100 548 39 46 0.023555698 
783 360 44 56 0.023425316 
225 287 21 28 0.023383591 
125 545 39 46 0.023356766 
720 550 65 80 0.023209037 
258 150 18 23 0.023089007 
463 567 28 33 0.022972845 
170 505 29 38 0.022953264 
251 414 41 51 0.02272899 
698 292 37 49 0.022661073 
366 288 17 22 0.022463733 
255 305 23 30 0.022342958 
661 589 67 73 0.022310384 
616 368 38 51 0.022186488 
689 260 23 29 0.022032188 
306 339 33 42 0.021989238 
816 339 39 50 0.021939319 
181 199 21 26 0.02189363 
566 314 678 726 0.021731747 
911 307 40 49 0.021686597 
629 574 50 63 0.021594 
283 311 41 55 0.021519704 
715 582 26 34 0.021508746 
457 253 36 49 0.021402739 
331 344 28 38 0.021329664 
487 261 18 23 0.021294663 
655 353 32 42 0.02123277 
3 278 20 27 0.021187585 
569 334 23 30 0.020939201 
435 306 21 27 0.020937013 
568 395 47 60 0.020876817 
249 318 36 48 0.020801125 
126 333 23 31 0.02078138 
108 266 53 66 0.020738741 
81 253 18 23 0.020680444 
192 490 40 51 0.020654345 
507 302 26 32 0.02065137 
383 403 25 31 0.020637583 
384 422 36 44 0.020571524 
816 301 47 63 0.020565674 
700 599 38 44 0.020548848 
55 634 53 50 0.020438619 
-209 302 690 729 0.020287456 
581 556 51 60 0.02028393 
595 645 42 47 0.02028343 
2 246 19 28 0.020265453 
673 281 25 31 0.020245878 
765 367 34 43 0.020195615 
452 337 36 50 0.020149691 
537 353 25 32 0.020097096 
799 568 79 79 0.020040253 
