2_Demonstration_Protesters_2_822
194
722 377 81 115 0.9960245 
199 378 46 59 0.86834824 
290 345 54 71 0.81367165 
29 362 42 59 0.719656 
92 429 46 56 0.62377995 
597 437 49 59 0.49053484 
673 358 42 52 0.3569864 
491 324 22 28 0.27589163 
513 402 24 32 0.1783826 
366 386 42 56 0.1601982 
109 431 53 65 0.15216216 
943 383 29 36 0.14050375 
0 371 27 40 0.13508622 
335 631 28 34 0.10916808 
793 263 22 29 0.107970804 
255 364 42 55 0.10323783 
807 472 56 74 0.10158518 
461 426 24 29 0.0949829 
571 434 62 81 0.09161926 
443 333 22 27 0.07734199 
735 235 19 23 0.074405335 
175 362 60 71 0.06934486 
973 353 22 30 0.065410405 
657 340 65 93 0.06411021 
832 478 48 59 0.062854074 
71 368 37 51 0.061251845 
413 329 21 28 0.058313806 
409 405 26 35 0.057515007 
671 310 20 24 0.056348242 
550 448 61 85 0.05599781 
128 362 44 53 0.054523528 
535 361 18 23 0.05277415 
445 305 22 26 0.051544014 
463 412 24 30 0.05148281 
455 335 21 27 0.049104843 
521 280 17 21 0.0485884 
357 400 35 45 0.04689494 
384 388 51 66 0.04671818 
323 371 61 76 0.045828853 
327 331 25 31 0.04571759 
148 473 40 51 0.04453143 
560 386 19 26 0.044043254 
535 407 21 30 0.04386052 
481 397 34 44 0.043541502 
0 356 44 65 0.043521024 
994 448 22 37 0.043335028 
213 356 49 63 0.043253716 
433 424 24 31 0.04319298 
971 447 28 45 0.042275894 
560 277 19 23 0.041458502 
270 324 62 78 0.04132479 
457 578 24 32 0.040389292 
510 391 23 30 0.039718363 
592 433 31 41 0.039399173 
83 304 21 28 0.038925517 
672 326 24 29 0.03843349 
445 407 53 65 0.038342256 
77 394 41 55 0.03807517 
183 362 28 34 0.037673797 
440 523 66 84 0.037607554 
132 355 28 36 0.037133664 
544 385 20 25 0.03687528 
497 390 48 62 0.036814697 
509 328 20 25 0.036304258 
541 263 20 25 0.036278304 
438 584 25 31 0.0361432 
258 714 20 25 0.036102854 
482 351 23 30 0.03596723 
528 446 39 55 0.03563152 
312 327 42 54 0.034525186 
488 431 21 27 0.034510057 
514 445 36 46 0.034125805 
420 394 53 67 0.034088742 
561 262 19 24 0.03392311 
620 442 45 57 0.03391771 
538 277 17 21 0.033851232 
455 308 20 26 0.03355884 
513 430 22 30 0.03354732 
932 379 52 61 0.033246625 
147 376 28 34 0.032597676 
994 404 21 31 0.032478064 
315 693 21 25 0.032446448 
326 580 23 29 0.03242635 
52 205 19 27 0.03218317 
331 621 24 28 0.031545993 
431 377 22 29 0.031394113 
666 254 20 25 0.031228632 
417 563 62 73 0.03110418 
510 313 17 23 0.030775763 
562 303 19 24 0.03068438 
414 426 23 30 0.030667098 
594 253 23 29 0.030535942 
136 442 40 52 0.030492049 
871 263 22 26 0.030451879 
329 695 23 28 0.030372072 
308 335 28 37 0.029914547 
146 357 28 34 0.02976348 
463 565 28 35 0.02960131 
26 392 30 42 0.029220654 
462 377 36 46 0.028955067 
364 714 24 31 0.02880134 
892 271 22 27 0.028728692 
328 710 24 31 0.028687514 
852 409 23 28 0.028356547 
550 485 44 62 0.028303806 
286 639 22 27 0.028068984 
410 592 62 77 0.027972562 
480 421 34 44 0.027725328 
127 405 30 38 0.027573787 
474 312 49 59 0.027195876 
873 273 23 27 0.027187865 
988 426 30 52 0.027156757 
468 381 23 28 0.027073184 
667 286 17 21 0.027050681 
166 544 65 89 0.026877088 
971 420 36 61 0.026435034 
894 232 21 25 0.026253307 
995 384 19 26 0.02612282 
673 463 55 71 0.025953107 
374 707 33 45 0.025859063 
316 585 21 27 0.025810942 
946 443 42 57 0.025780708 
483 444 36 45 0.02562171 
593 276 20 25 0.02549732 
539 381 31 42 0.025253491 
649 209 19 24 0.02507975 
520 390 50 68 0.025020562 
350 635 24 31 0.024966566 
975 338 20 28 0.02481003 
267 364 64 77 0.024781045 
665 424 40 51 0.024706637 
390 551 62 80 0.024698265 
992 360 18 26 0.024575345 
93 540 137 168 0.02435728 
483 385 24 31 0.023823658 
704 500 59 75 0.02377268 
262 360 28 37 0.023764526 
548 386 57 75 0.023755394 
384 309 22 27 0.023754703 
467 351 22 28 0.023659812 
718 316 18 22 0.023657702 
500 320 31 40 0.023311187 
978 405 22 30 0.02325734 
555 382 31 43 0.023249846 
944 417 42 59 0.023148052 
419 490 60 77 0.023003133 
870 231 21 24 0.022710178 
125 318 67 83 0.02270057 
30 332 22 29 0.022687247 
499 381 93 121 0.022486461 
969 491 36 49 0.022169467 
370 575 68 84 0.022149887 
157 498 29 39 0.022122085 
331 614 55 68 0.02209314 
536 335 19 24 0.022016654 
530 354 29 39 0.022008853 
533 543 39 51 0.021869238 
47 445 44 59 0.021803759 
154 349 58 77 0.02179103 
480 338 99 123 0.021639064 
537 432 23 31 0.021584045 
453 671 41 52 0.021463826 
36 202 16 24 0.021447035 
171 592 67 82 0.02143438 
331 560 34 41 0.021388022 
241 319 61 76 0.02136527 
411 459 23 29 0.021340355 
385 454 23 30 0.021266658 
534 462 46 63 0.021254716 
467 547 44 55 0.021129709 
519 261 19 24 0.021104088 
207 308 23 28 0.021065103 
949 361 25 30 0.021062978 
621 185 19 24 0.021030286 
288 293 65 82 0.020992775 
592 226 26 33 0.020966966 
608 254 20 27 0.020806653 
165 684 47 57 0.020746347 
311 713 23 30 0.020710662 
356 686 23 29 0.02068516 
546 305 18 23 0.020669736 
434 617 27 35 0.0205845 
560 403 23 30 0.02053262 
171 482 25 33 0.020516995 
973 390 49 75 0.020496583 
382 360 27 34 0.02048266 
-4 410 36 60 0.020474376 
407 384 26 32 0.020440994 
425 376 36 49 0.020340405 
277 368 37 46 0.020231929 
406 581 30 37 0.020176357 
355 617 24 29 0.020160168 
894 193 69 90 0.020087158 
944 182 23 29 0.020025594 
