2_Demonstration_Protesters_2_57
236
70 222 40 47 0.9726983 
227 226 34 42 0.9675685 
708 189 34 42 0.9470357 
27 238 31 41 0.9146954 
513 271 28 34 0.8261322 
387 240 30 37 0.82524556 
152 291 29 40 0.46489263 
234 300 31 38 0.19448338 
569 210 23 29 0.13928083 
608 175 21 28 0.12513493 
874 329 24 32 0.1077728 
309 310 22 29 0.10446515 
352 227 24 31 0.10378526 
941 341 22 29 0.09833655 
945 276 23 29 0.09537474 
364 518 22 29 0.09140915 
484 177 17 21 0.090433165 
203 180 23 31 0.08766439 
830 173 21 28 0.084946565 
365 352 21 26 0.08083401 
432 362 20 26 0.07608228 
339 225 23 30 0.07413484 
518 211 20 25 0.072257005 
567 260 22 28 0.068283305 
488 272 24 33 0.06683558 
484 361 19 25 0.0653241 
491 260 24 31 0.06508995 
149 200 23 30 0.060630567 
931 335 21 27 0.055050366 
512 364 21 27 0.054901738 
894 229 23 29 0.054624762 
366 337 23 28 0.0540808 
929 273 20 26 0.05338933 
528 274 22 29 0.051136285 
51 224 39 47 0.0508587 
458 230 20 26 0.050149586 
569 275 23 30 0.049590405 
442 229 22 28 0.049049966 
777 309 24 31 0.047603868 
465 275 22 29 0.04677906 
398 235 28 35 0.046642937 
432 277 22 28 0.046406303 
181 199 24 31 0.046362564 
488 207 18 22 0.04594708 
489 228 20 25 0.045730434 
565 220 24 30 0.045676902 
358 257 24 30 0.044732124 
459 466 21 26 0.044102076 
470 366 19 23 0.043941323 
471 379 18 23 0.043493267 
380 521 20 26 0.043409754 
438 162 17 22 0.042520944 
359 206 22 27 0.042297818 
587 205 21 29 0.041866887 
972 282 20 29 0.041505747 
180 229 23 30 0.040615764 
129 280 49 65 0.04059186 
338 274 23 30 0.04053614 
767 317 33 44 0.04021369 
464 328 18 23 0.039903134 
563 175 21 26 0.039625302 
310 228 22 30 0.03946918 
471 178 17 21 0.039376706 
482 379 19 24 0.03933497 
466 306 20 26 0.039237596 
574 300 39 48 0.039063506 
824 202 24 32 0.039056394 
243 226 32 39 0.038998313 
436 253 22 27 0.03859858 
946 263 19 25 0.03744916 
275 247 27 36 0.03744909 
837 179 21 26 0.03728046 
489 333 21 26 0.037067402 
615 201 21 27 0.036853187 
873 130 20 26 0.03646291 
203 196 27 35 0.036430042 
124 202 23 31 0.036428444 
463 478 20 25 0.036245868 
826 161 19 24 0.03593745 
930 308 19 24 0.035815045 
409 484 18 23 0.035779256 
411 417 20 26 0.03539873 
659 235 24 31 0.03522293 
276 207 22 28 0.035033207 
665 424 518 551 0.03486073 
465 257 21 26 0.034651205 
413 518 19 25 0.03428182 
973 297 20 29 0.033916768 
946 298 21 29 0.03371571 
848 130 19 24 0.033591613 
513 179 17 22 0.03323134 
545 177 19 23 0.03293962 
279 225 26 33 0.032806985 
467 206 19 24 0.032741826 
772 180 20 26 0.032642785 
517 222 23 29 0.03231062 
442 466 20 26 0.031898588 
439 480 20 25 0.03176284 
181 177 23 29 0.03146386 
685 370 56 55 0.031238541 
928 350 22 30 0.031204317 
434 334 19 25 0.031126795 
489 259 45 56 0.031104317 
889 334 21 26 0.031045655 
381 355 20 25 0.031031242 
867 148 21 26 0.031030668 
436 377 20 23 0.030952573 
975 262 17 22 0.03073441 
339 206 20 26 0.03072359 
851 75 20 24 0.030626755 
824 124 19 23 0.03006415 
790 374 26 31 0.030014884 
485 484 20 25 0.029965945 
764 354 24 31 0.029850438 
868 311 24 32 0.029579751 
-65 530 353 357 0.02952233 
638 178 24 30 0.02945598 
305 322 23 29 0.028980495 
488 163 17 21 0.0289293 
439 174 18 23 0.028682273 
310 466 20 25 0.028565671 
770 134 22 26 0.028531248 
355 272 24 31 0.028442591 
800 256 23 30 0.028333778 
413 334 23 28 0.028094925 
794 275 23 32 0.028001407 
411 135 19 24 0.027823068 
874 183 20 26 0.027685277 
751 351 23 28 0.027657196 
839 201 23 29 0.027521923 
309 481 20 26 0.027489701 
339 257 23 30 0.027234655 
352 509 37 51 0.02723237 
176 247 25 32 0.02700969 
384 205 22 28 0.026919855 
535 208 20 26 0.026909575 
313 281 22 29 0.026878133 
-225 314 709 747 0.02678613 
876 348 24 31 0.026585246 
376 335 23 29 0.02654673 
361 377 22 29 0.026304388 
157 147 25 31 0.026092753 
465 162 16 21 0.025966942 
390 380 22 26 0.025921037 
812 249 24 31 0.025776984 
841 238 34 45 0.025596593 
971 203 19 24 0.025575941 
533 261 24 29 0.025284087 
77 150 34 44 0.02526734 
792 130 19 23 0.025169894 
687 102 25 33 0.025074262 
699 196 28 35 0.024992418 
311 250 23 32 0.024831507 
788 325 24 31 0.02482062 
311 206 19 25 0.024808157 
435 208 19 25 0.02480226 
6 40 22 31 0.024591004 
156 134 23 28 0.0245635 
337 513 19 24 0.024560655 
693 75 21 25 0.024499498 
385 133 19 22 0.02449698 
939 261 44 61 0.024297906 
640 199 22 28 0.024284225 
50 170 25 33 0.024024231 
845 230 25 31 0.024010053 
589 250 22 30 0.023993682 
642 239 34 44 0.02386658 
671 176 23 30 0.023742383 
332 330 22 27 0.023740625 
230 127 18 22 0.023719126 
847 153 20 26 0.023705985 
923 320 50 63 0.023317559 
796 201 22 29 0.023257475 
925 229 19 24 0.023143621 
127 243 40 53 0.023126522 
96 200 37 48 0.023118472 
259 208 25 30 0.02299327 
996 254 16 22 0.022937806 
227 275 39 44 0.022899223 
0 0 21 25 0.022861017 
463 406 20 24 0.022846814 
27 206 26 34 0.022837086 
406 383 19 24 0.02265954 
357 70 22 26 0.022569822 
309 437 18 21 0.022550715 
262 150 20 24 0.022489635 
6 240 35 46 0.022429032 
414 150 20 25 0.022408836 
389 98 19 25 0.022396153 
351 325 49 61 0.022379054 
792 177 19 25 0.022340996 
-4 274 32 45 0.022243224 
732 311 58 73 0.022171235 
642 152 21 27 0.022147506 
489 129 18 23 0.022032073 
26 173 24 32 0.021894928 
569 302 25 33 0.021817213 
178 152 21 27 0.021770997 
280 123 19 24 0.021719428 
309 505 19 24 0.021685762 
155 248 28 35 0.021665053 
617 129 21 25 0.021651277 
358 184 20 25 0.021625156 
515 294 24 30 0.02149652 
463 437 19 24 0.021482967 
790 155 19 23 0.021475978 
614 158 22 26 0.021442618 
433 306 21 27 0.021380093 
668 56 20 26 0.021367602 
771 200 22 30 0.021301353 
693 55 19 25 0.021138228 
641 45 23 28 0.020982042 
660 144 35 45 0.020938596 
12 323 51 85 0.020901332 
475 169 29 36 0.020870494 
6 333 23 36 0.020833272 
637 130 19 24 0.02082939 
299 296 47 60 0.020770205 
591 416 19 24 0.020734277 
261 181 21 26 0.020727659 
357 239 65 73 0.02071315 
594 429 20 26 0.020610783 
748 336 23 30 0.020490939 
228 111 277 314 0.020475207 
964 284 32 47 0.020470165 
377 301 24 31 0.020445427 
866 125 34 43 0.020369941 
391 486 18 21 0.0202892 
434 -7 124 135 0.02027911 
894 177 21 27 0.020244403 
212 202 66 80 0.020234657 
672 101 22 29 0.020201646 
263 133 19 23 0.020194843 
-5 300 33 51 0.020172562 
855 300 50 67 0.020151485 
927 207 19 25 0.020029714 
