2_Demonstration_Demonstration_Or_Protest_2_795
24
452 437 131 164 0.99962234 
-6 80 122 169 0.08487191 
618 149 17 18 0.033560395 
206 477 60 92 0.02983303 
591 137 19 22 0.029442722 
505 274 27 35 0.028884126 
516 177 20 22 0.026417898 
54 393 174 189 0.026242746 
612 138 16 20 0.024761314 
134 433 23 29 0.02462542 
752 522 346 371 0.024410516 
479 392 83 103 0.022919893 
588 147 18 21 0.022649322 
730 54 72 87 0.022032963 
493 261 45 54 0.021878337 
487 156 16 20 0.02179275 
743 46 143 168 0.021616664 
520 135 19 22 0.021591164 
647 134 16 19 0.021398762 
-58 512 347 356 0.02135762 
640 153 15 19 0.020765815 
209 444 23 26 0.020714892 
519 155 18 20 0.020426484 
-207 298 692 728 0.020166889 
