2_Demonstration_Political_Rally_2_609
524
567 436 23 28 0.43699893 
775 513 20 25 0.41376922 
667 517 21 28 0.39897418 
613 456 18 22 0.30240238 
114 245 102 142 0.27956548 
812 545 20 25 0.26701516 
693 496 19 25 0.24888182 
157 148 25 32 0.24756207 
854 518 18 24 0.23127003 
600 334 17 21 0.21365705 
715 315 19 23 0.20875798 
776 491 18 23 0.20213406 
637 389 16 20 0.20040786 
585 551 32 38 0.19724652 
417 386 19 22 0.18550876 
380 434 21 25 0.18230873 
586 382 17 22 0.1719689 
945 645 21 25 0.1709794 
814 558 20 25 0.16620055 
775 587 19 25 0.16356769 
574 381 17 22 0.16176943 
618 445 18 23 0.16168644 
801 310 21 26 0.15469003 
904 493 19 23 0.15338959 
715 435 17 23 0.15292874 
647 338 17 21 0.1508116 
511 127 22 24 0.14920054 
598 359 17 20 0.14837049 
484 386 17 22 0.14178427 
456 436 20 25 0.14058281 
737 536 20 25 0.13993151 
593 486 20 25 0.13764475 
437 390 17 21 0.13742255 
466 382 17 21 0.13348086 
414 478 22 27 0.13258076 
775 568 19 23 0.12591003 
725 509 19 23 0.1232969 
645 434 17 21 0.122714244 
639 493 18 24 0.12241004 
883 458 18 22 0.119263366 
892 461 17 21 0.118554026 
892 543 18 22 0.11321492 
443 437 20 25 0.11311107 
596 460 19 23 0.11006209 
686 407 19 23 0.10968508 
950 534 19 22 0.10833874 
739 514 18 22 0.10826764 
673 494 19 24 0.1080716 
414 431 19 25 0.107362464 
904 505 19 23 0.10389365 
590 407 17 22 0.10161092 
590 506 24 30 0.10114692 
627 386 16 19 0.09997778 
512 356 17 21 0.09969892 
748 462 17 22 0.099396475 
917 494 18 21 0.09872591 
244 387 44 54 0.09821484 
438 404 18 22 0.09779114 
852 481 17 22 0.095724225 
945 519 18 23 0.094834976 
618 411 16 21 0.09474741 
584 441 18 23 0.093822025 
850 535 19 24 0.09351653 
481 409 18 22 0.09304546 
564 452 21 25 0.091444395 
725 540 21 27 0.090290055 
854 560 19 23 0.09011622 
933 567 20 24 0.08868266 
749 364 17 21 0.08701269 
920 507 17 22 0.08696906 
797 328 20 24 0.08695072 
415 410 18 23 0.08666333 
802 556 20 25 0.08476562 
739 558 21 28 0.08318344 
643 414 18 22 0.08296222 
538 408 18 22 0.082937784 
919 430 18 23 0.08287128 
644 355 16 20 0.08212614 
696 539 19 24 0.08130284 
844 433 17 22 0.07977851 
571 411 18 23 0.07951365 
534 579 42 48 0.07880731 
904 432 18 23 0.07868192 
130 233 25 32 0.077920526 
667 460 17 21 0.077730626 
677 406 18 23 0.0777301 
957 615 20 23 0.076607354 
767 607 21 27 0.07637681 
983 481 18 24 0.07610897 
539 392 17 21 0.076040864 
649 511 19 25 0.075669274 
747 387 16 20 0.0755673 
571 486 19 24 0.07551748 
793 642 20 27 0.075295195 
949 363 18 22 0.07312748 
673 361 17 22 0.07291808 
745 488 18 22 0.07255131 
217 372 65 82 0.07200683 
768 441 16 20 0.07164044 
945 382 16 21 0.07130686 
825 582 20 24 0.07130243 
462 365 15 18 0.07076156 
673 388 18 23 0.07047002 
31 373 24 32 0.07016063 
772 308 17 22 0.0695261 
566 366 16 20 0.0694203 
435 483 21 26 0.06936584 
714 463 18 23 0.06930083 
539 358 16 19 0.06881397 
442 461 20 25 0.06847344 
896 559 18 21 0.06704023 
976 465 17 23 0.06688389 
773 462 17 21 0.06686601 
774 532 18 22 0.06655645 
390 518 21 27 0.06646142 
934 385 16 21 0.06614539 
598 314 16 20 0.065687284 
814 311 17 23 0.06551892 
790 520 18 23 0.06524889 
545 433 21 26 0.06485584 
510 513 23 29 0.06475232 
540 338 16 18 0.06473074 
827 443 17 20 0.06461363 
718 490 17 23 0.06414228 
869 560 18 22 0.063903585 
852 638 21 25 0.063694336 
879 542 17 21 0.063583285 
721 414 16 21 0.06341176 
751 442 17 21 0.06264921 
590 481 31 41 0.06254885 
641 462 16 20 0.062275875 
514 490 22 27 0.061980154 
521 412 17 20 0.061893094 
853 618 19 23 0.06113397 
975 352 20 27 0.06065274 
485 433 20 25 0.060023047 
702 314 17 21 0.060004402 
274 404 22 30 0.05927462 
496 361 15 19 0.05844315 
822 516 18 22 0.058345668 
693 388 19 23 0.058212996 
611 306 16 19 0.057852797 
847 594 19 23 0.057610877 
820 462 17 21 0.056848608 
920 414 19 25 0.05583297 
387 411 17 22 0.054901082 
614 289 16 20 0.05466289 
746 307 16 21 0.054469742 
747 610 22 30 0.0537227 
128 241 38 53 0.053687323 
700 330 16 21 0.053682327 
689 361 18 22 0.053311553 
387 488 20 24 0.05328544 
441 364 15 19 0.053204864 
719 626 28 38 0.052946445 
470 412 17 20 0.0529379 
496 304 16 20 0.052901417 
746 589 22 27 0.0527985 
941 583 21 26 0.052515265 
612 358 15 20 0.052385684 
824 486 16 21 0.05217103 
871 594 19 23 0.0520203 
385 391 17 22 0.051776342 
950 484 17 21 0.051693235 
614 487 19 24 0.05155728 
918 336 18 23 0.05154201 
981 564 18 23 0.050963048 
847 417 18 22 0.050931074 
664 439 17 23 0.0503957 
932 584 20 25 0.050103977 
664 312 15 18 0.049745284 
876 441 17 22 0.049688067 
974 340 20 25 0.04952718 
388 359 17 20 0.04951261 
459 461 19 24 0.049227558 
648 314 16 18 0.049189143 
571 526 55 65 0.04904147 
993 481 17 24 0.04895681 
971 441 16 21 0.04889261 
183 320 107 134 0.048885107 
932 642 20 24 0.04815622 
717 393 15 19 0.048102915 
510 341 16 19 0.047659066 
469 134 17 21 0.047588456 
507 527 24 33 0.047371596 
497 338 16 20 0.0471503 
868 171 22 26 0.04709253 
792 439 16 19 0.046524487 
209 154 20 25 0.0464974 
518 385 16 21 0.046333283 
907 335 18 22 0.046254758 
698 560 20 26 0.04604245 
539 531 24 32 0.04582289 
239 126 17 22 0.045771282 
745 286 17 20 0.045628734 
865 514 16 21 0.045619104 
609 337 16 20 0.045552023 
465 340 16 20 0.044978004 
564 334 15 19 0.04468087 
957 438 17 21 0.044471182 
898 595 19 23 0.044460878 
485 480 23 29 0.044244178 
460 480 20 27 0.04402074 
906 417 18 23 0.043828793 
723 555 22 29 0.043706354 
957 462 17 20 0.0435231 
787 587 19 25 0.043280527 
20 198 22 28 0.04294867 
793 462 17 20 0.042894002 
436 339 17 21 0.04255932 
359 463 18 24 0.042508565 
970 535 19 24 0.042363938 
769 359 16 20 0.04208375 
40 251 117 155 0.04198815 
898 606 19 22 0.04188021 
546 312 16 19 0.04186585 
872 488 17 21 0.04158792 
778 332 16 19 0.04155304 
425 540 39 49 0.04124141 
955 335 18 22 0.041159306 
866 127 19 24 0.04109691 
745 405 16 21 0.040777117 
866 614 21 24 0.03981709 
258 387 26 34 0.0398088 
695 286 16 19 0.03975006 
700 463 17 21 0.039575543 
536 484 19 25 0.03936475 
149 254 22 31 0.0389796 
308 437 21 29 0.038932547 
401 539 42 51 0.03878944 
517 435 19 23 0.03864428 
486 99 17 21 0.038625322 
927 357 17 21 0.038616724 
562 556 40 46 0.03854583 
771 411 17 20 0.03844757 
863 641 22 26 0.038060207 
994 470 16 21 0.037806697 
4 328 20 32 0.03746226 
576 489 55 70 0.037371136 
816 332 17 21 0.03729373 
370 437 18 23 0.03723736 
790 414 16 19 0.037175477 
857 124 19 24 0.037085045 
486 529 25 33 0.036866277 
969 404 17 23 0.036703676 
432 508 23 29 0.03651041 
967 615 18 24 0.036415476 
507 307 16 19 0.035937402 
416 367 17 20 0.035597857 
385 484 31 38 0.035559725 
850 468 18 23 0.03535403 
171 151 21 28 0.035236154 
928 540 18 21 0.035127047 
799 352 18 23 0.03491182 
487 591 23 29 0.034224275 
282 98 16 21 0.033883847 
488 611 27 32 0.03376343 
591 454 31 37 0.033641938 
146 264 44 63 0.033629023 
541 459 20 26 0.033612575 
925 462 16 20 0.033584677 
768 384 16 20 0.033521313 
634 631 40 52 0.03351521 
410 306 18 23 0.03349713 
465 513 22 29 0.03298531 
734 634 24 32 0.0329082 
410 513 22 27 0.032729216 
535 184 18 23 0.032721575 
978 507 20 25 0.03266664 
388 339 17 22 0.032604393 
542 127 19 22 0.03254712 
663 606 25 31 0.032399368 
768 526 31 39 0.032192633 
956 405 18 22 0.032104887 
360 483 19 24 0.03201546 
819 354 18 23 0.03187068 
441 86 16 21 0.031869303 
639 428 28 37 0.031801045 
107 301 69 94 0.03175843 
923 613 19 22 0.03166352 
720 286 16 20 0.031608693 
635 486 29 39 0.031576052 
310 380 20 25 0.03138827 
557 593 43 47 0.03130126 
690 96 21 25 0.031145733 
789 489 17 21 0.030994663 
554 550 64 76 0.030953802 
421 153 17 20 0.03093545 
774 106 19 22 0.030808307 
206 302 21 27 0.030756997 
165 268 89 122 0.030729277 
893 652 24 31 0.030677456 
668 561 21 27 0.030628081 
844 332 17 21 0.030584902 
485 460 21 27 0.030584622 
592 108 18 22 0.030581662 
485 515 24 31 0.030497598 
651 511 47 60 0.03039615 
872 413 17 21 0.030363478 
563 312 15 20 0.030345038 
569 510 21 28 0.03034174 
156 275 25 36 0.030248381 
664 336 17 21 0.03024764 
234 281 18 22 0.03022856 
332 533 31 38 0.030226829 
7 201 21 28 0.030057523 
993 565 18 24 0.029958932 
1 277 22 39 0.029769884 
975 386 18 24 0.029758371 
538 563 30 37 0.029742008 
776 637 23 29 0.029664867 
342 522 40 49 0.029618155 
748 333 15 18 0.029608883 
678 399 30 37 0.029462803 
597 285 17 21 0.029270798 
279 159 19 22 0.029218294 
826 385 18 22 0.029213391 
516 459 19 25 0.02917143 
700 434 17 21 0.029133359 
621 428 536 551 0.02909974 
327 512 43 51 0.029098636 
632 383 28 34 0.029077265 
878 387 18 22 0.029060943 
384 456 19 24 0.029049605 
976 472 29 40 0.029031033 
664 589 23 29 0.02902759 
647 526 32 41 0.028966133 
897 386 17 22 0.028871452 
612 508 20 26 0.028867122 
252 332 21 26 0.028769804 
459 503 36 47 0.028704977 
390 576 46 51 0.028695224 
26 362 22 31 0.028652923 
579 608 27 33 0.028594786 
718 503 66 77 0.028588519 
159 136 22 28 0.028529385 
671 287 16 18 0.028450673 
741 584 35 44 0.028345825 
581 374 28 37 0.028279802 
382 599 45 46 0.028099222 
597 328 27 35 0.028094523 
955 132 19 23 0.028084498 
433 397 30 39 0.027915578 
583 402 29 38 0.027732499 
820 641 18 24 0.027627341 
444 101 16 20 0.027475214 
998 434 15 19 0.027391396 
28 187 20 25 0.027382912 
993 356 20 27 0.027309252 
787 543 46 56 0.027208896 
341 536 66 71 0.027166337 
205 271 128 162 0.027128268 
433 382 28 37 0.026826872 
312 365 18 23 0.026812982 
599 498 36 46 0.026809767 
375 472 54 64 0.02668932 
48 182 20 27 0.026664382 
2 232 21 30 0.0266313 
759 543 64 80 0.026628455 
577 433 29 38 0.02652152 
942 285 20 25 0.026510717 
6 185 20 26 0.026442582 
238 330 23 28 0.026356118 
85 227 20 25 0.026257884 
591 122 19 23 0.026255392 
178 286 22 30 0.026238367 
144 303 76 103 0.026224596 
410 223 19 24 0.025989633 
463 375 27 34 0.025928246 
424 499 37 47 0.025919333 
49 197 22 26 0.025870645 
432 153 17 21 0.02586536 
567 538 25 32 0.025829555 
-2 245 74 108 0.025797047 
230 308 19 25 0.025782041 
355 516 22 28 0.025779102 
605 481 31 40 0.025765657 
366 408 17 21 0.025731951 
640 550 34 45 0.02569934 
343 340 18 21 0.025653044 
640 329 29 37 0.025633607 
404 467 49 59 0.02555836 
525 520 54 68 0.025495771 
565 409 31 40 0.025158565 
612 404 30 38 0.025124125 
793 614 19 24 0.024887094 
717 356 17 20 0.02484398 
635 610 40 51 0.024753813 
385 154 18 22 0.024751564 
153 241 63 91 0.024736978 
595 351 27 34 0.024718616 
824 614 18 22 0.024710624 
618 99 17 22 0.024703111 
213 353 107 134 0.024691748 
478 378 28 36 0.02465556 
641 612 25 31 0.024582243 
339 303 18 22 0.024513906 
759 499 48 60 0.024449805 
338 357 17 21 0.024447573 
537 517 20 26 0.024438284 
335 111 15 19 0.02442375 
735 511 29 37 0.024321927 
560 125 18 21 0.024316875 
133 141 70 84 0.02425994 
424 444 51 63 0.024218582 
3 302 21 36 0.024059027 
638 406 29 38 0.023956593 
174 129 19 25 0.023928111 
491 202 21 24 0.023845505 
844 387 17 22 0.023834988 
126 260 47 63 0.023783958 
709 598 67 79 0.023757823 
122 326 29 40 0.023752447 
341 463 20 25 0.023669384 
278 389 22 28 0.023615267 
719 551 64 77 0.023610063 
705 447 73 86 0.023528852 
367 514 60 70 0.02351953 
183 276 58 73 0.023460602 
620 379 29 36 0.023423249 
495 513 49 65 0.02339501 
976 308 16 20 0.023386182 
259 225 23 29 0.02338433 
948 305 17 22 0.02332103 
53 156 19 23 0.02320077 
456 198 19 25 0.023181168 
335 408 19 22 0.023161499 
165 274 40 55 0.023090903 
28 318 94 114 0.023071798 
335 289 18 23 0.02301082 
670 383 30 40 0.022976855 
847 614 34 39 0.022890398 
209 339 575 566 0.02284879 
562 470 53 66 0.022842655 
516 581 29 35 0.022792585 
235 324 38 45 0.02278001 
911 486 29 36 0.022755697 
695 591 23 30 0.022713946 
367 390 16 21 0.0227091 
595 293 74 91 0.022701861 
589 436 98 120 0.022689926 
35 426 76 94 0.022684447 
845 359 18 21 0.022645066 
603 502 63 76 0.022621116 
604 399 68 85 0.022619396 
633 478 96 113 0.022610476 
640 584 25 31 0.022600943 
940 377 30 40 0.022574758 
606 561 25 30 0.022485243 
358 363 16 21 0.022474123 
305 263 148 186 0.022438167 
417 131 16 19 0.022413496 
693 605 26 34 0.022404399 
553 583 31 39 0.022374015 
257 310 18 22 0.022334391 
782 512 29 38 0.02231073 
226 347 47 60 0.022291316 
672 488 49 61 0.022281073 
79 181 119 151 0.022249168 
727 369 125 150 0.022202758 
20 351 36 52 0.022153342 
385 284 18 23 0.022151701 
567 107 16 20 0.022147661 
995 506 19 26 0.022143556 
521 181 19 22 0.022093829 
800 284 19 22 0.022084132 
795 383 16 21 0.021954605 
653 453 66 81 0.02193997 
634 378 107 133 0.021931328 
487 88 17 22 0.021889001 
536 406 29 38 0.021753686 
280 88 18 22 0.021649439 
466 147 18 22 0.02151596 
395 501 67 74 0.0213052 
770 287 16 20 0.021271601 
359 559 29 35 0.021215366 
717 587 23 28 0.021065155 
196 291 36 45 0.021059766 
206 333 21 27 0.021051755 
317 525 64 70 0.021022547 
925 172 21 26 0.02101741 
73 476 166 182 0.02094193 
671 126 21 25 0.020914927 
632 316 111 133 0.020913592 
32 374 82 108 0.020894399 
392 309 18 21 0.02083402 
633 454 27 37 0.020806175 
792 652 23 32 0.020769158 
995 379 18 25 0.020759676 
903 128 17 20 0.020749114 
293 389 58 75 0.020741746 
591 470 50 66 0.020725643 
818 284 16 21 0.020687064 
752 448 76 90 0.020665232 
365 135 16 19 0.020639068 
887 455 28 35 0.020584103 
271 382 35 46 0.020504484 
516 109 19 22 0.020497363 
903 354 17 20 0.020453995 
287 360 19 24 0.020443305 
-59 507 355 356 0.02043147 
591 541 67 78 0.02040286 
276 413 37 47 0.020384688 
785 482 108 128 0.02038067 
737 491 99 119 0.020375898 
549 435 51 62 0.020364918 
819 655 22 29 0.020334288 
977 587 18 24 0.02033364 
516 406 29 36 0.020291789 
79 215 174 228 0.020257046 
453 499 65 75 0.020233829 
475 402 28 36 0.020227192 
80 219 34 41 0.020219576 
744 453 28 38 0.020164698 
846 308 18 22 0.02015263 
871 536 29 38 0.020143583 
620 234 21 25 0.020129738 
844 279 20 24 0.020093806 
357 310 17 21 0.020092845 
367 204 19 23 0.020060774 
66 356 60 77 0.020052627 
355 566 43 48 0.020036468 
339 484 21 26 0.020017179 
846 479 29 38 0.020006867 
