2_Demonstration_Political_Rally_2_57
211
208 145 33 43 0.96031535 
765 145 35 41 0.8988867 
588 135 36 46 0.8934291 
664 180 31 40 0.87979954 
151 140 25 33 0.8583288 
79 138 32 42 0.85566235 
894 252 35 44 0.8325195 
360 142 31 41 0.8217493 
483 307 54 62 0.73190415 
821 122 35 45 0.697612 
497 168 32 40 0.6656647 
275 146 24 30 0.653923 
-2 126 25 34 0.5926693 
925 169 29 37 0.53141946 
463 157 26 33 0.5065184 
530 158 25 31 0.4778692 
442 78 21 28 0.46228927 
377 123 29 36 0.38033184 
100 119 25 32 0.34795997 
258 129 23 28 0.2558701 
940 173 28 34 0.24977879 
276 206 28 36 0.20558162 
853 283 24 30 0.20405212 
93 146 25 33 0.19255896 
712 158 24 30 0.15258588 
564 104 22 28 0.15226506 
542 166 26 33 0.15102243 
24 204 26 37 0.1412093 
105 110 23 30 0.13956927 
788 246 38 45 0.123829626 
641 145 24 32 0.12185447 
265 146 24 31 0.11884428 
600 127 33 41 0.11793996 
926 218 27 35 0.11762315 
715 169 25 31 0.10710724 
643 134 24 29 0.103478424 
277 133 22 30 0.099686615 
927 156 27 33 0.094652325 
476 152 36 45 0.09092511 
406 155 25 32 0.08997492 
290 104 21 25 0.08907029 
283 177 25 32 0.08645158 
753 141 33 41 0.08419119 
471 107 20 27 0.079542674 
517 157 27 34 0.071562685 
134 131 21 28 0.07032315 
305 196 33 42 0.066142306 
406 241 37 46 0.0656592 
980 224 22 30 0.061922543 
766 247 37 43 0.06149965 
304 100 21 28 0.059995204 
170 205 24 30 0.05652288 
21 100 22 29 0.056361776 
923 198 35 44 0.05620519 
311 151 23 30 0.05532246 
6 21 24 33 0.05355862 
646 168 35 45 0.0531717 
893 175 22 29 0.051199287 
941 224 23 30 0.050806705 
941 155 26 31 0.050591018 
848 232 24 32 0.047009587 
258 111 20 25 0.046527375 
410 167 25 32 0.046302304 
991 226 20 28 0.04575563 
411 232 28 36 0.045474745 
386 109 22 29 0.045297693 
19 124 24 32 0.044906072 
713 227 25 34 0.04351759 
565 122 24 31 0.043488283 
455 202 26 32 0.04348306 
482 129 23 29 0.04329778 
442 200 25 32 0.04263116 
362 293 34 43 0.04246238 
971 177 20 27 0.04223513 
207 133 28 36 0.042040247 
424 244 33 43 0.041594733 
56 70 20 26 0.040943448 
438 93 20 27 0.04083622 
305 177 23 31 0.04057976 
480 108 20 26 0.038824502 
178 155 23 32 0.03837612 
879 173 22 29 0.03794207 
993 182 19 25 0.03784286 
231 100 22 27 0.037737772 
813 594 27 33 0.03752648 
762 133 31 37 0.0367468 
135 147 21 28 0.03652354 
821 108 26 34 0.035900544 
129 106 20 27 0.035472665 
439 153 20 28 0.03507984 
663 123 22 29 0.035056904 
136 76 20 25 0.03501844 
378 227 41 50 0.03468138 
577 352 30 37 0.03410759 
877 256 27 34 0.034046765 
942 202 25 31 0.03402183 
152 80 19 25 0.03388039 
286 325 26 32 0.03373845 
489 185 35 44 0.033078443 
453 247 33 41 0.033072066 
159 169 24 30 0.0330536 
98 280 28 35 0.032718737 
7 104 23 31 0.032306165 
153 101 21 27 0.031821337 
786 127 37 46 0.03168449 
282 1 24 26 0.03132237 
403 130 21 26 0.03121357 
823 327 26 32 0.030855274 
371 272 37 48 0.030685065 
810 254 28 34 0.030276103 
665 155 25 31 0.030250082 
469 123 22 28 0.030142877 
977 207 19 27 0.030131403 
23 80 19 26 0.030111369 
846 253 24 31 0.030092027 
184 104 21 27 0.029795868 
710 194 33 44 0.02977553 
259 175 24 32 0.029735785 
353 466 22 28 0.029662395 
815 274 24 31 0.029624632 
547 106 20 26 0.029396778 
950 252 24 33 0.029217126 
129 177 21 28 0.029197663 
273 236 36 49 0.029182412 
439 127 19 24 0.028761512 
696 227 24 33 0.028627874 
195 265 44 50 0.02856339 
225 131 28 34 0.028183926 
877 152 22 30 0.02804502 
9 192 35 52 0.027950276 
455 3 22 25 0.027345808 
893 154 22 29 0.02725461 
545 127 22 28 0.027245063 
896 232 28 35 0.027187923 
85 115 45 58 0.027152002 
514 147 45 56 0.027121343 
363 79 19 23 0.02704714 
332 105 19 25 0.026962835 
793 229 31 37 0.026699752 
124 207 22 29 0.026662046 
362 165 28 37 0.026592093 
840 293 23 30 0.02658785 
970 253 22 31 0.026293388 
310 125 21 28 0.026170434 
556 175 23 31 0.02616917 
8 78 20 27 0.025971394 
47 202 22 30 0.025843332 
821 302 35 44 0.025722919 
973 155 19 26 0.025684781 
780 157 36 44 0.025399402 
27 188 49 67 0.025389578 
658 222 36 53 0.025298111 
332 330 25 31 0.025232712 
679 171 31 42 0.025137143 
602 238 37 46 0.025012424 
141 132 45 54 0.024849536 
321 195 32 44 0.024757208 
952 131 24 29 0.02458015 
263 215 33 41 0.024579592 
716 80 21 27 0.02457503 
643 186 38 50 0.02437815 
692 153 24 30 0.024333745 
815 204 24 31 0.02428218 
27 180 23 32 0.024259103 
56 101 21 27 0.024224272 
838 140 27 33 0.024118608 
19 179 36 53 0.024116846 
853 380 43 47 0.02382104 
456 145 44 56 0.023803132 
812 224 26 32 0.023565399 
573 142 33 43 0.023335224 
840 268 48 59 0.023208505 
100 206 23 29 0.023099564 
463 318 43 53 0.023095846 
296 210 36 47 0.023072138 
444 3 22 25 0.023066644 
880 238 60 73 0.022933105 
878 203 23 29 0.022900624 
715 2 23 26 0.022801053 
895 208 21 29 0.022713449 
196 315 42 51 0.02248449 
25 145 23 31 0.022447702 
337 590 27 32 0.022259342 
152 52 20 26 0.02200841 
103 352 28 34 0.021966554 
851 347 74 80 0.021948071 
236 82 19 24 0.021735866 
947 80 23 27 0.021678336 
335 128 24 30 0.021621877 
354 222 38 48 0.021596985 
264 137 44 55 0.021585809 
455 219 33 43 0.021524467 
47 255 23 29 0.021419914 
510 245 35 42 0.021320615 
454 80 18 24 0.02131688 
307 2 23 25 0.021260064 
311 82 19 24 0.021162476 
794 266 31 36 0.021102235 
434 177 22 30 0.021096854 
434 232 25 32 0.020917641 
61 142 34 45 0.020788424 
1 185 57 84 0.02072704 
337 150 24 31 0.020690434 
993 204 19 25 0.020536361 
153 28 20 25 0.020491567 
871 101 22 28 0.020449318 
684 188 34 47 0.020399041 
609 190 38 50 0.020398762 
804 259 50 59 0.020218179 
262 204 26 33 0.020153698 
152 216 35 43 0.020069823 
