2_Demonstration_Protesters_2_213
96
363 303 78 97 0.9822264 
964 599 38 59 0.9399407 
591 553 57 76 0.91994303 
777 613 39 50 0.85821044 
455 129 188 245 0.44753873 
896 633 36 49 0.3655813 
752 545 39 51 0.3508868 
268 284 49 65 0.21467786 
120 453 25 32 0.16551699 
980 577 34 58 0.13175733 
458 248 89 121 0.103239164 
0 413 21 31 0.09767663 
5 463 21 33 0.07166802 
865 689 36 45 0.069484405 
813 621 36 46 0.06300131 
818 563 26 33 0.05922885 
834 624 35 45 0.058086786 
517 420 61 79 0.057457604 
873 622 40 53 0.055825178 
952 603 33 47 0.052264135 
746 515 26 33 0.04875827 
243 293 56 71 0.045782015 
836 706 43 48 0.04502084 
803 711 48 46 0.04224187 
451 291 73 105 0.040928237 
763 574 43 57 0.04088765 
783 584 38 48 0.04056946 
523 570 43 57 0.040225938 
512 453 47 54 0.03991655 
745 532 29 38 0.03938053 
550 505 62 82 0.03936459 
893 611 38 51 0.03888901 
977 566 27 36 0.03759797 
797 727 34 38 0.036440317 
869 607 30 40 0.035580784 
36 404 68 83 0.035493292 
33 431 21 27 0.03437809 
915 611 26 34 0.03387413 
116 465 36 47 0.033672925 
773 624 54 68 0.03364936 
249 278 45 54 0.031782348 
326 259 123 168 0.030703604 
552 487 48 62 0.03065359 
582 525 51 71 0.03057876 
596 498 70 80 0.030474026 
951 587 27 36 0.030277044 
682 569 38 51 0.030158205 
-6 415 31 51 0.03005154 
817 581 27 36 0.028444221 
31 437 72 93 0.027911955 
639 48 22 23 0.027508272 
578 506 44 59 0.027451025 
281 292 56 75 0.027301949 
0 454 63 100 0.026492165 
990 567 24 32 0.026214253 
910 645 34 43 0.026204063 
528 456 64 77 0.026203217 
807 648 42 53 0.026123663 
822 386 19 22 0.026012665 
422 399 61 73 0.025266847 
54 390 24 28 0.024986826 
108 438 21 27 0.02495857 
509 588 66 86 0.024903324 
21 460 20 29 0.024866736 
389 216 116 166 0.024852674 
383 270 68 86 0.024476713 
-6 493 65 99 0.024321089 
278 312 37 49 0.02401348 
620 52 19 23 0.023799008 
-2 466 35 58 0.023782205 
1 513 23 33 0.023761638 
98 435 53 66 0.02372374 
27 417 39 59 0.02371401 
309 275 62 88 0.023601204 
545 561 62 78 0.023387916 
979 611 36 55 0.023236042 
22 483 22 29 0.023199232 
844 727 31 38 0.02300677 
430 341 70 95 0.022816528 
154 477 24 31 0.022800973 
648 526 41 48 0.02276572 
461 351 26 36 0.022681838 
565 462 61 74 0.022430034 
403 154 138 171 0.022212269 
537 407 65 83 0.022142572 
764 511 26 32 0.021509806 
478 82 100 102 0.021399926 
531 560 31 40 0.021385228 
629 646 37 52 0.02131039 
882 677 39 51 0.021172239 
995 376 17 23 0.020864071 
223 304 57 71 0.02069891 
583 77 26 32 0.020685064 
783 554 36 47 0.020440256 
72 458 23 29 0.020281658 
638 537 33 40 0.020162854 
