2_Demonstration_Protesters_2_881
53
328 286 38 47 0.28028148 
441 279 267 320 0.21797332 
43 293 27 33 0.1411361 
473 89 441 512 0.13891006 
695 109 286 309 0.10319237 
618 188 123 190 0.081695855 
801 56 51 77 0.05868703 
362 360 25 34 0.058198337 
463 300 157 216 0.055354293 
725 506 366 389 0.051875442 
647 203 76 114 0.047382437 
432 230 73 107 0.044074293 
444 246 120 184 0.043271285 
314 293 38 49 0.03694763 
364 146 250 349 0.03683316 
35 287 22 30 0.03640382 
349 298 25 34 0.036222562 
433 300 537 594 0.034587555 
803 13 172 186 0.03427616 
389 240 112 159 0.034015402 
653 239 171 187 0.03330256 
328 225 97 142 0.0332376 
818 48 68 89 0.032533947 
686 244 357 423 0.03220397 
492 181 182 243 0.03026592 
318 318 39 50 0.030259527 
893 25 82 87 0.02915321 
525 228 244 265 0.028734976 
765 91 82 105 0.028276566 
137 523 360 359 0.027839055 
530 350 92 104 0.027673444 
254 196 248 312 0.027652731 
740 140 86 92 0.027023261 
-223 313 703 741 0.025553608 
-64 531 353 358 0.025518404 
854 37 84 92 0.025384462 
790 268 89 102 0.025240675 
691 291 189 167 0.025218619 
888 97 87 101 0.02495377 
731 130 151 140 0.02456977 
493 11 102 101 0.024497623 
666 171 67 104 0.024150413 
587 121 133 178 0.023579415 
448 289 72 106 0.023342289 
768 171 161 127 0.023122076 
310 274 66 92 0.02305515 
358 439 362 398 0.02214428 
349 278 27 38 0.021979576 
506 402 133 151 0.020943863 
931 229 76 108 0.020752627 
436 267 31 45 0.020738514 
31 281 47 56 0.02052671 
493 276 73 114 0.020410756 
