2_Demonstration_Protesters_2_178
309
265 498 68 87 0.99911255 
549 550 66 74 0.99419963 
70 550 66 82 0.9770479 
747 516 56 63 0.9432692 
765 107 48 55 0.88421696 
637 524 51 62 0.8694105 
679 21 44 52 0.60417694 
598 100 41 51 0.33231407 
4 88 24 36 0.29958442 
246 617 55 71 0.29273945 
930 544 53 64 0.2890093 
365 60 43 49 0.27883473 
465 70 47 51 0.24489251 
920 569 62 79 0.23346959 
188 29 26 30 0.13492312 
402 326 59 85 0.1322294 
425 491 54 64 0.13095355 
47 2 30 32 0.12800507 
662 35 42 50 0.12410927 
539 183 28 36 0.120816216 
682 607 29 38 0.10475788 
893 1 23 26 0.10279842 
136 61 39 47 0.099062495 
674 211 55 66 0.09135689 
476 536 41 56 0.08698633 
642 125 26 34 0.08477438 
962 581 43 66 0.08455991 
2 2 23 27 0.08053758 
231 33 41 47 0.07989996 
651 499 39 52 0.079116926 
424 149 70 87 0.074828744 
682 99 28 37 0.07473601 
478 90 33 39 0.073063925 
278 388 50 57 0.072568245 
351 89 43 52 0.07130778 
196 627 48 58 0.07102763 
384 143 41 50 0.06942412 
561 3 23 25 0.06610636 
672 103 27 35 0.06487203 
344 478 51 64 0.06419023 
864 575 40 54 0.063760504 
356 115 25 32 0.06214508 
829 257 50 76 0.061184287 
672 209 29 36 0.060192384 
892 560 32 47 0.05898795 
855 278 42 65 0.05731427 
615 521 41 55 0.054750375 
645 72 25 32 0.05386072 
528 43 27 34 0.053769797 
153 158 23 28 0.052830078 
144 55 27 34 0.052786995 
613 534 73 82 0.052759923 
102 19 21 26 0.050865263 
404 472 44 58 0.050570577 
389 174 24 30 0.049399696 
287 406 52 63 0.049170565 
497 412 41 54 0.048143174 
449 511 52 65 0.04737043 
659 584 55 71 0.047080398 
445 188 50 58 0.045388933 
402 153 25 33 0.0451001 
105 8 21 25 0.04362896 
250 146 25 32 0.04341182 
513 288 42 62 0.043021917 
457 46 48 56 0.042872984 
277 443 47 57 0.042091206 
405 1 29 30 0.041985918 
248 30 28 31 0.041786384 
378 116 45 57 0.04119747 
439 89 74 92 0.0408142 
217 623 58 67 0.040691406 
579 550 70 85 0.04028288 
772 22 24 30 0.04025553 
976 286 31 45 0.039808262 
368 80 45 53 0.039745852 
358 52 33 40 0.039693438 
463 91 32 38 0.039388902 
655 57 38 51 0.038652122 
567 530 52 64 0.038201496 
227 -2 26 27 0.038148973 
447 477 52 69 0.03735909 
881 44 40 55 0.036951642 
703 92 36 48 0.036874164 
470 198 41 50 0.036778063 
463 221 26 31 0.036660705 
221 86 41 53 0.03665932 
907 613 56 62 0.03605271 
250 203 27 32 0.035999272 
8 155 20 29 0.0359785 
476 47 34 39 0.035975993 
191 510 46 62 0.035892062 
387 122 28 35 0.035741225 
468 97 48 59 0.03564384 
397 146 62 77 0.035079014 
318 392 40 47 0.035030514 
535 530 56 72 0.035027847 
846 580 42 53 0.034691676 
178 14 52 58 0.034601375 
280 18 27 30 0.034327235 
124 123 25 32 0.034190096 
274 91 44 57 0.034145344 
746 111 41 51 0.034124315 
62 526 60 78 0.033832848 
639 99 25 34 0.03382251 
304 506 66 81 0.033566266 
679 525 43 55 0.03342295 
227 58 43 54 0.033421505 
714 117 37 48 0.033323403 
631 132 44 55 0.033300094 
22 94 22 29 0.03327405 
400 7 41 44 0.033142544 
567 429 35 45 0.033096626 
333 66 37 48 0.032751556 
129 43 70 82 0.032587893 
297 10 41 42 0.03251503 
2 122 21 31 0.03240148 
204 -1 24 25 0.032240115 
738 475 44 56 0.032035377 
473 473 47 64 0.031465482 
660 87 49 63 0.031419832 
157 172 22 26 0.03141834 
796 51 23 29 0.03137008 
376 253 61 83 0.031059988 
837 183 37 47 0.030889513 
683 205 30 38 0.030885572 
410 171 22 28 0.030879017 
756 420 45 51 0.030808924 
920 598 37 43 0.030749625 
608 131 44 58 0.030709507 
233 182 21 27 0.030658707 
239 116 57 69 0.030534009 
397 126 109 145 0.030042598 
644 554 63 82 0.02996516 
283 4 26 28 0.029342921 
372 473 53 66 0.029248869 
434 58 62 75 0.029214414 
360 127 70 98 0.029026194 
694 175 26 33 0.029007234 
432 175 28 35 0.028854087 
585 28 26 30 0.02882725 
183 38 25 33 0.028794039 
922 4 22 26 0.028748998 
128 96 26 32 0.02856468 
670 24 31 37 0.028552696 
73 4 21 26 0.028534126 
405 370 32 41 0.028499294 
774 2 23 28 0.028487325 
719 517 55 67 0.028389702 
280 423 35 43 0.028271867 
94 573 70 80 0.028268874 
916 634 33 39 0.028046915 
822 250 39 54 0.027972583 
696 219 69 92 0.027966153 
582 440 21 26 0.027692879 
49 77 25 31 0.02767853 
8 550 39 57 0.027418813 
922 93 24 34 0.02732054 
653 108 37 49 0.02731138 
528 180 47 57 0.027306 
53 521 44 58 0.027188316 
11 78 31 43 0.027176013 
333 171 63 86 0.027062977 
419 190 67 84 0.026998231 
360 -1 23 26 0.026977414 
387 268 38 52 0.026971733 
723 146 29 38 0.026962737 
791 70 28 36 0.026827369 
771 145 65 80 0.026493764 
119 116 40 53 0.026367491 
415 206 21 26 0.026356466 
5 182 21 31 0.026241831 
403 348 35 48 0.026221626 
357 20 27 33 0.026179185 
391 283 100 138 0.026157415 
350 69 234 300 0.026152946 
661 490 30 39 0.026100744 
511 252 26 33 0.026046224 
200 42 24 31 0.025978982 
87 507 45 52 0.025969336 
537 1 23 26 0.025944674 
752 445 46 56 0.025830291 
983 621 32 55 0.025827587 
650 54 24 31 0.025806272 
323 255 47 62 0.025698427 
609 507 35 47 0.02559719 
2 194 20 30 0.025570488 
388 202 21 26 0.025563175 
603 452 38 47 0.025561942 
809 176 55 68 0.025530905 
145 149 36 45 0.025520978 
3 46 21 26 0.025311405 
430 198 26 31 0.025303276 
601 476 44 56 0.025211623 
620 87 54 69 0.02514307 
48 132 22 27 0.02507962 
66 11 36 41 0.024968155 
418 446 48 62 0.024950702 
459 118 29 36 0.024873292 
302 400 34 40 0.024823934 
404 94 71 96 0.024809934 
20 157 23 30 0.02466751 
156 0 19 22 0.024601093 
948 42 25 33 0.024594435 
236 148 75 91 0.024521422 
174 86 38 49 0.02448478 
944 116 26 38 0.024478327 
50 96 23 29 0.02438083 
496 185 53 65 0.024371076 
511 4 27 29 0.024362063 
302 2 29 30 0.024352215 
405 259 70 97 0.024261063 
365 173 64 82 0.024189556 
-2 108 33 50 0.024049018 
863 169 42 54 0.023987196 
708 465 55 68 0.023986408 
532 24 25 29 0.023977613 
307 399 63 77 0.023931263 
319 -3 39 39 0.023927554 
512 39 36 46 0.023892948 
311 211 67 90 0.023835488 
585 42 27 33 0.023831068 
678 499 39 54 0.02379491 
301 183 56 80 0.023596004 
531 303 25 37 0.023577685 
69 70 40 49 0.023571055 
450 125 72 89 0.023482243 
259 -1 24 24 0.02348005 
242 90 44 55 0.023435134 
173 517 42 59 0.023369133 
678 166 57 73 0.023367478 
241 152 21 27 0.023320606 
924 43 24 31 0.02327063 
30 4 26 29 0.023251502 
635 484 45 55 0.023179611 
583 446 39 44 0.023065729 
692 404 25 32 0.023065131 
-120 399 503 549 0.023063801 
702 562 57 78 0.02299778 
257 126 62 73 0.022962838 
29 127 21 26 0.022723548 
402 45 70 86 0.022455402 
34 0 48 54 0.022438208 
590 241 39 46 0.02243415 
810 142 41 52 0.022429412 
353 385 28 34 0.022415733 
420 527 68 78 0.022414917 
356 143 40 53 0.022402763 
117 148 69 79 0.022386577 
277 70 39 50 0.022365704 
158 104 67 84 0.022299426 
837 559 41 56 0.022276234 
165 68 36 46 0.022256566 
991 300 20 30 0.022244548 
786 19 24 29 0.022179503 
228 117 40 53 0.022173708 
394 88 38 51 0.022161836 
459 0 25 27 0.022138711 
689 0 30 34 0.022124408 
204 157 20 27 0.022103846 
499 214 37 45 0.022040846 
717 498 42 54 0.022029784 
862 492 44 53 0.022008793 
531 419 37 51 0.021979537 
338 248 66 85 0.021962484 
638 233 39 50 0.021961832 
493 238 63 75 0.021869391 
389 -1 27 28 0.021859657 
187 67 114 131 0.02180331 
230 174 36 47 0.02178861 
338 179 24 32 0.02178642 
454 16 43 48 0.021774378 
330 140 102 147 0.021767795 
257 180 64 79 0.02167078 
615 439 21 27 0.021645352 
412 194 36 47 0.02164083 
150 523 38 52 0.021597099 
457 150 31 37 0.021579815 
337 92 36 48 0.021577016 
740 2 23 28 0.021490792 
481 273 67 86 0.021475887 
878 0 25 26 0.021442678 
252 128 28 35 0.021439722 
129 2 20 23 0.02140878 
670 235 68 90 0.021377075 
413 214 109 147 0.02137471 
742 402 39 48 0.021366643 
918 23 23 28 0.021305494 
632 163 40 52 0.021300146 
844 419 40 47 0.021171171 
514 541 41 55 0.0211517 
76 94 26 31 0.021020561 
439 68 38 49 0.02094977 
189 154 156 186 0.020898184 
325 287 45 57 0.020888846 
661 228 49 59 0.020878343 
917 33 39 52 0.020860223 
704 169 40 51 0.020819407 
378 190 39 49 0.020778056 
182 2 22 25 0.020773787 
300 88 40 53 0.020713985 
875 57 61 83 0.020710325 
589 75 28 34 0.020681925 
495 87 41 49 0.020672636 
134 149 23 30 0.020353923 
743 232 70 96 0.02017517 
201 2 72 78 0.020113567 
802 113 41 51 0.020113034 
636 0 23 27 0.020097384 
394 368 74 97 0.020096296 
