2_Demonstration_Political_Rally_2_135
147
936 635 68 87 0.8080564 
3 1086 92 132 0.4806395 
159 558 43 58 0.15884858 
51 664 28 37 0.0858177 
849 814 38 49 0.08034404 
654 406 90 115 0.0639778 
72 664 34 43 0.061296668 
971 503 37 48 0.060648076 
66 312 33 38 0.06007178 
700 441 100 109 0.059578083 
48 682 29 39 0.05774478 
79 680 36 44 0.05530156 
146 268 32 37 0.054067302 
345 573 27 34 0.050431967 
652 413 40 56 0.04868812 
275 533 27 35 0.047656372 
515 430 87 97 0.04471753 
0 462 29 39 0.044492815 
147 542 70 92 0.043835234 
6 650 28 37 0.043307826 
889 463 63 85 0.042612668 
88 612 33 39 0.040772755 
507 222 28 36 0.040702876 
349 547 28 36 0.040076774 
46 620 27 34 0.039007388 
686 229 29 36 0.038467318 
317 690 30 39 0.038187273 
148 652 31 40 0.036164634 
458 189 33 45 0.035208672 
967 521 37 48 0.0350923 
271 610 27 32 0.03453362 
209 654 31 40 0.03418297 
9 624 28 37 0.033998013 
389 695 28 37 0.03351507 
274 588 26 33 0.03334704 
690 447 45 55 0.03300242 
396 541 31 37 0.031958573 
351 656 26 34 0.03170703 
684 427 41 54 0.031225527 
185 549 34 41 0.031095581 
87 571 36 44 0.031087263 
157 353 30 38 0.030886764 
469 232 31 38 0.03051247 
28 1075 43 57 0.030223545 
540 273 26 30 0.029039904 
952 614 53 67 0.02899084 
816 538 32 40 0.028836051 
316 665 29 35 0.028168399 
346 511 29 37 0.028133078 
1 700 28 38 0.028106568 
746 479 80 85 0.028039886 
191 276 27 33 0.027906867 
816 -123 520 578 0.027877558 
78 519 86 106 0.02783981 
179 567 39 50 0.027744537 
356 344 34 45 0.027724171 
508 203 31 41 0.0277175 
755 528 61 83 0.027703665 
955 582 41 51 0.02766042 
667 286 26 32 0.027577609 
801 187 512 578 0.027548548 
887 874 35 44 0.02740676 
512 266 28 34 0.02728377 
325 579 27 33 0.027080845 
421 395 65 73 0.027008537 
814 783 518 592 0.026746128 
317 356 31 40 0.026581043 
771 560 32 44 0.026547259 
798 476 514 581 0.026449539 
696 280 28 36 0.026329217 
711 502 103 144 0.025998812 
58 521 66 74 0.0259167 
371 354 118 119 0.02578955 
389 452 34 41 0.025753554 
347 378 34 43 0.025602913 
767 464 41 49 0.025558043 
222 661 29 35 0.02555474 
810 461 33 42 0.025409175 
890 847 37 46 0.025358278 
902 442 94 120 0.025341798 
80 600 52 66 0.025300594 
749 670 94 122 0.025287436 
435 189 34 43 0.025095725 
775 541 37 45 0.024760297 
397 577 31 37 0.024749119 
397 663 28 38 0.024730297 
156 602 36 47 0.024662532 
50 533 34 41 0.02459767 
352 694 27 35 0.024538377 
273 515 30 39 0.024469635 
371 291 116 118 0.024418842 
702 297 30 36 0.024376268 
771 490 41 47 0.024165677 
815 500 35 43 0.024066098 
8 263 28 37 0.023886004 
135 273 29 34 0.0237281 
355 620 28 35 0.023676218 
885 814 35 45 0.023616618 
896 461 39 51 0.023524716 
513 -328 1053 1109 0.023507219 
7 726 27 39 0.023430109 
954 601 92 131 0.0234027 
395 507 31 38 0.023182165 
361 312 31 39 0.023122782 
730 463 44 52 0.023030095 
471 262 31 37 0.023025947 
595 390 82 107 0.022929827 
397 616 30 35 0.022854427 
7 1033 33 47 0.022754412 
368 664 120 127 0.022749597 
69 335 34 43 0.022734307 
156 302 32 38 0.022734147 
655 296 26 33 0.02268325 
314 148 35 41 0.022638632 
317 375 30 39 0.022636624 
581 283 25 31 0.022625139 
129 229 27 32 0.022444434 
736 488 45 52 0.022320572 
883 714 36 46 0.022230802 
240 538 27 34 0.02209302 
424 510 34 43 0.022072226 
151 238 30 36 0.021935074 
54 338 30 37 0.021660332 
628 373 82 114 0.021645283 
541 222 27 32 0.02157926 
-6 449 46 62 0.021504212 
73 535 40 48 0.02142876 
435 693 30 35 0.021425664 
320 293 108 117 0.02127849 
49 508 35 41 0.02118673 
899 430 34 41 0.021102376 
389 533 53 63 0.021054365 
53 643 73 91 0.021001818 
715 422 221 237 0.020986443 
431 663 27 33 0.020815505 
30 1127 50 75 0.020755567 
109 506 34 40 0.020668346 
653 468 124 151 0.020656416 
374 432 62 71 0.020610683 
358 420 30 36 0.02057138 
553 515 960 1087 0.020502878 
385 684 52 69 0.020379445 
732 282 27 35 0.020251218 
192 309 26 33 0.020229753 
703 667 103 134 0.020203095 
422 682 54 67 0.020169264 
727 393 107 140 0.020081615 
