2_Demonstration_Political_Rally_2_329
250
308 311 64 75 0.9995958 
744 397 90 110 0.998628 
931 283 61 73 0.9961098 
480 312 82 103 0.9957021 
269 196 41 49 0.99350303 
128 231 43 54 0.99055946 
141 345 58 68 0.9897483 
768 175 30 38 0.9832704 
865 338 57 68 0.93396163 
198 195 35 43 0.9305001 
807 203 35 45 0.9081167 
924 211 34 42 0.8663813 
130 175 32 40 0.863568 
618 209 26 33 0.8558354 
4 190 40 52 0.76373017 
460 230 46 55 0.7570396 
647 235 37 47 0.6760048 
332 185 25 31 0.66341656 
876 159 26 32 0.4238552 
835 181 25 32 0.35789657 
846 134 21 26 0.35055694 
974 224 29 39 0.31663477 
19 260 41 53 0.3164967 
532 207 21 26 0.28707495 
605 470 57 98 0.26812166 
690 327 44 51 0.2537138 
74 202 30 38 0.18618637 
182 156 27 32 0.18445288 
994 175 19 27 0.18021207 
859 223 27 36 0.15457147 
973 238 39 54 0.15412894 
479 122 22 27 0.15353891 
521 204 21 26 0.15197325 
666 187 22 28 0.14948668 
840 68 26 32 0.12611765 
204 209 39 47 0.122329175 
658 194 33 42 0.11817454 
775 123 20 25 0.11531281 
846 146 24 30 0.11461632 
73 147 23 29 0.11165904 
384 180 22 30 0.111491665 
54 168 24 31 0.109438874 
585 236 23 30 0.10686737 
694 198 24 31 0.10495173 
473 128 19 24 0.10025233 
736 152 22 29 0.098593675 
886 166 28 37 0.09148973 
643 130 20 25 0.09049767 
358 178 22 29 0.088173054 
207 82 20 24 0.08510276 
726 150 21 27 0.084634386 
817 153 23 29 0.08116422 
432 186 22 26 0.07949463 
689 144 22 28 0.07860575 
229 82 21 26 0.07781992 
596 159 19 23 0.075634636 
233 97 21 25 0.070597924 
770 159 25 30 0.06892866 
604 269 33 43 0.06876486 
390 84 20 25 0.06610107 
78 134 21 26 0.06607055 
24 285 41 54 0.06567631 
25 148 23 28 0.06417485 
868 128 20 25 0.06398311 
74 173 25 32 0.06391085 
924 154 22 28 0.06389987 
127 403 33 39 0.06385131 
657 318 31 40 0.0637012 
959 150 21 26 0.06322932 
366 158 21 27 0.06142255 
261 99 21 25 0.06120913 
842 353 58 73 0.05976826 
893 73 20 25 0.059659384 
722 258 24 31 0.05957518 
585 175 20 25 0.059428085 
977 105 21 27 0.05931989 
690 186 22 29 0.059300587 
537 232 20 26 0.057409767 
644 182 21 26 0.056661803 
977 179 21 28 0.05533069 
482 110 22 27 0.054386802 
497 151 19 24 0.054061133 
405 224 25 33 0.053913783 
44 198 35 45 0.053106584 
-3 215 30 39 0.05297326 
544 129 19 23 0.052615218 
747 176 24 31 0.05256224 
611 124 17 22 0.052539922 
363 198 23 31 0.051797308 
380 195 24 31 0.050388005 
745 131 17 22 0.049959272 
927 136 20 24 0.049938116 
693 135 22 27 0.04963777 
738 221 25 32 0.048966315 
207 99 19 23 0.048822403 
878 108 19 24 0.04882223 
54 151 30 39 0.04842935 
644 153 21 25 0.047712184 
175 106 20 25 0.047661036 
900 355 53 69 0.04762457 
771 109 19 25 0.047618356 
796 156 24 29 0.04658702 
209 48 19 24 0.04595902 
599 126 18 21 0.045791566 
893 110 19 24 0.04578343 
977 205 24 33 0.04576403 
45 347 39 47 0.045448452 
897 128 21 26 0.04499715 
315 81 20 24 0.044635464 
102 166 34 46 0.044596363 
181 78 19 24 0.044574864 
244 423 54 84 0.044496607 
559 267 36 47 0.04410449 
499 238 39 49 0.042917993 
465 151 19 24 0.0428464 
782 170 27 35 0.042662777 
31 133 18 24 0.042425074 
629 198 34 43 0.04235864 
21 314 40 51 0.042230602 
580 243 32 42 0.041271824 
925 72 20 25 0.04125251 
918 175 25 32 0.03955182 
792 131 20 25 0.039471943 
182 199 31 38 0.039382152 
974 129 20 27 0.038926464 
327 213 39 50 0.03856667 
261 86 19 24 0.038542915 
361 78 19 24 0.038522366 
543 150 18 23 0.038369957 
128 159 25 30 0.03795073 
719 180 22 28 0.03793076 
415 181 22 29 0.037854698 
16 181 33 43 0.037701946 
670 147 21 27 0.03709592 
185 51 19 25 0.036974072 
954 180 22 29 0.03677593 
221 227 31 39 0.03651546 
867 203 26 32 0.0357697 
506 152 18 24 0.03557632 
908 387 42 57 0.03521468 
383 159 19 25 0.035155408 
557 377 39 52 0.03483406 
23 346 42 53 0.034362026 
596 108 17 21 0.034317896 
312 181 25 32 0.034193326 
329 78 19 25 0.03413725 
51 126 19 25 0.034108818 
46 217 29 38 0.033542205 
20 210 36 44 0.033384483 
937 203 28 35 0.032938976 
909 491 66 75 0.032929737 
177 122 21 26 0.032885615 
542 181 20 24 0.032642134 
414 203 24 31 0.032235205 
679 361 42 55 0.03214805 
540 251 22 28 0.031771343 
826 132 21 25 0.0316033 
254 152 21 26 0.031552814 
437 149 19 23 0.03080795 
609 157 18 23 0.030592693 
459 180 20 25 0.030567562 
3 271 28 37 0.030302947 
514 234 22 29 0.030218767 
43 277 32 44 0.030216852 
534 330 59 74 0.03019904 
611 110 17 21 0.03014243 
494 185 20 25 0.029814221 
665 133 22 28 0.029652843 
715 197 23 30 0.029312463 
647 408 55 69 0.02912059 
786 310 45 55 0.028524986 
562 126 18 23 0.0284214 
561 110 18 22 0.02833909 
878 73 21 26 0.028071431 
989 229 23 35 0.027322374 
229 182 26 33 0.026863413 
556 291 42 55 0.02663082 
512 130 17 22 0.026467597 
4 106 18 26 0.026279582 
403 241 34 46 0.026179306 
923 106 19 23 0.026123213 
617 354 27 33 0.026110934 
694 223 24 30 0.0260944 
234 122 21 26 0.025946073 
546 112 17 22 0.02592126 
436 137 19 23 0.025844714 
570 177 20 24 0.025834681 
844 102 21 26 0.025727533 
219 196 28 37 0.025725313 
761 343 46 56 0.02560763 
333 156 21 26 0.025140397 
698 340 74 93 0.02511553 
796 213 31 40 0.024980068 
411 151 19 23 0.024949694 
608 197 43 55 0.024807362 
569 155 19 23 0.024765972 
994 103 19 25 0.02456053 
612 259 26 34 0.02450811 
715 413 60 74 0.024449917 
100 152 22 29 0.024231957 
994 206 20 28 0.02374315 
742 205 25 32 0.023723485 
533 265 41 52 0.023646642 
515 107 18 22 0.023623968 
587 204 21 26 0.02357076 
479 197 41 52 0.023567282 
165 99 19 24 0.023494188 
7 125 19 25 0.023374444 
571 232 21 27 0.02332551 
276 100 19 24 0.023286294 
179 167 38 46 0.023104148 
173 210 40 49 0.022927564 
921 57 21 25 0.022786587 
489 200 25 30 0.022730414 
385 52 19 24 0.02268644 
230 54 20 23 0.022670008 
1 247 39 51 0.022571277 
319 170 46 59 0.022502866 
576 444 74 111 0.022456089 
599 410 40 51 0.022288878 
587 271 33 42 0.02205868 
880 365 58 77 0.022056198 
738 272 35 44 0.021900509 
835 189 33 43 0.02175945 
101 129 19 24 0.021710966 
581 197 34 43 0.021665456 
470 110 20 26 0.021586262 
279 187 31 35 0.021562003 
423 187 36 46 0.021489456 
687 53 25 33 0.021462174 
578 168 32 41 0.021389114 
559 330 31 40 0.021208575 
97 187 37 48 0.021189788 
210 33 20 24 0.02111312 
567 252 33 43 0.021081215 
336 101 20 26 0.020998048 
516 79 18 22 0.020997107 
716 268 34 44 0.020945052 
291 189 40 50 0.020778513 
7 150 21 29 0.020770546 
62 134 44 58 0.020763118 
646 442 74 101 0.020660505 
512 185 20 25 0.020655913 
570 201 21 25 0.020625964 
119 377 57 69 0.020576123 
686 273 29 37 0.020540254 
894 57 23 26 0.02053485 
469 250 48 60 0.020355545 
359 103 19 24 0.020167908 
616 183 21 26 0.020132788 
