2_Demonstration_Political_Rally_2_18
383
147 385 22 29 0.8667009 
224 261 22 29 0.71118 
80 281 21 26 0.7095325 
301 330 19 24 0.6594951 
103 441 25 31 0.65720415 
23 445 26 34 0.6542962 
359 340 19 25 0.622101 
314 433 21 27 0.60251623 
261 201 22 29 0.53187245 
369 431 20 24 0.49248576 
25 305 19 25 0.44336766 
226 361 20 26 0.42597985 
149 305 18 24 0.42065287 
488 387 19 24 0.40265366 
151 401 23 29 0.39745829 
267 390 21 27 0.37648585 
766 415 18 25 0.34161338 
443 455 21 25 0.33728868 
331 200 19 27 0.3239819 
263 401 21 27 0.29975662 
362 349 20 25 0.2915921 
489 364 18 22 0.28815526 
71 337 19 25 0.28786993 
63 332 18 25 0.27722153 
337 390 19 25 0.2758095 
622 458 19 24 0.2699415 
166 328 19 25 0.26777253 
445 303 20 24 0.2650964 
379 431 18 23 0.26285934 
238 426 20 27 0.26167136 
430 437 21 25 0.24463478 
138 304 19 23 0.24368557 
174 336 18 24 0.23500381 
431 411 19 24 0.23305677 
274 399 21 26 0.22059637 
214 354 19 24 0.21566458 
279 279 18 24 0.20871301 
420 416 19 24 0.20252828 
175 264 18 23 0.2017332 
385 411 18 23 0.20160314 
387 389 18 24 0.19811906 
418 364 20 23 0.19720764 
233 378 19 25 0.1891139 
49 449 24 31 0.18649743 
166 263 16 20 0.1820037 
82 385 20 24 0.17394704 
313 260 18 23 0.17047232 
252 314 19 24 0.17045522 
456 461 18 22 0.17034909 
187 302 20 24 0.1692954 
183 282 18 24 0.16686971 
239 312 20 25 0.16391739 
23 335 20 26 0.1609968 
420 429 20 25 0.16090186 
306 316 18 23 0.15788697 
131 291 18 22 0.15693712 
336 402 18 23 0.14544624 
171 450 23 30 0.14257517 
344 338 16 22 0.14158013 
309 275 18 22 0.13869184 
36 416 21 27 0.13601539 
383 287 20 23 0.12898846 
486 401 18 24 0.12352902 
430 365 18 22 0.12060252 
507 443 18 23 0.119138196 
104 253 18 22 0.11777748 
204 480 23 29 0.117665015 
98 388 21 26 0.11698027 
366 304 18 23 0.11652319 
548 434 19 23 0.11610081 
183 362 20 26 0.115175076 
157 288 17 22 0.10794209 
265 278 19 24 0.10736632 
110 334 20 26 0.1046498 
364 418 18 24 0.1030014 
8 349 20 29 0.102108724 
311 413 20 25 0.101288415 
184 378 20 26 0.10013058 
497 454 18 24 0.09800313 
126 332 19 24 0.097975865 
187 223 19 23 0.09467762 
101 282 18 22 0.09467724 
521 407 18 23 0.09340352 
307 355 17 22 0.09287571 
336 311 16 20 0.092525855 
521 389 17 22 0.09105007 
470 405 17 24 0.09075449 
505 455 19 24 0.090281166 
310 235 19 25 0.08930201 
215 274 21 26 0.08893467 
136 362 19 25 0.088219695 
23 348 19 25 0.08819052 
288 311 19 23 0.08782573 
11 337 19 28 0.087651774 
365 288 18 24 0.086232364 
164 439 23 30 0.08608368 
36 437 31 39 0.08490249 
534 394 17 21 0.08486263 
82 434 22 28 0.08313099 
52 381 19 25 0.08225556 
409 465 19 24 0.0813132 
617 459 30 41 0.08121495 
83 262 19 23 0.08073094 
436 385 18 22 0.0805436 
469 389 18 23 0.07970193 
176 409 23 29 0.079231106 
263 359 18 23 0.07913361 
256 327 18 24 0.07842049 
336 279 17 22 0.078118294 
381 304 18 23 0.07783731 
125 255 16 21 0.076680385 
494 443 19 23 0.076556414 
308 481 21 26 0.0763989 
822 479 18 22 0.07530812 
150 365 20 25 0.07460392 
-4 505 20 28 0.07459113 
383 585 21 29 0.0745419 
3 386 20 27 0.07371527 
618 483 21 29 0.07332744 
362 458 19 24 0.073190674 
1 407 20 26 0.07115611 
78 413 20 25 0.07108104 
536 407 17 22 0.070851885 
283 261 17 22 0.07060563 
203 307 18 24 0.07026622 
334 182 20 27 0.0701877 
202 227 19 24 0.06993614 
341 359 17 22 0.06780043 
442 290 19 25 0.06738575 
210 339 19 24 0.06686662 
102 309 18 22 0.066858985 
203 431 20 27 0.066785984 
335 479 19 24 0.06667952 
392 462 19 23 0.06532027 
31 286 17 23 0.064898506 
411 381 19 23 0.06476672 
107 407 21 28 0.06386393 
465 440 19 23 0.06364107 
454 305 17 22 0.06333668 
321 208 18 24 0.06313258 
285 358 19 25 0.062509835 
263 260 18 25 0.06128797 
46 413 20 26 0.06108313 
4 455 23 31 0.060667038 
382 364 17 21 0.06015541 
208 385 19 25 0.059394617 
332 469 20 24 0.05906319 
252 429 19 25 0.0587165 
509 492 19 24 0.058206793 
326 436 19 24 0.0573826 
312 389 18 23 0.05669982 
488 511 19 24 0.055434935 
460 484 18 22 0.055358805 
412 277 18 23 0.05534629 
33 382 19 23 0.055182327 
819 542 22 28 0.055067196 
56 312 18 24 0.054805636 
69 473 32 41 0.054721385 
183 213 19 25 0.054353394 
80 300 20 27 0.054162994 
258 185 21 27 0.052752156 
867 443 18 24 0.052427474 
468 511 18 23 0.052088793 
286 230 19 25 0.052059505 
882 411 20 23 0.050953154 
334 260 17 23 0.050042033 
75 459 22 29 0.049937844 
601 460 55 70 0.04979384 
360 486 20 25 0.049789958 
770 427 18 24 0.049449302 
329 510 19 24 0.049253333 
275 203 21 27 0.04905412 
56 503 24 30 0.04887122 
714 507 21 26 0.048823956 
558 437 17 22 0.048573323 
56 281 18 23 0.04840055 
714 492 19 24 0.04839482 
123 436 21 28 0.048210494 
6 436 22 29 0.04810171 
205 413 20 26 0.047944475 
751 488 17 21 0.047802288 
78 353 19 23 0.047267456 
381 331 18 22 0.047102053 
508 502 19 25 0.04677291 
443 327 18 23 0.046709776 
634 462 18 23 0.046623245 
356 254 18 22 0.04613261 
856 442 18 23 0.04587411 
890 416 20 23 0.045547374 
411 333 18 23 0.04533489 
353 201 20 24 0.04455099 
108 240 17 22 0.044423275 
363 380 18 23 0.043934505 
460 330 17 22 0.043680545 
496 490 18 22 0.043101832 
12 308 18 24 0.042975396 
137 405 22 28 0.042423077 
3 201 19 25 0.042036172 
312 460 21 26 0.04191802 
360 505 20 26 0.041734807 
283 438 21 25 0.04151079 
856 488 17 21 0.04096799 
303 561 29 37 0.04093629 
793 441 18 22 0.040882472 
58 486 22 29 0.040605985 
237 329 20 24 0.040510505 
339 226 18 24 0.04047587 
858 459 16 20 0.040380422 
205 462 21 28 0.0402445 
233 235 20 26 0.039915726 
516 579 22 29 0.039790224 
442 482 19 23 0.03956615 
621 445 18 23 0.0393849 
512 568 23 31 0.03910607 
315 507 22 27 0.03898757 
488 341 17 20 0.038889483 
749 461 16 21 0.038569726 
176 506 23 28 0.03856499 
388 260 18 22 0.03847448 
282 453 19 25 0.03832353 
56 357 18 24 0.03792828 
155 209 20 24 0.037778985 
754 413 18 23 0.037648942 
127 236 17 21 0.037265886 
204 210 18 23 0.037235428 
412 264 18 23 0.03684456 
-3 488 20 29 0.036737476 
82 237 17 22 0.03667049 
106 354 19 24 0.036661513 
259 223 20 26 0.036452528 
468 361 16 21 0.03643794 
366 583 22 29 0.0363279 
50 255 18 23 0.036310732 
331 160 19 24 0.036057018 
356 234 19 24 0.036008123 
723 386 19 22 0.035870455 
2 256 19 25 0.035154555 
361 563 21 27 0.034934808 
538 485 19 24 0.034719937 
125 451 21 27 0.034567546 
409 480 20 26 0.034250874 
597 487 21 27 0.034091648 
629 477 34 46 0.03375542 
847 543 20 24 0.033219967 
459 560 24 30 0.032400567 
51 235 17 21 0.032335393 
901 436 19 24 0.0323272 
638 443 15 19 0.03184956 
29 204 18 23 0.031822577 
719 534 21 28 0.031452704 
751 436 18 24 0.03139471 
719 558 21 28 0.03137969 
718 465 18 22 0.031268395 
421 567 64 71 0.030763872 
31 258 17 22 0.030746633 
389 480 19 24 0.030662809 
634 561 23 28 0.030538695 
776 467 17 20 0.030341256 
639 487 20 27 0.030317472 
769 483 17 22 0.030071003 
790 461 17 21 0.030019145 
566 486 19 24 0.02932899 
263 512 23 28 0.028698415 
456 290 17 21 0.028684763 
896 551 22 28 0.02857867 
669 561 24 29 0.02836732 
436 586 27 33 0.028160764 
384 228 18 24 0.028069075 
855 510 17 22 0.027986478 
34 234 17 20 0.027977958 
737 535 22 26 0.02761159 
439 561 24 30 0.027585806 
205 183 18 23 0.027520902 
386 537 21 26 0.02750897 
286 484 22 28 0.02744414 
235 455 21 26 0.027327672 
280 185 20 25 0.027109051 
687 561 21 28 0.027032958 
91 429 42 53 0.027032793 
466 556 63 74 0.026892943 
453 473 31 40 0.026857676 
851 452 31 39 0.026835436 
818 511 18 21 0.026743796 
595 463 18 22 0.026610753 
26 506 20 26 0.026589032 
410 505 20 27 0.026506964 
335 603 27 35 0.026420116 
432 603 29 35 0.026412303 
238 207 18 23 0.026199931 
161 509 23 28 0.02601605 
351 566 55 66 0.025984393 
397 566 55 67 0.025910541 
304 569 41 51 0.025901295 
235 159 19 23 0.025725942 
330 587 24 32 0.025709843 
925 415 21 24 0.025703216 
511 365 16 20 0.025650723 
386 566 21 28 0.025455026 
157 230 17 21 0.025407268 
482 504 31 39 0.025385594 
529 403 28 37 0.025351873 
744 384 17 21 0.025296615 
564 430 104 123 0.025201123 
293 467 51 59 0.025139125 
415 311 18 22 0.025061578 
537 462 19 24 0.02490748 
636 501 22 29 0.024765955 
407 563 23 31 0.024750035 
237 410 27 36 0.024736127 
866 489 18 24 0.024715073 
708 496 34 43 0.024600971 
797 384 16 20 0.024582237 
499 562 55 70 0.02451775 
867 507 19 24 0.024396546 
28 480 22 29 0.024298517 
770 389 17 21 0.024298301 
239 180 18 22 0.02424775 
720 408 18 24 0.024165077 
259 161 18 23 0.023978645 
919 432 19 23 0.023900874 
407 583 24 31 0.02381153 
441 543 56 65 0.02373985 
202 557 26 31 0.023731157 
897 460 19 22 0.02372523 
412 540 20 26 0.023582418 
844 482 58 73 0.023578975 
133 372 44 56 0.023498137 
818 472 32 40 0.023305822 
595 555 59 75 0.023001488 
132 207 19 23 0.022973288 
595 477 36 45 0.022958312 
719 435 18 23 0.022939794 
384 207 19 23 0.022920772 
567 387 17 20 0.022806859 
480 571 39 47 0.022779454 
157 476 33 41 0.022764336 
318 566 58 72 0.022666775 
27 372 31 39 0.022586789 
1 441 42 55 0.022515222 
904 525 62 76 0.02248743 
859 481 32 42 0.022385292 
596 410 17 20 0.022245815 
694 537 20 25 0.022223664 
353 185 19 24 0.022187142 
97 472 33 44 0.022135293 
594 439 17 21 0.022105685 
490 531 23 29 0.021979256 
800 538 20 25 0.021973608 
799 511 18 22 0.021968203 
464 256 17 20 0.021940527 
478 551 36 46 0.021920152 
384 472 31 39 0.021751678 
619 565 24 31 0.021741876 
10 300 30 41 0.021633487 
331 561 24 30 0.021592395 
794 488 18 22 0.02155014 
260 457 19 24 0.021534942 
462 502 33 41 0.021531342 
177 487 22 29 0.021398783 
450 394 75 93 0.021290863 
848 501 34 42 0.021290645 
619 500 24 32 0.02128313 
416 421 46 58 0.021280535 
429 443 46 57 0.021187888 
142 577 42 49 0.021041589 
318 466 53 60 0.020958446 
5 278 18 24 0.020941073 
792 410 17 20 0.020866258 
436 471 31 39 0.020743273 
828 518 56 69 0.02072569 
667 460 18 22 0.020642368 
491 480 30 38 0.02063648 
528 575 37 52 0.020534862 
126 506 23 28 0.020528968 
639 465 58 73 0.020473177 
468 514 59 71 0.020307522 
463 540 21 25 0.020293398 
840 533 34 41 0.020274911 
625 431 109 128 0.020246157 
222 562 26 31 0.020225044 
358 538 20 25 0.020122623 
538 537 21 26 0.020058127 
316 179 18 23 0.020003023 
