2_Demonstration_Protesters_2_221
357
514 208 61 73 0.9994733 
728 181 55 72 0.98609287 
711 374 45 82 0.98345757 
5 191 51 101 0.97367346 
832 123 41 53 0.95464903 
384 52 39 50 0.9342045 
573 143 48 60 0.91564995 
228 521 77 71 0.8975266 
690 100 35 45 0.89217687 
894 311 72 86 0.837683 
285 333 53 77 0.8262991 
413 293 55 83 0.8188292 
203 124 43 55 0.8134078 
182 14 24 32 0.66978896 
547 59 41 51 0.6380114 
121 101 33 41 0.6221328 
864 210 51 61 0.6178869 
246 79 31 39 0.5940504 
146 244 53 64 0.58715594 
719 5 29 33 0.573308 
912 102 37 49 0.5070321 
300 135 33 43 0.50447947 
307 15 29 34 0.49557957 
785 326 59 71 0.48666248 
682 250 38 49 0.47976157 
472 94 33 41 0.47631463 
409 132 37 47 0.47165567 
341 111 35 43 0.46843553 
632 226 41 51 0.45215854 
918 183 40 54 0.40906048 
121 16 24 31 0.40650633 
233 13 26 32 0.35329983 
964 72 27 33 0.34739617 
531 2 23 26 0.30475664 
438 60 35 46 0.3004559 
984 156 32 59 0.3003867 
129 63 37 47 0.29715276 
742 166 54 68 0.2806846 
846 152 56 72 0.2656665 
875 190 48 62 0.2606709 
311 2 29 33 0.24091338 
456 0 26 27 0.24028456 
452 64 36 46 0.23866515 
604 532 27 34 0.22119392 
657 98 27 35 0.21490934 
134 54 27 34 0.208882 
97 183 38 57 0.20737427 
415 266 58 73 0.2007638 
-2 115 29 48 0.19868432 
432 27 25 30 0.19747208 
606 216 44 55 0.18566182 
259 208 53 70 0.17567328 
111 19 22 28 0.17452018 
241 111 38 49 0.17041087 
314 75 26 32 0.16988271 
146 63 28 35 0.15678675 
-1 97 27 42 0.15082195 
617 3 21 22 0.14662988 
385 -1 29 31 0.14586374 
300 250 41 58 0.14571863 
355 0 25 29 0.14007495 
199 214 44 52 0.13803624 
8 23 24 30 0.13717234 
685 281 51 66 0.13671033 
160 222 57 70 0.1360816 
842 2 22 27 0.13565455 
173 353 63 77 0.13563749 
18 19 28 31 0.1354548 
253 0 26 29 0.13372529 
45 4 28 29 0.13350917 
243 137 38 49 0.13340206 
477 141 37 47 0.1324155 
570 2 20 23 0.13214198 
162 310 45 59 0.13083267 
683 54 23 30 0.12928891 
-2 366 24 41 0.12815832 
424 140 35 44 0.12731378 
521 3 24 28 0.1265921 
324 0 28 31 0.12653902 
230 83 41 52 0.124667 
588 3 19 22 0.11986465 
670 3 22 26 0.11604932 
688 71 26 33 0.11179698 
587 19 22 27 0.11080003 
439 48 29 38 0.110683575 
739 58 24 31 0.1094037 
670 67 25 32 0.10894833 
844 105 30 37 0.107640065 
716 64 27 35 0.10706232 
994 1 20 26 0.101447605 
101 201 44 68 0.09921435 
47 20 27 31 0.09835942 
78 171 36 52 0.09680017 
822 80 22 29 0.09517173 
565 22 24 29 0.09440024 
510 75 26 33 0.09257264 
1 104 44 68 0.08900992 
355 409 65 102 0.087662965 
440 0 26 28 0.08754495 
972 235 36 69 0.0873801 
693 370 46 74 0.08721769 
397 240 46 59 0.08581789 
247 16 26 33 0.08444909 
844 131 50 64 0.08377451 
193 384 56 68 0.08144788 
120 228 55 74 0.08049733 
255 306 63 85 0.07899904 
404 2 24 27 0.077593975 
278 1 23 25 0.077404395 
325 73 24 31 0.07633495 
44 122 35 46 0.074970335 
179 94 27 34 0.074566476 
276 224 52 69 0.074238025 
843 45 22 29 0.07327655 
410 20 28 32 0.072797835 
178 81 24 31 0.072377056 
506 42 25 32 0.072160505 
760 131 26 33 0.07191245 
281 136 36 48 0.07073808 
484 30 24 30 0.07031307 
867 70 24 31 0.068269975 
195 345 47 59 0.06738502 
641 29 20 26 0.06703347 
742 122 29 36 0.064145036 
689 0 23 24 0.06402617 
902 1 24 27 0.063830815 
638 0 19 22 0.061932433 
755 146 38 48 0.061762765 
198 22 22 29 0.06072339 
965 92 27 34 0.06043559 
452 53 28 36 0.06037363 
13 7 46 53 0.060215626 
542 52 30 38 0.059896242 
892 46 23 32 0.05866873 
100 437 68 83 0.0577396 
476 77 36 44 0.057532072 
47 44 23 29 0.057017967 
741 152 34 45 0.05690863 
915 0 28 29 0.05667372 
819 92 26 35 0.056519955 
111 5 21 25 0.0563115 
388 287 56 76 0.056265928 
791 1 22 24 0.055211443 
156 124 28 37 0.05517922 
424 125 30 39 0.055000946 
26 2 30 31 0.054699294 
514 27 25 31 0.054669328 
559 123 46 57 0.054500684 
992 49 20 28 0.054485172 
306 352 56 70 0.054174095 
398 194 45 62 0.054135114 
654 194 37 46 0.05410609 
596 155 46 58 0.05351258 
981 1 23 26 0.05289332 
74 364 43 67 0.052726045 
307 97 35 44 0.052503355 
333 138 36 46 0.052368876 
77 24 20 25 0.052327223 
245 287 50 64 0.052148867 
403 211 68 89 0.051771 
966 501 41 65 0.051720172 
72 0 20 24 0.05150538 
855 98 37 51 0.051486604 
83 343 49 72 0.051170096 
772 1 22 23 0.051000535 
663 240 39 49 0.05082185 
384 136 38 48 0.050706282 
848 73 22 29 0.05028343 
870 330 115 142 0.050134778 
110 96 29 39 0.05003251 
732 4 26 29 0.04998881 
922 81 24 29 0.04955885 
9 236 53 87 0.049287543 
383 192 40 52 0.049103573 
221 217 40 50 0.048772514 
876 53 24 31 0.04834334 
26 171 56 76 0.047278684 
200 0 22 26 0.04723855 
765 25 21 24 0.047102142 
143 367 102 112 0.046988554 
143 276 60 76 0.046617527 
596 124 42 52 0.046409186 
379 21 32 35 0.046136882 
292 284 50 66 0.046053223 
796 71 21 27 0.045475557 
109 8 46 55 0.044880994 
824 0 22 25 0.044656046 
181 372 34 41 0.043983124 
571 60 41 52 0.043832637 
110 277 65 84 0.043112516 
179 121 41 53 0.04283816 
177 352 30 39 0.042835683 
433 98 27 34 0.04206309 
975 54 24 30 0.04184217 
2 2 25 29 0.04160462 
190 321 48 62 0.041586637 
277 75 26 33 0.041218538 
244 232 52 60 0.04106062 
491 41 26 32 0.041053038 
386 221 40 54 0.040533897 
155 0 22 25 0.040357016 
641 46 22 27 0.039857946 
199 374 35 44 0.039766226 
408 279 34 43 0.039724886 
285 122 32 41 0.039649576 
317 10 35 42 0.03956037 
636 191 40 52 0.038601704 
688 25 23 27 0.038557034 
28 68 23 31 0.038429487 
-1 80 24 33 0.038306456 
320 413 75 93 0.038124237 
27 48 23 27 0.038000688 
679 225 39 48 0.03793619 
482 1 23 27 0.03785614 
75 393 31 44 0.037322603 
895 24 25 31 0.03688612 
794 54 20 27 0.036698543 
670 46 45 59 0.036572393 
742 20 24 29 0.0365622 
169 5 44 56 0.036424637 
221 405 34 44 0.03640256 
202 98 38 51 0.036025677 
582 0 31 36 0.03596629 
390 248 30 41 0.035727404 
902 117 29 38 0.035673305 
934 173 41 56 0.035587005 
767 51 19 25 0.035241924 
308 380 69 96 0.035175335 
538 423 32 42 0.03511354 
702 105 40 49 0.035081945 
228 49 26 33 0.03478728 
207 72 36 46 0.034663305 
885 170 36 48 0.033772632 
75 155 26 33 0.03373655 
976 21 22 28 0.033663966 
915 79 38 52 0.033610478 
98 248 66 84 0.033554386 
615 20 19 23 0.03354664 
902 102 27 33 0.033465832 
9 132 39 58 0.033073913 
211 369 47 60 0.03278808 
946 64 47 60 0.03236995 
843 23 23 29 0.032318667 
672 19 22 27 0.031736657 
12 283 71 97 0.031610213 
456 21 25 30 0.031421952 
54 294 64 89 0.031399477 
0 153 57 97 0.031357232 
843 166 37 47 0.031291634 
894 414 108 143 0.031281468 
153 24 22 28 0.0312659 
272 90 36 46 0.030963344 
179 498 67 79 0.030924944 
740 103 25 31 0.03091217 
157 322 30 37 0.030843398 
275 492 86 91 0.030728653 
287 20 23 28 0.030558469 
219 504 59 70 0.030382043 
182 43 23 31 0.029940888 
734 384 59 73 0.029754454 
99 323 61 87 0.029646171 
100 376 65 87 0.02939422 
115 429 110 113 0.029380258 
764 102 21 27 0.029291019 
858 123 36 46 0.02920981 
117 190 36 50 0.029078908 
575 182 48 61 0.02882921 
416 159 48 62 0.02878008 
187 235 49 57 0.028743882 
898 391 82 99 0.028500713 
252 53 27 33 0.028488096 
210 308 63 81 0.028380925 
769 76 20 26 0.028336566 
552 78 43 54 0.028309796 
907 -6 54 53 0.028214918 
934 203 45 70 0.028154867 
351 312 46 57 0.028090522 
933 138 38 53 0.028011259 
145 219 39 47 0.027931066 
461 143 33 43 0.02787366 
79 354 29 44 0.027832842 
799 100 22 29 0.027722899 
36 134 53 68 0.027719093 
227 8 43 52 0.027612086 
852 58 51 68 0.02749131 
940 85 38 49 0.027472347 
827 48 20 27 0.027251398 
465 505 73 78 0.027055379 
940 1 27 29 0.026994431 
315 265 37 50 0.026911922 
687 342 45 63 0.026558066 
210 46 25 32 0.026518347 
917 128 40 56 0.026306484 
388 392 66 95 0.026137624 
80 305 61 81 0.026044682 
896 25 62 76 0.025946423 
871 2 21 25 0.025744643 
267 193 38 47 0.025683066 
435 307 50 70 0.025679844 
351 144 30 38 0.025557468 
154 134 39 49 0.025548382 
891 136 46 59 0.025546137 
586 214 45 54 0.025149645 
96 473 77 93 0.025082638 
66 404 68 88 0.024953024 
50 455 76 103 0.02483773 
384 127 28 37 0.024787057 
-2 274 42 63 0.024678968 
446 528 52 50 0.024671074 
16 100 27 36 0.024356566 
802 541 45 46 0.024297645 
25 390 36 53 0.024240188 
249 166 44 57 0.023950405 
98 430 35 45 0.023768794 
68 119 33 44 0.023693068 
229 266 45 58 0.02328354 
973 119 28 40 0.023270704 
141 85 37 47 0.023209602 
868 314 65 85 0.023112727 
692 307 60 75 0.023042932 
582 48 27 35 0.023024358 
360 17 27 33 0.022877669 
119 215 38 54 0.022852488 
108 106 38 50 0.022691362 
537 21 24 29 0.022681039 
509 97 26 34 0.022497762 
937 477 62 86 0.022406401 
944 17 26 30 0.022307765 
96 449 40 50 0.02224999 
722 42 46 59 0.022109566 
434 547 34 39 0.021690274 
920 243 64 87 0.02167759 
724 350 48 64 0.021528017 
21 179 31 38 0.021505624 
291 514 49 51 0.02149801 
959 188 55 87 0.021497952 
185 441 85 94 0.021481037 
994 97 22 27 0.021473983 
928 1 58 61 0.021433638 
856 344 72 89 0.021417113 
36 440 61 78 0.021389617 
687 202 28 37 0.021342942 
477 114 39 52 0.0212398 
81 47 21 27 0.021083403 
144 323 67 85 0.021048643 
794 118 36 46 0.020997474 
374 417 89 123 0.0207821 
-5 384 35 58 0.020740516 
920 48 22 27 0.020700278 
425 249 41 50 0.020513201 
6 445 62 88 0.02047138 
798 25 21 24 0.020329062 
125 399 83 89 0.020307118 
299 379 48 67 0.020261453 
858 96 62 79 0.020249357 
538 319 69 83 0.020220391 
632 169 40 52 0.020062074 
