2_Demonstration_Demonstration_Or_Protest_2_914
90
261 41 30 37 0.6558232 
748 126 19 24 0.143883 
507 311 17 21 0.10004764 
162 54 22 28 0.081594706 
290 329 18 22 0.07068798 
173 73 28 36 0.070685156 
884 385 69 80 0.067379 
48 332 18 22 0.06713798 
898 346 24 29 0.065348744 
463 340 18 21 0.061760057 
172 53 22 28 0.05757354 
603 306 16 19 0.05482 
176 333 17 21 0.05118157 
893 99 21 25 0.049438044 
571 407 22 26 0.047810253 
291 317 18 21 0.04509368 
206 80 20 27 0.04381289 
106 405 23 28 0.042965077 
766 244 64 83 0.041991796 
409 102 18 23 0.040026087 
162 70 22 28 0.03970762 
233 54 23 29 0.03800152 
175 91 30 39 0.037643217 
545 332 19 21 0.03756794 
304 29 24 29 0.03687911 
854 129 16 19 0.036404513 
357 79 20 26 0.034929607 
2 0 318 363 0.033842143 
204 98 24 32 0.033515427 
130 56 21 28 0.033133537 
749 111 17 22 0.033077314 
209 52 19 24 0.03104251 
840 153 18 24 0.030995471 
877 106 20 25 0.030973813 
83 58 21 25 0.03048658 
612 307 15 19 0.03034851 
231 71 20 26 0.029931393 
721 128 17 22 0.02987453 
749 310 349 374 0.029776748 
244 358 18 21 0.029394798 
206 31 19 22 0.029290132 
828 160 19 24 0.029207578 
593 386 19 23 0.029026905 
561 326 18 22 0.028702112 
132 78 22 28 0.028461799 
408 447 29 33 0.02832232 
582 405 20 25 0.028129272 
566 316 18 21 0.027505144 
156 60 48 65 0.02730521 
867 121 17 21 0.027239798 
408 50 22 27 0.027024494 
636 339 17 21 0.026964182 
133 96 22 28 0.026894659 
797 126 16 20 0.026375256 
364 157 21 26 0.025782611 
86 359 18 21 0.025697209 
393 281 19 22 0.025282215 
771 108 17 21 0.024654241 
385 130 18 22 0.024590477 
305 46 23 30 0.024519619 
393 106 18 22 0.024439648 
544 355 19 22 0.024108384 
792 109 16 20 0.024054304 
893 81 23 29 0.023900647 
188 430 20 24 0.023856584 
301 316 18 21 0.023548294 
191 384 17 21 0.023400018 
721 109 18 21 0.022982016 
214 334 16 19 0.02269998 
508 329 17 20 0.022167768 
629 337 17 20 0.022047214 
585 125 19 22 0.022042217 
199 435 21 26 0.021736432 
592 102 655 735 0.02171815 
742 145 21 26 0.02170117 
822 123 15 19 0.021490997 
917 340 21 26 0.021166038 
588 364 17 22 0.02087588 
878 334 56 62 0.020870507 
827 352 22 27 0.020623466 
570 436 23 26 0.020619834 
166 329 17 21 0.020606961 
544 317 17 21 0.020546757 
39 332 18 22 0.020452103 
692 134 18 22 0.02044912 
181 31 20 22 0.020410227 
927 126 19 23 0.020290414 
826 112 17 20 0.020277392 
823 177 21 27 0.020118304 
107 335 17 20 0.020000873 
