2_Demonstration_Protesters_2_260
87
577 108 91 110 0.99923766 
708 56 112 143 0.9968464 
110 171 111 131 0.99530125 
104 583 219 301 0.4413493 
46 332 73 85 0.23931132 
989 231 27 38 0.15731771 
446 452 94 106 0.08674142 
817 223 70 74 0.08438262 
-12 12 74 82 0.07334195 
463 185 26 33 0.06830616 
-2 282 63 88 0.06562495 
939 169 38 57 0.055422764 
787 75 73 95 0.051232025 
29 287 76 112 0.049306866 
973 153 23 35 0.049099144 
536 472 108 110 0.047123697 
336 188 95 102 0.04633695 
980 464 20 30 0.043284025 
286 202 128 135 0.041935388 
877 99 65 89 0.040007927 
796 213 107 123 0.037771184 
909 64 41 59 0.03596186 
10 221 100 142 0.0353334 
822 112 32 44 0.035218574 
326 156 74 79 0.035169926 
436 393 116 130 0.03387102 
136 766 81 94 0.0331936 
483 465 105 110 0.032654196 
919 90 27 39 0.032004103 
775 311 88 112 0.031829435 
334 286 82 103 0.031538468 
974 168 24 36 0.030714689 
734 130 116 146 0.030489475 
-17 658 326 358 0.030216822 
379 194 82 105 0.029954685 
778 561 195 246 0.029745819 
974 429 21 30 0.029532166 
448 172 53 65 0.029446915 
875 130 25 35 0.029386535 
352 150 34 39 0.029169405 
433 188 76 95 0.029154664 
992 152 21 30 0.028770247 
16 322 29 37 0.028659517 
607 -3 65 61 0.028556969 
870 116 42 61 0.028252061 
415 162 62 77 0.027600834 
992 174 22 30 0.02719541 
499 161 60 75 0.02711919 
268 259 127 154 0.027053583 
978 215 42 63 0.026766187 
854 70 66 90 0.026530143 
227 315 128 156 0.025997955 
835 96 33 47 0.025936192 
912 142 63 88 0.024150696 
199 390 87 90 0.024012437 
993 132 20 26 0.023571357 
752 33 99 110 0.0233505 
954 148 45 72 0.023133716 
435 210 97 125 0.02292161 
359 159 74 84 0.022887502 
839 181 83 107 0.02269505 
470 245 92 100 0.022439023 
920 43 27 38 0.022412755 
117 719 88 105 0.022340054 
740 649 323 407 0.02233958 
324 719 362 364 0.02214092 
923 390 55 73 0.02186368 
273 657 122 185 0.021853527 
972 130 23 30 0.021663617 
963 128 36 51 0.02155946 
368 141 44 52 0.021334257 
31 290 46 60 0.021262113 
779 238 78 89 0.021158116 
413 180 26 32 0.021059178 
563 680 365 385 0.02091691 
498 516 100 112 0.02090553 
894 128 26 36 0.020716352 
309 674 65 102 0.020658016 
217 382 139 153 0.020502195 
298 333 140 181 0.020459922 
971 152 48 71 0.020431139 
965 418 34 51 0.020407796 
248 216 104 124 0.020397034 
672 578 280 347 0.020157285 
439 369 209 213 0.020141033 
402 173 47 58 0.020138416 
913 18 42 48 0.020108731 
