2_Demonstration_Protesters_2_796
281
396 246 154 177 0.99971575 
678 78 47 59 0.94425994 
487 125 36 46 0.91212296 
354 74 34 41 0.847304 
606 131 39 48 0.56473935 
352 127 27 35 0.4541208 
529 93 29 37 0.34039292 
597 49 32 43 0.30924252 
562 90 35 47 0.23857106 
580 131 38 47 0.20694655 
286 72 21 26 0.1432734 
387 17 40 47 0.1315964 
281 121 24 30 0.11893052 
564 117 38 48 0.117675 
303 76 20 26 0.1153112 
422 216 70 83 0.111877374 
786 295 30 40 0.10860375 
627 138 37 47 0.10286104 
203 108 20 24 0.101942286 
278 53 20 24 0.08782933 
238 71 20 26 0.08719686 
637 125 36 45 0.08123992 
205 121 21 26 0.0810358 
713 4 26 31 0.07648451 
391 0 25 28 0.0761832 
72 290 66 82 0.07564441 
407 38 26 34 0.0744147 
254 79 20 25 0.066106275 
531 79 26 32 0.06436 
474 172 40 52 0.062033873 
227 276 62 75 0.06124165 
264 31 20 23 0.05980817 
362 21 21 28 0.05953608 
176 59 19 25 0.05794256 
397 152 45 59 0.055519283 
646 23 25 29 0.054348465 
305 169 23 29 0.0539339 
479 8 42 46 0.053688787 
354 55 26 32 0.053501595 
790 2 23 26 0.05334519 
283 106 24 29 0.052295167 
845 1 28 27 0.047275994 
259 160 20 25 0.046224877 
277 33 19 23 0.04539016 
68 271 46 56 0.045252513 
186 128 19 24 0.04461581 
340 74 26 35 0.044339363 
444 195 49 63 0.043839812 
380 114 35 49 0.043676548 
528 163 37 47 0.04327635 
54 236 21 27 0.043230664 
213 151 21 27 0.042941637 
228 156 19 24 0.04293365 
902 332 20 24 0.042887814 
260 184 21 27 0.04267253 
182 68 20 26 0.04210614 
509 24 27 33 0.041133896 
565 79 23 31 0.040980354 
261 196 23 27 0.04097556 
518 77 24 31 0.040967654 
197 103 32 40 0.040452782 
709 284 43 55 0.04044675 
359 176 26 34 0.040414564 
373 157 40 53 0.04015499 
351 132 40 52 0.039844867 
53 251 21 26 0.03938832 
615 0 25 25 0.03915859 
237 229 25 32 0.03895773 
774 1 22 24 0.038922355 
361 2 19 24 0.038133893 
537 580 25 28 0.038030203 
258 124 20 25 0.037915885 
656 235 43 54 0.03785305 
337 3 21 23 0.037813287 
893 325 38 46 0.037227 
751 349 27 34 0.037071213 
352 56 54 67 0.036439374 
740 5 24 27 0.03632968 
73 273 28 35 0.036126602 
83 99 19 26 0.036099132 
254 102 20 25 0.03606126 
21 96 22 29 0.035859708 
235 125 19 24 0.03580948 
222 263 48 62 0.035714556 
692 600 64 58 0.0354916 
339 110 48 61 0.035295725 
30 255 19 25 0.034729905 
625 165 39 49 0.034400843 
845 248 22 27 0.034382567 
153 179 21 26 0.034367546 
452 175 45 56 0.03402142 
374 78 26 33 0.033993334 
263 1 19 21 0.03372884 
538 567 25 29 0.0336219 
263 48 19 23 0.03281422 
75 261 22 28 0.031980403 
197 222 25 32 0.031854045 
73 299 28 35 0.03181175 
156 157 21 25 0.031621136 
923 251 21 26 0.03161153 
767 127 24 31 0.03141444 
336 84 35 46 0.03139851 
274 202 21 27 0.03134158 
203 76 20 25 0.030976344 
201 207 22 28 0.030946817 
40 241 60 73 0.03088824 
651 255 48 62 0.030838262 
75 174 21 27 0.030801581 
698 2 25 28 0.030735733 
513 45 25 31 0.0305758 
870 51 25 29 0.030565953 
312 160 22 28 0.030454742 
682 256 50 65 0.030365864 
153 275 58 76 0.030087588 
680 54 45 55 0.029993339 
770 100 23 31 0.029911835 
681 230 29 37 0.029850254 
112 160 67 89 0.02979988 
211 184 21 26 0.02978526 
387 39 28 35 0.029423634 
675 239 43 57 0.029344238 
156 78 19 25 0.029272476 
75 233 18 22 0.029033251 
180 150 21 26 0.028955864 
5 236 20 27 0.028818645 
438 71 22 27 0.028668929 
150 98 18 23 0.028546108 
74 125 18 25 0.028541245 
311 54 20 26 0.028453754 
150 203 20 27 0.028337054 
185 105 19 23 0.028322836 
27 275 20 28 0.028159598 
821 122 23 29 0.028035464 
240 104 18 23 0.028033324 
795 96 24 34 0.027951343 
893 305 22 26 0.02784588 
338 19 21 27 0.027821032 
409 133 59 74 0.027764302 
952 273 23 30 0.027706973 
406 105 23 30 0.027705155 
236 58 19 24 0.027609725 
369 90 37 47 0.027577717 
489 71 24 30 0.027497992 
-229 317 711 739 0.027223848 
642 74 24 32 0.027147071 
457 77 25 31 0.027142663 
457 285 89 100 0.02712591 
827 170 23 31 0.026941502 
561 52 23 30 0.026932146 
-69 535 354 352 0.026884384 
4 249 20 27 0.026862897 
311 26 20 23 0.02678722 
132 51 19 24 0.026739683 
236 203 21 28 0.026723726 
885 300 36 44 0.026712386 
56 132 19 26 0.026676046 
557 561 26 30 0.026660604 
455 135 72 83 0.026640289 
281 181 20 26 0.026548732 
47 98 18 25 0.02651167 
48 248 36 46 0.026360665 
137 170 41 48 0.026357606 
823 0 25 25 0.02622618 
309 98 20 26 0.026223203 
397 118 38 54 0.026048498 
918 334 21 26 0.02601742 
331 134 35 48 0.025911726 
107 130 19 24 0.02589777 
188 209 21 29 0.02585337 
95 305 33 42 0.025793836 
231 183 20 25 0.02579194 
49 150 23 28 0.025688712 
506 164 40 49 0.025610412 
594 135 64 75 0.025517847 
427 91 39 48 0.025509743 
158 132 20 24 0.025360456 
298 91 34 44 0.025355732 
392 194 129 152 0.02534758 
658 24 26 32 0.025277073 
767 142 25 32 0.025255192 
462 115 42 53 0.025192445 
405 122 23 31 0.025163986 
824 158 22 29 0.02483559 
674 634 23 28 0.0247177 
104 255 22 25 0.024591088 
163 234 59 81 0.024358118 
232 249 30 37 0.02425292 
510 554 24 29 0.02406999 
108 235 19 22 0.023991304 
182 206 50 65 0.023951782 
662 396 41 49 0.023755811 
186 267 100 120 0.023683134 
211 26 19 21 0.023673385 
206 1 19 19 0.023529002 
881 314 61 76 0.023503454 
531 150 28 37 0.02349344 
257 114 34 43 0.023422586 
437 0 22 25 0.023372049 
779 277 49 68 0.023360644 
792 16 23 29 0.023218783 
899 356 22 27 0.023164002 
819 100 25 33 0.023143254 
188 222 23 31 0.02307766 
809 66 38 53 0.023053942 
873 328 18 23 0.023046177 
60 303 22 27 0.022811456 
188 92 53 64 0.022771966 
57 279 23 28 0.022721611 
210 55 18 22 0.022655016 
295 136 54 68 0.022437623 
712 272 31 45 0.022422213 
402 57 38 50 0.022350507 
562 26 24 31 0.022338655 
716 253 25 34 0.022335248 
872 66 35 45 0.022296892 
287 106 97 121 0.022284245 
591 25 25 31 0.02223079 
508 0 27 30 0.022166217 
621 459 19 22 0.022146206 
26 248 31 43 0.022043413 
278 1 18 21 0.021994963 
135 200 22 28 0.02198358 
797 72 25 35 0.021964673 
632 212 56 67 0.021926524 
445 486 80 97 0.021895625 
877 155 20 26 0.021891577 
929 180 21 26 0.021827323 
542 393 99 123 0.021789894 
163 56 19 25 0.02172341 
891 345 39 48 0.021654058 
738 73 24 31 0.021635147 
741 47 23 31 0.021568522 
531 108 38 48 0.0215521 
653 137 38 52 0.02153457 
401 283 90 113 0.021529641 
370 256 60 91 0.021528332 
742 19 23 28 0.021524902 
4 71 22 34 0.02151967 
994 405 19 27 0.021497611 
181 321 121 139 0.021481132 
130 234 19 25 0.02142864 
250 105 57 68 0.021406054 
872 384 25 30 0.021386283 
357 0 33 41 0.021383403 
78 246 66 78 0.02137027 
795 154 21 27 0.021195611 
84 84 18 25 0.021152794 
185 119 31 39 0.021111235 
178 178 20 25 0.021052008 
943 400 24 31 0.020956662 
869 402 26 32 0.020953478 
847 282 21 26 0.020867705 
637 0 26 28 0.020853976 
903 234 20 24 0.020823574 
794 297 61 76 0.020806603 
713 356 26 34 0.020802392 
864 40 39 45 0.020791655 
656 452 47 56 0.02078706 
894 452 38 48 0.020744318 
788 270 99 129 0.020740543 
609 27 25 29 0.020683065 
873 308 19 24 0.020677878 
886 366 40 49 0.02062689 
769 219 26 37 0.020545643 
583 157 42 56 0.0205184 
253 147 37 47 0.020452056 
895 99 20 25 0.020414889 
777 191 39 54 0.02041099 
446 239 91 100 0.020356508 
840 275 108 135 0.020325713 
66 229 36 46 0.02029938 
896 286 21 27 0.02022194 
591 462 19 22 0.02021526 
641 231 31 40 0.02020861 
126 180 42 55 0.020162376 
101 79 19 25 0.02010055 
238 241 42 53 0.020097973 
106 150 20 23 0.020093704 
241 400 93 101 0.020073656 
81 351 21 28 0.020031769 
158 305 26 36 0.02002665 
