2_Demonstration_Protesters_2_293
273
221 523 86 105 0.9995759 
542 463 65 85 0.9994143 
866 456 70 88 0.9986658 
285 431 61 81 0.99736434 
453 440 54 72 0.99620557 
794 458 56 74 0.9760578 
723 519 50 80 0.97394854 
163 377 39 53 0.9354855 
847 597 56 85 0.9086394 
403 471 52 83 0.8822481 
425 456 58 93 0.6364503 
92 352 42 57 0.5318704 
397 328 37 46 0.5195148 
553 418 62 79 0.46535686 
351 355 37 48 0.43595648 
663 355 40 50 0.4300977 
486 370 33 41 0.42553502 
830 462 61 79 0.3933351 
604 387 38 49 0.3857361 
834 392 45 53 0.37210715 
678 450 46 56 0.34707418 
572 405 47 59 0.30504176 
804 331 37 45 0.29735598 
42 316 37 48 0.2701884 
382 484 53 74 0.26896435 
807 611 63 71 0.2557669 
385 331 33 40 0.2331814 
245 446 60 76 0.23172592 
350 295 25 33 0.22112441 
55 306 28 36 0.19954677 
563 178 26 31 0.17855868 
175 327 42 51 0.17223102 
627 314 43 53 0.16232578 
436 310 25 31 0.15934877 
172 346 43 57 0.15925261 
341 307 24 30 0.15904728 
753 529 51 75 0.13506515 
302 329 30 35 0.13493638 
548 351 38 51 0.124810904 
303 305 30 35 0.12294177 
741 376 35 44 0.11976745 
-5 371 32 62 0.119502604 
662 447 43 53 0.11621809 
89 328 41 57 0.114739 
194 330 34 40 0.10045855 
831 408 55 69 0.09927522 
102 282 23 30 0.09755781 
802 423 66 84 0.09593549 
581 272 37 53 0.09590777 
5 149 20 30 0.09360708 
-1 297 22 33 0.07959131 
764 270 25 36 0.07949978 
763 491 64 83 0.07394303 
755 419 45 58 0.073205605 
-1 223 19 28 0.07317913 
22 370 34 59 0.07290499 
30 374 23 34 0.07288597 
123 4 70 99 0.07256444 
284 331 28 34 0.06844793 
74 318 40 53 0.067721814 
623 332 26 33 0.067306854 
300 348 27 34 0.06726244 
283 351 27 34 0.065863796 
584 327 24 32 0.0654488 
855 378 44 54 0.06540212 
769 258 23 31 0.06431806 
110 349 39 54 0.063357525 
98 298 25 31 0.060265083 
283 309 28 34 0.05931676 
0 209 19 30 0.059258584 
751 399 40 51 0.058999196 
765 326 25 35 0.05852176 
19 481 41 59 0.05838882 
11 398 55 100 0.057480205 
871 357 26 33 0.055903036 
-2 360 24 38 0.055603288 
194 256 47 53 0.05507463 
650 319 44 55 0.054699365 
118 365 41 54 0.05377766 
795 344 31 38 0.053509243 
552 369 50 64 0.05316044 
626 392 39 52 0.052895255 
646 295 47 58 0.051290244 
78 278 22 27 0.050949696 
442 261 24 29 0.050817512 
717 426 39 51 0.049796905 
161 283 24 31 0.049730282 
498 354 37 47 0.048933145 
30 251 19 27 0.048243154 
75 366 34 43 0.047041956 
585 379 30 40 0.046430197 
711 378 31 42 0.045795534 
783 424 53 70 0.0427006 
695 228 23 32 0.042567275 
6 168 19 29 0.04247659 
570 331 25 32 0.042343054 
918 461 58 77 0.042192917 
535 392 67 83 0.042179793 
837 328 24 31 0.042036984 
793 307 26 34 0.041931883 
926 327 23 31 0.041839022 
172 270 29 34 0.041002404 
70 304 24 31 0.040513277 
499 375 32 40 0.04048578 
35 396 40 58 0.04044715 
155 347 39 54 0.0399464 
632 381 27 34 0.03926954 
583 348 39 53 0.039246485 
160 335 23 29 0.038690224 
2 446 29 50 0.038602617 
415 306 27 32 0.03829486 
289 405 46 57 0.037847117 
33 432 63 79 0.037737116 
486 309 21 26 0.03755236 
635 305 31 37 0.037518907 
287 459 67 90 0.037295356 
345 467 49 64 0.037282337 
750 355 27 35 0.03727042 
44 376 34 48 0.036908433 
431 322 23 31 0.036652084 
612 294 39 55 0.036432732 
336 322 24 32 0.036220156 
2 3 24 32 0.03619423 
3 133 20 31 0.036177166 
280 378 34 44 0.03586206 
454 260 22 28 0.035838805 
35 331 24 34 0.03583877 
813 347 65 77 0.03536078 
823 398 33 40 0.034416243 
758 380 29 37 0.034181446 
967 467 42 59 0.03418041 
376 446 58 76 0.03357813 
792 375 27 34 0.033456706 
689 536 65 76 0.0332587 
0 279 22 33 0.0330628 
475 392 44 57 0.032917704 
175 253 44 49 0.03283957 
293 296 50 60 0.03234426 
993 353 20 33 0.032067362 
643 253 24 31 0.03203862 
456 355 25 33 0.031888124 
790 206 20 25 0.031538 
563 402 37 47 0.03150635 
338 207 24 32 0.03147472 
43 342 35 49 0.031468295 
593 418 44 58 0.0312697 
796 232 20 25 0.03110584 
641 449 39 50 0.030833682 
765 465 61 71 0.030807784 
769 599 72 91 0.030770017 
484 330 22 28 0.03076926 
588 260 25 33 0.03073087 
544 142 71 86 0.030667875 
589 243 59 82 0.03024835 
456 307 20 26 0.030194039 
300 97 26 34 0.030190844 
351 391 43 53 0.02987915 
658 225 27 34 0.029739546 
31 358 23 34 0.029724069 
994 334 20 32 0.029653998 
514 307 24 29 0.029643765 
663 281 28 34 0.029339751 
844 310 22 28 0.02918774 
157 298 23 29 0.029163005 
178 309 27 34 0.028979259 
772 201 22 26 0.028902521 
758 344 35 46 0.028898366 
490 149 19 25 0.028639937 
491 97 20 26 0.028624084 
858 405 64 83 0.028600508 
500 393 43 55 0.028599234 
192 296 47 59 0.028579276 
53 297 46 62 0.028575463 
456 274 22 28 0.028481953 
816 319 51 65 0.027371192 
1 444 56 91 0.02735089 
694 4 23 26 0.027289353 
615 271 65 82 0.027169533 
570 258 23 30 0.027051713 
244 419 47 62 0.027010946 
466 149 20 24 0.02690581 
979 343 30 51 0.026661305 
610 259 22 29 0.026471827 
793 278 23 31 0.026210165 
760 444 50 64 0.02619761 
439 266 33 43 0.025957132 
128 330 24 31 0.025896857 
325 295 45 60 0.025889156 
624 231 60 78 0.025694374 
703 441 50 61 0.025559608 
202 305 28 34 0.025545087 
615 226 20 26 0.025487047 
876 337 21 25 0.025483295 
451 398 47 62 0.025465218 
345 488 58 76 0.02538668 
23 244 32 46 0.02536275 
377 -12 158 169 0.025308145 
947 327 22 31 0.025180163 
834 554 58 67 0.02517539 
339 369 38 49 0.025159515 
385 284 25 30 0.024896087 
660 246 27 34 0.024755897 
745 323 36 48 0.024606021 
491 17 42 46 0.024379365 
438 355 24 31 0.024225852 
221 256 29 34 0.0240759 
440 496 74 93 0.024066787 
647 224 25 31 0.023920216 
818 308 26 31 0.023819966 
225 345 37 47 0.023631662 
49 453 33 42 0.02349855 
761 317 45 59 0.023498302 
513 404 63 84 0.02337193 
513 327 25 30 0.02314638 
568 274 27 38 0.023068437 
418 31 86 103 0.022969322 
64 457 34 40 0.022784399 
29 396 27 45 0.022640865 
676 490 59 77 0.022636352 
591 76 22 27 0.022416245 
608 276 26 35 0.022397192 
541 164 37 47 0.02237828 
492 130 21 27 0.022317214 
28 299 36 53 0.022228273 
794 257 21 26 0.022180019 
638 280 27 33 0.02209503 
144 27 72 99 0.022080664 
571 302 49 69 0.02204878 
364 254 24 31 0.022033468 
950 249 22 30 0.021990318 
647 202 41 52 0.021943422 
130 306 23 29 0.021931462 
937 421 42 55 0.021924883 
47 412 63 74 0.021864286 
-56 511 356 361 0.021842632 
104 45 67 97 0.021805178 
381 305 27 33 0.02178164 
599 83 71 89 0.021768952 
96 386 43 55 0.021751931 
841 354 28 37 0.021630896 
483 177 22 31 0.0215506 
570 169 40 48 0.021547465 
618 352 23 31 0.021453362 
352 327 38 48 0.021427074 
464 128 23 29 0.021400236 
268 19 75 86 0.021395903 
-5 354 58 87 0.021370057 
772 337 65 77 0.021350777 
603 443 43 54 0.021289796 
226 324 37 45 0.021175157 
223 459 60 73 0.021173561 
503 25 26 29 0.02111216 
469 180 19 24 0.021111807 
188 463 60 78 0.021087872 
635 467 42 56 0.0209636 
455 578 83 98 0.020939171 
464 9 69 73 0.020832602 
493 147 60 77 0.020741994 
258 306 26 35 0.02054304 
638 356 28 35 0.020517206 
568 285 38 54 0.02043302 
526 136 61 76 0.020401958 
751 283 22 32 0.020346394 
296 379 37 46 0.02034005 
713 356 27 35 0.020321203 
994 371 22 32 0.020282935 
186 372 40 52 0.02023826 
695 249 25 33 0.020230317 
683 373 30 40 0.020223802 
351 205 22 30 0.020212624 
474 547 57 62 0.020172251 
244 6 73 80 0.0200901 
962 392 36 50 0.020084772 
