2_Demonstration_Demonstration_Or_Protest_2_162
111
242 89 148 222 0.9929892 
683 115 159 189 0.9652883 
444 144 43 50 0.46517244 
529 183 30 38 0.30251673 
423 6 53 63 0.26119736 
382 199 33 44 0.20345658 
4 220 23 35 0.10996868 
280 124 101 124 0.103567466 
587 225 23 33 0.09372568 
17 7 72 83 0.08716604 
549 245 38 48 0.08665489 
618 78 18 25 0.08008381 
97 227 26 29 0.07995119 
614 160 22 26 0.07809076 
614 176 21 26 0.07597432 
491 76 19 25 0.072942756 
445 1 41 52 0.061291862 
595 208 24 31 0.056273792 
411 22 32 38 0.055201326 
609 199 22 30 0.046975028 
619 94 21 28 0.045516513 
607 173 33 43 0.03909581 
481 467 39 49 0.038171824 
910 191 58 74 0.036588296 
581 191 52 67 0.036551066 
200 120 24 30 0.03637048 
363 186 57 78 0.036239017 
665 435 522 556 0.0359814 
425 124 69 94 0.035561435 
352 5 32 33 0.03478528 
640 159 23 28 0.03460023 
766 94 129 162 0.031765565 
492 97 22 27 0.031721875 
99 178 21 26 0.031485643 
536 153 23 30 0.031014727 
153 227 22 26 0.030835044 
562 228 37 50 0.03067129 
329 165 70 98 0.029807394 
638 171 20 26 0.029760798 
569 154 21 27 0.029753692 
587 174 35 47 0.029629806 
271 86 94 112 0.029254908 
465 323 79 83 0.028995767 
518 190 30 39 0.028379386 
592 178 20 26 0.028062042 
638 227 26 32 0.02806035 
470 452 42 52 0.02791364 
437 0 32 41 0.027580662 
148 283 91 95 0.027434343 
432 235 28 36 0.027351398 
565 179 23 31 0.027285838 
277 16 28 33 0.027171034 
103 152 20 26 0.026531622 
-69 531 353 359 0.02644028 
67 -24 154 180 0.026361635 
-225 305 701 752 0.026349979 
-1 149 19 31 0.025992312 
102 209 22 26 0.025777124 
548 164 97 131 0.025757035 
462 49 24 32 0.025490439 
0 0 29 34 0.025399795 
567 227 55 71 0.025298709 
70 256 169 180 0.025246875 
505 73 22 29 0.0251131 
88 228 22 27 0.025097633 
531 256 53 66 0.024963845 
921 205 26 32 0.024564812 
874 106 21 25 0.024393568 
395 177 40 53 0.024306871 
441 104 22 28 0.024141625 
618 209 60 74 0.024124198 
446 187 40 52 0.023960294 
188 253 74 81 0.023743633 
-1 97 20 32 0.023566935 
619 258 24 31 0.02312014 
974 158 18 23 0.02294345 
56 129 18 24 0.022935197 
407 182 24 30 0.022601347 
619 247 62 73 0.022572584 
3 242 35 54 0.022477925 
46 309 24 31 0.02247473 
601 212 38 48 0.022334572 
312 0 25 25 0.022057245 
777 163 77 94 0.022014441 
4 282 70 90 0.021773838 
251 1 26 26 0.021696148 
828 122 72 89 0.021545198 
434 21 55 72 0.02151694 
354 137 75 93 0.021498905 
844 87 76 100 0.021403397 
640 205 22 28 0.021309877 
50 325 23 29 0.021236267 
614 253 39 51 0.021222051 
919 184 19 24 0.021148834 
992 1 23 28 0.021039426 
39 294 82 84 0.020941645 
463 72 19 23 0.020898318 
135 186 18 24 0.02088198 
994 172 19 25 0.02086603 
51 18 79 83 0.020835076 
848 99 19 24 0.020801125 
631 193 39 49 0.020675283 
279 2 27 29 0.020650066 
631 163 35 45 0.020556042 
513 150 23 28 0.020514037 
546 164 51 66 0.020421503 
615 59 20 26 0.020420525 
330 13 30 33 0.020381484 
455 134 56 70 0.020195134 
20 271 22 29 0.020186672 
846 148 25 30 0.020091545 
