2_Demonstration_Demonstration_Or_Protest_2_76
55
17 368 116 132 0.99843174 
162 321 108 140 0.9981255 
698 200 120 172 0.9897446 
568 236 101 142 0.9514452 
332 390 74 96 0.9451939 
590 150 21 28 0.09443345 
513 194 63 78 0.084395 
211 324 88 123 0.0835593 
653 225 121 166 0.06937539 
531 183 107 144 0.049379207 
226 173 21 25 0.045293674 
532 155 20 25 0.04460283 
30 127 112 167 0.044483773 
797 263 67 87 0.042878173 
541 189 50 62 0.040213276 
67 156 72 98 0.03688757 
157 280 87 104 0.035828523 
715 189 82 104 0.035562776 
539 348 53 79 0.03382326 
369 403 67 84 0.032401375 
647 267 80 101 0.031801797 
711 237 77 90 0.031798977 
498 220 53 68 0.031696312 
542 136 78 94 0.031684082 
814 274 40 52 0.030252993 
523 153 36 47 0.029760284 
297 401 76 92 0.028464964 
598 166 70 87 0.02823432 
132 284 61 83 0.028154377 
641 228 79 97 0.02651538 
583 144 34 48 0.026316265 
496 78 18 21 0.025920901 
759 128 39 64 0.025271602 
570 135 19 25 0.025234584 
553 297 91 120 0.025228443 
584 98 18 23 0.02465769 
429 154 18 22 0.024542801 
672 157 22 30 0.024019469 
714 141 72 96 0.023466045 
741 228 128 154 0.023262668 
570 150 18 24 0.023129685 
506 153 75 90 0.023008542 
257 0 30 28 0.022971248 
574 99 19 23 0.022759447 
607 198 76 92 0.022411259 
414 384 59 77 0.02229138 
282 536 40 44 0.021815171 
571 172 169 231 0.021093454 
589 137 21 27 0.021064134 
0 246 23 35 0.020981766 
252 274 69 90 0.020903405 
534 132 21 26 0.020690802 
269 251 62 75 0.020680485 
-2 397 67 85 0.020295125 
62 343 97 127 0.020175142 
