2_Demonstration_Political_Rally_2_690
57
811 406 66 82 0.97135395 
534 430 77 112 0.63820046 
571 449 49 64 0.119136654 
590 438 29 38 0.10178751 
627 364 50 69 0.09121077 
735 355 43 58 0.0595129 
471 348 172 243 0.048482776 
639 393 29 42 0.04739804 
57 341 18 23 0.047111135 
562 469 36 56 0.044647925 
541 327 119 172 0.04401719 
580 472 31 44 0.04284571 
72 359 17 20 0.041758686 
596 427 41 56 0.041081447 
616 343 52 67 0.04016204 
108 352 17 21 0.039850373 
61 354 17 21 0.03592169 
703 397 37 52 0.03533566 
607 437 25 34 0.03504159 
731 483 43 52 0.034605693 
246 307 146 234 0.034594487 
716 335 22 27 0.032010205 
706 470 53 64 0.03173182 
688 358 20 26 0.031428672 
567 393 70 94 0.031161524 
719 356 23 30 0.029969256 
672 -20 164 180 0.028211905 
930 380 24 31 0.028210538 
644 383 43 60 0.028093686 
592 320 99 140 0.027575782 
844 411 46 61 0.026283214 
758 395 46 63 0.025825907 
510 467 75 92 0.02554844 
709 359 56 71 0.025357872 
749 321 41 55 0.025278658 
581 324 71 94 0.025273615 
602 370 60 84 0.024959346 
718 382 24 30 0.024587618 
513 380 82 105 0.024357144 
610 453 28 36 0.023949966 
931 398 38 54 0.02392937 
765 407 29 37 0.023570085 
791 415 55 66 0.023556644 
894 356 23 26 0.023057856 
204 269 145 203 0.022820706 
688 471 44 55 0.022390343 
957 492 45 59 0.02218322 
53 383 18 22 0.022127306 
722 375 61 83 0.022034286 
73 342 17 20 0.02062715 
710 414 40 53 0.02053428 
682 351 31 43 0.020462139 
744 299 40 50 0.020153165 
732 420 40 53 0.020108089 
713 331 37 47 0.020100571 
593 464 48 63 0.020099483 
747 342 77 96 0.020042012 
