2_Demonstration_Demonstration_Or_Protest_2_578
402
670 296 25 33 0.9563378 
941 319 27 35 0.94283885 
854 330 24 32 0.91765124 
504 300 22 30 0.8909695 
573 305 22 29 0.8297076 
774 346 30 37 0.618842 
150 319 22 29 0.58187497 
254 332 22 27 0.55441606 
67 304 25 32 0.5482119 
421 306 22 28 0.5462439 
324 322 23 29 0.44472292 
0 310 21 29 0.36480722 
747 248 20 26 0.29905847 
213 356 20 25 0.29045045 
959 206 20 24 0.23041442 
229 281 20 27 0.21990655 
318 313 23 29 0.20397827 
575 284 21 27 0.18570691 
285 226 19 23 0.18120094 
494 256 20 26 0.16823584 
466 325 21 26 0.1668545 
700 230 18 22 0.15707555 
123 261 23 27 0.1423603 
805 205 19 23 0.13692248 
814 228 19 23 0.13329668 
840 252 21 27 0.122574024 
696 252 19 24 0.11315848 
646 416 21 26 0.112482846 
495 284 24 31 0.10751345 
233 300 20 28 0.10714171 
383 238 19 24 0.1048192 
33 208 19 26 0.103554934 
466 311 21 28 0.10194023 
0 222 18 27 0.099617995 
261 177 23 28 0.098237574 
583 257 20 25 0.097173266 
611 102 22 26 0.096882515 
47 284 26 32 0.096618935 
971 182 18 24 0.09236869 
843 237 20 25 0.091362864 
959 184 20 25 0.090579815 
750 310 21 27 0.08568118 
953 225 20 24 0.08509674 
154 236 17 22 0.0848261 
894 227 20 24 0.083995804 
545 208 18 21 0.08238172 
573 256 20 25 0.08230764 
879 251 19 25 0.08146539 
620 278 21 27 0.07957896 
356 281 20 25 0.078158274 
362 252 18 22 0.07775445 
3 321 20 29 0.077152774 
782 337 29 35 0.07502762 
26 178 20 26 0.07467964 
701 212 16 21 0.07463909 
584 182 18 23 0.07440838 
256 313 20 25 0.07390816 
34 222 19 25 0.073876075 
879 239 18 22 0.07371551 
156 184 20 23 0.073407285 
894 255 23 28 0.07217904 
547 125 21 25 0.06965339 
973 228 19 23 0.068734676 
897 212 18 22 0.06797121 
157 199 18 22 0.06792817 
203 402 19 24 0.06662829 
540 226 18 22 0.066327825 
276 155 24 29 0.06611023 
822 333 21 28 0.06489359 
261 393 18 23 0.064121395 
826 255 20 26 0.06366306 
661 188 19 23 0.06337547 
667 256 19 24 0.06304188 
285 213 20 24 0.063023925 
417 287 19 25 0.06222013 
612 333 23 31 0.062149674 
682 304 22 29 0.06147492 
174 357 20 27 0.061393823 
587 237 18 23 0.061205585 
484 128 23 28 0.060948055 
661 200 17 21 0.06027101 
638 120 19 26 0.06020972 
622 260 19 24 0.059455365 
204 391 20 26 0.05906592 
931 324 24 32 0.0589138 
356 304 20 26 0.058311347 
661 358 22 28 0.057556253 
570 230 20 23 0.056851782 
235 263 18 24 0.056311544 
993 177 18 24 0.055732206 
540 309 19 25 0.055077482 
558 124 20 25 0.054850433 
309 282 19 24 0.054681394 
442 358 20 24 0.054343097 
925 208 17 21 0.054023493 
262 198 19 23 0.05307367 
314 383 20 24 0.052799303 
36 280 20 27 0.05230462 
540 280 19 25 0.052249953 
739 205 17 22 0.052128483 
514 184 19 23 0.052051328 
207 178 22 26 0.05147569 
719 209 18 22 0.051308013 
928 182 17 23 0.051059406 
110 276 21 26 0.050909474 
309 254 16 21 0.050754953 
129 202 19 23 0.05060958 
895 429 23 29 0.050087366 
339 254 15 18 0.05006364 
206 237 19 25 0.04959381 
281 333 20 26 0.049530335 
264 159 23 27 0.049325805 
432 326 20 24 0.049119182 
183 388 20 26 0.0491063 
742 186 17 23 0.049043916 
699 123 21 26 0.04827701 
48 291 45 53 0.04779568 
766 250 20 25 0.047362857 
517 437 19 23 0.047225356 
847 312 24 30 0.046928402 
848 181 16 19 0.046632927 
618 307 22 28 0.04645976 
762 238 20 24 0.046425767 
2 205 20 30 0.04625881 
210 336 20 24 0.04605165 
360 407 22 28 0.04587556 
812 212 18 23 0.045760255 
846 205 16 20 0.04562738 
180 234 18 23 0.045620933 
152 405 20 25 0.045520455 
899 584 26 31 0.04487415 
179 256 18 23 0.044649627 
713 330 22 28 0.04419067 
650 228 18 23 0.044139482 
994 233 17 22 0.04396622 
256 402 19 23 0.043903414 
387 410 21 26 0.043828376 
136 309 20 27 0.043780066 
925 383 24 30 0.043413635 
154 390 20 25 0.042921085 
545 186 17 22 0.042690307 
239 328 20 26 0.042481393 
338 284 20 24 0.042430982 
664 228 16 22 0.041908614 
617 229 17 22 0.041730344 
185 407 20 25 0.04154832 
876 281 19 25 0.041450653 
158 254 19 23 0.041135486 
436 209 18 23 0.041053094 
25 199 30 43 0.040886365 
545 260 18 24 0.04061464 
697 181 16 21 0.040607516 
928 149 19 24 0.040555447 
977 305 20 27 0.04043304 
286 280 18 24 0.040243983 
46 212 19 23 0.04012745 
389 282 20 23 0.04005719 
138 326 22 28 0.04004545 
132 183 19 22 0.039760217 
567 207 17 20 0.039478958 
359 339 20 25 0.03909412 
183 180 21 24 0.039090775 
178 336 20 25 0.039017476 
571 183 16 21 0.039007105 
228 175 19 24 0.038862046 
880 206 16 19 0.03872921 
769 177 19 23 0.038564086 
442 259 17 23 0.038457297 
130 231 20 23 0.038422056 
468 125 21 27 0.038317468 
262 351 20 26 0.038316622 
22 364 20 27 0.03830987 
156 279 20 27 0.03823038 
594 436 17 21 0.037855484 
751 332 21 28 0.037716232 
923 227 18 22 0.03749119 
821 310 21 26 0.037320267 
654 205 17 21 0.03722119 
390 307 20 26 0.03715783 
867 158 17 20 0.037097603 
765 308 23 29 0.03704629 
616 415 18 23 0.036850072 
978 153 16 21 0.036810525 
8 356 20 29 0.03675986 
433 286 19 24 0.03675619 
847 322 41 51 0.03666278 
593 330 22 29 0.036598783 
4 508 37 54 0.036591716 
417 325 20 25 0.036258742 
644 254 19 23 0.036247313 
995 334 18 23 0.03615878 
306 232 17 21 0.035835642 
774 158 18 22 0.035809703 
407 404 19 25 0.03574927 
667 381 22 27 0.03555648 
410 254 18 23 0.0354799 
725 183 18 22 0.035359804 
956 410 23 30 0.035288032 
857 160 16 21 0.035089407 
27 256 19 25 0.03498581 
283 355 19 25 0.034960177 
57 330 21 27 0.034711786 
364 239 18 22 0.034437977 
259 278 19 23 0.034434706 
28 302 20 26 0.034345258 
108 306 21 27 0.0343439 
182 279 19 25 0.034300454 
512 202 18 23 0.034276217 
182 200 19 24 0.034249205 
797 182 20 24 0.034001682 
691 353 23 29 0.033850763 
5 177 21 31 0.033568814 
263 230 18 23 0.033214368 
593 160 19 23 0.03315648 
747 354 22 28 0.033135816 
227 159 18 23 0.032749705 
690 283 21 27 0.03273219 
384 212 17 21 0.032586634 
715 280 21 27 0.03248617 
974 360 20 28 0.03242903 
773 282 20 25 0.03237923 
600 101 18 23 0.032307845 
25 379 21 27 0.032277074 
385 428 20 25 0.03223741 
615 211 16 20 0.03216834 
305 210 17 21 0.03198263 
285 402 19 24 0.031788893 
712 228 19 23 0.031684093 
227 361 18 24 0.031633034 
951 148 18 22 0.0314249 
639 108 21 27 0.031201418 
747 280 19 25 0.0311498 
514 230 19 22 0.030921578 
360 350 19 27 0.030777939 
868 310 24 29 0.03068455 
486 432 22 26 0.030645097 
822 274 22 28 0.030470148 
465 286 20 26 0.03038582 
975 332 19 26 0.030156793 
208 252 19 24 0.03011713 
974 129 16 22 0.030108873 
900 181 15 19 0.030084638 
713 125 18 23 0.03003399 
337 238 16 20 0.029904034 
260 260 18 24 0.02989673 
929 311 25 32 0.029869677 
794 307 23 28 0.029780876 
26 333 18 25 0.029584074 
286 310 18 23 0.029566891 
28 157 19 24 0.029435689 
45 224 20 25 0.02930203 
157 160 20 21 0.029173795 
486 412 23 28 0.029170552 
-2 209 29 45 0.029131306 
994 382 18 24 0.0291035 
237 390 18 22 0.029056251 
951 133 19 23 0.029037928 
410 390 19 26 0.029017763 
715 307 21 27 0.029016927 
794 278 21 26 0.028818732 
896 273 22 29 0.028791515 
459 354 20 27 0.028786466 
591 348 23 30 0.028750038 
596 457 20 24 0.028635263 
662 156 17 21 0.028628817 
507 257 20 25 0.028582573 
617 434 18 21 0.028429803 
493 234 19 24 0.028264487 
52 175 18 22 0.028231299 
644 307 21 28 0.028176533 
741 156 17 21 0.028173734 
6 157 20 27 0.028043669 
312 158 20 26 0.02801953 
483 181 18 23 0.027955461 
614 349 22 28 0.027930787 
592 417 19 22 0.027805831 
796 159 18 22 0.02774345 
949 248 22 27 0.027698727 
588 201 16 21 0.027669469 
980 589 22 30 0.027637107 
695 330 22 28 0.027590437 
920 403 24 30 0.027372526 
277 170 22 27 0.02722489 
412 354 21 27 0.02719682 
923 278 22 29 0.027164526 
649 155 17 22 0.027131597 
512 157 18 22 0.02708695 
235 232 18 23 0.02707366 
621 183 17 22 0.027034054 
994 311 18 23 0.026995033 
650 185 17 22 0.02695693 
993 105 18 25 0.026883762 
409 295 43 53 0.026881253 
1 281 19 25 0.026617682 
661 433 20 25 0.026405182 
892 355 23 30 0.026299924 
461 256 18 24 0.02629877 
874 180 16 21 0.02624193 
913 587 21 25 0.026213389 
488 108 21 24 0.02618403 
50 257 21 25 0.02617597 
532 440 19 22 0.025970344 
470 177 18 23 0.025943832 
236 404 19 23 0.02592319 
17 174 32 48 0.025911076 
419 208 17 21 0.025879793 
976 249 19 24 0.02585137 
111 262 21 26 0.025644535 
668 322 23 30 0.025609072 
618 381 20 24 0.025545798 
749 103 17 22 0.02540979 
770 372 28 34 0.025179373 
640 422 31 36 0.024956005 
796 255 20 26 0.024717258 
570 436 16 19 0.02458966 
0 410 21 31 0.02456935 
897 412 24 31 0.024473894 
126 160 19 22 0.024440682 
139 303 42 54 0.024396084 
995 361 18 25 0.024349496 
212 159 20 23 0.024270875 
111 157 19 22 0.024218854 
844 276 22 28 0.024156265 
513 130 18 21 0.024128137 
281 393 18 23 0.024038497 
75 287 24 29 0.024012508 
980 282 20 25 0.023901843 
648 356 21 27 0.023853071 
871 435 22 28 0.023823215 
104 328 21 28 0.023776053 
698 411 20 25 0.02371855 
3 349 31 46 0.023615418 
562 111 19 22 0.023577582 
994 161 18 22 0.023473814 
996 206 17 22 0.02347129 
520 455 20 25 0.023449386 
618 118 21 27 0.023419987 
645 387 20 25 0.023393668 
993 280 18 23 0.023377579 
749 126 17 21 0.023316514 
329 158 18 24 0.023187183 
817 155 17 21 0.023095245 
333 384 19 24 0.022974337 
510 415 19 23 0.022963513 
698 157 18 22 0.022961223 
725 156 17 22 0.02294227 
951 585 21 25 0.022923693 
-68 532 358 350 0.022910852 
518 482 23 28 0.022703368 
824 130 17 22 0.022664994 
815 348 31 42 0.022653753 
558 293 40 53 0.022646122 
334 357 21 25 0.02255961 
544 108 21 24 0.022374475 
105 208 20 25 0.022315867 
947 283 24 30 0.02228174 
817 590 24 24 0.022232292 
926 133 19 24 0.022228593 
601 468 36 46 0.02222359 
978 105 19 24 0.022105161 
994 253 17 23 0.022097787 
65 314 34 41 0.022013783 
492 208 18 22 0.02190986 
-8 181 62 90 0.021825287 
616 157 17 23 0.02172526 
342 407 19 24 0.021671252 
804 222 28 37 0.021628294 
466 409 24 29 0.021601392 
433 155 19 24 0.021545937 
440 227 19 23 0.021480829 
636 457 21 26 0.021474406 
905 131 17 21 0.021459442 
228 78 21 27 0.021316152 
82 209 20 24 0.021274995 
313 174 18 23 0.021250628 
213 306 19 26 0.02124871 
569 417 19 22 0.021190923 
279 0 24 26 0.0211722 
486 148 20 25 0.021099605 
851 345 24 32 0.020979684 
360 246 29 37 0.020953419 
714 410 20 26 0.02088097 
977 377 20 27 0.020790262 
80 258 20 25 0.020744115 
181 160 20 22 0.020735197 
896 334 22 29 0.020677615 
659 413 20 25 0.020481337 
213 282 19 24 0.020457381 
410 233 17 23 0.020412125 
516 101 19 22 0.020324968 
636 114 109 137 0.020323476 
608 482 23 28 0.020305851 
460 379 22 28 0.020271143 
731 204 283 324 0.020228788 
4 250 19 26 0.020228054 
771 208 18 21 0.020174796 
134 408 22 28 0.020158732 
-220 311 700 732 0.020130191 
514 349 22 29 0.020091489 
898 567 26 32 0.02008892 
361 203 18 22 0.020061044 
54 351 21 27 0.020026358 
