2_Demonstration_Demonstration_Or_Protest_2_615
180
120 249 35 44 0.94586426 
434 250 30 36 0.9282966 
40 253 29 37 0.9235047 
948 244 25 32 0.77103907 
900 248 23 27 0.6871345 
6 267 29 38 0.6554069 
184 248 27 35 0.6371381 
296 225 28 35 0.618994 
613 256 21 27 0.41561595 
563 244 22 26 0.34052604 
762 257 21 25 0.32623783 
384 225 23 31 0.24323876 
508 261 20 27 0.17643085 
110 252 30 38 0.15720426 
487 229 20 26 0.14986455 
540 248 21 26 0.1485533 
535 238 20 26 0.14248878 
520 232 19 25 0.12804715 
197 254 25 31 0.12744807 
847 255 20 24 0.12469422 
539 282 22 25 0.12275696 
865 255 20 25 0.10947571 
435 237 25 31 0.107803054 
826 255 20 25 0.10155106 
719 265 21 27 0.09851423 
648 259 22 26 0.09710833 
753 260 21 25 0.09395618 
179 235 28 35 0.08269979 
659 257 22 27 0.078444846 
264 252 25 32 0.07803822 
338 207 22 29 0.07438874 
596 254 20 25 0.07395485 
794 249 21 26 0.07257377 
285 211 27 35 0.07091762 
451 256 22 28 0.06836391 
498 253 21 27 0.067878835 
790 231 22 28 0.06724743 
377 207 23 29 0.06564065 
620 238 19 23 0.06490715 
916 250 19 25 0.063615695 
143 251 26 33 0.063238345 
356 253 22 30 0.058887575 
271 248 34 42 0.0556088 
941 511 22 30 0.055207428 
418 156 20 25 0.055022195 
179 272 26 33 0.053091336 
335 221 23 30 0.04972379 
366 223 24 33 0.049235236 
231 250 22 29 0.049211636 
849 232 18 22 0.048664495 
470 186 19 24 0.04859113 
359 173 23 27 0.048102595 
229 230 23 30 0.047901962 
589 236 18 23 0.04769399 
355 274 23 28 0.047020413 
25 225 25 33 0.046938136 
966 249 22 30 0.04629225 
489 210 19 25 0.045965396 
1 222 26 34 0.045012977 
926 237 19 24 0.04464976 
430 155 21 26 0.043782916 
67 309 33 42 0.043549586 
127 233 31 37 0.042799655 
547 204 18 22 0.042564515 
491 154 20 25 0.041943844 
877 200 21 25 0.04174595 
383 134 18 23 0.041508764 
873 231 20 24 0.040983003 
100 228 27 34 0.04018393 
821 198 20 25 0.03957358 
205 229 25 32 0.039467383 
257 266 34 39 0.038776077 
995 232 18 25 0.038430933 
926 203 19 24 0.03825216 
846 280 22 27 0.038091466 
879 186 20 24 0.03775866 
501 266 31 36 0.037750516 
233 279 21 27 0.037041444 
773 228 21 28 0.037013706 
513 206 18 23 0.036950666 
28 206 22 26 0.03685518 
766 205 22 29 0.035384662 
560 204 17 22 0.03531349 
842 301 23 28 0.03459942 
382 153 19 23 0.03437915 
204 154 20 25 0.033940792 
2 208 22 28 0.033810545 
435 204 20 27 0.03378434 
827 187 19 25 0.033670384 
332 174 23 28 0.03339211 
747 228 20 25 0.03293433 
171 240 47 56 0.032688797 
645 236 18 22 0.03265954 
694 262 18 24 0.032001313 
386 246 23 31 0.031860113 
304 243 27 32 0.031670496 
367 130 20 23 0.03153053 
363 158 20 26 0.031228963 
342 254 21 26 0.030691713 
887 234 34 41 0.03018216 
233 152 21 25 0.030073179 
366 208 46 59 0.029970268 
723 232 19 23 0.029591428 
256 178 23 28 0.029435696 
619 206 18 23 0.029155906 
383 172 21 27 0.029099796 
668 236 19 22 0.029050717 
842 178 18 23 0.02889032 
565 277 20 24 0.02875611 
312 171 25 33 0.028599082 
764 272 23 27 0.02848004 
80 255 21 29 0.028415304 
798 277 21 25 0.028388906 
414 175 20 26 0.028059736 
973 236 21 28 0.028020166 
855 238 49 58 0.027525647 
357 100 20 25 0.027357005 
615 271 22 27 0.027049115 
994 250 19 25 0.026984572 
822 3 29 31 0.026706306 
83 227 24 31 0.026683157 
868 274 20 25 0.02627365 
714 3 25 26 0.02627002 
205 273 24 29 0.026200986 
48 230 25 33 0.026135309 
794 206 22 28 0.025627745 
303 210 24 31 0.025390573 
353 173 35 45 0.025351426 
993 283 19 26 0.025203876 
647 270 24 28 0.025164444 
642 81 22 28 0.0249666 
497 277 20 25 0.024721466 
207 202 23 29 0.02470229 
821 232 20 24 0.024499819 
331 154 21 27 0.024254654 
644 210 18 21 0.02424768 
326 169 37 47 0.024235234 
969 183 20 24 0.02405914 
934 225 44 58 0.023954775 
259 231 24 31 0.023890866 
894 199 19 22 0.02366694 
411 202 21 27 0.023429772 
956 202 21 26 0.023102399 
823 278 21 25 0.023088928 
406 229 22 30 0.02307649 
420 254 24 30 0.022882221 
745 96 21 27 0.022788232 
60 322 26 34 0.022690086 
81 279 21 27 0.022686921 
924 303 24 29 0.022679105 
984 128 17 22 0.022667065 
662 271 22 26 0.022594685 
277 119 24 30 0.02252478 
340 97 20 24 0.022510953 
129 205 26 29 0.022242246 
592 209 17 21 0.022021951 
922 230 33 40 0.021981576 
273 268 26 32 0.021841576 
994 131 17 22 0.021808906 
236 203 23 29 0.021703694 
384 273 23 29 0.021503704 
751 207 22 26 0.02148837 
338 80 20 26 0.02137089 
994 2 20 24 0.021135796 
968 201 19 25 0.021078244 
594 280 20 24 0.021071529 
315 155 21 26 0.020975012 
191 346 42 44 0.020961476 
924 3 24 26 0.020878352 
316 126 19 24 0.02059623 
237 127 23 28 0.020588882 
178 295 27 33 0.020555831 
798 174 20 26 0.020531412 
849 208 18 23 0.020516511 
588 160 19 24 0.020468073 
332 134 18 23 0.020432746 
464 337 23 28 0.020336099 
691 233 17 22 0.020326436 
506 152 20 24 0.020160098 
808 285 78 81 0.020126361 
