2_Demonstration_Demonstration_Or_Protest_2_158
325
514 191 42 49 0.7610104 
184 222 25 33 0.39564478 
51 254 23 27 0.28291076 
467 230 26 32 0.22938336 
815 202 24 30 0.19550927 
915 407 67 73 0.17077507 
861 227 28 36 0.16410057 
138 387 91 99 0.15588826 
990 218 24 38 0.14867146 
88 265 35 47 0.122862436 
478 228 23 30 0.10055164 
185 250 26 35 0.09233782 
724 152 19 24 0.09177266 
388 235 24 30 0.09172539 
197 252 24 32 0.08935652 
670 256 22 27 0.08920552 
97 259 23 31 0.08572744 
821 129 19 23 0.08294094 
697 102 20 25 0.0810021 
818 229 22 29 0.07822478 
824 149 19 24 0.076700516 
435 227 22 28 0.07335605 
849 130 19 23 0.0679316 
930 98 23 29 0.06701155 
611 232 19 23 0.067011364 
688 260 21 25 0.06638442 
843 220 48 57 0.06564608 
53 238 19 23 0.06416132 
690 228 21 26 0.064120434 
665 235 21 28 0.06383209 
693 206 22 28 0.06353917 
723 237 21 26 0.06343799 
355 227 24 30 0.063327275 
83 258 22 29 0.06255022 
330 348 46 56 0.061782077 
124 316 46 54 0.06046729 
407 234 20 25 0.059181847 
749 277 21 26 0.058362912 
717 253 19 24 0.057550434 
692 132 20 25 0.057024263 
847 150 19 24 0.055317193 
285 254 20 25 0.05510291 
820 81 19 23 0.05493548 
187 418 56 62 0.053527504 
308 230 20 26 0.05204454 
436 205 21 26 0.05198863 
354 207 23 27 0.05169476 
178 212 23 30 0.051686477 
32 176 21 30 0.051011935 
467 178 23 29 0.05089275 
665 274 23 29 0.05069891 
24 196 19 27 0.0506203 
789 162 17 21 0.050547916 
198 229 22 29 0.04930328 
162 208 19 25 0.049235847 
582 355 22 28 0.0488174 
512 288 47 51 0.04860708 
310 207 20 25 0.04832688 
635 95 21 27 0.048306894 
340 148 21 27 0.047046226 
823 105 18 22 0.046946984 
516 137 18 23 0.0463111 
741 154 19 24 0.04597769 
611 127 19 25 0.04551893 
973 203 35 52 0.045379136 
767 282 20 25 0.044895925 
348 201 38 48 0.044444095 
170 213 45 58 0.044318903 
852 105 17 21 0.0442309 
356 233 40 49 0.043953292 
125 327 66 77 0.04375395 
233 127 21 27 0.043708786 
127 305 31 37 0.043512303 
262 258 20 25 0.042877328 
516 145 22 28 0.042457204 
793 177 18 23 0.04219666 
823 248 20 27 0.041984957 
74 282 39 52 0.041834004 
342 132 19 26 0.04097811 
34 251 20 26 0.040887143 
304 250 20 26 0.04085758 
22 226 57 69 0.04076049 
341 208 20 25 0.040751386 
622 95 21 26 0.04036999 
52 199 18 22 0.03992726 
285 203 19 24 0.03982309 
778 159 18 22 0.039737884 
767 261 21 26 0.039715376 
341 225 22 28 0.03945132 
648 235 19 24 0.039414987 
748 18 22 25 0.039003763 
233 232 18 23 0.038479332 
232 257 20 26 0.038342554 
595 440 23 30 0.038160123 
26 232 19 25 0.038073614 
6 227 21 31 0.037777964 
848 246 24 31 0.037740745 
880 129 19 22 0.037716903 
743 196 21 27 0.03768617 
562 154 20 24 0.037618425 
448 297 41 48 0.03750138 
251 355 22 28 0.03741498 
688 272 22 29 0.037386816 
543 155 20 25 0.037368365 
75 230 18 23 0.037238576 
694 144 20 27 0.037131004 
43 235 35 42 0.036758725 
746 70 19 23 0.036443144 
342 325 44 51 0.036380023 
746 186 19 25 0.035946287 
288 233 19 24 0.035926193 
660 382 22 28 0.035764374 
642 255 18 23 0.0357487 
104 353 28 34 0.035473328 
176 371 66 79 0.035111204 
890 129 19 23 0.035068564 
804 203 21 25 0.035049956 
666 205 21 27 0.03450096 
595 181 20 27 0.034424488 
46 181 20 26 0.03432111 
341 178 19 24 0.034271482 
178 234 46 61 0.034137964 
312 340 77 87 0.034111466 
68 246 50 67 0.033915456 
349 349 28 35 0.03384788 
600 228 20 25 0.03367201 
648 280 20 25 0.033605516 
797 289 20 24 0.033583302 
678 255 34 41 0.03318303 
993 98 19 25 0.03296806 
230 145 22 29 0.032713626 
92 287 42 52 0.03263188 
929 80 21 26 0.032246966 
110 235 20 25 0.03223965 
78 206 19 23 0.032159228 
26 167 33 50 0.032120757 
747 264 20 25 0.031641874 
647 353 21 25 0.0315432 
356 170 21 29 0.031457752 
799 581 52 56 0.03145102 
766 290 77 87 0.031391308 
800 254 19 24 0.031211196 
18 222 36 46 0.03111685 
6 150 20 29 0.030899933 
869 178 24 30 0.030840859 
868 203 27 33 0.030831883 
652 247 67 78 0.030789206 
161 226 21 27 0.03057615 
461 213 45 58 0.03046675 
748 59 20 25 0.030271156 
15 186 36 55 0.030050635 
808 213 50 61 0.03004048 
745 127 18 21 0.02990276 
464 204 23 28 0.029885007 
349 164 35 48 0.029783858 
614 328 22 27 0.029695615 
151 273 25 33 0.029692687 
568 350 36 44 0.029622622 
670 102 20 25 0.029512113 
204 382 29 37 0.029456222 
322 303 42 51 0.02932059 
802 233 21 26 0.029278351 
152 340 78 91 0.029017663 
514 181 32 38 0.028984675 
366 218 49 62 0.028820325 
353 129 18 24 0.028714165 
673 129 20 26 0.028617045 
747 107 19 23 0.02852759 
757 258 76 87 0.028466104 
570 133 17 23 0.028446086 
849 183 20 24 0.02844401 
49 256 39 50 0.028189307 
480 178 23 31 0.028122071 
531 70 25 31 0.02812089 
132 256 20 26 0.027986746 
201 386 66 86 0.027898574 
977 99 20 25 0.027706953 
306 178 18 22 0.027562555 
124 237 19 25 0.02756063 
612 307 24 30 0.027382374 
336 169 33 45 0.02730706 
653 374 36 45 0.027190097 
720 143 30 40 0.027167777 
622 254 20 24 0.027142387 
785 346 72 79 0.026947604 
791 109 16 20 0.02689606 
547 193 37 45 0.026812162 
643 332 21 29 0.026590109 
639 83 22 27 0.026510863 
233 109 19 24 0.026504196 
664 149 21 30 0.026503 
3 214 34 50 0.026486559 
334 29 284 361 0.026302764 
846 203 23 29 0.02613769 
159 203 32 41 0.026117494 
864 207 55 67 0.026007835 
922 482 26 33 0.025852878 
711 101 18 22 0.02565212 
877 99 18 22 0.025632141 
82 248 65 77 0.025570024 
3 280 22 29 0.025366064 
357 278 26 33 0.025335316 
675 367 64 75 0.02532413 
613 176 21 29 0.02521661 
482 128 21 27 0.025142819 
702 230 107 126 0.024999306 
345 302 43 54 0.024978653 
347 145 33 45 0.024857106 
843 123 31 39 0.024782369 
226 381 24 33 0.024721926 
259 237 17 22 0.024717258 
325 153 56 77 0.024714602 
662 300 27 34 0.024627585 
795 125 17 20 0.024557628 
666 81 19 23 0.024379726 
770 332 22 26 0.024330981 
45 374 40 55 0.024188856 
260 202 18 23 0.02405735 
103 320 43 51 0.024028234 
977 82 20 26 0.023844616 
809 334 59 69 0.023824636 
516 217 30 35 0.023791729 
153 185 19 24 0.023711069 
64 391 55 77 0.023695393 
762 199 72 82 0.023671156 
601 131 17 21 0.023612307 
698 183 20 25 0.023576774 
805 193 47 56 0.023499735 
206 340 56 74 0.023475606 
873 154 19 25 0.023380117 
645 304 22 29 0.02334242 
374 263 39 49 0.023294754 
8 203 20 30 0.023221213 
511 536 42 59 0.023207422 
235 352 23 31 0.023102416 
299 430 180 182 0.023066504 
29 159 20 29 0.023030922 
396 241 32 41 0.022891065 
939 103 22 27 0.02288805 
772 58 19 24 0.02277042 
145 343 36 44 0.02273469 
242 351 36 48 0.022728516 
879 84 17 22 0.022693034 
710 249 32 42 0.022685928 
4 247 21 29 0.022683883 
156 259 22 29 0.022674033 
235 206 18 22 0.022646582 
179 268 25 33 0.022620574 
799 77 17 20 0.022596743 
181 323 29 37 0.022490166 
212 473 42 55 0.022483222 
868 6 20 22 0.022443645 
333 125 34 47 0.022432813 
437 243 34 43 0.022357099 
328 380 49 57 0.022279859 
197 262 35 46 0.022240296 
691 402 25 31 0.022202525 
668 217 53 65 0.02220151 
19 357 59 85 0.022197315 
162 311 64 74 0.02210514 
128 280 25 32 0.022090739 
334 237 36 46 0.022086628 
206 206 21 26 0.022038506 
911 365 85 98 0.021934066 
616 2 20 22 0.021845447 
668 394 70 87 0.021838143 
770 70 18 22 0.02183655 
415 201 20 25 0.021804057 
427 214 47 58 0.021783223 
774 109 18 22 0.021781273 
789 281 33 41 0.021711847 
892 103 18 23 0.021649001 
42 191 34 44 0.021634733 
827 30 17 20 0.021598201 
648 282 69 82 0.021572003 
112 240 51 67 0.021542564 
103 202 18 24 0.021530733 
-4 218 56 76 0.021419453 
-1 266 35 46 0.021414075 
385 201 22 27 0.021401929 
865 244 26 32 0.021373019 
123 345 32 40 0.02136112 
719 277 20 25 0.021354916 
225 326 26 35 0.021353869 
467 128 21 25 0.021345614 
48 156 21 28 0.021301122 
629 362 58 70 0.021272466 
614 152 20 27 0.021219654 
374 198 40 52 0.021200953 
913 467 43 54 0.021175193 
690 98 32 40 0.021142848 
620 84 22 27 0.02112371 
222 430 30 42 0.02110549 
451 152 54 68 0.02104516 
615 279 21 27 0.021041052 
696 83 19 23 0.021026215 
285 353 21 26 0.021025693 
620 29 20 23 0.021005511 
79 182 20 25 0.020983571 
719 131 17 20 0.020978652 
838 270 36 47 0.020965805 
716 81 19 22 0.020964602 
963 172 38 51 0.020931194 
150 192 54 67 0.020922342 
517 99 19 24 0.020881789 
797 263 59 70 0.02087402 
648 176 22 31 0.020750364 
690 353 27 32 0.020691179 
531 277 35 39 0.020676458 
826 257 60 73 0.020537686 
793 249 34 44 0.020478958 
67 227 32 44 0.020459559 
648 201 21 28 0.020459205 
658 88 70 90 0.020437209 
233 277 23 29 0.020408086 
440 152 20 26 0.020381847 
773 233 20 24 0.020315975 
845 1 19 20 0.020284776 
705 199 73 87 0.020265756 
645 275 34 45 0.020252433 
101 300 160 178 0.020155156 
37 347 43 59 0.020100195 
923 405 36 44 0.020036742 
302 210 104 125 0.020034138 
769 377 74 83 0.020011416 
