2_Demonstration_Protesters_2_352
161
587 189 43 57 0.97887784 
677 534 44 65 0.78092915 
136 415 37 52 0.56359994 
945 502 42 44 0.39612222 
422 475 40 67 0.36272454 
450 615 51 68 0.3533668 
839 473 41 51 0.3357774 
669 515 41 62 0.28570998 
708 317 49 62 0.21533501 
0 518 26 47 0.21193688 
363 486 52 66 0.20739938 
819 503 38 48 0.19762242 
341 466 56 70 0.19079876 
815 475 38 48 0.16623148 
127 449 43 60 0.1328588 
925 500 37 44 0.122514635 
923 233 24 28 0.1063504 
829 490 42 53 0.09877382 
185 434 24 33 0.098551154 
596 335 45 54 0.09304654 
694 526 45 67 0.085215986 
716 580 78 94 0.08516312 
861 475 33 43 0.08216551 
359 498 35 45 0.07455617 
474 605 38 58 0.07182162 
332 479 35 44 0.07177303 
389 489 63 84 0.06981573 
46 498 35 46 0.06797502 
11 506 34 50 0.06484849 
143 472 30 43 0.05756378 
893 486 26 35 0.057396058 
363 450 59 78 0.057072576 
698 547 75 94 0.05698278 
809 577 56 79 0.05607091 
958 512 47 53 0.055642687 
896 498 29 37 0.055359483 
373 606 51 61 0.052017596 
550 556 39 45 0.05147855 
123 484 45 62 0.049193688 
944 489 32 38 0.045817815 
174 442 40 54 0.045699682 
968 487 31 37 0.04457194 
253 360 21 25 0.044313867 
213 504 42 49 0.04256847 
209 525 44 51 0.042326987 
200 448 35 44 0.04144812 
428 594 56 74 0.040775325 
123 513 45 60 0.040203154 
210 378 22 27 0.040046636 
670 479 54 72 0.039943546 
354 457 31 41 0.039847508 
378 477 36 50 0.039256837 
49 480 25 33 0.039166015 
335 458 29 37 0.03849394 
576 635 40 46 0.038136072 
303 377 23 29 0.037221123 
614 635 36 47 0.03721424 
203 469 40 50 0.03631844 
85 439 21 27 0.035963695 
756 371 39 51 0.035798125 
685 482 29 38 0.0345639 
0 411 19 29 0.034518484 
392 609 54 65 0.034314465 
643 142 25 34 0.034034207 
925 485 26 32 0.033174705 
210 364 20 25 0.032620713 
858 490 42 53 0.032480936 
826 513 44 56 0.0322 
793 327 23 28 0.032034215 
50 468 20 26 0.032010138 
664 229 22 29 0.03196129 
857 516 46 58 0.031947706 
639 575 41 53 0.031249465 
433 324 29 35 0.030380448 
147 455 28 43 0.030223895 
768 578 75 85 0.030188737 
821 327 21 27 0.030155959 
883 473 49 61 0.029812058 
392 451 55 79 0.029434072 
130 478 66 90 0.029382944 
-147 429 532 550 0.029359654 
418 501 51 69 0.029313125 
630 596 39 51 0.02904874 
738 546 76 88 0.028714776 
730 523 43 56 0.028482443 
652 551 57 77 0.028461408 
742 508 31 40 0.028410843 
382 454 31 41 0.028368518 
498 600 37 46 0.02821675 
444 577 57 75 0.028205426 
77 486 24 32 0.028075147 
835 612 48 75 0.027834356 
434 306 29 34 0.02758115 
943 409 24 29 0.027518688 
5 374 23 32 0.02745915 
624 408 530 554 0.027353339 
883 517 46 56 0.027066601 
502 625 41 50 0.027027253 
41 515 42 54 0.027026115 
707 229 38 45 0.026731517 
331 253 25 31 0.026667254 
30 485 23 32 0.026667112 
195 637 51 67 0.026592381 
200 441 21 28 0.026584618 
269 564 72 79 0.026526898 
235 363 20 25 0.026508441 
316 502 60 73 0.026439661 
818 465 29 36 0.026168434 
214 542 48 57 0.026094455 
855 591 68 87 0.02605922 
178 379 22 29 0.025826268 
-6 498 61 86 0.025776012 
279 591 76 81 0.025636476 
457 153 23 28 0.025591716 
696 498 43 60 0.025467798 
693 315 41 55 0.025021331 
362 383 22 29 0.025008846 
972 401 37 50 0.024773125 
391 354 23 30 0.024761332 
269 598 53 58 0.024545649 
329 244 40 51 0.024317244 
628 631 43 54 0.024239404 
157 450 60 80 0.02421398 
65 497 34 46 0.024163172 
5 2 23 27 0.024040768 
311 364 21 28 0.023916965 
815 549 47 63 0.023902617 
920 503 71 73 0.02373832 
434 281 27 31 0.023655757 
102 433 22 29 0.023537917 
556 629 43 46 0.023126433 
919 462 24 31 0.02310474 
680 620 51 55 0.023067478 
107 410 22 29 0.02286934 
564 192 40 51 0.022830643 
352 615 54 57 0.022669183 
176 522 39 52 0.022460401 
669 485 29 38 0.022292295 
665 514 89 118 0.022256324 
794 312 22 28 0.022052256 
537 234 25 32 0.0219797 
21 380 22 29 0.021947294 
654 560 106 130 0.021821605 
330 352 23 31 0.021748835 
113 415 85 111 0.02170754 
823 313 19 25 0.02164974 
824 386 24 28 0.021556169 
224 484 25 33 0.021498287 
764 123 25 29 0.021368805 
970 343 39 52 0.021268178 
527 628 44 47 0.021267882 
409 246 27 35 0.021265147 
925 211 19 22 0.021229142 
225 380 22 28 0.02121591 
322 250 66 80 0.021113304 
528 351 40 54 0.021031247 
765 106 25 29 0.020841084 
95 441 60 76 0.020761631 
465 48 25 34 0.020537421 
800 172 26 34 0.02033161 
157 396 52 75 0.020276252 
