2_Demonstration_Demonstrators_2_413
262
133 234 23 29 0.4138385 
24 227 25 31 0.27830335 
386 188 19 23 0.18152547 
44 231 25 30 0.17349035 
285 208 22 26 0.16642417 
278 223 21 26 0.15961742 
345 202 20 25 0.12800673 
49 246 26 31 0.103296444 
488 172 19 23 0.09729795 
-4 254 21 30 0.097023584 
303 205 18 23 0.09265658 
211 232 23 28 0.08903503 
797 412 243 343 0.08408943 
257 204 22 28 0.07997056 
177 257 20 27 0.07502321 
711 136 87 93 0.0727724 
95 283 24 29 0.07142366 
113 331 23 29 0.06963619 
263 228 22 26 0.06717289 
897 100 58 71 0.06606504 
412 201 20 25 0.06535317 
281 286 23 30 0.06451763 
145 229 21 27 0.063494325 
665 107 94 108 0.061807487 
965 97 32 48 0.061257057 
420 284 49 61 0.05897116 
28 244 26 32 0.05877745 
196 141 40 57 0.058735803 
951 96 24 32 0.058623236 
11 230 21 26 0.055439085 
257 253 21 26 0.054915432 
106 234 19 24 0.05375177 
255 197 37 44 0.052138824 
229 232 21 28 0.050764564 
24 218 52 60 0.05035099 
463 155 17 21 0.049764473 
207 251 23 28 0.049685795 
281 252 22 27 0.048696093 
605 63 102 139 0.047517743 
202 244 38 46 0.047249164 
85 281 22 28 0.045830198 
26 212 22 27 0.045611575 
132 282 22 27 0.04508743 
359 187 18 23 0.044676576 
464 177 18 21 0.04435141 
542 179 20 25 0.044088468 
645 81 84 103 0.04398414 
155 253 20 26 0.043461483 
632 307 43 57 0.04324539 
649 203 69 85 0.04323171 
483 165 31 37 0.042699944 
131 305 22 27 0.042471435 
81 233 18 23 0.042300668 
574 142 111 151 0.042075712 
251 243 34 42 0.041403145 
475 236 61 70 0.04078771 
915 116 32 42 0.04059062 
739 119 74 83 0.040555056 
247 179 81 96 0.039801203 
409 187 17 21 0.039072398 
891 108 38 48 0.038942024 
333 231 21 27 0.038774904 
225 223 33 44 0.03860705 
529 328 66 85 0.038494494 
106 255 20 25 0.038220372 
516 174 19 23 0.03821198 
514 162 19 23 0.03801655 
917 98 31 40 0.037864 
340 186 17 21 0.037461348 
701 168 166 189 0.0371808 
312 228 19 23 0.036281794 
439 181 17 22 0.03620524 
339 251 21 27 0.035398588 
180 229 21 28 0.0353228 
934 83 49 65 0.035100877 
484 201 20 25 0.03496341 
704 76 74 86 0.034848973 
563 492 372 374 0.034691848 
381 190 31 40 0.03459608 
226 239 38 46 0.034501024 
701 258 166 187 0.03448172 
690 44 70 91 0.03445041 
240 206 21 28 0.034258373 
235 193 36 48 0.034248337 
486 325 59 80 0.034031536 
467 201 21 25 0.033910558 
196 208 59 73 0.03379807 
293 199 31 38 0.033470586 
648 150 113 144 0.03333515 
76 256 19 23 0.033260033 
546 159 17 22 0.033085294 
512 401 30 43 0.032944575 
455 211 67 75 0.032752413 
588 264 116 136 0.03260102 
578 184 42 55 0.032598883 
838 138 42 53 0.032519292 
432 201 19 25 0.03245864 
418 261 100 126 0.032428253 
235 247 23 29 0.032332096 
99 300 22 28 0.031982336 
441 211 102 129 0.031718403 
25 275 24 32 0.03170629 
323 214 126 172 0.03166977 
762 136 75 88 0.03125992 
224 175 59 77 0.031097364 
203 277 27 34 0.031094555 
738 242 244 304 0.030908888 
285 185 19 22 0.030891195 
585 173 65 79 0.03049699 
531 275 115 139 0.03042548 
643 137 85 96 0.030007154 
412 276 26 34 0.029579984 
563 160 17 21 0.02953978 
956 92 52 82 0.02915361 
627 76 62 83 0.029067941 
66 297 37 49 0.029058304 
589 198 112 145 0.028969092 
739 135 221 266 0.028915139 
851 123 61 76 0.028795237 
251 277 36 43 0.028739454 
126 215 46 60 0.02872973 
335 187 45 59 0.028685343 
874 105 39 51 0.028412579 
444 156 16 20 0.02830198 
570 321 123 137 0.028276997 
381 227 23 29 0.02820722 
311 183 18 20 0.028185869 
158 282 20 25 0.028062105 
412 226 20 25 0.028006313 
305 260 22 26 0.027949378 
925 111 64 91 0.027626216 
602 119 67 88 0.02738464 
549 344 80 93 0.027264383 
740 156 30 35 0.027193384 
43 262 42 51 0.027107349 
134 211 19 24 0.027098976 
465 135 18 23 0.026783869 
410 156 16 20 0.026598934 
259 181 20 24 0.026477491 
466 227 25 29 0.02639672 
205 131 23 30 0.026312629 
238 228 59 69 0.026070515 
222 190 233 286 0.026064381 
102 313 49 60 0.026005372 
431 256 22 27 0.025883092 
791 172 81 86 0.025733383 
415 260 23 27 0.025722448 
533 320 43 58 0.025522418 
154 208 21 27 0.025474757 
112 289 53 66 0.025418233 
-4 314 51 72 0.025290476 
715 18 64 76 0.025285626 
178 278 22 29 0.02525139 
509 233 26 30 0.025191005 
486 270 69 92 0.02516144 
684 83 154 175 0.025121907 
167 239 53 64 0.025116805 
561 175 19 25 0.025028603 
458 167 32 39 0.025016623 
156 304 21 26 0.024974791 
455 159 120 153 0.024841206 
732 14 42 48 0.024708971 
84 284 57 70 0.024649149 
771 34 214 267 0.024580333 
592 180 22 28 0.024549605 
540 204 113 143 0.024518477 
528 298 44 58 0.024514614 
227 154 23 31 0.024463456 
710 363 431 534 0.024438163 
801 136 45 56 0.024413709 
991 101 23 32 0.02439746 
307 275 24 30 0.024327189 
405 218 32 41 0.024318622 
188 137 77 92 0.024253523 
777 125 46 54 0.024180539 
54 306 29 37 0.024171898 
832 26 53 71 0.024097102 
-6 331 70 90 0.024051491 
247 200 140 182 0.024010697 
408 274 45 56 0.023887217 
688 0 22 25 0.023880737 
301 218 33 41 0.023864297 
150 275 32 41 0.023797901 
569 86 70 95 0.02370198 
832 103 57 72 0.023671713 
823 146 72 81 0.023655144 
674 411 271 297 0.023519995 
819 203 152 170 0.023437956 
-7 235 47 64 0.023437733 
475 195 37 46 0.02336045 
768 128 28 32 0.023343876 
460 243 48 55 0.023276126 
724 120 55 63 0.023221605 
155 102 23 29 0.023187364 
589 158 19 22 0.023130197 
673 0 22 24 0.023112833 
658 29 121 133 0.023084627 
250 129 133 156 0.023030773 
507 232 60 74 0.023023082 
188 236 173 205 0.02298374 
502 251 29 37 0.022978717 
290 101 22 27 0.022947365 
49 211 21 26 0.02293598 
66 249 33 41 0.022920303 
616 292 44 53 0.02287225 
953 137 57 92 0.022739016 
40 286 57 71 0.022726227 
715 29 25 31 0.022589033 
17 262 42 56 0.022582548 
287 258 56 67 0.022523845 
689 155 81 95 0.022504587 
645 258 124 155 0.022487799 
158 152 20 27 0.022423863 
209 260 60 72 0.022288496 
371 257 63 75 0.022236045 
231 280 26 33 0.022079132 
33 368 39 47 0.021974554 
516 204 20 24 0.021838944 
535 171 32 40 0.0217227 
72 224 31 39 0.021712799 
573 284 65 71 0.02170648 
71 252 115 141 0.021693876 
892 132 73 92 0.021677453 
373 243 38 47 0.021576624 
614 255 73 84 0.021541208 
-219 317 702 739 0.021507876 
447 181 63 74 0.021470105 
407 257 39 48 0.021450294 
430 283 31 37 0.02144619 
636 280 63 83 0.021425977 
132 0 26 26 0.021398433 
235 217 92 118 0.02138254 
756 293 164 174 0.021376038 
484 230 27 31 0.021296255 
469 155 56 64 0.021228421 
216 145 37 50 0.021185154 
357 157 18 22 0.021179087 
380 160 162 204 0.021167338 
5 155 21 29 0.021157319 
337 182 83 97 0.02094054 
429 204 249 282 0.02092829 
458 149 31 40 0.020880364 
571 128 68 89 0.020867495 
11 295 43 60 0.020841142 
267 268 51 62 0.020810854 
115 344 37 44 0.020760253 
508 165 33 40 0.020737559 
28 380 24 32 0.020700525 
871 73 101 128 0.020650338 
742 174 62 70 0.020312974 
103 250 34 42 0.020310761 
815 205 87 88 0.020298418 
470 343 58 79 0.020279445 
505 347 29 40 0.020276943 
20 331 29 37 0.020247715 
563 314 66 75 0.020233624 
68 264 52 64 0.020172276 
787 227 89 103 0.020166216 
8 202 95 125 0.020020504 
740 76 23 30 0.020019894 
969 128 37 62 0.020013127 
741 127 26 30 0.020001438 
