25_Soldier_Patrol_Soldier_Patrol_25_1026
62
190 211 61 75 0.878285 
592 128 19 26 0.12453777 
583 228 20 23 0.103100315 
163 200 21 27 0.08044324 
623 129 20 24 0.07512523 
538 135 20 24 0.06253174 
266 309 84 84 0.06009066 
203 195 36 46 0.04932284 
694 231 19 23 0.048070524 
574 238 59 81 0.04323653 
381 229 19 26 0.040168453 
-157 390 563 576 0.03727555 
589 257 25 32 0.035308454 
601 49 24 30 0.03465205 
749 536 350 365 0.03442281 
521 133 21 25 0.03418879 
576 227 33 43 0.034035597 
635 128 19 24 0.033462886 
86 84 517 608 0.033093926 
674 251 19 24 0.0328243 
689 253 19 25 0.031489402 
702 211 18 21 0.03105584 
162 186 20 24 0.030667914 
415 251 17 23 0.029954717 
666 205 16 20 0.029876076 
617 233 19 23 0.029659102 
83 174 23 29 0.02938248 
309 229 23 29 0.029289268 
577 321 686 743 0.029224494 
594 110 19 24 0.028585993 
-36 215 742 781 0.028448358 
713 229 18 23 0.027435515 
714 208 17 22 0.027403293 
282 232 80 89 0.027000459 
620 170 24 29 0.026536955 
225 203 29 38 0.026355976 
164 192 56 73 0.02593015 
589 211 19 23 0.02569457 
417 236 18 23 0.025631003 
562 132 20 24 0.025499046 
292 196 79 89 0.02526475 
662 307 19 24 0.025113733 
540 539 359 346 0.024309361 
536 144 21 25 0.02356786 
1 0 24 26 0.023294723 
540 270 73 94 0.022924542 
673 236 17 22 0.022607736 
218 223 34 46 0.0225466 
621 156 21 26 0.022508958 
362 308 23 28 0.022416193 
610 255 25 32 0.021838652 
749 211 16 21 0.021578074 
206 184 25 30 0.021090092 
22 614 51 54 0.020822091 
479 176 172 209 0.02070166 
172 199 25 34 0.020581812 
385 252 18 24 0.02054676 
253 204 22 28 0.020523293 
538 232 17 22 0.020395635 
463 257 22 26 0.020334406 
541 303 20 25 0.020191094 
990 636 28 35 0.020038323 
