25_Soldier_Patrol_Soldier_Patrol_25_324
22
532 97 86 89 0.74012285 
675 103 82 80 0.046818264 
682 1 31 33 0.046430197 
658 80 126 134 0.045210775 
909 104 61 90 0.04488164 
764 129 140 159 0.035534576 
505 74 134 144 0.03254044 
876 100 66 86 0.031014081 
5 213 98 85 0.025387859 
671 52 83 94 0.025271919 
787 72 126 155 0.025159134 
706 74 141 160 0.024230072 
542 -4 93 89 0.023531321 
847 69 107 152 0.023514763 
856 89 56 69 0.02261781 
941 141 30 47 0.022252228 
708 154 271 310 0.021913156 
589 -9 82 87 0.02178433 
937 114 56 90 0.02104205 
570 83 87 103 0.020989642 
587 109 53 62 0.020565942 
4 173 158 216 0.020027539 
