25_Soldier_Patrol_Soldier_Patrol_25_585
39
547 126 106 139 0.99953306 
655 336 118 137 0.10374883 
443 642 39 52 0.052437454 
9 607 120 172 0.0512605 
411 165 117 147 0.04951793 
374 656 63 89 0.035660774 
775 -121 492 553 0.03391883 
617 916 739 781 0.033427075 
569 669 77 78 0.033168834 
782 162 481 547 0.02866775 
482 688 32 43 0.027766734 
415 678 94 120 0.027120301 
419 624 74 98 0.027031234 
652 322 723 807 0.026719129 
513 -325 972 1038 0.026399795 
64 673 187 197 0.02522917 
364 181 113 135 0.025144445 
152 361 122 121 0.025030002 
766 759 491 559 0.02501919 
470 652 33 46 0.024826946 
430 757 98 123 0.024410779 
479 817 110 141 0.023478637 
535 625 107 111 0.02326832 
112 751 140 155 0.02261995 
424 665 57 77 0.022373322 
270 756 119 165 0.022348966 
443 722 36 46 0.02223613 
486 84 95 121 0.02218518 
554 730 37 45 0.021975607 
716 312 110 136 0.021844508 
633 1023 32 39 0.021763876 
580 843 32 43 0.02160126 
40 604 175 199 0.02139711 
554 757 34 41 0.021077696 
668 1159 29 36 0.021029772 
555 496 32 40 0.020914173 
583 868 35 44 0.020890722 
393 659 39 53 0.020618986 
474 734 34 42 0.020247841 
