25_Soldier_Patrol_Soldier_Patrol_25_436
202
372 116 47 61 0.3212479 
186 124 36 46 0.28255436 
509 39 38 49 0.26127687 
254 130 24 31 0.17166907 
296 132 142 162 0.16466552 
349 76 52 69 0.14900169 
66 65 41 53 0.13714273 
481 1 25 30 0.127545 
601 32 54 58 0.0792835 
647 177 29 37 0.07763522 
347 125 68 81 0.07650141 
857 150 47 59 0.07581627 
383 117 69 85 0.075095594 
608 28 32 35 0.06633508 
326 147 84 91 0.06445992 
121 5 23 28 0.063170366 
586 21 92 103 0.05926837 
527 1 45 46 0.058594145 
512 29 28 34 0.05836245 
547 178 96 124 0.05661043 
884 50 74 87 0.056564108 
359 120 35 43 0.05476864 
918 44 64 99 0.053825818 
396 117 35 48 0.052121438 
317 136 61 76 0.052047137 
486 39 40 52 0.051689737 
236 199 38 46 0.050220523 
353 147 35 42 0.049631 
486 47 25 33 0.049286347 
580 193 50 62 0.047801763 
79 126 26 32 0.04662481 
92 147 29 36 0.04613983 
609 172 29 38 0.045822486 
407 135 81 88 0.044707194 
959 320 55 93 0.04352236 
485 141 38 50 0.041733067 
327 149 31 41 0.04148773 
251 143 21 29 0.040637303 
833 176 62 90 0.040438645 
597 166 57 71 0.040377706 
256 105 23 28 0.03861171 
849 52 77 86 0.03824909 
502 170 101 139 0.03808474 
603 55 54 61 0.037438143 
367 69 41 52 0.036394343 
200 96 28 33 0.035745237 
79 147 29 36 0.035403173 
280 130 24 32 0.035135776 
86 62 40 52 0.034895185 
285 151 24 30 0.034851942 
516 0 26 30 0.034848694 
423 114 50 64 0.034549203 
591 174 28 37 0.034540962 
306 148 39 52 0.034452263 
503 148 26 34 0.033808876 
837 118 94 111 0.03372101 
958 214 42 66 0.033706214 
803 182 65 88 0.033695508 
963 221 51 100 0.033672728 
397 -4 41 42 0.03326776 
544 -2 47 46 0.033153486 
627 165 50 62 0.033048064 
900 69 29 38 0.032939855 
327 121 43 58 0.032711558 
492 32 70 87 0.03268338 
564 109 38 49 0.03263786 
618 19 56 50 0.032586094 
538 278 87 113 0.031758174 
733 23 138 155 0.031632837 
401 154 122 143 0.031619105 
98 184 40 47 0.031096056 
107 16 24 30 0.031014727 
126 245 24 31 0.030903846 
582 11 64 68 0.030522507 
468 0 25 28 0.030296141 
779 219 81 113 0.030270766 
827 75 73 80 0.02983519 
54 83 37 47 0.029799815 
-66 321 359 359 0.029736297 
502 74 43 58 0.029670125 
435 117 30 38 0.029652264 
386 0 29 31 0.029631369 
633 25 33 33 0.029319625 
962 45 39 57 0.029030468 
204 78 24 31 0.0288131 
-216 104 704 735 0.028575636 
484 155 55 70 0.028485797 
782 160 140 189 0.028421478 
558 19 29 34 0.028233558 
682 128 41 57 0.02810456 
742 74 27 33 0.028021751 
713 104 58 80 0.027805468 
499 246 150 177 0.027699003 
113 223 38 45 0.027683776 
285 96 24 30 0.027419075 
724 52 64 78 0.027271884 
605 196 29 37 0.027241396 
993 206 22 30 0.027228277 
847 147 35 45 0.027163533 
800 58 147 182 0.027162641 
155 123 67 84 0.027123066 
74 134 51 63 0.027104123 
523 80 42 56 0.027026469 
812 125 68 81 0.02692988 
62 106 57 73 0.026344176 
861 66 46 55 0.026230546 
299 119 40 54 0.026154194 
238 152 21 30 0.026010081 
869 76 24 31 0.025681853 
238 180 23 28 0.025572399 
571 164 153 172 0.025571575 
685 28 230 261 0.025397604 
585 77 24 32 0.025206769 
916 69 31 41 0.025109937 
252 101 36 47 0.02477778 
329 307 366 363 0.024738956 
233 179 37 48 0.024662705 
121 198 26 32 0.024638355 
489 21 23 30 0.024596762 
354 47 28 35 0.02451703 
549 323 91 100 0.024509605 
355 167 115 114 0.024346778 
738 36 46 52 0.024321215 
612 72 32 36 0.024216564 
58 73 25 33 0.024074629 
351 167 34 39 0.0239926 
846 28 130 147 0.023920905 
113 160 113 126 0.023898253 
335 0 28 31 0.023891574 
570 72 24 31 0.023585575 
314 93 79 96 0.023564775 
733 15 48 50 0.023547422 
249 221 26 33 0.023532294 
745 -4 94 93 0.023500388 
341 85 116 133 0.023464229 
564 63 39 50 0.023459638 
593 26 28 33 0.023419367 
817 172 40 54 0.023415536 
580 64 43 54 0.023299951 
296 193 75 87 0.023141615 
245 117 45 61 0.023127044 
981 216 37 64 0.023105778 
406 66 26 34 0.022856435 
333 63 43 59 0.022821026 
151 52 22 29 0.022793954 
978 267 59 124 0.022753343 
850 97 27 34 0.022723688 
528 45 26 34 0.02270403 
131 54 23 30 0.02262998 
924 220 78 132 0.022623353 
76 52 26 32 0.022539906 
312 195 127 179 0.022403685 
795 76 74 82 0.022341961 
864 94 26 33 0.022337113 
949 48 29 39 0.02220902 
173 65 698 727 0.022103598 
525 -6 142 157 0.02199267 
816 196 27 39 0.021962857 
945 63 29 45 0.021959338 
580 213 86 99 0.021929218 
496 143 75 97 0.021885084 
663 135 44 57 0.021830067 
774 94 67 79 0.021660278 
390 51 26 33 0.021654435 
474 63 62 81 0.021650909 
96 127 25 31 0.021596836 
865 163 65 84 0.021596069 
130 303 362 364 0.021590145 
583 -1 44 46 0.021586157 
511 62 33 43 0.02156035 
502 1 74 86 0.021555653 
127 102 22 29 0.021552013 
939 67 65 109 0.021497542 
234 153 122 145 0.021465618 
234 223 24 30 0.021392211 
12 144 43 59 0.021235423 
545 73 671 739 0.021216385 
276 133 53 69 0.021118565 
992 220 23 35 0.021026125 
8 165 51 72 0.020971034 
403 55 25 31 0.020956276 
766 199 23 31 0.020899657 
476 8 56 74 0.02086482 
590 0 25 27 0.020797651 
629 -1 52 44 0.02078176 
837 116 49 58 0.020758422 
180 74 23 30 0.020714197 
449 44 62 81 0.020677574 
953 222 27 38 0.020606034 
142 228 57 64 0.020575382 
274 220 37 50 0.020556126 
711 62 106 144 0.0205515 
601 1 48 48 0.020535506 
609 2 27 28 0.020532554 
184 100 26 33 0.02049064 
611 155 29 36 0.020313289 
793 190 41 54 0.020284396 
746 98 65 81 0.020199591 
284 174 23 29 0.020146133 
817 261 74 94 0.020133492 
504 172 26 33 0.020101042 
537 112 40 51 0.020051662 
