25_Soldier_Patrol_Soldier_Patrol_25_18
107
230 46 48 55 0.826634 
643 410 21 27 0.4609757 
288 282 46 58 0.33342487 
826 416 18 23 0.10780578 
5 630 43 47 0.09172332 
908 439 18 23 0.08310966 
747 410 19 25 0.076269425 
750 389 19 24 0.075003274 
738 477 23 32 0.07009142 
824 432 19 25 0.0688955 
773 461 22 28 0.060794428 
241 82 46 56 0.054048866 
173 299 32 39 0.051838063 
742 430 20 26 0.048916988 
822 459 21 27 0.04852446 
790 458 17 24 0.04775536 
642 393 18 24 0.04506694 
259 392 46 60 0.044163916 
127 650 33 38 0.044139635 
646 423 21 27 0.04254087 
926 460 21 27 0.04206033 
661 435 18 23 0.041425895 
928 480 23 30 0.04039722 
507 379 20 26 0.039790895 
776 436 18 22 0.039295264 
67 523 59 88 0.03634866 
743 464 22 31 0.03554459 
768 478 23 29 0.0348027 
124 135 41 51 0.033995207 
897 489 21 28 0.03395197 
261 218 42 53 0.033813003 
482 408 24 29 0.033659603 
307 132 27 35 0.03326752 
496 376 21 27 0.03304262 
0 464 19 28 0.03231435 
167 271 56 71 0.03218337 
821 481 21 26 0.031210355 
311 287 48 59 0.03104228 
791 443 17 20 0.030785684 
737 457 36 50 0.030341325 
295 140 38 51 0.029757787 
-239 328 719 740 0.029734163 
796 486 18 24 0.029481074 
5 540 20 27 0.02944712 
926 509 22 28 0.029374903 
916 442 18 22 0.029184515 
11 610 44 51 0.02906186 
875 489 19 24 0.028069708 
289 239 63 86 0.027426487 
894 503 22 26 0.027294239 
-76 535 360 354 0.027214514 
179 280 30 39 0.027197896 
262 226 65 84 0.026678368 
131 128 24 31 0.026562402 
506 400 33 42 0.026552102 
319 167 39 51 0.026518459 
53 636 27 34 0.026315529 
588 459 19 24 0.02627358 
506 366 20 25 0.026148297 
256 333 28 35 0.025964325 
134 302 66 75 0.025726885 
180 644 26 30 0.025678817 
137 332 26 32 0.02558932 
141 182 47 66 0.024421092 
181 455 27 31 0.024042506 
902 459 18 25 0.023987118 
325 274 26 35 0.02398561 
52 404 23 28 0.023678942 
647 465 18 22 0.023655185 
686 541 20 23 0.023403548 
177 248 42 56 0.02338591 
105 609 25 29 0.023383861 
713 452 58 77 0.022983449 
147 330 27 32 0.022787884 
142 160 43 57 0.022772882 
658 415 18 24 0.022762738 
797 538 20 25 0.022753388 
903 433 29 37 0.022749003 
510 432 23 28 0.02251769 
588 441 17 22 0.022344831 
471 407 21 25 0.022335622 
926 534 20 25 0.022309666 
183 179 152 184 0.022226362 
782 449 30 39 0.022225918 
844 459 20 25 0.02214538 
0 602 68 84 0.02206274 
649 513 18 21 0.021977998 
141 119 37 49 0.021865444 
116 138 62 82 0.02173582 
3 593 25 32 0.02142712 
319 205 50 70 0.02130183 
440 636 24 27 0.021277567 
232 389 58 70 0.021165475 
55 392 23 27 0.02101477 
136 640 38 41 0.020962223 
130 543 361 346 0.020775136 
143 368 45 51 0.020734634 
845 483 20 26 0.020721424 
750 542 20 27 0.020594437 
766 412 17 22 0.020574879 
261 57 44 56 0.020463146 
251 285 65 76 0.020353792 
290 205 57 76 0.020299818 
737 428 34 45 0.020168403 
648 485 18 22 0.020163324 
878 462 18 23 0.020034619 
770 437 54 66 0.020011585 
