25_Soldier_Patrol_Soldier_Patrol_25_640
23
424 17 253 321 0.99984825 
339 679 40 45 0.18820411 
573 71 86 118 0.03625027 
335 668 30 36 0.034062576 
195 116 58 85 0.03230787 
289 152 76 99 0.02726585 
77 150 21 27 0.027220989 
237 136 73 94 0.02578708 
6 259 23 36 0.025069678 
352 701 33 38 0.024793535 
930 616 81 132 0.024719879 
425 702 52 49 0.024479218 
353 668 32 35 0.02335054 
103 124 26 33 0.022292359 
107 0 69 81 0.022077927 
168 357 56 79 0.021919638 
116 109 41 53 0.02187401 
57 27 20 23 0.021754041 
57 48 21 25 0.021083454 
52 154 20 27 0.02045812 
343 587 65 78 0.020324739 
128 104 21 26 0.020298926 
235 2 23 24 0.020287445 
