25_Soldier_Patrol_Soldier_Patrol_25_700
47
688 356 76 81 0.33564726 
329 285 24 30 0.23671685 
520 354 52 58 0.18825419 
867 369 47 50 0.14001623 
519 183 64 82 0.04866433 
252 40 26 30 0.04525815 
868 360 29 32 0.035215184 
878 388 50 50 0.03431807 
554 374 28 35 0.033195958 
354 36 21 25 0.033123847 
359 303 22 27 0.03306438 
496 151 78 91 0.03248505 
201 48 26 29 0.03184477 
66 361 89 90 0.031776838 
752 52 95 105 0.028722107 
458 477 23 29 0.028371157 
903 347 47 53 0.028252022 
920 425 26 31 0.028187975 
89 387 49 53 0.027920835 
846 342 61 74 0.027775327 
693 372 34 44 0.027201312 
894 401 28 32 0.026778884 
726 336 78 83 0.026521849 
468 529 24 29 0.026196726 
502 542 66 82 0.026189527 
319 278 52 60 0.025987519 
466 360 23 28 0.02575311 
348 294 35 43 0.024371572 
252 434 20 25 0.024221065 
517 355 31 38 0.02387078 
106 390 27 31 0.023650775 
909 407 42 44 0.023405641 
673 390 73 87 0.023240253 
226 407 21 27 0.02318285 
674 318 74 86 0.02312165 
655 373 69 86 0.023050167 
592 408 24 30 0.022638978 
124 389 22 28 0.022272144 
765 31 77 74 0.022236636 
774 48 26 30 0.021984652 
469 433 21 24 0.021715371 
821 47 24 27 0.020923624 
623 306 63 78 0.020819671 
871 393 31 36 0.020768007 
436 429 21 26 0.020361999 
802 359 66 80 0.020275442 
438 139 138 151 0.020043869 
