25_Soldier_Patrol_Soldier_Patrol_25_869
71
671 181 112 160 0.9975447 
311 239 39 50 0.8006965 
27 213 26 36 0.53129065 
223 228 22 28 0.33162588 
146 269 28 36 0.24972613 
155 211 22 28 0.17886026 
158 221 24 30 0.17840451 
734 204 74 95 0.074533045 
619 357 84 94 0.055828482 
275 367 49 61 0.04947074 
3 284 23 31 0.049185228 
993 404 19 27 0.047856335 
267 348 42 50 0.047021028 
564 475 25 33 0.046851773 
749 230 81 108 0.044011146 
140 258 21 28 0.039529055 
212 250 23 29 0.03940765 
387 329 27 34 0.038946256 
178 252 22 28 0.03825569 
204 216 47 57 0.03806244 
355 328 26 35 0.03584256 
30 175 20 26 0.035802837 
45 228 21 27 0.035716936 
202 277 24 30 0.035119083 
654 223 85 102 0.03448243 
128 176 17 21 0.034037046 
172 234 22 27 0.03396836 
22 238 34 46 0.033337824 
756 187 78 93 0.03173402 
761 223 34 47 0.031105079 
10 45 65 88 0.031035816 
188 322 40 50 0.030648634 
179 299 39 52 0.029801343 
185 278 24 31 0.029542092 
679 146 89 122 0.029445523 
122 166 266 348 0.029181346 
630 213 77 95 0.028672224 
212 211 20 25 0.028408138 
6 226 22 31 0.02779701 
256 307 25 33 0.026786454 
46 204 20 27 0.026638728 
669 425 517 557 0.026497718 
0 250 21 29 0.026436985 
-4 242 32 48 0.02629616 
610 318 39 48 0.025669144 
520 400 44 51 0.025663432 
-149 418 531 560 0.025655039 
5 299 24 35 0.025524728 
348 300 36 48 0.024984505 
674 268 122 166 0.024854302 
130 162 16 21 0.024210282 
616 312 25 30 0.0239521 
54 179 21 25 0.023844441 
136 260 47 58 0.023624204 
464 330 25 32 0.023490233 
628 396 66 90 0.023234975 
16 301 35 52 0.023034517 
243 310 62 77 0.022741577 
736 158 84 96 0.02248483 
7 207 22 32 0.022376684 
322 162 46 54 0.022317532 
225 279 23 29 0.021883767 
292 289 57 71 0.021481268 
218 244 32 39 0.021341905 
325 231 59 76 0.02130864 
2 132 22 31 0.021226874 
358 133 18 25 0.020588001 
15 197 42 59 0.020462636 
632 353 57 60 0.020216288 
443 531 23 31 0.020185137 
304 323 27 31 0.02000255 
