25_Soldier_Patrol_Soldier_Patrol_25_9
85
718 203 68 93 0.2247906 
713 154 154 170 0.17599304 
203 300 20 26 0.08301095 
588 166 78 103 0.063286416 
160 334 20 25 0.04784975 
254 352 20 27 0.046294782 
253 339 19 24 0.04572061 
155 303 21 25 0.04307095 
574 498 87 101 0.042687554 
729 147 223 260 0.04202602 
601 553 64 80 0.040431615 
97 251 22 27 0.04002432 
579 304 42 49 0.03947178 
614 180 25 34 0.038285132 
782 407 171 161 0.038078576 
560 414 54 67 0.037948683 
234 305 18 23 0.037881512 
100 300 21 25 0.037465014 
528 394 63 78 0.035310626 
735 222 38 50 0.035209563 
74 384 20 24 0.034347836 
533 330 373 410 0.033742204 
180 434 23 27 0.033740308 
186 303 19 23 0.033693373 
101 287 22 26 0.03267162 
667 164 107 139 0.03235315 
603 175 46 62 0.0320851 
572 456 67 86 0.03110558 
130 331 20 26 0.031078834 
658 483 85 103 0.030496553 
824 195 142 165 0.030371968 
228 336 71 88 0.030091068 
106 236 19 23 0.029852597 
110 365 20 25 0.029509705 
244 332 19 23 0.029090427 
647 457 146 163 0.028296357 
533 373 42 49 0.028268421 
81 306 21 26 0.027481226 
779 170 103 115 0.027137542 
713 466 92 109 0.027015138 
206 292 19 24 0.026965206 
571 438 49 61 0.02693103 
238 327 37 45 0.02678874 
778 108 95 107 0.026294436 
725 428 80 93 0.0262146 
136 306 20 24 0.02562858 
636 177 76 97 0.025602149 
179 335 18 22 0.025170803 
759 97 170 205 0.024808403 
156 359 21 25 0.024802739 
124 362 20 26 0.024668716 
179 293 33 40 0.02444609 
568 473 192 196 0.024369555 
107 378 18 23 0.024325842 
257 308 17 22 0.024310319 
157 398 75 85 0.024196224 
156 288 22 27 0.023793656 
846 287 91 107 0.023685407 
93 279 35 43 0.023384536 
744 127 89 93 0.023213796 
687 436 81 92 0.023190198 
735 218 81 105 0.023029225 
360 333 17 21 0.02287082 
559 312 58 66 0.022690935 
699 373 70 80 0.022565586 
292 333 16 20 0.022379676 
103 334 20 25 0.022196002 
741 488 101 115 0.022176806 
124 709 24 30 0.02213015 
891 270 92 113 0.022103103 
414 436 23 29 0.022009375 
78 299 34 44 0.021632105 
446 164 586 658 0.021444174 
586 197 45 70 0.021370078 
155 378 20 25 0.021203527 
677 590 104 115 0.021174151 
730 398 73 82 0.021167396 
171 421 47 49 0.020993926 
547 488 74 84 0.020921016 
571 333 58 71 0.02080928 
590 285 24 29 0.020542866 
204 357 19 23 0.020509848 
237 291 16 20 0.020416686 
73 363 18 22 0.020374548 
381 404 22 28 0.02036832 
