25_Soldier_Patrol_Soldier_Patrol_25_707
62
323 128 51 79 0.98896784 
695 185 35 47 0.39931467 
479 401 25 33 0.13088572 
759 380 21 28 0.10193325 
379 480 30 33 0.06702419 
707 180 32 42 0.051326443 
214 156 24 31 0.044003654 
188 202 42 47 0.041472286 
3 0 30 33 0.040899385 
739 18 30 34 0.0367315 
702 203 38 52 0.036451757 
484 452 23 29 0.03384609 
363 479 26 33 0.03204668 
172 217 54 57 0.032016367 
-65 539 352 352 0.03114411 
329 384 20 25 0.030789487 
687 178 68 83 0.029806526 
668 434 516 554 0.029644547 
462 387 46 58 0.027594557 
223 152 25 30 0.027585436 
599 138 58 83 0.027256513 
199 166 37 48 0.026720874 
-225 320 711 743 0.026186084 
407 455 25 29 0.025661297 
726 186 40 53 0.02563699 
0 56 59 100 0.025584178 
673 71 158 185 0.025555938 
461 426 24 31 0.02528297 
432 449 23 29 0.024945555 
380 467 63 65 0.024762725 
736 0 39 38 0.024679076 
133 542 363 343 0.024631374 
287 225 80 93 0.023885814 
475 416 37 47 0.023882296 
235 304 147 162 0.023725629 
365 408 20 25 0.02359591 
551 191 42 53 0.02344694 
737 213 39 49 0.023208326 
332 470 40 52 0.02319001 
361 390 19 24 0.022782015 
157 232 72 82 0.022627903 
736 177 32 41 0.022206746 
456 301 24 32 0.022056865 
608 314 47 51 0.021778902 
560 429 21 27 0.02168284 
344 442 85 86 0.021569418 
354 421 41 49 0.021366702 
458 286 24 30 0.021279294 
431 428 35 43 0.02127182 
643 127 23 29 0.021255657 
546 122 65 82 0.021169905 
299 0 36 33 0.021167021 
730 360 53 64 0.021148963 
353 460 46 53 0.02097474 
176 120 39 49 0.020882547 
416 405 21 25 0.020655604 
726 9 54 57 0.020402238 
584 286 24 29 0.020325895 
257 170 27 34 0.020200277 
0 45 27 42 0.020111628 
704 35 39 49 0.020014955 
433 404 24 30 0.020013418 
