25_Soldier_Patrol_Soldier_Patrol_25_437
49
359 373 35 48 0.14736442 
298 68 33 40 0.12040502 
244 110 42 54 0.103638455 
329 378 28 35 0.08882177 
549 44 66 75 0.08228737 
119 181 38 58 0.071507476 
702 266 62 79 0.052223988 
220 135 42 52 0.04535605 
312 377 25 33 0.037846714 
386 256 61 73 0.037698068 
230 120 32 38 0.037681386 
356 565 25 34 0.037523624 
325 367 46 56 0.03664451 
388 285 26 32 0.03636762 
215 161 42 52 0.03504162 
625 345 38 45 0.0324318 
369 381 36 56 0.031533964 
347 560 42 54 0.030717257 
405 233 67 82 0.030547358 
715 289 64 78 0.030036572 
359 362 29 37 0.028802184 
268 106 40 54 0.028138764 
667 224 110 147 0.027011722 
162 638 24 27 0.026922964 
627 130 138 190 0.026715456 
658 45 73 82 0.026272753 
486 229 71 97 0.026184335 
-63 515 356 367 0.026054077 
411 251 27 36 0.025305789 
596 15 136 190 0.024748035 
297 353 40 53 0.02427835 
443 233 76 88 0.024195528 
690 159 66 93 0.023258211 
339 567 23 29 0.022897888 
713 291 33 42 0.022863366 
432 113 46 55 0.022846177 
674 83 47 53 0.022010658 
182 6 296 328 0.021711346 
564 76 47 59 0.021255245 
279 86 43 55 0.021081021 
322 512 370 365 0.021034017 
542 42 46 53 0.020904996 
520 190 64 93 0.020820262 
619 353 26 32 0.020682532 
227 103 29 37 0.020598568 
594 -16 227 291 0.020416424 
303 87 31 39 0.020340338 
363 149 183 204 0.020113576 
498 95 50 63 0.020057091 
