25_Soldier_Patrol_Soldier_Patrol_25_513
57
499 273 202 243 0.99973816 
121 112 177 214 0.9964341 
106 599 125 130 0.1229956 
967 873 42 70 0.09746856 
918 953 62 92 0.059773114 
26 983 56 70 0.050528113 
597 10 93 114 0.04174087 
335 21 93 110 0.03884189 
695 153 56 66 0.038302172 
944 973 56 93 0.03722603 
86 625 74 82 0.03555935 
661 201 155 213 0.032916624 
353 88 38 49 0.03241649 
192 756 198 245 0.031030938 
97 648 46 52 0.029663548 
878 934 84 118 0.028671602 
294 63 93 127 0.028638395 
207 543 59 71 0.02783589 
193 57 118 144 0.027424345 
914 733 45 56 0.027084451 
429 96 35 44 0.026994934 
955 188 49 69 0.026942924 
222 630 185 226 0.026533134 
340 65 64 84 0.02603303 
418 84 59 72 0.025942158 
956 176 29 39 0.025354618 
35 87 60 73 0.024978828 
401 66 96 114 0.024430823 
163 223 120 152 0.023827983 
63 1312 104 118 0.023477668 
954 898 41 62 0.02308838 
280 644 99 138 0.02302772 
209 801 125 127 0.022793595 
6 781 28 47 0.022544911 
459 318 118 157 0.022347849 
961 6 30 35 0.022297507 
983 133 26 38 0.022050867 
880 918 56 82 0.022034287 
413 101 120 122 0.021788752 
524 1189 147 164 0.021720903 
838 1089 111 127 0.02169079 
897 698 87 100 0.021627428 
131 627 188 214 0.021518042 
105 990 37 49 0.021400632 
960 219 48 69 0.021382656 
841 887 151 190 0.021210583 
641 46 103 127 0.02106753 
27 1028 57 86 0.020835059 
281 117 91 134 0.020639632 
171 555 102 122 0.02060297 
342 596 122 133 0.02044449 
950 889 87 135 0.020435674 
670 896 73 117 0.020385904 
681 174 98 127 0.020373296 
55 1257 121 122 0.020335058 
213 882 117 144 0.020251362 
983 736 30 46 0.020105997 
