25_Soldier_Patrol_Soldier_Patrol_25_683
24
679 400 211 215 0.9963503 
670 606 58 64 0.25619024 
358 483 26 31 0.053995512 
336 279 151 179 0.04841235 
-72 497 378 381 0.047038876 
-199 237 744 765 0.03715817 
216 225 281 346 0.03268247 
109 466 395 390 0.03245046 
330 513 362 363 0.030293055 
722 261 77 90 0.028892292 
721 193 37 43 0.026616355 
106 303 322 372 0.02563575 
342 346 51 55 0.024084633 
410 324 73 86 0.023480332 
101 364 165 187 0.023391638 
454 319 124 152 0.023330757 
126 382 25 30 0.022873124 
129 365 22 27 0.022400392 
413 349 133 160 0.022157313 
236 382 219 263 0.021841804 
225 39 293 353 0.021099491 
353 357 30 34 0.020807404 
109 639 21 24 0.020226467 
71 657 28 34 0.020027509 
