25_Soldier_Patrol_Soldier_Patrol_25_374
55
48 287 54 70 0.99827576 
224 280 50 63 0.99391264 
496 76 44 60 0.9200897 
908 248 60 70 0.7282744 
369 270 45 61 0.4321102 
917 667 29 39 0.11697283 
932 271 51 63 0.093169264 
5 253 29 37 0.05209586 
145 479 32 38 0.049793772 
421 65 33 46 0.042592518 
334 333 26 33 0.040539417 
884 274 51 63 0.03946194 
361 290 32 41 0.038651865 
779 300 43 52 0.03860031 
345 209 65 82 0.037710663 
146 393 40 50 0.03269507 
585 364 23 27 0.032646216 
797 388 83 96 0.03188701 
686 372 42 48 0.031067649 
296 263 46 57 0.029153517 
784 405 120 139 0.029047137 
784 322 31 39 0.028652564 
704 364 38 51 0.027923657 
728 352 61 75 0.027216382 
412 70 27 37 0.027091064 
374 230 74 95 0.026831508 
1 686 21 32 0.025970744 
968 350 42 58 0.02533058 
516 81 40 56 0.025266597 
746 361 22 28 0.025222264 
0 318 36 51 0.02496318 
766 316 40 51 0.024624571 
718 363 22 30 0.023801241 
762 384 75 88 0.023615845 
751 195 263 330 0.023457 
787 463 114 146 0.023063524 
555 -11 149 163 0.022972692 
481 46 30 36 0.022430558 
354 311 41 55 0.021997942 
320 311 55 67 0.021847835 
209 594 20 23 0.021645788 
966 439 49 79 0.021576105 
875 293 68 80 0.021553015 
770 308 30 38 0.021266924 
140 408 53 63 0.021192584 
936 252 42 53 0.021135055 
757 352 37 45 0.020750925 
740 354 36 47 0.020693298 
462 186 63 84 0.020517547 
383 65 41 50 0.020507999 
763 425 84 100 0.02040463 
328 293 41 51 0.020327557 
841 427 94 109 0.020211935 
387 280 52 65 0.02018284 
464 76 23 31 0.02000483 
