25_Soldier_Patrol_Soldier_Patrol_25_440
123
554 66 61 79 0.9607614 
930 480 76 92 0.31272063 
329 609 24 33 0.114358425 
266 591 21 25 0.081497386 
105 406 22 28 0.070847146 
276 643 24 31 0.06946655 
132 566 25 30 0.062090073 
52 204 31 36 0.055258144 
314 612 24 29 0.049563956 
265 608 21 27 0.04710301 
267 643 21 28 0.046327278 
124 683 21 25 0.041914865 
278 608 22 29 0.03940895 
304 596 53 63 0.03884926 
875 578 24 30 0.037910968 
543 66 47 60 0.036942948 
304 382 22 29 0.036264803 
160 642 20 25 0.03439636 
458 593 25 33 0.03397685 
260 685 20 26 0.033920426 
595 258 23 29 0.03354183 
930 205 19 23 0.032750838 
135 580 22 29 0.03209881 
34 511 21 27 0.03192007 
153 617 17 22 0.031136578 
719 659 22 29 0.030923882 
29 192 67 93 0.030790007 
46 220 29 35 0.029547738 
248 589 52 64 0.029513588 
176 642 20 25 0.029366605 
307 636 25 31 0.029322151 
437 602 42 51 0.029276745 
266 621 46 62 0.028664788 
179 376 91 107 0.028479671 
7 227 18 26 0.027736291 
110 687 21 25 0.02747055 
188 206 21 25 0.027072253 
147 563 22 28 0.0269767 
203 538 22 28 0.026913311 
154 279 20 25 0.026543668 
691 611 29 33 0.026440572 
945 209 20 25 0.026413841 
283 652 25 34 0.0263245 
443 199 21 24 0.02630494 
556 304 19 24 0.026197037 
951 582 21 29 0.026016738 
442 611 24 31 0.02592542 
228 612 19 24 0.025814107 
950 565 24 30 0.025655957 
264 663 21 27 0.025504777 
716 161 147 178 0.025464874 
534 332 19 24 0.025434172 
124 250 21 26 0.025379635 
2 4 21 26 0.02508184 
456 206 20 24 0.025035687 
532 137 37 46 0.024923397 
232 594 19 23 0.024892384 
724 79 21 27 0.02486009 
252 411 25 30 0.024758948 
136 615 18 21 0.024725845 
26 229 23 29 0.02467794 
101 505 22 29 0.024649872 
661 94 23 29 0.024040103 
131 639 17 21 0.023903577 
548 301 20 25 0.023876056 
440 556 24 29 0.023762003 
82 489 24 30 0.023373334 
259 569 19 23 0.023367088 
821 736 23 28 0.023274953 
1 476 23 31 0.023159884 
233 386 23 28 0.02315518 
945 520 32 38 0.02313281 
356 608 23 31 0.022942787 
58 612 20 26 0.022819184 
22 218 41 53 0.022750147 
26 505 35 48 0.022675745 
828 258 20 23 0.022672284 
693 52 23 28 0.022540672 
231 661 19 24 0.022474268 
180 173 20 25 0.022464067 
158 230 19 22 0.022427708 
148 267 186 219 0.022301083 
528 16 44 47 0.022200929 
98 228 20 25 0.022065649 
587 335 22 26 0.0218883 
300 655 26 35 0.021849938 
488 218 61 75 0.021777231 
865 395 72 90 0.021774467 
333 433 23 31 0.021742184 
35 230 45 54 0.021711648 
251 426 25 31 0.021679193 
25 188 46 58 0.021627218 
155 259 21 25 0.021592885 
286 412 22 28 0.021520734 
414 590 21 27 0.021515675 
507 234 21 26 0.021467978 
844 588 21 25 0.021449978 
593 540 25 32 0.021432595 
126 544 50 63 0.021345923 
845 200 19 23 0.021299822 
619 54 55 70 0.02128215 
313 562 19 22 0.02123042 
10 160 48 60 0.021212405 
540 147 21 27 0.021173364 
3 462 23 31 0.021169977 
29 200 27 34 0.021129236 
201 202 22 27 0.020981524 
338 409 21 26 0.020890731 
443 511 19 26 0.020887844 
158 429 22 28 0.020670107 
416 228 20 24 0.020625204 
411 609 23 30 0.020484528 
331 595 23 29 0.020471565 
103 0 22 23 0.020367602 
364 590 23 30 0.020366957 
109 3 153 178 0.02035424 
10 186 105 158 0.020299299 
87 481 34 46 0.020297885 
321 444 41 55 0.020240705 
283 458 20 25 0.0202207 
495 233 20 25 0.020190021 
151 587 20 26 0.020070465 
418 311 19 23 0.020031411 
