25_Soldier_Patrol_Soldier_Patrol_25_1046
31
105 551 30 35 0.061614413 
851 344 55 66 0.058708478 
238 394 25 30 0.0572257 
939 257 77 89 0.051136285 
862 496 73 82 0.046709318 
768 522 56 63 0.042867366 
832 584 62 89 0.039978497 
871 328 51 59 0.03893276 
873 398 71 88 0.036993567 
839 320 99 133 0.036879737 
701 514 43 52 0.03484931 
99 534 60 67 0.03224454 
682 612 41 66 0.031873636 
256 396 24 30 0.028687434 
455 547 50 60 0.028555477 
233 410 27 34 0.028269323 
750 444 61 75 0.027371727 
870 227 103 131 0.02619478 
741 540 70 94 0.023940863 
207 545 25 30 0.023483796 
837 543 27 36 0.023334784 
703 478 59 71 0.023173383 
846 -2 147 163 0.023001961 
743 397 47 57 0.022971986 
722 400 76 89 0.022669468 
749 528 109 144 0.02237931 
710 550 69 92 0.021896489 
835 432 106 136 0.021521557 
889 287 72 86 0.020905277 
711 444 64 75 0.020275258 
247 398 39 49 0.020180264 
