25_Soldier_Patrol_Soldier_Patrol_25_469
138
274 103 66 96 0.9987765 
603 175 54 80 0.91640157 
918 172 64 75 0.7885944 
323 455 80 92 0.30195877 
851 567 53 54 0.11642498 
868 273 23 29 0.114561625 
643 240 48 60 0.08898658 
174 -5 76 81 0.086367264 
-5 1 26 33 0.08395186 
254 641 29 33 0.0813301 
439 535 52 58 0.06843175 
711 560 68 81 0.06413359 
941 398 56 77 0.059721783 
241 1 59 54 0.05467161 
393 324 39 51 0.05126643 
852 582 31 35 0.051017556 
299 467 70 82 0.04886121 
671 522 149 147 0.042627644 
830 546 90 92 0.03929139 
978 290 36 61 0.03869804 
798 569 81 82 0.038568366 
893 433 81 98 0.037902717 
374 485 67 75 0.037739523 
746 640 26 32 0.037442725 
165 2 53 52 0.03693085 
871 261 25 32 0.036126655 
663 543 85 88 0.035274383 
970 579 39 63 0.03512021 
851 432 73 79 0.03509776 
763 532 152 147 0.03377934 
327 631 28 34 0.03285861 
537 2 26 28 0.032813963 
688 279 54 71 0.03275167 
855 258 52 63 0.03256017 
570 -1 75 70 0.031905856 
840 206 40 57 0.03145013 
387 511 67 79 0.031153746 
593 415 68 79 0.031009283 
764 570 85 93 0.03094614 
909 407 70 81 0.029841933 
743 216 37 56 0.029748889 
520 296 39 45 0.029263359 
827 420 64 79 0.029068487 
77 540 25 32 0.02903926 
696 71 24 31 0.028776184 
588 540 98 93 0.028162174 
969 274 36 58 0.027947621 
28 528 64 78 0.02764868 
162 88 72 93 0.027381407 
587 568 50 58 0.027156858 
136 59 67 102 0.027093967 
357 462 64 72 0.0270027 
725 301 58 75 0.026953747 
25 557 26 38 0.02681628 
290 346 72 74 0.026741182 
459 244 28 36 0.026507014 
832 303 63 80 0.026263922 
279 490 67 79 0.026101628 
953 325 55 77 0.025624665 
677 533 49 53 0.025257286 
794 309 24 32 0.02520554 
837 226 57 76 0.02513375 
589 195 79 98 0.025049245 
297 617 63 63 0.024900217 
790 320 33 50 0.024865903 
739 627 44 51 0.024691306 
803 310 53 73 0.024402598 
3 538 63 85 0.024302293 
967 417 30 46 0.024009455 
4 509 114 138 0.023996275 
691 520 77 85 0.023893397 
755 349 63 95 0.023761617 
941 191 63 82 0.023674134 
366 513 58 66 0.023547357 
957 283 64 96 0.023491148 
494 93 62 85 0.023312878 
841 451 31 39 0.02325543 
247 2 83 95 0.023194494 
901 282 21 28 0.023173274 
589 605 25 32 0.023123685 
468 125 58 80 0.023059247 
311 659 25 27 0.023026243 
574 413 122 134 0.023021156 
560 299 41 47 0.022996362 
833 520 69 74 0.022942904 
590 557 143 127 0.022776926 
582 503 51 54 0.022758117 
54 517 132 139 0.022757448 
613 146 68 85 0.022678053 
571 480 135 140 0.022653893 
852 488 78 80 0.0225784 
747 199 23 33 0.022430282 
598 551 53 56 0.02231723 
750 514 67 78 0.022316335 
154 31 74 108 0.022262176 
172 434 68 76 0.022234907 
742 304 29 40 0.0221645 
302 502 33 44 0.022013102 
756 595 51 59 0.021885224 
798 511 76 82 0.021864535 
712 70 22 31 0.021721005 
840 506 41 47 0.021607783 
578 469 50 56 0.021579 
404 509 27 35 0.021555262 
934 364 67 81 0.021483367 
192 103 58 71 0.021454163 
801 220 63 80 0.021409402 
380 660 21 25 0.021389117 
735 -1 70 83 0.021327673 
755 314 51 73 0.02129123 
902 246 63 78 0.02116392 
302 416 91 104 0.021100527 
764 200 22 30 0.021055408 
239 482 84 92 0.021051997 
552 503 38 47 0.021030817 
313 635 28 31 0.021018 
-135 419 522 536 0.021003757 
120 475 113 121 0.020883836 
376 553 51 63 0.020869939 
304 643 45 45 0.020864401 
82 551 25 32 0.02083736 
964 386 53 73 0.020817783 
665 236 54 70 0.020786598 
643 638 28 33 0.02074151 
356 340 74 90 0.02068944 
847 512 24 30 0.02065211 
686 337 122 157 0.020611713 
321 472 42 51 0.020600645 
991 319 24 38 0.02056574 
641 656 24 28 0.020513356 
819 588 25 29 0.020489031 
856 315 58 77 0.020484421 
836 593 52 52 0.020128783 
611 605 26 32 0.020120418 
904 212 67 83 0.020117037 
514 71 23 31 0.020080602 
669 632 52 54 0.020037346 
419 450 61 78 0.020022254 
