25_Soldier_Patrol_Soldier_Patrol_25_873
221
489 133 40 48 0.8143606 
412 151 30 39 0.6607726 
578 142 32 40 0.26420996 
564 141 30 38 0.2354631 
581 254 26 35 0.2225508 
231 201 20 24 0.22190672 
362 159 21 27 0.15901145 
363 179 22 28 0.14778392 
328 181 21 26 0.13045368 
460 362 21 24 0.12696539 
450 203 29 37 0.11400342 
287 154 19 26 0.10221134 
107 209 19 23 0.10207906 
306 154 20 25 0.08606597 
792 282 27 32 0.08057198 
208 157 19 25 0.07720124 
741 261 26 31 0.072178654 
317 177 18 23 0.07041875 
465 94 24 30 0.0701293 
335 202 21 25 0.069551185 
418 163 35 45 0.068859555 
412 131 25 32 0.06612202 
772 206 21 26 0.062106613 
388 182 22 29 0.06201137 
233 190 20 24 0.061651558 
357 198 21 26 0.060164094 
306 230 26 34 0.05885004 
466 80 21 27 0.057169046 
290 237 41 54 0.057139922 
204 225 18 23 0.055122543 
107 225 19 23 0.054994635 
386 198 22 28 0.054075524 
703 180 24 32 0.053618364 
212 211 19 22 0.051761616 
389 126 21 27 0.05117158 
505 54 40 52 0.05101494 
750 110 22 27 0.049916014 
437 214 38 47 0.04901806 
315 208 19 25 0.0472551 
925 502 60 71 0.04535405 
614 182 39 50 0.044440564 
155 212 18 21 0.043664258 
435 99 23 31 0.0436211 
413 275 24 28 0.043277085 
364 235 23 28 0.042709786 
570 411 20 25 0.042489547 
535 50 22 30 0.041777637 
76 277 19 23 0.041296113 
284 172 19 24 0.040844426 
533 92 39 52 0.04078336 
433 124 23 30 0.04029547 
540 118 35 46 0.039992984 
415 103 21 29 0.03906511 
84 230 17 22 0.038867626 
554 125 49 61 0.03834315 
213 300 22 26 0.038147293 
153 226 19 24 0.038096573 
438 76 20 29 0.037973292 
413 226 22 27 0.037846364 
425 155 27 34 0.037781168 
188 233 18 25 0.03691306 
755 -2 197 126 0.036523454 
78 208 18 21 0.036324333 
46 230 18 21 0.03604346 
331 157 20 25 0.035163656 
416 362 21 24 0.03503466 
622 281 23 29 0.034586415 
382 249 22 27 0.03417345 
540 102 24 32 0.033623654 
390 154 21 28 0.032924324 
310 168 29 39 0.03248435 
470 298 42 50 0.032415394 
175 256 21 32 0.032393325 
212 285 22 29 0.03234872 
614 255 22 29 0.031933565 
436 361 19 23 0.031840302 
789 252 22 27 0.031720936 
585 269 24 32 0.031620797 
693 124 23 30 0.03160436 
82 263 18 22 0.031466316 
853 -2 85 71 0.03128799 
515 258 23 28 0.031112613 
379 233 24 29 0.030953508 
24 189 17 23 0.030837486 
559 161 36 45 0.030828483 
46 260 19 23 0.030659417 
561 100 24 31 0.030625733 
569 228 24 33 0.03059735 
130 210 17 20 0.030579083 
532 407 18 21 0.030429702 
589 51 25 33 0.030340454 
132 231 17 21 0.030327357 
483 75 23 28 0.030325163 
309 131 19 22 0.029877223 
107 278 21 25 0.029842464 
352 196 36 45 0.029700698 
331 231 21 26 0.029572465 
377 196 39 49 0.029470911 
459 412 20 25 0.029379137 
583 232 25 33 0.029264618 
283 249 27 38 0.029257642 
258 155 18 21 0.029133117 
233 230 20 24 0.029117463 
482 285 24 29 0.02902325 
263 338 19 23 0.028931597 
968 220 27 41 0.028874926 
745 202 22 27 0.028859224 
142 240 58 82 0.02866877 
176 269 23 34 0.0286037 
537 257 24 30 0.02814638 
365 248 23 27 0.028106516 
133 332 21 26 0.027963433 
127 274 21 28 0.027711058 
320 168 45 58 0.027546125 
327 253 24 29 0.027376931 
387 283 23 27 0.02736302 
433 244 38 49 0.027319815 
463 376 19 24 0.027287025 
405 263 39 46 0.027099296 
587 352 25 32 0.02701726 
571 431 19 25 0.026962379 
640 149 24 30 0.02693304 
361 237 40 47 0.026888357 
56 212 18 21 0.026884196 
363 129 21 26 0.026780015 
535 508 28 34 0.026779678 
587 66 24 33 0.026545769 
624 169 41 52 0.026391117 
432 271 24 31 0.02617755 
538 552 31 35 0.026065208 
229 253 20 25 0.026045626 
564 243 47 61 0.025742734 
352 166 52 64 0.02567352 
0 546 28 38 0.02558545 
520 246 56 69 0.02558356 
437 332 20 22 0.025415316 
690 103 281 382 0.025411952 
516 49 55 71 0.025232043 
400 237 66 74 0.025228454 
235 155 17 21 0.025176806 
310 205 33 46 0.02498938 
558 200 27 34 0.02487275 
413 259 23 28 0.024863638 
101 205 31 37 0.024861626 
102 307 21 26 0.02467839 
24 201 16 22 0.02453073 
673 154 22 28 0.024522243 
457 249 25 31 0.024372809 
455 351 34 41 0.024135156 
511 255 36 46 0.024055794 
516 276 24 32 0.023962345 
109 263 19 23 0.023828816 
309 231 56 69 0.023804946 
587 382 22 29 0.023751745 
-22 377 285 219 0.023642216 
632 278 25 31 0.023553684 
771 256 23 27 0.02343161 
640 258 21 26 0.02332979 
539 231 22 29 0.02331424 
12 455 174 116 0.023111502 
38 235 18 21 0.023093643 
362 232 63 73 0.02300973 
321 188 53 65 0.023006987 
-8 280 68 92 0.022937244 
414 328 21 24 0.02286191 
490 253 21 26 0.02275007 
159 257 25 35 0.022696583 
179 183 16 21 0.022578305 
511 386 19 25 0.022537956 
130 180 17 21 0.02250942 
336 129 19 23 0.022472655 
185 208 16 19 0.02242911 
404 217 39 47 0.02238499 
480 66 36 46 0.022341205 
410 97 34 47 0.022169018 
211 258 19 25 0.022160256 
731 29 253 255 0.022110598 
422 80 51 69 0.022011686 
311 108 20 24 0.021998774 
688 166 49 61 0.021917673 
454 225 27 32 0.021870889 
389 106 20 26 0.021843752 
450 246 68 78 0.02172816 
504 89 42 55 0.021711214 
592 27 25 29 0.021652356 
258 184 18 23 0.021483762 
453 67 50 67 0.021463463 
590 433 24 29 0.02132228 
485 323 24 29 0.0212693 
515 365 19 23 0.021008043 
134 307 20 25 0.020998992 
257 134 17 21 0.020947104 
713 199 23 29 0.020936472 
212 203 31 37 0.020930523 
631 144 38 48 0.02091569 
467 331 23 29 0.02089291 
210 176 18 23 0.020858422 
191 277 57 68 0.020790331 
669 254 23 27 0.02078907 
226 183 32 40 0.020785501 
486 232 21 28 0.020692982 
299 195 56 76 0.020662189 
533 444 18 22 0.020655863 
601 182 76 90 0.020651395 
418 382 21 25 0.020639068 
471 96 64 80 0.02063659 
434 73 34 47 0.02060651 
224 302 21 26 0.020440359 
460 153 26 33 0.020436535 
543 356 21 26 0.020423459 
191 240 61 76 0.020316629 
453 168 37 48 0.020300472 
466 278 27 32 0.020283628 
580 159 37 47 0.020268464 
283 307 20 25 0.020206627 
569 26 23 26 0.020194167 
569 388 20 26 0.020089356 
532 274 26 33 0.020079553 
386 142 49 63 0.020066874 
532 453 20 25 0.020037489 
795 183 20 24 0.0200126 
