25_Soldier_Patrol_Soldier_Patrol_25_515
119
791 299 20 25 0.73893917 
533 310 21 25 0.6886266 
845 310 21 27 0.59908515 
716 309 19 22 0.5744348 
623 307 19 24 0.37652966 
636 304 19 24 0.33364028 
466 322 20 25 0.3091465 
671 316 17 23 0.29561377 
666 327 18 22 0.26168072 
521 313 19 24 0.24888177 
796 291 22 28 0.24360342 
896 311 21 26 0.21530871 
891 325 20 25 0.21284647 
573 311 19 25 0.1819809 
694 312 17 20 0.16094585 
748 328 20 25 0.15597874 
382 306 22 27 0.15418255 
571 328 18 21 0.15180613 
641 354 21 26 0.150566 
882 328 19 23 0.14281818 
826 311 19 25 0.13450149 
641 336 21 25 0.12219288 
367 300 21 27 0.11946596 
407 313 19 25 0.11876016 
480 313 19 25 0.117089055 
412 325 19 22 0.10777708 
583 310 18 24 0.105576865 
721 325 19 23 0.10447476 
56 308 18 24 0.10405319 
874 307 19 25 0.099594064 
774 310 20 24 0.09898382 
516 325 18 23 0.09336768 
52 328 21 28 0.09003915 
917 307 19 24 0.08712886 
696 328 17 22 0.08549453 
539 324 19 23 0.07459381 
750 314 18 22 0.074071296 
621 329 19 23 0.06572642 
641 292 19 24 0.06472833 
483 325 18 22 0.06467667 
841 319 20 27 0.06385067 
827 324 19 25 0.062315583 
767 325 20 25 0.061765835 
584 329 17 21 0.05852637 
487 283 19 25 0.055481467 
749 412 20 26 0.054017436 
440 312 17 23 0.052378327 
568 291 19 23 0.047608115 
667 392 18 23 0.047184434 
664 357 18 23 0.046307683 
617 292 17 22 0.046065133 
720 292 18 22 0.045801234 
816 287 19 24 0.0448486 
592 290 18 23 0.04445641 
750 387 22 25 0.04393882 
873 289 20 24 0.043162357 
543 358 17 23 0.042652573 
696 361 17 22 0.04171812 
383 327 19 22 0.041266195 
562 359 17 21 0.04063285 
437 330 17 21 0.039038766 
750 356 19 24 0.038886525 
670 403 20 24 0.03833909 
560 404 18 22 0.03819081 
541 290 19 24 0.038011886 
596 389 17 20 0.037096728 
894 289 20 23 0.035954636 
895 467 21 28 0.03590393 
563 393 19 21 0.03563064 
749 428 20 25 0.03541555 
923 328 19 22 0.035313133 
646 384 18 23 0.034119274 
763 412 22 26 0.03343437 
761 389 21 24 0.032837864 
643 403 18 23 0.03163701 
793 418 18 21 0.030620785 
621 406 17 20 0.029876946 
750 529 352 367 0.029415159 
587 435 17 22 0.029262552 
768 360 19 22 0.029229945 
49 308 30 41 0.02908556 
745 407 36 43 0.028935457 
688 410 19 22 0.028611815 
617 391 18 22 0.028610379 
623 358 18 23 0.028205924 
693 385 17 21 0.027802879 
517 357 17 21 0.027600918 
592 411 16 21 0.027340502 
724 383 18 21 0.027336812 
898 381 19 23 0.02641605 
996 310 17 24 0.026323449 
815 253 20 25 0.026308566 
922 290 19 24 0.026303971 
694 288 16 21 0.025945231 
405 320 30 36 0.025819737 
928 403 20 26 0.025745029 
793 325 19 24 0.025633229 
727 411 16 20 0.025444584 
921 358 19 23 0.025061054 
594 362 17 20 0.024809716 
928 389 20 27 0.024799082 
771 289 20 26 0.024635626 
468 286 20 26 0.024628734 
792 433 17 20 0.024453068 
826 357 19 24 0.023225885 
998 329 16 22 0.022954483 
901 358 20 23 0.022944912 
862 293 47 57 0.022928063 
669 291 17 20 0.02265318 
508 298 45 54 0.022283645 
844 357 19 23 0.022235706 
-62 519 356 357 0.022097195 
490 361 18 22 0.021432409 
898 474 24 32 0.021393241 
948 310 19 23 0.021374134 
874 357 18 21 0.02116175 
586 313 667 730 0.02115461 
848 290 19 25 0.021033546 
975 311 19 25 0.020480284 
